Ticker Pair,Industry,Correlation,Avg P-Value,Tests Run,,LBTYA/LBTYB,Telecom Services,0.9916,0.00086,624,,Telecom Services
LBTYA/LBTYB,Telecom Services,0.9916,0.00086,624,,KELYA/KELYB,Staffing & Employment Services,0.9449,0.00137,624,,Staffing & Employment Services
KELYA/KELYB,Staffing & Employment Services,0.9449,0.00137,624,,WLY/WLYB,Publishing,0.9956,0.00491,624,,Publishing
WLY/WLYB,Publishing,0.9956,0.00491,624,,LBTYB/LBTYK,Telecom Services,0.9873,0.00726,624,,Asset Management
LBTYB/LBTYK,Telecom Services,0.9873,0.00726,624,,BYM/MQT,Asset Management,0.9965,0.00797,624,,Banks - Regional
BYM/MQT,Asset Management,0.9965,0.00797,624,,AFB/BYM,Asset Management,0.9939,0.00808,624,,0
AFB/BYM,Asset Management,0.9939,0.00808,624,,IQI/VKQ,Asset Management,0.9962,0.01447,624,,
IQI/VKQ,Asset Management,0.9962,0.01447,624,,NCA/NXC,Asset Management,0.9877,0.0148,624,,
NCA/NXC,Asset Management,0.9877,0.0148,624,,EFR/EFT,Asset Management,0.9973,0.01706,624,,
EFR/EFT,Asset Management,0.9973,0.01706,624,,BYM/MUC,Asset Management,0.9852,0.01847,624,,
BYM/MUC,Asset Management,0.9852,0.01847,624,,IGI/VBF,Asset Management,0.9727,0.02278,624,,
IGI/VBF,Asset Management,0.9727,0.02278,624,,AFB/MYN,Asset Management,0.9932,0.0243,624,,
AFB/MYN,Asset Management,0.9932,0.0243,624,,MHF/VCV,Asset Management,0.9691,0.02522,624,,
MHF/VCV,Asset Management,0.9691,0.02522,624,,NUW/VCV,Asset Management,0.9786,0.02804,624,,
NUW/VCV,Asset Management,0.9786,0.02804,624,,MYD/NXN,Asset Management,0.9643,0.0288,624,,
MYD/NXN,Asset Management,0.9643,0.0288,624,,MVF/MVT,Asset Management,0.9903,0.02979,624,,
MVF/MVT,Asset Management,0.9903,0.02979,624,,MYN/NAN,Asset Management,0.985,0.02985,624,,
MYN/NAN,Asset Management,0.985,0.02985,624,,MHD/MYD,Asset Management,0.9935,0.03381,624,,
MHD/MYD,Asset Management,0.9935,0.03381,624,,AFB/BFK,Asset Management,0.9844,0.03383,624,,
AFB/BFK,Asset Management,0.9844,0.03383,624,,FULT/MGYR,Banks - Regional,0.9553,0.03426,624,,
FULT/MGYR,Banks - Regional,0.9553,0.03426,624,,BFK/MYN,Asset Management,0.9865,0.03694,624,,
BFK/MYN,Asset Management,0.9865,0.03694,624,,MMU/NUW,Asset Management,0.9821,0.03855,624,,
MMU/NUW,Asset Management,0.9821,0.03855,624,,PAI/VBF,Asset Management,0.9789,0.03879,624,,
PAI/VBF,Asset Management,0.9789,0.03879,624,,MPA/MUJ,Asset Management,0.9914,0.03936,624,,
MPA/MUJ,Asset Management,0.9914,0.03936,624,,CATY/MGYR,Banks - Regional,0.9722,0.03956,624,,
CATY/MGYR,Banks - Regional,0.9722,0.03956,624,,AFB/VMO,Asset Management,0.9919,0.04037,624,,
AFB/VMO,Asset Management,0.9919,0.04037,624,,AFB/NAD,Asset Management,0.9884,0.04137,624,,
AFB/NAD,Asset Management,0.9884,0.04137,624,,AFB/MQT,Asset Management,0.9937,0.0431,624,,
AFB/MQT,Asset Management,0.9937,0.0431,624,,VGM/VKQ,Asset Management,0.9974,0.04365,624,,
VGM/VKQ,Asset Management,0.9974,0.04365,624,,AFB/MHN,Asset Management,0.9916,0.04402,624,,
AFB/MHN,Asset Management,0.9916,0.04402,624,,NMI/NXN,Asset Management,0.9702,0.04738,624,,
NMI/NXN,Asset Management,0.9702,0.04738,624,,BFK/MHN,Asset Management,0.9882,0.04749,624,,
BFK/MHN,Asset Management,0.9882,0.04749,624,,BYM/NMT,Asset Management,0.9664,0.04838,624,,
BYM/NMT,Asset Management,0.9664,0.04838,624,,CAC/LSBK,Banks - Regional,0.9103,0.04857,624,,
CAC/LSBK,Banks - Regional,0.9103,0.04857,624,,AFB/FMN,Asset Management,0.9891,0.0489,624,,
AFB/FMN,Asset Management,0.9891,0.0489,624,,BFK/MQT,Asset Management,0.9792,0.04918,624,,
BFK/MQT,Asset Management,0.9792,0.04918,624,,BOTJ/DCOM,Banks - Regional,0.9324,0.04944,624,,
BOTJ/DCOM,Banks - Regional,0.9324,0.04944,624,,,,,,,,
IPB/KTH,Unknown,0.9892,0.05019,624,,,,,,,,
BOTJ/FISI,Banks - Regional,0.9509,0.05066,624,,,,,,,,
IGI/NNY,Asset Management,0.9756,0.05118,624,,,,,,,,
CZNC/HFBL,Banks - Regional,0.96,0.05168,624,,,,,,,,
MMT/WEA,Asset Management,0.9829,0.05228,624,,,,,,,,
IGI/PAI,Asset Management,0.9825,0.05254,624,,,,,,,,
CMU/NXN,Asset Management,0.9518,0.05288,624,,,,,,,,
ASB/MGYR,Banks - Regional,0.9478,0.05339,624,,,,,,,,
MVT/NUW,Asset Management,0.9568,0.05392,624,,,,,,,,
SENEA/SENEB,Packaged Foods,0.986,0.05404,624,,,,,,,,
BTA/NXN,Asset Management,0.9767,0.0548,624,,,,,,,,
BYM/NAD,Asset Management,0.9913,0.05536,624,,,,,,,,
BYM/MIY,Asset Management,0.9894,0.0555,624,,,,,,,,
MMU/MUA,Asset Management,0.9777,0.05669,624,,,,,,,,
BOTJ/SNV,Banks - Regional,0.9438,0.05685,624,,,,,,,,
AFB/VKQ,Asset Management,0.9921,0.05699,624,,,,,,,,
NXN/VKQ,Asset Management,0.9713,0.0577,624,,,,,,,,
BHK/VBF,Asset Management,0.9905,0.05791,624,,,,,,,,
BOTJ/LSBK,Banks - Regional,0.9316,0.05801,624,,,,,,,,
NIM/VCV,Asset Management,0.9692,0.05853,624,,,,,,,,
MHF/NQP,Asset Management,0.9762,0.0587,624,,,,,,,,
AFB/NAN,Asset Management,0.988,0.05972,624,,,,,,,,
CXE/EOT,Asset Management,0.9783,0.06004,624,,,,,,,,
MYD/NAN,Asset Management,0.9817,0.06013,624,,,,,,,,
NXN/NXP,Asset Management,0.9641,0.06025,624,,,,,,,,
MUC/NMT,Asset Management,0.9655,0.06157,624,,,,,,,,
FFC/FLC,Asset Management,0.9973,0.06246,624,,,,,,,,
LSBK/WAL,Banks - Regional,0.8556,0.06288,624,,,,,,,,
BKN/NAD,Asset Management,0.9801,0.06332,624,,,,,,,,
AFB/NRK,Asset Management,0.9867,0.06355,624,,,,,,,,
NRK/VKQ,Asset Management,0.993,0.06377,624,,,,,,,,
EBTC/FCCO,Banks - Regional,0.9679,0.06402,624,,,,,,,,
MHN/MYI,Asset Management,0.9801,0.06416,624,,,,,,,,
NAN/NXN,Asset Management,0.9782,0.06423,624,,,,,,,,
BYM/VKQ,Asset Management,0.9907,0.06434,624,,,,,,,,
EBTC/LSBK,Banks - Regional,0.9258,0.06523,624,,,,,,,,
ATLO/CIVB,Banks - Regional,0.8973,0.06536,624,,,,,,,,
CAC/CIVB,Banks - Regional,0.9768,0.06558,624,,,,,,,,
NIM/NXN,Asset Management,0.9784,0.06601,624,,,,,,,,
MUE/NMT,Asset Management,0.9701,0.0663,624,,,,,,,,
BFK/BYM,Asset Management,0.976,0.06667,624,,,,,,,,
BTA/NZF,Asset Management,0.9889,0.06668,624,,,,,,,,
CATY/PBHC,Banks - Regional,0.9533,0.06676,624,,,,,,,,
BYM/NAN,Asset Management,0.9862,0.06731,624,,,,,,,,
EOT/PMM,Asset Management,0.9675,0.06736,624,,,,,,,,
BYM/VGM,Asset Management,0.9915,0.06757,624,,,,,,,,
GDO/MMT,Asset Management,0.9793,0.06793,624,,,,,,,,
MQT/MUC,Asset Management,0.9881,0.0681,624,,,,,,,,
LSBK/WTBA,Banks - Regional,0.9291,0.06866,624,,,,,,,,
MYD/NUW,Asset Management,0.9795,0.06867,624,,,,,,,,
EVN/IIM,Asset Management,0.992,0.06878,624,,,,,,,,
EOT/MMU,Asset Management,0.9743,0.06885,624,,,,,,,,
IGI/OIA,Asset Management,0.969,0.06909,624,,,,,,,,
CATY/LSBK,Banks - Regional,0.8914,0.07029,624,,,,,,,,
NUW/NXN,Asset Management,0.9776,0.07057,624,,,,,,,,
CBFV/HBCP,Banks - Regional,0.9591,0.07149,624,,,,,,,,
LSBK/WASH,Banks - Regional,0.9239,0.07158,624,,,,,,,,
NZF/PMM,Asset Management,0.9896,0.07241,624,,,,,,,,
BOE/TWN,Asset Management,0.9533,0.07244,624,,,,,,,,
IQI/NEA,Asset Management,0.9901,0.07259,624,,,,,,,,
MHF/NXN,Asset Management,0.9695,0.07263,624,,,,,,,,
PIM/PPT,Asset Management,0.9929,0.07275,624,,,,,,,,
HBAN/LSBK,Banks - Regional,0.8971,0.07292,624,,,,,,,,
MIY/MPA,Asset Management,0.9884,0.07292,624,,,,,,,,
EOT/MHD,Asset Management,0.9722,0.07307,624,,,,,,,,
AFB/NXN,Asset Management,0.9675,0.07324,624,,,,,,,,
MIY/MUJ,Asset Management,0.9946,0.07342,624,,,,,,,,
CAC/FNWD,Banks - Regional,0.9051,0.07346,624,,,,,,,,
MVF/NAN,Asset Management,0.9738,0.07361,624,,,,,,,,
MVF/MYN,Asset Management,0.9838,0.07382,624,,,,,,,,
FMN/MHN,Asset Management,0.9888,0.07431,624,,,,,,,,
NXN/VGM,Asset Management,0.9699,0.07434,624,,,,,,,,
EOT/MFM,Asset Management,0.9865,0.07447,624,,,,,,,,
NAC/NXC,Asset Management,0.9741,0.07524,624,,,,,,,,
MHD/MVT,Asset Management,0.989,0.07531,624,,,,,,,,
MVF/NUW,Asset Management,0.973,0.07575,624,,,,,,,,
BRKL/LSBK,Banks - Regional,0.8931,0.07634,624,,,,,,,,
FISI/LSBK,Banks - Regional,0.9362,0.07642,624,,,,,,,,
MFM/MYD,Asset Management,0.9893,0.07643,624,,,,,,,,
MMU/VCV,Asset Management,0.9736,0.07656,624,,,,,,,,
BLE/NXN,Asset Management,0.9415,0.0768,624,,,,,,,,
BTA/NXJ,Asset Management,0.992,0.07715,624,,,,,,,,
BTA/PMM,Asset Management,0.9906,0.07736,624,,,,,,,,
BOTJ/CBAN,Banks - Regional,0.9617,0.07757,624,,,,,,,,
FFBC/LSBK,Banks - Regional,0.8702,0.07781,624,,,,,,,,
EVN/NAD,Asset Management,0.9887,0.07819,624,,,,,,,,
FFBC/IBCP,Banks - Regional,0.9399,0.07824,624,,,,,,,,
EOT/NZF,Asset Management,0.9746,0.07833,624,,,,,,,,
DCOM/LSBK,Banks - Regional,0.8923,0.07865,624,,,,,,,,
BCAL/OSBC,Banks - Regional,0.9381,0.07932,624,,,,,,,,
BYM/FMN,Asset Management,0.9824,0.07988,624,,,,,,,,
IIM/MHF,Asset Management,0.9638,0.08005,624,,,,,,,,
CMU/EOT,Asset Management,0.9796,0.08047,624,,,,,,,,
BHK/IGI,Asset Management,0.9755,0.08059,624,,,,,,,,
EOT/NXN,Asset Management,0.9701,0.08076,624,,,,,,,,
ATLO/BOH,Banks - Regional,0.9084,0.08168,624,,,,,,,,
CATY/SFBC,Banks - Regional,0.97,0.08171,624,,,,,,,,
BYM/MUE,Asset Management,0.9899,0.08215,624,,,,,,,,
BFK/MVT,Asset Management,0.9852,0.08234,624,,,,,,,,
BYM/MPA,Asset Management,0.9887,0.08238,624,,,,,,,,
CMU/MFM,Asset Management,0.9897,0.08239,624,,,,,,,,
NNY/NXN,Asset Management,0.983,0.08257,624,,,,,,,,
ASB/BOTJ,Banks - Regional,0.9275,0.08292,624,,,,,,,,
GDO/WEA,Asset Management,0.9844,0.08297,624,,,,,,,,
BYM/VMO,Asset Management,0.9891,0.08362,624,,,,,,,,
CADE/IBCP,Banks - Regional,0.9676,0.08364,624,,,,,,,,
AFB/MUC,Asset Management,0.99,0.08387,624,,,,,,,,
BOTJ/CAC,Banks - Regional,0.9457,0.08398,624,,,,,,,,
MUC/MYI,Asset Management,0.9804,0.08431,624,,,,,,,,
AFB/EVN,Asset Management,0.9866,0.08433,624,,,,,,,,
BOTJ/UVSP,Banks - Regional,0.9487,0.08467,624,,,,,,,,
MQT/NAD,Asset Management,0.9913,0.08489,624,,,,,,,,
BTA/EOT,Asset Management,0.9653,0.08509,624,,,,,,,,
EOT/MYD,Asset Management,0.9804,0.08515,624,,,,,,,,
MYI/SBI,Asset Management,0.9874,0.08548,624,,,,,,,,
EVN/MHN,Asset Management,0.9801,0.08558,624,,,,,,,,
BYM/MUJ,Asset Management,0.9912,0.08562,624,,,,,,,,
BNY/MHN,Asset Management,0.9828,0.08565,624,,,,,,,,
FNLC/SFBC,Banks - Regional,0.9639,0.08566,624,,,,,,,,
MVT/NXN,Asset Management,0.9218,0.08574,624,,,,,,,,
DCOM/FISI,Banks - Regional,0.9635,0.0859,624,,,,,,,,
MVF/VCV,Asset Management,0.9781,0.08594,624,,,,,,,,
NAD/PMO,Asset Management,0.9887,0.08624,624,,,,,,,,
GJR/GJT,Unknown,0.9846,0.08625,624,,,,,,,,
NNY/NUW,Asset Management,0.9818,0.08646,624,,,,,,,,
IPB/KTN,Unknown,0.9914,0.08697,624,,,,,,,,
LSBK/SNV,Banks - Regional,0.8928,0.08726,624,,,,,,,,
RFI/RQI,Asset Management,0.9939,0.08742,624,,,,,,,,
BFK/NMT,Asset Management,0.9659,0.08753,624,,,,,,,,
BLE/MYD,Asset Management,0.9883,0.08779,624,,,,,,,,
NXN/PMM,Asset Management,0.9764,0.08782,624,,,,,,,,
BFK/NAN,Asset Management,0.9698,0.08784,624,,,,,,,,
GDO/JHS,Asset Management,0.9821,0.08786,624,,,,,,,,
MFM/NZF,Asset Management,0.9788,0.08789,624,,,,,,,,
MMU/NXN,Asset Management,0.9539,0.08842,624,,,,,,,,
BRKL/SBFG,Banks - Regional,0.8902,0.08848,624,,,,,,,,
AFB/NQP,Asset Management,0.9812,0.08857,624,,,,,,,,
RBCAA/SFBC,Banks - Regional,0.9573,0.08861,624,,,,,,,,
FCCO/HBCP,Banks - Regional,0.9775,0.08888,624,,,,,,,,
FNB/MGYR,Banks - Regional,0.9152,0.08888,624,,,,,,,,
ASB/CZWI,Banks - Regional,0.9624,0.08889,624,,,,,,,,
MHN/NMT,Asset Management,0.9726,0.08894,624,,,,,,,,
FFBC/MGYR,Banks - Regional,0.9336,0.08898,624,,,,,,,,
MGYR/SMBK,Banks - Regional,0.9656,0.08918,624,,,,,,,,
LSBK/WBS,Banks - Regional,0.9187,0.08922,624,,,,,,,,
MVT/NAN,Asset Management,0.9526,0.08926,624,,,,,,,,
BUSE/LSBK,Banks - Regional,0.9177,0.0894,624,,,,,,,,
BYM/NXN,Asset Management,0.9721,0.08966,624,,,,,,,,
BOH/LSBK,Banks - Regional,0.9346,0.08972,624,,,,,,,,
BNY/NMT,Asset Management,0.9599,0.0899,624,,,,,,,,
IGI/NMI,Asset Management,0.9604,0.08996,624,,,,,,,,
BFK/MUC,Asset Management,0.9881,0.08998,624,,,,,,,,
BHK/PAI,Asset Management,0.9778,0.09022,624,,,,,,,,
DCOM/SHBI,Banks - Regional,0.9138,0.0906,624,,,,,,,,
DSM/MFM,Asset Management,0.9836,0.09073,624,,,,,,,,
BFK/MYD,Asset Management,0.986,0.09075,624,,,,,,,,
FNLC/FSFG,Banks - Regional,0.952,0.09092,624,,,,,,,,
MIY/MQT,Asset Management,0.9894,0.0911,624,,,,,,,,
AFB/NMT,Asset Management,0.974,0.09128,624,,,,,,,,
FNLC/HFBL,Banks - Regional,0.9316,0.09169,624,,,,,,,,
NXN/VMO,Asset Management,0.9629,0.09176,624,,,,,,,,
NXN/VBF,Asset Management,0.9708,0.09188,624,,,,,,,,
FRME/LSBK,Banks - Regional,0.9432,0.0923,624,,,,,,,,
HBNC/SBFG,Banks - Regional,0.9495,0.09238,624,,,,,,,,
HBNC/LSBK,Banks - Regional,0.9518,0.09277,624,,,,,,,,
CMU/CXE,Asset Management,0.9928,0.09285,624,,,,,,,,
MHD/MVF,Asset Management,0.9896,0.09316,624,,,,,,,,
NVG/PMM,Asset Management,0.9882,0.09327,624,,,,,,,,
AFB/VGM,Asset Management,0.9938,0.09359,624,,,,,,,,
LSBK/SBCF,Banks - Regional,0.8948,0.09372,624,,,,,,,,
AFB/MYI,Asset Management,0.9861,0.09396,624,,,,,,,,
IPB/PFF,Unknown,0.9848,0.09397,624,,,,,,,,
MQT/VGM,Asset Management,0.9892,0.09427,624,,,,,,,,
BOTJ/FRST,Banks - Regional,0.926,0.09431,624,,,,,,,,
MHD/MMU,Asset Management,0.9872,0.09441,624,,,,,,,,
BFK/MVF,Asset Management,0.9818,0.09449,624,,,,,,,,
BUSE/CZWI,Banks - Regional,0.9513,0.09477,624,,,,,,,,
FMN/NXC,Asset Management,0.9581,0.09481,624,,,,,,,,
MQY/MUC,Asset Management,0.9844,0.09521,624,,,,,,,,
MHN/NAN,Asset Management,0.9818,0.09521,624,,,,,,,,
EHI/HIO,Asset Management,0.9843,0.09525,624,,,,,,,,
NEA/PMO,Asset Management,0.985,0.09532,624,,,,,,,,
MMU/MYD,Asset Management,0.9869,0.09541,624,,,,,,,,
NXN/PAI,Asset Management,0.9687,0.09543,624,,,,,,,,
BUSE/SMBC,Banks - Regional,0.9119,0.09547,624,,,,,,,,
IGI/NXC,Asset Management,0.9649,0.0957,624,,,,,,,,
BLE/NMI,Asset Management,0.9573,0.0958,624,,,,,,,,
MVT/MYN,Asset Management,0.9745,0.09621,624,,,,,,,,
ATLO/BOTJ,Banks - Regional,0.8809,0.09632,624,,,,,,,,
CCNE/LSBK,Banks - Regional,0.919,0.09635,624,,,,,,,,
BKN/NXC,Asset Management,0.9552,0.09639,624,,,,,,,,
COLB/LSBK,Banks - Regional,0.9054,0.09651,624,,,,,,,,
AFB/MVF,Asset Management,0.977,0.09673,624,,,,,,,,
MMU/MVT,Asset Management,0.9761,0.09682,624,,,,,,,,
BOTJ/BRKL,Banks - Regional,0.9226,0.09694,624,,,,,,,,
CATY/FCCO,Banks - Regional,0.9573,0.09712,624,,,,,,,,
MHD/NXN,Asset Management,0.9463,0.09713,624,,,,,,,,
MYD/PMM,Asset Management,0.9591,0.09728,624,,,,,,,,
BFK/NAD,Asset Management,0.9652,0.09742,624,,,,,,,,
ATLO/LSBK,Banks - Regional,0.8857,0.09757,624,,,,,,,,
CAC/CZWI,Banks - Regional,0.9376,0.09777,624,,,,,,,,
FNLC/SMBC,Banks - Regional,0.9683,0.09778,624,,,,,,,,
KTN/PFF,Unknown,0.9849,0.09778,624,,,,,,,,
NNY/NUV,Asset Management,0.9794,0.09784,624,,,,,,,,
ATLO/FRST,Banks - Regional,0.9497,0.09784,624,,,,,,,,
CAC/SBFG,Banks - Regional,0.9655,0.09807,624,,,,,,,,
NNY/PMM,Asset Management,0.973,0.09846,624,,,,,,,,
MVT/MYD,Asset Management,0.9826,0.09849,624,,,,,,,,
ASB/LSBK,Banks - Regional,0.8895,0.09849,624,,,,,,,,
MYD/NNY,Asset Management,0.9723,0.09852,624,,,,,,,,
BOTJ/WBS,Banks - Regional,0.9488,0.09885,624,,,,,,,,
GDO/JMM,Asset Management,0.9823,0.09902,624,,,,,,,,
MYD/VCV,Asset Management,0.9812,0.0993,624,,,,,,,,
MHD/MUA,Asset Management,0.9766,0.09946,624,,,,,,,,
BLE/NXC,Asset Management,0.9465,0.09989,624,,,,,,,,
FFBC/SFBC,Banks - Regional,0.9336,0.10002,624,,,,,,,,
BANR/PBHC,Banks - Regional,0.9508,0.10038,624,,,,,,,,
DSM/MHD,Asset Management,0.9897,0.1004,624,,,,,,,,
BANFP/IPB,Unknown,0.9656,0.10068,624,,,,,,,,
NRK/NXN,Asset Management,0.9756,0.1007,624,,,,,,,,
ONB/SBFG,Banks - Regional,0.9497,0.10088,624,,,,,,,,
NEA/VBF,Asset Management,0.979,0.10105,624,,,,,,,,
JMM/MMT,Asset Management,0.9735,0.10115,624,,,,,,,,
BCAL/EFSC,Banks - Regional,0.9198,0.10133,624,,,,,,,,
PNI/PYN,Asset Management,0.98,0.10184,624,,,,,,,,
MHN/MUC,Asset Management,0.9924,0.10191,624,,,,,,,,
FNLC/PBHC,Banks - Regional,0.9497,0.10214,624,,,,,,,,
IQI/NXN,Asset Management,0.9776,0.10238,624,,,,,,,,
CBFV/SRCE,Banks - Regional,0.9535,0.10241,624,,,,,,,,
BTA/NVG,Asset Management,0.9865,0.10258,624,,,,,,,,
BTA/PMO,Asset Management,0.9884,0.10275,624,,,,,,,,
IBIO/VXRT,Biotechnology,0.8129,0.10284,624,,,,,,,,
EVN/NAC,Asset Management,0.9901,0.10285,624,,,,,,,,
AFB/MPA,Asset Management,0.9844,0.10289,624,,,,,,,,
MVF/SBI,Asset Management,0.9811,0.10305,624,,,,,,,,
BUSE/MGYR,Banks - Regional,0.9291,0.10306,624,,,,,,,,
EOT/MUA,Asset Management,0.9808,0.10318,624,,,,,,,,
AFB/MIY,Asset Management,0.9822,0.10352,624,,,,,,,,
BOH/BOTJ,Banks - Regional,0.9534,0.10355,624,,,,,,,,
NXN/VCV,Asset Management,0.9696,0.10357,624,,,,,,,,
FMN/MYN,Asset Management,0.9891,0.10402,624,,,,,,,,
ETB/EVT,Asset Management,0.9885,0.10403,624,,,,,,,,
MVT/VCV,Asset Management,0.9575,0.10412,624,,,,,,,,
AUB/IBCP,Banks - Regional,0.9383,0.10472,624,,,,,,,,
MFM/NXN,Asset Management,0.9708,0.10497,624,,,,,,,,
BFK/NXN,Asset Management,0.9419,0.10508,624,,,,,,,,
MYI/NMT,Asset Management,0.9549,0.10532,624,,,,,,,,
AFB/NEA,Asset Management,0.9823,0.10539,624,,,,,,,,
CBFV/PFBC,Banks - Regional,0.9267,0.10542,624,,,,,,,,
EOT/HPI,Asset Management,0.935,0.1056,624,,,,,,,,
FNLC/SBFG,Banks - Regional,0.955,0.10567,624,,,,,,,,
CAC/HBNC,Banks - Regional,0.9652,0.10568,624,,,,,,,,
BYM/EVN,Asset Management,0.9881,0.10575,624,,,,,,,,
BCAL/CATY,Banks - Regional,0.892,0.10588,624,,,,,,,,
DJCO/TYL,Software - Application,0.9453,0.10615,624,,,,,,,,
MVT/NMI,Asset Management,0.9488,0.10631,624,,,,,,,,
MVF/NMT,Asset Management,0.9529,0.10643,624,,,,,,,,
BFK/VCV,Asset Management,0.9686,0.10659,624,,,,,,,,
BLE/NNY,Asset Management,0.958,0.10669,624,,,,,,,,
NKX/NXC,Asset Management,0.9782,0.10691,624,,,,,,,,
FMN/MUC,Asset Management,0.9872,0.10693,624,,,,,,,,
BTA/MIY,Asset Management,0.9865,0.10713,624,,,,,,,,
BCAL/OCFC,Banks - Regional,0.8099,0.10718,624,,,,,,,,
MPA/NQP,Asset Management,0.9862,0.10728,624,,,,,,,,
CZWI/EBTC,Banks - Regional,0.9593,0.10733,624,,,,,,,,
BANR/MGYR,Banks - Regional,0.9665,0.10733,624,,,,,,,,
FMN/NXN,Asset Management,0.9556,0.10752,624,,,,,,,,
NMI/VBF,Asset Management,0.9393,0.10758,624,,,,,,,,
MGYR/PBHC,Banks - Regional,0.9568,0.10776,624,,,,,,,,
ATLO/CZWI,Banks - Regional,0.8541,0.10779,624,,,,,,,,
BOTJ/BSRR,Banks - Regional,0.9482,0.10816,624,,,,,,,,
LSBK/WSBC,Banks - Regional,0.936,0.10851,624,,,,,,,,
MVT/MYI,Asset Management,0.9546,0.10855,624,,,,,,,,
MPA/MQT,Asset Management,0.9876,0.10886,624,,,,,,,,
BYM/MVT,Asset Management,0.9549,0.10905,624,,,,,,,,
NAD/NEA,Asset Management,0.9943,0.10912,624,,,,,,,,
CAC/PKBK,Banks - Regional,0.9757,0.10942,624,,,,,,,,
EOT/PMO,Asset Management,0.9605,0.10977,624,,,,,,,,
FCF/SFBC,Banks - Regional,0.974,0.10981,624,,,,,,,,
IGI/JHS,Asset Management,0.9782,0.10983,624,,,,,,,,
MHF/NXJ,Asset Management,0.9807,0.10992,624,,,,,,,,
CBFV/EBTC,Banks - Regional,0.9235,0.10993,624,,,,,,,,
DJCO/DSGX,Software - Application,0.913,0.10996,624,,,,,,,,
MHD/VCV,Asset Management,0.9702,0.10999,624,,,,,,,,
CAPR/TENX,Biotechnology,0.9379,0.1102,624,,,,,,,,
BYM/MYI,Asset Management,0.9892,0.11027,624,,,,,,,,
IIM/NIM,Asset Management,0.9763,0.1103,624,,,,,,,,
FULT/LSBK,Banks - Regional,0.8748,0.11044,624,,,,,,,,
FCF/LSBK,Banks - Regional,0.8695,0.11045,624,,,,,,,,
VKQ/VMO,Asset Management,0.9955,0.11063,624,,,,,,,,
BOTJ/PNFP,Banks - Regional,0.9245,0.11089,624,,,,,,,,
CXE/NZF,Asset Management,0.9608,0.11091,624,,,,,,,,
BYM/MYN,Asset Management,0.9876,0.11101,624,,,,,,,,
NMI/NNY,Asset Management,0.9689,0.11104,624,,,,,,,,
MFM/PMM,Asset Management,0.9691,0.11119,624,,,,,,,,
FCF/IBCP,Banks - Regional,0.9661,0.11119,624,,,,,,,,
AUB/SFBC,Banks - Regional,0.9556,0.1112,624,,,,,,,,
MGYR/UVSP,Banks - Regional,0.939,0.11132,624,,,,,,,,
MQY/NXC,Asset Management,0.9743,0.11175,624,,,,,,,,
EOT/PML,Asset Management,0.9524,0.11183,624,,,,,,,,
MUC/MYN,Asset Management,0.9936,0.11185,624,,,,,,,,
NXN/PMO,Asset Management,0.9747,0.11216,624,,,,,,,,
ASB/FCCO,Banks - Regional,0.9424,0.11229,624,,,,,,,,
NIM/VPV,Asset Management,0.9739,0.11239,624,,,,,,,,
NMI/VCV,Asset Management,0.9781,0.1126,624,,,,,,,,
MMU/NAN,Asset Management,0.9675,0.11261,624,,,,,,,,
NIM/NMI,Asset Management,0.9592,0.11263,624,,,,,,,,
CATY/SMBK,Banks - Regional,0.9668,0.11266,624,,,,,,,,
FMN/NIM,Asset Management,0.9544,0.1127,624,,,,,,,,
MQY/NKX,Asset Management,0.983,0.11279,624,,,,,,,,
IQI/NAD,Asset Management,0.9925,0.1129,624,,,,,,,,
BFK/NUW,Asset Management,0.9618,0.11293,624,,,,,,,,
BFK/MQY,Asset Management,0.9761,0.11299,624,,,,,,,,
ONB/SFBC,Banks - Regional,0.9584,0.11315,624,,,,,,,,
MHF/NAN,Asset Management,0.9703,0.11326,624,,,,,,,,
NUW/VGM,Asset Management,0.9731,0.11349,624,,,,,,,,
MIY/VKQ,Asset Management,0.9834,0.11377,624,,,,,,,,
NEA/NIM,Asset Management,0.9814,0.11406,624,,,,,,,,
BLE/NCA,Asset Management,0.9554,0.11427,624,,,,,,,,
BOTJ/SMBK,Banks - Regional,0.9395,0.11431,624,,,,,,,,
NBTB/SMBC,Banks - Regional,0.969,0.11439,624,,,,,,,,
NQP/NRK,Asset Management,0.9904,0.1145,624,,,,,,,,
MHF/VKQ,Asset Management,0.9612,0.1146,624,,,,,,,,
ATLO/PFS,Banks - Regional,0.9286,0.11475,624,,,,,,,,
ATLO/MOFG,Banks - Regional,0.9004,0.11485,624,,,,,,,,
MHF/VPV,Asset Management,0.9692,0.11494,624,,,,,,,,
NUW/VKQ,Asset Management,0.9693,0.11498,624,,,,,,,,
FISI/FNWD,Banks - Regional,0.9029,0.11506,624,,,,,,,,
GJP/SMH,Unknown,0.9482,0.11526,624,,,,,,,,
BTA/OIA,Asset Management,0.9802,0.11562,624,,,,,,,,
NXJ/NXN,Asset Management,0.9798,0.11569,624,,,,,,,,
CAC/PFS,Banks - Regional,0.9381,0.11581,624,,,,,,,,
MFM/MMU,Asset Management,0.9784,0.116,624,,,,,,,,
AFB/MUJ,Asset Management,0.9845,0.1162,624,,,,,,,,
JHI/WIW,Asset Management,0.9723,0.11625,624,,,,,,,,
IIM/VCV,Asset Management,0.9871,0.11635,624,,,,,,,,
BOTJ/WTBA,Banks - Regional,0.9541,0.11645,624,,,,,,,,
BCAL/EBTC,Banks - Regional,0.8758,0.11678,624,,,,,,,,
EOT/PMX,Asset Management,0.9521,0.11696,624,,,,,,,,
BOTJ/PFS,Banks - Regional,0.935,0.11697,624,,,,,,,,
MHN/MQY,Asset Management,0.9853,0.11701,624,,,,,,,,
BFK/BKT,Asset Management,0.9695,0.11708,624,,,,,,,,
INDB/LSBK,Banks - Regional,0.9069,0.11719,624,,,,,,,,
BYM/PMO,Asset Management,0.9804,0.11721,624,,,,,,,,
MQT/NKX,Asset Management,0.9832,0.11731,624,,,,,,,,
IGI/PMM,Asset Management,0.9723,0.11751,624,,,,,,,,
HPS/RFI,Asset Management,0.975,0.11755,624,,,,,,,,
MQT/NXC,Asset Management,0.9723,0.11757,624,,,,,,,,
CBFV/FCCO,Banks - Regional,0.9605,0.11758,624,,,,,,,,
AFB/IQI,Asset Management,0.9912,0.11773,624,,,,,,,,
AFB/NXC,Asset Management,0.9637,0.11785,624,,,,,,,,
RNST/WSFS,Banks - Regional,0.9549,0.11793,624,,,,,,,,
EFT/EVF,Asset Management,0.9957,0.118,624,,,,,,,,
ERNA/PALI,Biotechnology,0.9077,0.11802,624,,,,,,,,
FMN/NRK,Asset Management,0.9737,0.11818,624,,,,,,,,
FFBC/VABK,Banks - Regional,0.9464,0.11821,624,,,,,,,,
NIM/NQP,Asset Management,0.9825,0.11833,624,,,,,,,,
BFK/BLE,Asset Management,0.9911,0.11837,624,,,,,,,,
EOT/PCQ,Asset Management,0.881,0.11847,624,,,,,,,,
NNY/PMO,Asset Management,0.9725,0.1185,624,,,,,,,,
FCT/PHD,Asset Management,0.9867,0.11852,624,,,,,,,,
BANR/LSBK,Banks - Regional,0.9024,0.11854,624,,,,,,,,
BYM/MHN,Asset Management,0.9848,0.11863,624,,,,,,,,
SBCF/SBFG,Banks - Regional,0.9451,0.11872,624,,,,,,,,
NRIM/SFBC,Banks - Regional,0.8983,0.11879,624,,,,,,,,
EFR/PHD,Asset Management,0.9883,0.11883,624,,,,,,,,
DHF/VLT,Asset Management,0.9868,0.11897,624,,,,,,,,
MHD/NAN,Asset Management,0.9683,0.11921,624,,,,,,,,
ATLO/FNWD,Banks - Regional,0.9066,0.1193,624,,,,,,,,
GJP/QQXT,Unknown,0.9719,0.11942,624,,,,,,,,
EBTC/SBFG,Banks - Regional,0.9521,0.11948,624,,,,,,,,
MHD/NUW,Asset Management,0.9729,0.11964,624,,,,,,,,
MHF/NEA,Asset Management,0.9625,0.11976,624,,,,,,,,
BCAL/SRCE,Banks - Regional,0.8937,0.11994,624,,,,,,,,
DSM/EOT,Asset Management,0.9756,0.11995,624,,,,,,,,
MGYR/OCFC,Banks - Regional,0.8438,0.12012,624,,,,,,,,
KTN/VCSH,Unknown,0.982,0.12018,624,,,,,,,,
LSBK/SFST,Banks - Regional,0.9133,0.12053,624,,,,,,,,
IGI/MCR,Asset Management,0.9478,0.12066,624,,,,,,,,
FNLC/QCRH,Banks - Regional,0.9475,0.12071,624,,,,,,,,
IGI/MIN,Asset Management,0.9159,0.12071,624,,,,,,,,
BOKF/MPB,Banks - Regional,0.9425,0.12071,624,,,,,,,,
BSRR/LSBK,Banks - Regional,0.9234,0.12075,624,,,,,,,,
NQP/NXN,Asset Management,0.9784,0.12101,624,,,,,,,,
EVN/NXC,Asset Management,0.9801,0.12105,624,,,,,,,,
CAC/WASH,Banks - Regional,0.912,0.12106,624,,,,,,,,
IGI/NUV,Asset Management,0.976,0.1211,624,,,,,,,,
FMN/NMI,Asset Management,0.9691,0.12111,624,,,,,,,,
MIY/NAD,Asset Management,0.991,0.12131,624,,,,,,,,
BCAL/BUSE,Banks - Regional,0.8965,0.12144,624,,,,,,,,
FCCO/SFBC,Banks - Regional,0.9599,0.12144,624,,,,,,,,
FBNC/SFBC,Banks - Regional,0.957,0.12163,624,,,,,,,,
HBCP/HTBK,Banks - Regional,0.9189,0.12165,624,,,,,,,,
MPA/VKQ,Asset Management,0.9845,0.12166,624,,,,,,,,
NNY/PAI,Asset Management,0.9744,0.12167,624,,,,,,,,
CXH/NXN,Asset Management,0.9751,0.12173,624,,,,,,,,
BOTJ/EBTC,Banks - Regional,0.9399,0.12184,624,,,,,,,,
IBOC/SFBC,Banks - Regional,0.952,0.12189,624,,,,,,,,
BCAL/CTBI,Banks - Regional,0.8604,0.12195,624,,,,,,,,
FCCO/FCF,Banks - Regional,0.9625,0.12196,624,,,,,,,,
NIM/PAI,Asset Management,0.9618,0.12204,624,,,,,,,,
MYD/NMI,Asset Management,0.9708,0.12209,624,,,,,,,,
NAN/NUW,Asset Management,0.978,0.12241,624,,,,,,,,
BCAL/FCCO,Banks - Regional,0.9028,0.12251,624,,,,,,,,
BKN/NIM,Asset Management,0.9616,0.1227,624,,,,,,,,
FNLC/HIFS,Banks - Regional,0.9507,0.12272,624,,,,,,,,
FFBC/RVSB,Banks - Regional,0.8707,0.12276,624,,,,,,,,
AFB/NKX,Asset Management,0.9796,0.12283,624,,,,,,,,
FCF/SBFG,Banks - Regional,0.9484,0.12295,624,,,,,,,,
HPF/HPI,Asset Management,0.9964,0.12299,624,,,,,,,,
ATLO/UVSP,Banks - Regional,0.842,0.12299,624,,,,,,,,
BCAL/HFWA,Banks - Regional,0.8867,0.12307,624,,,,,,,,
EFSC/FCCO,Banks - Regional,0.9831,0.12312,624,,,,,,,,
BLE/MQT,Asset Management,0.972,0.12318,624,,,,,,,,
PMM/VKQ,Asset Management,0.9825,0.12326,624,,,,,,,,
FCCO/WBS,Banks - Regional,0.9618,0.12333,624,,,,,,,,
FRPH/TCI,Real Estate Services,0.9269,0.12336,624,,,,,,,,
MYI/NKX,Asset Management,0.988,0.12338,624,,,,,,,,
BFK/NNY,Asset Management,0.9549,0.12341,624,,,,,,,,
FCCO/SMBC,Banks - Regional,0.9382,0.12343,624,,,,,,,,
CGO/CHW,Asset Management,0.9929,0.12348,624,,,,,,,,
MHN/VGM,Asset Management,0.9882,0.12363,624,,,,,,,,
FMN/MYI,Asset Management,0.9804,0.12369,624,,,,,,,,
EFR/EVF,Asset Management,0.9954,0.1238,624,,,,,,,,
NMI/NUV,Asset Management,0.9603,0.12391,624,,,,,,,,
FFBC/HBCP,Banks - Regional,0.9742,0.12392,624,,,,,,,,
MUC/NXC,Asset Management,0.9567,0.12415,624,,,,,,,,
BGY/TWN,Asset Management,0.9604,0.12417,624,,,,,,,,
BTA/MFM,Asset Management,0.9687,0.12439,624,,,,,,,,
BCAL/THFF,Banks - Regional,0.8905,0.12445,624,,,,,,,,
CATY/CZWI,Banks - Regional,0.9601,0.12449,624,,,,,,,,
MYD/NUV,Asset Management,0.964,0.12451,624,,,,,,,,
BUSE/FCCO,Banks - Regional,0.9612,0.12474,624,,,,,,,,
BHLB/LSBK,Banks - Regional,0.8058,0.12475,624,,,,,,,,
MYD/NRK,Asset Management,0.9725,0.1248,624,,,,,,,,
CZWI/UVSP,Banks - Regional,0.9664,0.12499,624,,,,,,,,
BCAL/PBHC,Banks - Regional,0.8771,0.12501,624,,,,,,,,
CZNC/FXNC,Banks - Regional,0.8409,0.12506,624,,,,,,,,
ATLO/FFBC,Banks - Regional,0.8358,0.12509,624,,,,,,,,
IGI/NRK,Asset Management,0.9733,0.12519,624,,,,,,,,
BCAL/WSBC,Banks - Regional,0.8271,0.12519,624,,,,,,,,
DCOM/OPOF,Banks - Regional,0.8727,0.12526,624,,,,,,,,
BANFP/GJH,Unknown,0.9663,0.12527,624,,,,,,,,
MHF/VGM,Asset Management,0.9583,0.12531,624,,,,,,,,
BLE/EVN,Asset Management,0.9684,0.12534,624,,,,,,,,
CATY/SMBC,Banks - Regional,0.9774,0.1254,624,,,,,,,,
BOTJ/WSFS,Banks - Regional,0.9622,0.12542,624,,,,,,,,
BHK/JHS,Asset Management,0.9869,0.12554,624,,,,,,,,
CAC/SHBI,Banks - Regional,0.9246,0.12563,624,,,,,,,,
FCCO/MGYR,Banks - Regional,0.9527,0.12567,624,,,,,,,,
BCAL/SHBI,Banks - Regional,0.9119,0.12584,624,,,,,,,,
BANFP/GJR,Unknown,0.9518,0.12591,624,,,,,,,,
MYD/VKQ,Asset Management,0.9788,0.12602,624,,,,,,,,
EVN/MQT,Asset Management,0.99,0.12606,624,,,,,,,,
CADE/MGYR,Banks - Regional,0.9307,0.12608,624,,,,,,,,
IQI/NIM,Asset Management,0.9759,0.12619,624,,,,,,,,
EHI/WEA,Asset Management,0.9873,0.12638,624,,,,,,,,
MHN/MYN,Asset Management,0.9958,0.12639,624,,,,,,,,
IGI/MQY,Asset Management,0.9754,0.1264,624,,,,,,,,
JHS/PFD,Asset Management,0.9799,0.12643,624,,,,,,,,
NXN/VPV,Asset Management,0.9731,0.12643,624,,,,,,,,
FMNB/FNWD,Banks - Regional,0.8993,0.12649,624,,,,,,,,
NEA/VKQ,Asset Management,0.9898,0.12653,624,,,,,,,,
BUSE/EBTC,Banks - Regional,0.9439,0.12664,624,,,,,,,,
BGT/FRA,Asset Management,0.9959,0.12665,624,,,,,,,,
BFK/NAC,Asset Management,0.9838,0.12666,624,,,,,,,,
CAC/FMNB,Banks - Regional,0.9779,0.12682,624,,,,,,,,
BFK/VKQ,Asset Management,0.9748,0.12698,624,,,,,,,,
FNB/SFBC,Banks - Regional,0.8832,0.12698,624,,,,,,,,
NBTB/SFBC,Banks - Regional,0.9656,0.12706,624,,,,,,,,
NMI/NRK,Asset Management,0.962,0.1272,624,,,,,,,,
CXE/MFM,Asset Management,0.9876,0.12723,624,,,,,,,,
GJS/GJT,Unknown,0.9862,0.12734,624,,,,,,,,
IIM/NAD,Asset Management,0.9889,0.12736,624,,,,,,,,
BNY/MUC,Asset Management,0.9781,0.1274,624,,,,,,,,
BCAL/WBS,Banks - Regional,0.9049,0.12749,624,,,,,,,,
BOH/FNWD,Banks - Regional,0.9371,0.12753,624,,,,,,,,
BFK/VGM,Asset Management,0.9799,0.12756,624,,,,,,,,
MHD/NAC,Asset Management,0.9866,0.12758,624,,,,,,,,
MPA/VGM,Asset Management,0.9844,0.12759,624,,,,,,,,
AFB/BLE,Asset Management,0.9797,0.12765,624,,,,,,,,
ARL/TCI,Real Estate Services,0.9036,0.1277,624,,,,,,,,
LEO/NAN,Asset Management,0.9748,0.12772,624,,,,,,,,
MHD/NXC,Asset Management,0.9471,0.12785,624,,,,,,,,
MUE/NOM,Asset Management,0.8572,0.12789,624,,,,,,,,
BFK/FMN,Asset Management,0.9841,0.12796,624,,,,,,,,
BOTJ/SFNC,Banks - Regional,0.9378,0.12796,624,,,,,,,,
FNLC/HBNC,Banks - Regional,0.9327,0.12798,624,,,,,,,,
IQI/VGM,Asset Management,0.9955,0.12809,624,,,,,,,,
MQY/MYI,Asset Management,0.9907,0.12824,624,,,,,,,,
ATLO/OCFC,Banks - Regional,0.9471,0.12831,624,,,,,,,,
NXC/VBF,Asset Management,0.9578,0.12835,624,,,,,,,,
FCCO/FRME,Banks - Regional,0.9725,0.12838,624,,,,,,,,
CAC/DCOM,Banks - Regional,0.9173,0.1284,624,,,,,,,,
IQI/MHF,Asset Management,0.9653,0.12868,624,,,,,,,,
ATLO/MGYR,Banks - Regional,0.8205,0.12874,624,,,,,,,,
FR/PLD,REIT - Industrial,0.9883,0.12883,624,,,,,,,,
NIM/NRK,Asset Management,0.9758,0.12887,624,,,,,,,,
FRST/LSBK,Banks - Regional,0.913,0.12906,624,,,,,,,,
FCCO/HTBK,Banks - Regional,0.932,0.12915,624,,,,,,,,
FNLC/LSBK,Banks - Regional,0.8703,0.12927,624,,,,,,,,
FMN/MQT,Asset Management,0.9821,0.1293,624,,,,,,,,
BKT/CXH,Asset Management,0.9613,0.12933,624,,,,,,,,
FNLC/MPB,Banks - Regional,0.9633,0.1294,624,,,,,,,,
PCM/PTY,Asset Management,0.9606,0.12943,624,,,,,,,,
KEY/LSBK,Banks - Regional,0.9132,0.12945,624,,,,,,,,
INDB/SBFG,Banks - Regional,0.944,0.12948,624,,,,,,,,
MGYR/PFS,Banks - Regional,0.8968,0.12948,624,,,,,,,,
JHS/MCR,Asset Management,0.9585,0.12955,624,,,,,,,,
CCNE/FNWD,Banks - Regional,0.9127,0.12985,624,,,,,,,,
IQI/NRK,Asset Management,0.9923,0.12992,624,,,,,,,,
CHNR/FTEK,Pollution & Treatment Controls,0.8905,0.13001,624,,,,,,,,
NNY/VCV,Asset Management,0.9699,0.13003,624,,,,,,,,
LSBK/PNC,Banks - Regional,0.8459,0.13013,624,,,,,,,,
IGI/MUA,Asset Management,0.97,0.13015,624,,,,,,,,
AFB/NIM,Asset Management,0.9687,0.13018,624,,,,,,,,
OIA/PMX,Asset Management,0.9031,0.13027,624,,,,,,,,
MYN/NMI,Asset Management,0.9662,0.13032,624,,,,,,,,
MYN/NMT,Asset Management,0.9691,0.13035,624,,,,,,,,
BOTJ/WAL,Banks - Regional,0.9154,0.13056,624,,,,,,,,
CZNC/SFBC,Banks - Regional,0.9251,0.13057,624,,,,,,,,
EVN/VCV,Asset Management,0.9859,0.1306,624,,,,,,,,
MHF/MIY,Asset Management,0.9626,0.13065,624,,,,,,,,
MVF/NXN,Asset Management,0.9467,0.13079,624,,,,,,,,
BYM/MQY,Asset Management,0.9904,0.13092,624,,,,,,,,
MHD/MHN,Asset Management,0.9783,0.13094,624,,,,,,,,
MQT/MYI,Asset Management,0.9897,0.13104,624,,,,,,,,
FISI/FRST,Banks - Regional,0.9326,0.13152,624,,,,,,,,
VLY/WTBA,Banks - Regional,0.8662,0.13167,624,,,,,,,,
HBAN/MGYR,Banks - Regional,0.9565,0.13179,624,,,,,,,,
CBFV/MBWM,Banks - Regional,0.942,0.13187,624,,,,,,,,
LSBK/SBFG,Banks - Regional,0.9284,0.1319,624,,,,,,,,
BYM/NOM,Asset Management,0.8246,0.13194,624,,,,,,,,
EGBN/FFIC,Banks - Regional,0.9468,0.13195,624,,,,,,,,
MIY/PMO,Asset Management,0.9851,0.13213,624,,,,,,,,
CCNE/FUNC,Banks - Regional,0.8601,0.13229,624,,,,,,,,
CVBF/PBHC,Banks - Regional,0.9491,0.13234,624,,,,,,,,
BCAL/HTBK,Banks - Regional,0.8482,0.13243,624,,,,,,,,
MHF/MYN,Asset Management,0.9381,0.13253,624,,,,,,,,
EOT/HPF,Asset Management,0.9288,0.13255,624,,,,,,,,
BYM/NRK,Asset Management,0.9865,0.13289,624,,,,,,,,
MUA/MYD,Asset Management,0.9858,0.1329,624,,,,,,,,
MVT/NAD,Asset Management,0.9363,0.13295,624,,,,,,,,
CZNC/RBCAA,Banks - Regional,0.8537,0.13299,624,,,,,,,,
BLE/MHD,Asset Management,0.9878,0.13305,624,,,,,,,,
FLC/JHS,Asset Management,0.9813,0.13309,624,,,,,,,,
HPI/PML,Asset Management,0.8475,0.13312,624,,,,,,,,
MHF/NNY,Asset Management,0.9528,0.13314,624,,,,,,,,
BKN/MQT,Asset Management,0.9866,0.13319,624,,,,,,,,
SBFG/WBS,Banks - Regional,0.9458,0.13324,624,,,,,,,,
MUC/MVT,Asset Management,0.9798,0.13328,624,,,,,,,,
IBCP/SFBC,Banks - Regional,0.9646,0.13339,624,,,,,,,,
NIM/NNY,Asset Management,0.9741,0.13354,624,,,,,,,,
DCOM/MGYR,Banks - Regional,0.8731,0.13361,624,,,,,,,,
CXE/DSM,Asset Management,0.9853,0.13362,624,,,,,,,,
NUW/NXC,Asset Management,0.9731,0.13375,624,,,,,,,,
AUB/FNWD,Banks - Regional,0.8737,0.13376,624,,,,,,,,
BOTJ/FULT,Banks - Regional,0.9211,0.13376,624,,,,,,,,
CAC/CBAN,Banks - Regional,0.9647,0.13384,624,,,,,,,,
BOH/CAC,Banks - Regional,0.9546,0.1339,624,,,,,,,,
FFBC/HTBK,Banks - Regional,0.9232,0.13393,624,,,,,,,,
JMM/WEA,Asset Management,0.978,0.13399,624,,,,,,,,
CTBI/FCCO,Banks - Regional,0.9566,0.13411,624,,,,,,,,
JMM/MCR,Asset Management,0.9767,0.13424,624,,,,,,,,
MVT/SBI,Asset Management,0.9598,0.13426,624,,,,,,,,
BOKF/LSBK,Banks - Regional,0.8433,0.13427,624,,,,,,,,
IQI/NUW,Asset Management,0.9776,0.13429,624,,,,,,,,
NCA/NKX,Asset Management,0.9768,0.1343,624,,,,,,,,
BOTJ/HBNC,Banks - Regional,0.9506,0.13432,624,,,,,,,,
CAC/FSFG,Banks - Regional,0.9742,0.13439,624,,,,,,,,
EVN/MYN,Asset Management,0.9818,0.13445,624,,,,,,,,
DSM/NXN,Asset Management,0.9438,0.13455,624,,,,,,,,
IGI/PMO,Asset Management,0.969,0.13459,624,,,,,,,,
EBTC/SMBC,Banks - Regional,0.9395,0.13466,624,,,,,,,,
FCCO/LSBK,Banks - Regional,0.9255,0.13467,624,,,,,,,,
BOTJ/FCCO,Banks - Regional,0.944,0.13469,624,,,,,,,,
FFBC/SBFG,Banks - Regional,0.9222,0.13483,624,,,,,,,,
BCAL/MGYR,Banks - Regional,0.8707,0.13487,624,,,,,,,,
ATLO/FCCO,Banks - Regional,0.8508,0.13489,624,,,,,,,,
BKN/BYM,Asset Management,0.9841,0.13491,624,,,,,,,,
BOTJ/SFST,Banks - Regional,0.9406,0.13495,624,,,,,,,,
NIM/NUW,Asset Management,0.966,0.13495,624,,,,,,,,
IPB/USIG,Unknown,0.9705,0.13495,624,,,,,,,,
IGI/NXP,Asset Management,0.9434,0.13498,624,,,,,,,,
AFB/MVT,Asset Management,0.9651,0.13506,624,,,,,,,,
FCCO/FFBC,Banks - Regional,0.9595,0.13506,624,,,,,,,,
MHN/NMI,Asset Management,0.9628,0.13509,624,,,,,,,,
MUC/MVF,Asset Management,0.9849,0.13514,624,,,,,,,,
MIY/NEA,Asset Management,0.986,0.13515,624,,,,,,,,
BCAL/FFBC,Banks - Regional,0.9126,0.13539,624,,,,,,,,
BOTJ/FNWD,Banks - Regional,0.9127,0.13542,624,,,,,,,,
CATY/MPB,Banks - Regional,0.9536,0.13548,624,,,,,,,,
HBCP/SMBK,Banks - Regional,0.9728,0.13565,624,,,,,,,,
MOFG/SBFG,Banks - Regional,0.8734,0.13578,624,,,,,,,,
NAN/NMT,Asset Management,0.9748,0.1358,624,,,,,,,,
MPA/NUW,Asset Management,0.9669,0.13584,624,,,,,,,,
CZNC/LSBK,Banks - Regional,0.9129,0.13588,624,,,,,,,,
GJP/SOXX,Unknown,0.9649,0.13594,624,,,,,,,,
JHS/VBF,Asset Management,0.9746,0.13601,624,,,,,,,,
NXN/SBI,Asset Management,0.9617,0.13624,624,,,,,,,,
MMU/MYN,Asset Management,0.9665,0.13632,624,,,,,,,,
CADE/LSBK,Banks - Regional,0.8848,0.13647,624,,,,,,,,
BYM/NXC,Asset Management,0.9688,0.13649,624,,,,,,,,
BKN/EVN,Asset Management,0.9749,0.13653,624,,,,,,,,
BOTJ/WASH,Banks - Regional,0.91,0.13662,624,,,,,,,,
MBCN/PLBC,Banks - Regional,0.9582,0.13671,624,,,,,,,,
ASB/MPB,Banks - Regional,0.9366,0.13672,624,,,,,,,,
ATLO/WASH,Banks - Regional,0.9264,0.13684,624,,,,,,,,
BOTJ/FFIC,Banks - Regional,0.842,0.13716,624,,,,,,,,
GJP/PFM,Unknown,0.9795,0.13721,624,,,,,,,,
MHF/MYD,Asset Management,0.9335,0.13724,624,,,,,,,,
BOTJ/CZWI,Banks - Regional,0.9511,0.13733,624,,,,,,,,
PFS/WASH,Banks - Regional,0.9602,0.13745,624,,,,,,,,
MYD/MYN,Asset Management,0.9868,0.13751,624,,,,,,,,
NIM/NUV,Asset Management,0.9837,0.13762,624,,,,,,,,
BANFP/KTH,Unknown,0.9815,0.13763,624,,,,,,,,
FFIC/FLIC,Banks - Regional,0.9435,0.13766,624,,,,,,,,
DCOM/SBFG,Banks - Regional,0.8806,0.13767,624,,,,,,,,
NXN/NZF,Asset Management,0.973,0.13768,624,,,,,,,,
MUJ/NXN,Asset Management,0.9735,0.1377,624,,,,,,,,
MCR/MMT,Asset Management,0.9947,0.13774,624,,,,,,,,
NBTB/UNTY,Banks - Regional,0.9553,0.13784,624,,,,,,,,
NAD/NUV,Asset Management,0.9896,0.13792,624,,,,,,,,
CXE/OIA,Asset Management,0.9413,0.13797,624,,,,,,,,
NIM/VBF,Asset Management,0.9758,0.13803,624,,,,,,,,
EOT/MVF,Asset Management,0.9632,0.13808,624,,,,,,,,
VGM/VMO,Asset Management,0.9962,0.13828,624,,,,,,,,
NEA/NXP,Asset Management,0.9622,0.13837,624,,,,,,,,
IQI/MPA,Asset Management,0.9857,0.13837,624,,,,,,,,
EVN/NIM,Asset Management,0.9743,0.13847,624,,,,,,,,
JHS/PAI,Asset Management,0.9767,0.13851,624,,,,,,,,
EOT/VCV,Asset Management,0.9713,0.13851,624,,,,,,,,
MQY/NMT,Asset Management,0.9637,0.13863,624,,,,,,,,
CADE/SFBC,Banks - Regional,0.9312,0.13883,624,,,,,,,,
BANR/SFBC,Banks - Regional,0.9527,0.13883,624,,,,,,,,
MMU/MVF,Asset Management,0.9857,0.13887,624,,,,,,,,
BUSE/HBCP,Banks - Regional,0.9614,0.13897,624,,,,,,,,
BYM/NKX,Asset Management,0.9825,0.139,624,,,,,,,,
BANFP/PFM,Unknown,0.9746,0.13901,624,,,,,,,,
INDB/PBHC,Banks - Regional,0.9184,0.13903,624,,,,,,,,
NIM/VKQ,Asset Management,0.9727,0.13907,624,,,,,,,,
IPB/VCSH,Unknown,0.9872,0.13908,624,,,,,,,,
GDO/PAI,Asset Management,0.9791,0.13924,624,,,,,,,,
MQT/NMT,Asset Management,0.9656,0.13938,624,,,,,,,,
COFS/FDBC,Banks - Regional,0.9019,0.13941,624,,,,,,,,
EBTC/SFBC,Banks - Regional,0.9388,0.1395,624,,,,,,,,
MHF/NZF,Asset Management,0.9657,0.13954,624,,,,,,,,
FMY/VBF,Asset Management,0.9243,0.13955,624,,,,,,,,
IGI/NCA,Asset Management,0.9678,0.13965,624,,,,,,,,
BOTJ/CATY,Banks - Regional,0.9315,0.13966,624,,,,,,,,
CBFV/CTBI,Banks - Regional,0.9467,0.13979,624,,,,,,,,
BFK/EVN,Asset Management,0.9724,0.13981,624,,,,,,,,
EOT/NNY,Asset Management,0.9758,0.13984,624,,,,,,,,
RJF/SPXX,Asset Management,0.9629,0.13985,624,,,,,,,,
MIY/VGM,Asset Management,0.9828,0.14004,624,,,,,,,,
FUNC/MBWM,Banks - Regional,0.958,0.1401,624,,,,,,,,
NKX/NMT,Asset Management,0.964,0.14012,624,,,,,,,,
BANR/SMBK,Banks - Regional,0.9667,0.14012,624,,,,,,,,
ATLO/EBTC,Banks - Regional,0.8475,0.14023,624,,,,,,,,
CAC/USB,Banks - Regional,0.941,0.14024,624,,,,,,,,
EBTC/HBCP,Banks - Regional,0.9621,0.14026,624,,,,,,,,
BYM/MHF,Asset Management,0.953,0.14027,624,,,,,,,,
BCAL/DCOM,Banks - Regional,0.8195,0.14029,624,,,,,,,,
BTA/MPA,Asset Management,0.9841,0.14035,624,,,,,,,,
IGI/MFM,Asset Management,0.9715,0.14037,624,,,,,,,,
CAC/SMBC,Banks - Regional,0.9437,0.14049,624,,,,,,,,
BFK/VMO,Asset Management,0.9789,0.14054,624,,,,,,,,
BLE/MUC,Asset Management,0.9826,0.14063,624,,,,,,,,
CXH/VKQ,Asset Management,0.9878,0.14063,624,,,,,,,,
MHF/NAD,Asset Management,0.9696,0.14063,624,,,,,,,,
CCNE/FSFG,Banks - Regional,0.9368,0.1407,624,,,,,,,,
MHD/MYN,Asset Management,0.9788,0.14073,624,,,,,,,,
EVN/FMN,Asset Management,0.981,0.14074,624,,,,,,,,
EOT/PNF,Asset Management,0.9311,0.1408,624,,,,,,,,
MUC/NAN,Asset Management,0.9762,0.14081,624,,,,,,,,
DSM/NAN,Asset Management,0.968,0.14097,624,,,,,,,,
ATLO/FRME,Banks - Regional,0.8973,0.14097,624,,,,,,,,
ATLO/BRKL,Banks - Regional,0.9033,0.14101,624,,,,,,,,
NX/OC,Building Products & Equipment,0.8534,0.14107,624,,,,,,,,
AUB/BSRR,Banks - Regional,0.955,0.14109,624,,,,,,,,
BYM/NEA,Asset Management,0.9848,0.14112,624,,,,,,,,
DCOM/WASH,Banks - Regional,0.9304,0.14115,624,,,,,,,,
MQT/NOM,Asset Management,0.8286,0.14116,624,,,,,,,,
IBOC/NRIM,Banks - Regional,0.9614,0.14153,624,,,,,,,,
FNLC/HBCP,Banks - Regional,0.9586,0.14156,624,,,,,,,,
MUC/MUE,Asset Management,0.9901,0.14168,624,,,,,,,,
CXH/NNY,Asset Management,0.9779,0.14174,624,,,,,,,,
MYI/NXC,Asset Management,0.9808,0.14191,624,,,,,,,,
HBCP/PFBC,Banks - Regional,0.972,0.14193,624,,,,,,,,
GJP/KTH,Unknown,0.9441,0.14196,624,,,,,,,,
AFB/MHF,Asset Management,0.9482,0.14201,624,,,,,,,,
CATY/FSFG,Banks - Regional,0.9374,0.14202,624,,,,,,,,
NMT/VKQ,Asset Management,0.9756,0.14206,624,,,,,,,,
BFK/MHF,Asset Management,0.9056,0.14211,624,,,,,,,,
ABCB/CZWI,Banks - Regional,0.967,0.14214,624,,,,,,,,
FNLC/SFST,Banks - Regional,0.9203,0.14218,624,,,,,,,,
HIFS/WTBA,Banks - Regional,0.9613,0.14222,624,,,,,,,,
FNLC/FNWD,Banks - Regional,0.8559,0.14224,624,,,,,,,,
CAC/UVSP,Banks - Regional,0.9577,0.14248,624,,,,,,,,
AFB/MYD,Asset Management,0.984,0.1425,624,,,,,,,,
MVF/MYI,Asset Management,0.9764,0.14259,624,,,,,,,,
MIN/VBF,Asset Management,0.9639,0.14265,624,,,,,,,,
CXH/NAN,Asset Management,0.99,0.14267,624,,,,,,,,
KTF/NMI,Asset Management,0.9502,0.14268,624,,,,,,,,
CXE/PMM,Asset Management,0.9464,0.14273,624,,,,,,,,
BTA/IGI,Asset Management,0.9711,0.14277,624,,,,,,,,
BOKF/SFBC,Banks - Regional,0.9515,0.14279,624,,,,,,,,
BTZ/GDO,Asset Management,0.9863,0.14284,624,,,,,,,,
AFB/NAC,Asset Management,0.9865,0.14287,624,,,,,,,,
HBNC/WASH,Banks - Regional,0.9556,0.14289,624,,,,,,,,
LSBK/PFS,Banks - Regional,0.9211,0.14293,624,,,,,,,,
SBCF/SFST,Banks - Regional,0.9658,0.14294,624,,,,,,,,
HBCP/SMBC,Banks - Regional,0.9647,0.14297,624,,,,,,,,
IBOC/PLBC,Banks - Regional,0.965,0.14307,624,,,,,,,,
BOTJ/RNST,Banks - Regional,0.9296,0.14308,624,,,,,,,,
NIM/VGM,Asset Management,0.9681,0.14313,624,,,,,,,,
GJP/QQQ,Unknown,0.9776,0.1432,624,,,,,,,,
BTA/MHF,Asset Management,0.9663,0.14358,624,,,,,,,,
DCOM/FSFG,Banks - Regional,0.8942,0.14369,624,,,,,,,,
NXC/SBI,Asset Management,0.9671,0.14373,624,,,,,,,,
MMU/NUV,Asset Management,0.9437,0.14373,624,,,,,,,,
MYD/NXC,Asset Management,0.9586,0.14377,624,,,,,,,,
PFL/PFN,Asset Management,0.9985,0.14379,624,,,,,,,,
DCOM/EBTC,Banks - Regional,0.9157,0.14382,624,,,,,,,,
NIM/PMO,Asset Management,0.9811,0.14384,624,,,,,,,,
MQY/VBF,Asset Management,0.9633,0.14387,624,,,,,,,,
CAC/MGYR,Banks - Regional,0.9227,0.1439,624,,,,,,,,
IGSB/VCSH,Unknown,0.9897,0.14393,624,,,,,,,,
GJP/QQEW,Unknown,0.976,0.14403,624,,,,,,,,
BUSE/RVSB,Banks - Regional,0.9243,0.14406,624,,,,,,,,
DCOM/SMBC,Banks - Regional,0.851,0.14408,624,,,,,,,,
ARW/NSIT,Electronics & Computer Distribution,0.894,0.14415,624,,,,,,,,
MGYR/SMBC,Banks - Regional,0.9518,0.14426,624,,,,,,,,
FMN/VMO,Asset Management,0.9837,0.14426,624,,,,,,,,
DCOM/SFST,Banks - Regional,0.9272,0.14427,624,,,,,,,,
CXH/IGI,Asset Management,0.9784,0.14429,624,,,,,,,,
MVF/NMI,Asset Management,0.9681,0.14431,624,,,,,,,,
BTA/CXE,Asset Management,0.9411,0.14432,624,,,,,,,,
CBFV/FCF,Banks - Regional,0.9337,0.14435,624,,,,,,,,
BFK/IQI,Asset Management,0.9754,0.14444,624,,,,,,,,
MYI/MYN,Asset Management,0.985,0.14445,624,,,,,,,,
CBSH/LSBK,Banks - Regional,0.8812,0.14449,624,,,,,,,,
HBAN/SFBC,Banks - Regional,0.9736,0.14449,624,,,,,,,,
BYM/PMM,Asset Management,0.9824,0.14459,624,,,,,,,,
CZNC/FNWD,Banks - Regional,0.9037,0.1446,624,,,,,,,,
CAC/CCNE,Banks - Regional,0.9609,0.14468,624,,,,,,,,
FMN/MQY,Asset Management,0.9843,0.1447,624,,,,,,,,
FCCO/MBWM,Banks - Regional,0.9498,0.14472,624,,,,,,,,
FNB/MPB,Banks - Regional,0.8349,0.14476,624,,,,,,,,
BOTJ/FSFG,Banks - Regional,0.9404,0.14477,624,,,,,,,,
FFBC/MPB,Banks - Regional,0.9483,0.14486,624,,,,,,,,
EBTC/WBS,Banks - Regional,0.9591,0.14489,624,,,,,,,,
BFK/MPA,Asset Management,0.9592,0.14502,624,,,,,,,,
GABC/LSBK,Banks - Regional,0.9007,0.14508,624,,,,,,,,
BYM/NQP,Asset Management,0.9845,0.14508,624,,,,,,,,
BLE/NIM,Asset Management,0.9358,0.14515,624,,,,,,,,
IGI/JMM,Asset Management,0.961,0.14526,624,,,,,,,,
MHD/NMT,Asset Management,0.9473,0.14539,624,,,,,,,,
BOTJ/TOWN,Banks - Regional,0.9378,0.14543,624,,,,,,,,
NXN/PFO,Asset Management,0.9643,0.14545,624,,,,,,,,
BLE/MYN,Asset Management,0.9814,0.14547,624,,,,,,,,
PMO/VBF,Asset Management,0.9812,0.14556,624,,,,,,,,
CCNE/SBFG,Banks - Regional,0.9391,0.14574,624,,,,,,,,
PMM/PMO,Asset Management,0.9949,0.14581,624,,,,,,,,
IGI/NIM,Asset Management,0.9623,0.14582,624,,,,,,,,
ATLO/CAC,Banks - Regional,0.8471,0.14598,624,,,,,,,,
BCAL/IBCP,Banks - Regional,0.8609,0.14608,624,,,,,,,,
IQI/NQP,Asset Management,0.9862,0.14615,624,,,,,,,,
BTA/NEA,Asset Management,0.9841,0.14617,624,,,,,,,,
IGI/NXN,Asset Management,0.9699,0.14629,624,,,,,,,,
FFBC/SMBC,Banks - Regional,0.934,0.14637,624,,,,,,,,
PCQ/PML,Asset Management,0.965,0.14647,624,,,,,,,,
OIA/PMM,Asset Management,0.9764,0.14649,624,,,,,,,,
NMI/SBI,Asset Management,0.9743,0.1465,624,,,,,,,,
NUW/PMO,Asset Management,0.9608,0.14657,624,,,,,,,,
FMNB/LSBK,Banks - Regional,0.9083,0.14664,624,,,,,,,,
HBCP/MPB,Banks - Regional,0.9679,0.14668,624,,,,,,,,
FMN/IQI,Asset Management,0.9819,0.14677,624,,,,,,,,
FCCO/UNB,Banks - Regional,0.8777,0.147,624,,,,,,,,
BFK/NXC,Asset Management,0.9454,0.14702,624,,,,,,,,
FNB/PBHC,Banks - Regional,0.8543,0.14703,624,,,,,,,,
LSBK/PNFP,Banks - Regional,0.8674,0.14709,624,,,,,,,,
EFSC/SFBC,Banks - Regional,0.9671,0.14717,624,,,,,,,,
FCF/HBCP,Banks - Regional,0.9791,0.14735,624,,,,,,,,
MIY/PMM,Asset Management,0.9853,0.14749,624,,,,,,,,
IGI/IQI,Asset Management,0.979,0.14749,624,,,,,,,,
FULT/OPOF,Banks - Regional,0.8476,0.14761,624,,,,,,,,
BPOPM/GJO,Unknown,0.9621,0.14763,624,,,,,,,,
MUA/NMZ,Asset Management,0.9812,0.14767,624,,,,,,,,
MFM/MUA,Asset Management,0.9847,0.14769,624,,,,,,,,
MMU/NMI,Asset Management,0.9681,0.14776,624,,,,,,,,
AFB/MUE,Asset Management,0.9903,0.14781,624,,,,,,,,
AFB/VCV,Asset Management,0.9821,0.14784,624,,,,,,,,
CBFV/MPB,Banks - Regional,0.9263,0.1479,624,,,,,,,,
NNY/VBF,Asset Management,0.9638,0.14807,624,,,,,,,,
MYN/NUW,Asset Management,0.9704,0.14834,624,,,,,,,,
CATY/EBTC,Banks - Regional,0.9566,0.1484,624,,,,,,,,
AUB/CWBC,Banks - Regional,0.9694,0.14843,624,,,,,,,,
CBFV/FFBC,Banks - Regional,0.9384,0.14859,624,,,,,,,,
PPT/PTY,Asset Management,0.9586,0.14867,624,,,,,,,,
IGI/MGF,Asset Management,0.9351,0.14867,624,,,,,,,,
BTA/NXP,Asset Management,0.9663,0.14874,624,,,,,,,,
BHV/NOM,Asset Management,0.8525,0.14878,624,,,,,,,,
MVT/NMT,Asset Management,0.9422,0.1489,624,,,,,,,,
AUB/BOTJ,Banks - Regional,0.9448,0.14919,624,,,,,,,,
KTF/NXC,Asset Management,0.9232,0.14924,624,,,,,,,,
BKN/NEA,Asset Management,0.9751,0.1493,624,,,,,,,,
CZNC/INDB,Banks - Regional,0.9563,0.1494,624,,,,,,,,
MTB/OVLY,Banks - Regional,0.8781,0.14942,624,,,,,,,,
EOT/VBF,Asset Management,0.9422,0.14951,624,,,,,,,,
BNY/VMO,Asset Management,0.9688,0.14951,624,,,,,,,,
CAC/EBTC,Banks - Regional,0.9593,0.14952,624,,,,,,,,
NIM/PMM,Asset Management,0.9815,0.14957,624,,,,,,,,
FMN/NAD,Asset Management,0.9734,0.14958,624,,,,,,,,
EOT/NUW,Asset Management,0.9789,0.1496,624,,,,,,,,
FMN/NUW,Asset Management,0.9686,0.14973,624,,,,,,,,
CXE/MYD,Asset Management,0.9834,0.14977,624,,,,,,,,
ATLO/USB,Banks - Regional,0.8924,0.14982,624,,,,,,,,
LSBK/UCB,Banks - Regional,0.8262,0.14998,624,,,,,,,,
BYM/IGI,Asset Management,0.9693,0.15002,624,,,,,,,,
CMU/NNY,Asset Management,0.9601,0.1501,624,,,,,,,,
MQY/NXN,Asset Management,0.9698,0.15026,624,,,,,,,,
CNOB/KEY,Banks - Regional,0.9715,0.1503,624,,,,,,,,
FCCO/PFBC,Banks - Regional,0.9442,0.15032,624,,,,,,,,
FBNC/LSBK,Banks - Regional,0.8715,0.15041,624,,,,,,,,
BLE/BYM,Asset Management,0.9685,0.15048,624,,,,,,,,
CMU/OIA,Asset Management,0.9488,0.15048,624,,,,,,,,
HWC/MGYR,Banks - Regional,0.8665,0.15049,624,,,,,,,,
GSBC/HFBL,Banks - Regional,0.9205,0.15056,624,,,,,,,,
BOTJ/NFBK,Banks - Regional,0.8741,0.15057,624,,,,,,,,
CAC/SFBC,Banks - Regional,0.9455,0.15061,624,,,,,,,,
BYM/VBF,Asset Management,0.9622,0.15066,624,,,,,,,,
BCAL/WTFC,Banks - Regional,0.8838,0.15073,624,,,,,,,,
BSRR/SFBC,Banks - Regional,0.9465,0.15078,624,,,,,,,,
BLE/MGF,Asset Management,0.9208,0.15088,624,,,,,,,,
IGI/NVG,Asset Management,0.9706,0.15089,624,,,,,,,,
HTBK/MPB,Banks - Regional,0.9411,0.15091,624,,,,,,,,
FCCO/WASH,Banks - Regional,0.8676,0.15092,624,,,,,,,,
CNOB/LSBK,Banks - Regional,0.9211,0.15102,624,,,,,,,,
MHD/NMI,Asset Management,0.9611,0.15107,624,,,,,,,,
BYM/NIM,Asset Management,0.973,0.1511,624,,,,,,,,
BCAL/CVBF,Banks - Regional,0.8646,0.15115,624,,,,,,,,
MPB/PGC,Banks - Regional,0.9543,0.15119,624,,,,,,,,
CWBC/PEBK,Banks - Regional,0.9699,0.15119,624,,,,,,,,
EOT/LEO,Asset Management,0.974,0.15119,624,,,,,,,,
MYD/VGM,Asset Management,0.9841,0.1513,624,,,,,,,,
BTA/NNY,Asset Management,0.9724,0.15159,624,,,,,,,,
MHN/NUW,Asset Management,0.9675,0.15161,624,,,,,,,,
EOT/MVT,Asset Management,0.9503,0.15163,624,,,,,,,,
MFM/NVG,Asset Management,0.972,0.15179,624,,,,,,,,
FFBC/UNTY,Banks - Regional,0.9133,0.15182,624,,,,,,,,
BOTJ/BUSE,Banks - Regional,0.9446,0.15185,624,,,,,,,,
MCR/VBF,Asset Management,0.9853,0.15186,624,,,,,,,,
BLE/VCV,Asset Management,0.9659,0.15187,624,,,,,,,,
MUA/NXN,Asset Management,0.965,0.15187,624,,,,,,,,
JRS/RQI,Asset Management,0.9775,0.15198,624,,,,,,,,
IPB/VCIT,Unknown,0.9795,0.15204,624,,,,,,,,
EOT/OIA,Asset Management,0.9727,0.15216,624,,,,,,,,
BCAL/WSFS,Banks - Regional,0.8961,0.1522,624,,,,,,,,
CXH/PMM,Asset Management,0.9706,0.15237,624,,,,,,,,
MPA/NOM,Asset Management,0.8004,0.15239,624,,,,,,,,
BFK/NUV,Asset Management,0.9592,0.15245,624,,,,,,,,
CTBI/SFBC,Banks - Regional,0.9656,0.1525,624,,,,,,,,
ATLO/NFBK,Banks - Regional,0.911,0.15251,624,,,,,,,,
ATLO/HBNC,Banks - Regional,0.8971,0.15259,624,,,,,,,,
MQT/MQY,Asset Management,0.9907,0.15271,624,,,,,,,,
MHF/MPA,Asset Management,0.9618,0.15273,624,,,,,,,,
KTF/NOM,Asset Management,0.8652,0.15278,624,,,,,,,,
FMN/VBF,Asset Management,0.9335,0.15287,624,,,,,,,,
CXH/NMT,Asset Management,0.9658,0.15293,624,,,,,,,,
BOTJ/MGYR,Banks - Regional,0.9364,0.15295,624,,,,,,,,
BCAL/UNTY,Banks - Regional,0.8701,0.15296,624,,,,,,,,
MPA/NIM,Asset Management,0.9696,0.153,624,,,,,,,,
GDO/IGI,Asset Management,0.9728,0.1531,624,,,,,,,,
FCCO/OCFC,Banks - Regional,0.8978,0.15315,624,,,,,,,,
BLE/FMN,Asset Management,0.9804,0.15318,624,,,,,,,,
EOT/NAD,Asset Management,0.9674,0.15322,624,,,,,,,,
MQT/NXN,Asset Management,0.9704,0.15324,624,,,,,,,,
DCOM/PBHC,Banks - Regional,0.894,0.15324,624,,,,,,,,
FMN/IIM,Asset Management,0.977,0.15345,624,,,,,,,,
GJP/ONEQ,Unknown,0.9762,0.15346,624,,,,,,,,
PCN/PFN,Asset Management,0.994,0.15347,624,,,,,,,,
HWC/MPB,Banks - Regional,0.8875,0.15357,624,,,,,,,,
ASRV/FNWD,Banks - Regional,0.9206,0.1536,624,,,,,,,,
ATLO/CWBC,Banks - Regional,0.8963,0.1536,624,,,,,,,,
BOTJ/FRME,Banks - Regional,0.9574,0.15373,624,,,,,,,,
CAPR/ORKA,Biotechnology,0.8442,0.15378,624,,,,,,,,
HBCP/LSBK,Banks - Regional,0.9008,0.15381,624,,,,,,,,
BLE/NEA,Asset Management,0.9504,0.15385,624,,,,,,,,
ASRV/CIVB,Banks - Regional,0.8719,0.15385,624,,,,,,,,
BRKL/FNWD,Banks - Regional,0.9399,0.15385,624,,,,,,,,
BYM/MYD,Asset Management,0.9784,0.1539,624,,,,,,,,
IQI/VMO,Asset Management,0.9923,0.15393,624,,,,,,,,
BFK/NOM,Asset Management,0.8725,0.15394,624,,,,,,,,
BLE/NAN,Asset Management,0.9673,0.15419,624,,,,,,,,
NAN/NMI,Asset Management,0.9752,0.15428,624,,,,,,,,
NAD/NXC,Asset Management,0.9745,0.15436,624,,,,,,,,
BFK/MYI,Asset Management,0.9668,0.1544,624,,,,,,,,
PCF/PTY,Asset Management,0.9788,0.15447,624,,,,,,,,
NMT/VGM,Asset Management,0.9784,0.15452,624,,,,,,,,
MFM/VKQ,Asset Management,0.9834,0.15457,624,,,,,,,,
NVG/NZF,Asset Management,0.9976,0.1546,624,,,,,,,,
IGI/WEA,Asset Management,0.9573,0.1546,624,,,,,,,,
MFM/NEA,Asset Management,0.9687,0.15478,624,,,,,,,,
FMY/TSI,Asset Management,0.9301,0.1548,624,,,,,,,,
NRK/VGM,Asset Management,0.9897,0.15488,624,,,,,,,,
EBTC/PBHC,Banks - Regional,0.9427,0.1549,624,,,,,,,,
RFI/RNP,Asset Management,0.9927,0.15499,624,,,,,,,,
HWC/SMBK,Banks - Regional,0.904,0.15505,624,,,,,,,,
CBFV/FNLC,Banks - Regional,0.8968,0.1551,624,,,,,,,,
FULT/IBCP,Banks - Regional,0.9667,0.1551,624,,,,,,,,
BRKL/CIVB,Banks - Regional,0.952,0.15513,624,,,,,,,,
DTF/NMT,Asset Management,0.9469,0.15515,624,,,,,,,,
BANFP/FTCS,Unknown,0.9826,0.15522,624,,,,,,,,
BUSE/DCOM,Banks - Regional,0.904,0.15525,624,,,,,,,,
ASB/EBTC,Banks - Regional,0.9385,0.15525,624,,,,,,,,
CAC/FCCO,Banks - Regional,0.9535,0.15528,624,,,,,,,,
BANFP/KTN,Unknown,0.9679,0.15542,624,,,,,,,,
MPA/VMO,Asset Management,0.9836,0.15543,624,,,,,,,,
PAI/WEA,Asset Management,0.9691,0.15543,624,,,,,,,,
FFBC/WASH,Banks - Regional,0.832,0.15557,624,,,,,,,,
EWBC/LSBK,Banks - Regional,0.8314,0.15557,624,,,,,,,,
NBTB/THFF,Banks - Regional,0.968,0.15559,624,,,,,,,,
NIM/NVG,Asset Management,0.9737,0.15561,624,,,,,,,,
FULT/SFBC,Banks - Regional,0.9491,0.15568,624,,,,,,,,
FMN/VCV,Asset Management,0.9799,0.15568,624,,,,,,,,
LSBK/PPBI,Banks - Regional,0.9128,0.15571,624,,,,,,,,
BOKF/FCCO,Banks - Regional,0.9336,0.15572,624,,,,,,,,
MHD/VGM,Asset Management,0.9718,0.15576,624,,,,,,,,
MUA/NNY,Asset Management,0.9739,0.15578,624,,,,,,,,
BLW/WEA,Asset Management,0.9562,0.15583,624,,,,,,,,
BYM/VCV,Asset Management,0.979,0.15585,624,,,,,,,,
BCAL/FBNC,Banks - Regional,0.9352,0.1559,624,,,,,,,,
KTH/KTN,Unknown,0.9905,0.15592,624,,,,,,,,
ATLO/WBS,Banks - Regional,0.8736,0.15596,624,,,,,,,,
FMN/NAN,Asset Management,0.9796,0.156,624,,,,,,,,
EMD/MIN,Asset Management,0.913,0.15613,624,,,,,,,,
CBFV/LSBK,Banks - Regional,0.8849,0.15614,624,,,,,,,,
INDB/SFBC,Banks - Regional,0.894,0.15617,624,,,,,,,,
EOT/NUV,Asset Management,0.9675,0.1562,624,,,,,,,,
EBTC/EFSC,Banks - Regional,0.9684,0.15621,624,,,,,,,,
CTBI/HBCP,Banks - Regional,0.9723,0.15622,624,,,,,,,,
LSBK/SFNC,Banks - Regional,0.9202,0.15628,624,,,,,,,,
CCNE/OVLY,Banks - Regional,0.8271,0.15633,624,,,,,,,,
CBFV/CCNE,Banks - Regional,0.9167,0.15641,624,,,,,,,,
OCFC/PBHC,Banks - Regional,0.8553,0.15644,624,,,,,,,,
FMN/NQP,Asset Management,0.9638,0.15645,624,,,,,,,,
GJP/PDP,Unknown,0.9661,0.15646,624,,,,,,,,
LSBK/UNB,Banks - Regional,0.8793,0.15655,624,,,,,,,,
IQI/NVG,Asset Management,0.9866,0.15655,624,,,,,,,,
HTBK/PBHC,Banks - Regional,0.9178,0.15657,624,,,,,,,,
FLC/PFO,Asset Management,0.9923,0.15669,624,,,,,,,,
IQI/VCV,Asset Management,0.9888,0.15679,624,,,,,,,,
NIM/NXP,Asset Management,0.97,0.1568,624,,,,,,,,
LEO/NMT,Asset Management,0.9666,0.1568,624,,,,,,,,
DCOM/FCCO,Banks - Regional,0.8821,0.15685,624,,,,,,,,
DCOM/MPB,Banks - Regional,0.9025,0.15693,624,,,,,,,,
HPI/OIA,Asset Management,0.9696,0.15694,624,,,,,,,,
MPA/NRK,Asset Management,0.9842,0.15701,624,,,,,,,,
SMBK/WNEB,Banks - Regional,0.8586,0.15709,624,,,,,,,,
BCAL/SMBC,Banks - Regional,0.9,0.15717,624,,,,,,,,
AFB/NMI,Asset Management,0.9661,0.15719,624,,,,,,,,
EFR/FRA,Asset Management,0.9878,0.15725,624,,,,,,,,
KTN/VCIT,Unknown,0.9755,0.15727,624,,,,,,,,
FCF/MGYR,Banks - Regional,0.956,0.15731,624,,,,,,,,
ATLO/KRNY,Banks - Regional,0.882,0.15743,624,,,,,,,,
CZNC/MNSB,Banks - Regional,0.9422,0.15746,624,,,,,,,,
DJCO/INTU,Software - Application,0.8896,0.15754,624,,,,,,,,
EBTC/OPOF,Banks - Regional,0.8954,0.15769,624,,,,,,,,
BRW/FRA,Asset Management,0.9659,0.15787,624,,,,,,,,
PDT/RFI,Asset Management,0.9637,0.15791,624,,,,,,,,
LEO/MUE,Asset Management,0.9849,0.15795,624,,,,,,,,
MPA/MYN,Asset Management,0.9789,0.15796,624,,,,,,,,
NUV/NXN,Asset Management,0.9802,0.158,624,,,,,,,,
MMU/NXC,Asset Management,0.9502,0.15801,624,,,,,,,,
EOT/NEA,Asset Management,0.9615,0.15811,624,,,,,,,,
MHD/NKX,Asset Management,0.963,0.15812,624,,,,,,,,
MYI/NUW,Asset Management,0.9826,0.15816,624,,,,,,,,
MHN/MVT,Asset Management,0.9757,0.15825,624,,,,,,,,
CADE/HBAN,Banks - Regional,0.962,0.15827,624,,,,,,,,
FRME/SBFG,Banks - Regional,0.9703,0.1583,624,,,,,,,,
BGT/EFR,Asset Management,0.9906,0.15831,624,,,,,,,,
BLE/VBF,Asset Management,0.9138,0.15832,624,,,,,,,,
EBTC/HBNC,Banks - Regional,0.9516,0.15838,624,,,,,,,,
EBMT/PPBI,Banks - Regional,0.9385,0.15843,624,,,,,,,,
HBCP/SFBC,Banks - Regional,0.9682,0.15849,624,,,,,,,,
VCV/VGM,Asset Management,0.9877,0.15853,624,,,,,,,,
FMN/MPA,Asset Management,0.9708,0.15859,624,,,,,,,,
BLE/NAC,Asset Management,0.9845,0.15861,624,,,,,,,,
FMNB/USB,Banks - Regional,0.9422,0.15862,624,,,,,,,,
CADE/PGC,Banks - Regional,0.8868,0.15871,624,,,,,,,,
BANFP/IGSB,Unknown,0.9496,0.15872,624,,,,,,,,
MQY/MYN,Asset Management,0.9875,0.15885,624,,,,,,,,
NAN/VKQ,Asset Management,0.9904,0.15891,624,,,,,,,,
BCAL/PFS,Banks - Regional,0.8499,0.15894,624,,,,,,,,
CIVB/CZWI,Banks - Regional,0.9411,0.15896,624,,,,,,,,
CZWI/LSBK,Banks - Regional,0.9362,0.15912,624,,,,,,,,
IGSB/KTN,Unknown,0.9564,0.15921,624,,,,,,,,
DCOM/FFIC,Banks - Regional,0.9012,0.1594,624,,,,,,,,
BLE/NUV,Asset Management,0.9546,0.1594,624,,,,,,,,
PML/PMX,Asset Management,0.992,0.15943,624,,,,,,,,
MHD/NNY,Asset Management,0.9612,0.15947,624,,,,,,,,
MIY/NXN,Asset Management,0.9703,0.15949,624,,,,,,,,
BSRR/FNWD,Banks - Regional,0.8642,0.15955,624,,,,,,,,
MPA/PMO,Asset Management,0.9745,0.15965,624,,,,,,,,
INDB/SBCF,Banks - Regional,0.9748,0.15969,624,,,,,,,,
MPB/WTFC,Banks - Regional,0.9104,0.15986,624,,,,,,,,
BOTJ/FNLC,Banks - Regional,0.9238,0.15995,624,,,,,,,,
ATLO/BUSE,Banks - Regional,0.9075,0.15996,624,,,,,,,,
FBNC/IBCP,Banks - Regional,0.9251,0.16004,624,,,,,,,,
IGI/NZF,Asset Management,0.9742,0.16007,624,,,,,,,,
FHN/PBHC,Banks - Regional,0.907,0.16012,624,,,,,,,,
FISI/SFBC,Banks - Regional,0.8591,0.16012,624,,,,,,,,
CWBC/FCCO,Banks - Regional,0.9587,0.16013,624,,,,,,,,
CMU/MYD,Asset Management,0.9842,0.16014,624,,,,,,,,
FCF/WASH,Banks - Regional,0.8227,0.16016,624,,,,,,,,
NMT/NXC,Asset Management,0.9266,0.16019,624,,,,,,,,
NQP/VPV,Asset Management,0.9888,0.16022,624,,,,,,,,
LSBK/USB,Banks - Regional,0.9387,0.16028,624,,,,,,,,
BLE/MHN,Asset Management,0.9828,0.16029,624,,,,,,,,
ASRV/INDB,Banks - Regional,0.8819,0.16031,624,,,,,,,,
OIA/VBF,Asset Management,0.9693,0.16041,624,,,,,,,,
ASRV/PGC,Banks - Regional,0.8861,0.16053,624,,,,,,,,
BYM/MVF,Asset Management,0.9704,0.16053,624,,,,,,,,
MIY/MUE,Asset Management,0.9776,0.16053,624,,,,,,,,
CAC/FISI,Banks - Regional,0.9177,0.16058,624,,,,,,,,
MUJ/NOM,Asset Management,0.8009,0.16065,624,,,,,,,,
BCAL/TCBK,Banks - Regional,0.9169,0.16071,624,,,,,,,,
FNLC/PFBC,Banks - Regional,0.9606,0.16077,624,,,,,,,,
MPA/MUE,Asset Management,0.979,0.1608,624,,,,,,,,
CWBC/UVSP,Banks - Regional,0.9387,0.16082,624,,,,,,,,
DGICA/WTM,Insurance - Property & Casualty,0.9084,0.16102,624,,,,,,,,
ASRV/WASH,Banks - Regional,0.9378,0.16106,624,,,,,,,,
BFK/PMM,Asset Management,0.9503,0.16106,624,,,,,,,,
EVN/NEA,Asset Management,0.9766,0.16109,624,,,,,,,,
MPA/NMT,Asset Management,0.9579,0.1611,624,,,,,,,,
GJP/GRID,Unknown,0.9628,0.16111,624,,,,,,,,
CWBC/MGYR,Banks - Regional,0.9311,0.16112,624,,,,,,,,
FHN/MGYR,Banks - Regional,0.8914,0.16117,624,,,,,,,,
MHF/PMO,Asset Management,0.9568,0.16118,624,,,,,,,,
FFIC/LSBK,Banks - Regional,0.8511,0.16129,624,,,,,,,,
BCAL/WNEB,Banks - Regional,0.8218,0.16133,624,,,,,,,,
BANR/FCCO,Banks - Regional,0.951,0.16147,624,,,,,,,,
MVF/NAD,Asset Management,0.9582,0.16153,624,,,,,,,,
JMM/PAI,Asset Management,0.9705,0.16155,624,,,,,,,,
MHN/NAC,Asset Management,0.9858,0.16156,624,,,,,,,,
CBFV/HTBK,Banks - Regional,0.8792,0.16161,624,,,,,,,,
BLE/MVT,Asset Management,0.9824,0.16161,624,,,,,,,,
FNLC/HTBK,Banks - Regional,0.8935,0.16162,624,,,,,,,,
CBFV/FUNC,Banks - Regional,0.9293,0.16172,624,,,,,,,,
DCOM/FNWD,Banks - Regional,0.8791,0.16189,624,,,,,,,,
ASRV/CZNC,Banks - Regional,0.8867,0.16194,624,,,,,,,,
NEA/NMI,Asset Management,0.9529,0.16195,624,,,,,,,,
BOTJ/USB,Banks - Regional,0.9504,0.16199,624,,,,,,,,
NUW/NZF,Asset Management,0.962,0.162,624,,,,,,,,
BKN/FMN,Asset Management,0.9671,0.16211,624,,,,,,,,
EBTC/WTBA,Banks - Regional,0.9541,0.16214,624,,,,,,,,
BFIN/LSBK,Banks - Regional,0.8407,0.16248,624,,,,,,,,
PNFP/SFBC,Banks - Regional,0.9572,0.16265,624,,,,,,,,
FNB/PGC,Banks - Regional,0.8268,0.1627,624,,,,,,,,
CATY/PFBC,Banks - Regional,0.9779,0.16275,624,,,,,,,,
FNB/OVLY,Banks - Regional,0.855,0.16275,624,,,,,,,,
CWBC/CZWI,Banks - Regional,0.9401,0.16275,624,,,,,,,,
BTA/CMU,Asset Management,0.9429,0.16276,624,,,,,,,,
CXE/NXN,Asset Management,0.9423,0.16277,624,,,,,,,,
CATY/SBFG,Banks - Regional,0.9463,0.16284,624,,,,,,,,
BCAL/FRME,Banks - Regional,0.9007,0.16287,624,,,,,,,,
MVT/NOM,Asset Management,0.8865,0.16287,624,,,,,,,,
PCN/TSI,Asset Management,0.9724,0.16291,624,,,,,,,,
OIA/PML,Asset Management,0.9045,0.16292,624,,,,,,,,
RNST/SFBC,Banks - Regional,0.8652,0.16298,624,,,,,,,,
MQY/NCA,Asset Management,0.9733,0.163,624,,,,,,,,
FMN/MVT,Asset Management,0.9757,0.16302,624,,,,,,,,
FNLC/MGYR,Banks - Regional,0.9382,0.16302,624,,,,,,,,
CTBI/IBCP,Banks - Regional,0.9754,0.16302,624,,,,,,,,
OIA/PFO,Asset Management,0.9697,0.16303,624,,,,,,,,
FOF/GOF,Asset Management,0.9868,0.16304,624,,,,,,,,
DTF/MGF,Asset Management,0.9069,0.16305,624,,,,,,,,
ERNA/IRD,Biotechnology,0.8499,0.16305,624,,,,,,,,
ATLO/SBFG,Banks - Regional,0.8317,0.16308,624,,,,,,,,
MHF/NMI,Asset Management,0.9558,0.16314,624,,,,,,,,
MVT/NAC,Asset Management,0.9761,0.16318,624,,,,,,,,
FNLC/INDB,Banks - Regional,0.9441,0.16319,624,,,,,,,,
NRIM/PLBC,Banks - Regional,0.9274,0.16325,624,,,,,,,,
HBAN/MPB,Banks - Regional,0.9514,0.16325,624,,,,,,,,
ONB/PEBO,Banks - Regional,0.9605,0.16331,624,,,,,,,,
NMI/NUW,Asset Management,0.9796,0.16338,624,,,,,,,,
ATLO/FFIC,Banks - Regional,0.9091,0.16349,624,,,,,,,,
SFST/WTBA,Banks - Regional,0.9676,0.16357,624,,,,,,,,
CAC/CZNC,Banks - Regional,0.9591,0.16361,624,,,,,,,,
GJP/PYT,Unknown,0.9376,0.16363,624,,,,,,,,
MYD/MYI,Asset Management,0.9797,0.16366,624,,,,,,,,
MHF/MHN,Asset Management,0.9298,0.16371,624,,,,,,,,
NAD/NXN,Asset Management,0.9781,0.16371,624,,,,,,,,
CYCC/PSTV,Biotechnology,0.932,0.16381,624,,,,,,,,
FFBC/UNB,Banks - Regional,0.8705,0.16386,624,,,,,,,,
GJP/RTH,Unknown,0.979,0.16395,624,,,,,,,,
FULT/UVSP,Banks - Regional,0.9679,0.16398,624,,,,,,,,
DHF/HIO,Asset Management,0.9796,0.16399,624,,,,,,,,
MQT/NIM,Asset Management,0.9735,0.16403,624,,,,,,,,
NRK/NUW,Asset Management,0.9673,0.16403,624,,,,,,,,
GJH/KTN,Unknown,0.9721,0.1642,624,,,,,,,,
JHI/WEA,Asset Management,0.9669,0.16422,624,,,,,,,,
MHN/NXC,Asset Management,0.9533,0.16422,624,,,,,,,,
MYD/NAC,Asset Management,0.9893,0.16431,624,,,,,,,,
AROW/BOTJ,Banks - Regional,0.9351,0.16436,624,,,,,,,,
BFK/CXH,Asset Management,0.9742,0.16437,624,,,,,,,,
DJCO/SPNS,Software - Application,0.9055,0.16437,624,,,,,,,,
IGIB/KTN,Unknown,0.9638,0.1644,624,,,,,,,,
BCAL/FULT,Banks - Regional,0.8815,0.16442,624,,,,,,,,
BANR/BOTJ,Banks - Regional,0.9322,0.16454,624,,,,,,,,
FCCO/FNLC,Banks - Regional,0.9537,0.16457,624,,,,,,,,
LSBK/PFBC,Banks - Regional,0.8441,0.1646,624,,,,,,,,
OCFC/WASH,Banks - Regional,0.9417,0.1646,624,,,,,,,,
MUC/NAD,Asset Management,0.9716,0.16465,624,,,,,,,,
LEO/MYD,Asset Management,0.988,0.16475,624,,,,,,,,
BFK/NKX,Asset Management,0.9603,0.16482,624,,,,,,,,
PWOD/TRST,Banks - Regional,0.8553,0.16482,624,,,,,,,,
BTA/NAD,Asset Management,0.9881,0.16484,624,,,,,,,,
NMI/NXP,Asset Management,0.9215,0.16486,624,,,,,,,,
FCCO/PEBK,Banks - Regional,0.9661,0.16488,624,,,,,,,,
ABCB/BOTJ,Banks - Regional,0.9446,0.16494,624,,,,,,,,
MHD/MUC,Asset Management,0.9797,0.16496,624,,,,,,,,
MPA/NAD,Asset Management,0.9866,0.16497,624,,,,,,,,
DGICA/WRB,Insurance - Property & Casualty,0.8957,0.16498,624,,,,,,,,
GJP/IUSV,Unknown,0.9723,0.16508,624,,,,,,,,
MYD/NMT,Asset Management,0.9561,0.16511,624,,,,,,,,
CCNE/CIVB,Banks - Regional,0.962,0.16511,624,,,,,,,,
BKN/BLE,Asset Management,0.9583,0.16515,624,,,,,,,,
MPA/MVT,Asset Management,0.9374,0.16519,624,,,,,,,,
MHF/NRK,Asset Management,0.965,0.16519,624,,,,,,,,
MQY/MYD,Asset Management,0.9787,0.16522,624,,,,,,,,
JHI/WIA,Asset Management,0.9594,0.1653,624,,,,,,,,
FNLC/SMBK,Banks - Regional,0.9495,0.16539,624,,,,,,,,
MYN/VGM,Asset Management,0.9891,0.1654,624,,,,,,,,
CAC/HFBL,Banks - Regional,0.9254,0.16542,624,,,,,,,,
EOT/VKQ,Asset Management,0.9727,0.16545,624,,,,,,,,
DTF/NOM,Asset Management,0.8991,0.16551,624,,,,,,,,
FNB/SRCE,Banks - Regional,0.9179,0.16553,624,,,,,,,,
MQT/NUV,Asset Management,0.9818,0.16558,624,,,,,,,,
BLE/NAD,Asset Management,0.9584,0.16564,624,,,,,,,,
MFM/MHD,Asset Management,0.9802,0.16571,624,,,,,,,,
BCAL/BOKF,Banks - Regional,0.8928,0.16571,624,,,,,,,,
NMT/NOM,Asset Management,0.8677,0.16573,624,,,,,,,,
BCAL/FCF,Banks - Regional,0.9121,0.16574,624,,,,,,,,
PMF/PNI,Asset Management,0.964,0.16577,624,,,,,,,,
FNB/IBCP,Banks - Regional,0.9074,0.16584,624,,,,,,,,
CZWI/FRME,Banks - Regional,0.9609,0.16587,624,,,,,,,,
BFZ/NXC,Asset Management,0.9603,0.16593,624,,,,,,,,
DCOM/SFBC,Banks - Regional,0.8339,0.16594,624,,,,,,,,
MPA/MUC,Asset Management,0.9709,0.16594,624,,,,,,,,
CMA/LSBK,Banks - Regional,0.8801,0.16598,624,,,,,,,,
IGI/KTF,Asset Management,0.902,0.16599,624,,,,,,,,
NQP/VKQ,Asset Management,0.9846,0.16611,624,,,,,,,,
EVN/NQP,Asset Management,0.9792,0.16614,624,,,,,,,,
MPB/PFBC,Banks - Regional,0.9416,0.16625,624,,,,,,,,
EOT/IGI,Asset Management,0.9683,0.16636,624,,,,,,,,
BCAL/INDB,Banks - Regional,0.871,0.16648,624,,,,,,,,
SFBC/WASH,Banks - Regional,0.8107,0.16657,624,,,,,,,,
EBTC/UVSP,Banks - Regional,0.9564,0.16662,624,,,,,,,,
CADE/FCCO,Banks - Regional,0.9364,0.16671,624,,,,,,,,
DCOM/SMBK,Banks - Regional,0.8938,0.16671,624,,,,,,,,
FCCO/FULT,Banks - Regional,0.9478,0.16678,624,,,,,,,,
PFBC/SMBC,Banks - Regional,0.9836,0.16681,624,,,,,,,,
NAD/VCV,Asset Management,0.9825,0.16684,624,,,,,,,,
EOT/MHF,Asset Management,0.9392,0.16696,624,,,,,,,,
FMN/NKX,Asset Management,0.9728,0.16696,624,,,,,,,,
QGEN/RVTY,Diagnostics & Research,0.9596,0.167,624,,,,,,,,
ATLO/RVSB,Banks - Regional,0.896,0.16712,624,,,,,,,,
BUSE/MPB,Banks - Regional,0.9579,0.16714,624,,,,,,,,
AGD/AOD,Asset Management,0.9962,0.16717,624,,,,,,,,
BCAL/CFR,Banks - Regional,0.8961,0.16717,624,,,,,,,,
BLE/NRK,Asset Management,0.9587,0.16718,624,,,,,,,,
BYM/LEO,Asset Management,0.9792,0.1672,624,,,,,,,,
GJP/QTEC,Unknown,0.9713,0.16727,624,,,,,,,,
FFBC/OCFC,Banks - Regional,0.8895,0.16749,624,,,,,,,,
FBNC/FNWD,Banks - Regional,0.866,0.1675,624,,,,,,,,
MMU/PMM,Asset Management,0.9366,0.16772,624,,,,,,,,
IIM/NXC,Asset Management,0.97,0.16774,624,,,,,,,,
ABCB/LSBK,Banks - Regional,0.9029,0.16783,624,,,,,,,,
BKN/PMO,Asset Management,0.9705,0.16794,624,,,,,,,,
ONB/OVLY,Banks - Regional,0.9057,0.16801,624,,,,,,,,
MHF/MVT,Asset Management,0.8825,0.1681,624,,,,,,,,
RF/SFBC,Banks - Regional,0.9583,0.16815,624,,,,,,,,
VCV/VKQ,Asset Management,0.9855,0.1682,624,,,,,,,,
BANFP/PYT,Unknown,0.9613,0.1682,624,,,,,,,,
ASB/PBHC,Banks - Regional,0.9073,0.16823,624,,,,,,,,
MQT/VCV,Asset Management,0.9792,0.16825,624,,,,,,,,
CXH/MHN,Asset Management,0.9801,0.16832,624,,,,,,,,
MQT/MVT,Asset Management,0.959,0.16833,624,,,,,,,,
BANFP/RTH,Unknown,0.97,0.16843,624,,,,,,,,
CBFV/SFST,Banks - Regional,0.8241,0.1686,624,,,,,,,,
CAC/FNLC,Banks - Regional,0.9718,0.16861,624,,,,,,,,
ATLO/FULT,Banks - Regional,0.8055,0.16862,624,,,,,,,,
BANFP/VCSH,Unknown,0.9592,0.16866,624,,,,,,,,
IQI/NMI,Asset Management,0.9732,0.16866,624,,,,,,,,
DCOM/EGBN,Banks - Regional,0.8249,0.16876,624,,,,,,,,
CBSH/SFBC,Banks - Regional,0.9496,0.16878,624,,,,,,,,
BTA/CXH,Asset Management,0.9698,0.16879,624,,,,,,,,
PSTV/VXRT,Biotechnology,0.9062,0.16882,624,,,,,,,,
MUC/NOM,Asset Management,0.8691,0.16885,624,,,,,,,,
AWF/BLW,Asset Management,0.991,0.16886,624,,,,,,,,
CBFV/IBCP,Banks - Regional,0.9293,0.16887,624,,,,,,,,
BANC/ISBA,Banks - Regional,0.8235,0.16891,624,,,,,,,,
BYM/IQI,Asset Management,0.9909,0.16895,624,,,,,,,,
MHF/MUC,Asset Management,0.922,0.16897,624,,,,,,,,
BLE/MQY,Asset Management,0.9747,0.1691,624,,,,,,,,
BCAL/RNST,Banks - Regional,0.8043,0.16919,624,,,,,,,,
EOT/VGM,Asset Management,0.9741,0.16922,624,,,,,,,,
ATLO/SMBK,Banks - Regional,0.8014,0.16927,624,,,,,,,,
BFK/MMU,Asset Management,0.9671,0.1693,624,,,,,,,,
CAPR/VXRT,Biotechnology,0.8795,0.16932,624,,,,,,,,
ASRV/PFS,Banks - Regional,0.9081,0.16932,624,,,,,,,,
MOFG/SSB,Banks - Regional,0.9312,0.16938,624,,,,,,,,
NNY/OIA,Asset Management,0.9735,0.16942,624,,,,,,,,
BOH/MGYR,Banks - Regional,0.8954,0.16948,624,,,,,,,,
MMU/PMO,Asset Management,0.9303,0.16949,624,,,,,,,,
NAN/VCV,Asset Management,0.9905,0.16969,624,,,,,,,,
BOKF/CZWI,Banks - Regional,0.9347,0.16973,624,,,,,,,,
CBFV/WAL,Banks - Regional,0.82,0.16974,624,,,,,,,,
FNB/SSB,Banks - Regional,0.9345,0.16974,624,,,,,,,,
FRAF/RVSB,Banks - Regional,0.9116,0.16975,624,,,,,,,,
BMRC/FNWD,Banks - Regional,0.9325,0.16982,624,,,,,,,,
BYM/NAC,Asset Management,0.9823,0.16987,624,,,,,,,,
HPI/NZF,Asset Management,0.958,0.16992,624,,,,,,,,
EMB/USIG,Unknown,0.9739,0.16993,624,,,,,,,,
FNB/NRIM,Banks - Regional,0.874,0.16997,624,,,,,,,,
MGF/VBF,Asset Management,0.9447,0.16998,624,,,,,,,,
MGYR/WSBC,Banks - Regional,0.9154,0.17003,624,,,,,,,,
CXH/VGM,Asset Management,0.9897,0.1701,624,,,,,,,,
IQI/NMT,Asset Management,0.9713,0.17011,624,,,,,,,,
BANR/MPB,Banks - Regional,0.9508,0.17018,624,,,,,,,,
IQI/VBF,Asset Management,0.9688,0.17018,624,,,,,,,,
ASRV/BANR,Banks - Regional,0.8063,0.1702,624,,,,,,,,
CBFV/WTBA,Banks - Regional,0.8597,0.17028,624,,,,,,,,
DSGX/ROP,Software - Application,0.9708,0.17034,624,,,,,,,,
EPAC/GHM,Specialty Industrial Machinery,0.8545,0.17045,624,,,,,,,,
ONB/PLBC,Banks - Regional,0.9306,0.1705,624,,,,,,,,
OSBC/PBHC,Banks - Regional,0.9254,0.17057,624,,,,,,,,
NNY/VKQ,Asset Management,0.968,0.17058,624,,,,,,,,
UNTY/VABK,Banks - Regional,0.9153,0.17059,624,,,,,,,,
FMNB/FXNC,Banks - Regional,0.8949,0.17059,624,,,,,,,,
BNY/MYI,Asset Management,0.9492,0.1706,624,,,,,,,,
MQT/MYN,Asset Management,0.9879,0.17062,624,,,,,,,,
SLAB/TXN,Semiconductors,0.9337,0.17064,624,,,,,,,,
HBAN/PLBC,Banks - Regional,0.9383,0.17065,624,,,,,,,,
NXC/PMO,Asset Management,0.9699,0.17067,624,,,,,,,,
CBFV/SMBC,Banks - Regional,0.9078,0.17069,624,,,,,,,,
CTBI/MPB,Banks - Regional,0.9385,0.1707,624,,,,,,,,
GDO/VBF,Asset Management,0.987,0.17071,624,,,,,,,,
GJP/PRN,Unknown,0.9619,0.17079,624,,,,,,,,
SMBC/UNTY,Banks - Regional,0.9647,0.17085,624,,,,,,,,
TENX/VXRT,Biotechnology,0.8728,0.17088,624,,,,,,,,
MUE/MVT,Asset Management,0.9719,0.17091,624,,,,,,,,
KTF/SBI,Asset Management,0.974,0.17098,624,,,,,,,,
NIM/OIA,Asset Management,0.9615,0.17107,624,,,,,,,,
FCCO/IBCP,Banks - Regional,0.9416,0.17111,624,,,,,,,,
CHMG/PEBK,Banks - Regional,0.9536,0.17119,624,,,,,,,,
ASB/SFBC,Banks - Regional,0.9197,0.1712,624,,,,,,,,
MHN/MQT,Asset Management,0.9846,0.17123,624,,,,,,,,
HFWA/LSBK,Banks - Regional,0.9002,0.17123,624,,,,,,,,
BTA/VBF,Asset Management,0.981,0.17124,624,,,,,,,,
PTF/QQXT,Unknown,0.9702,0.17124,624,,,,,,,,
GABC/SFBC,Banks - Regional,0.9681,0.17125,624,,,,,,,,
HBAN/SSBI,Banks - Regional,0.8151,0.17133,624,,,,,,,,
CVBF/MGYR,Banks - Regional,0.9266,0.17135,624,,,,,,,,
MBWM/MGYR,Banks - Regional,0.954,0.17138,624,,,,,,,,
MPA/NXN,Asset Management,0.9675,0.17142,624,,,,,,,,
BUSE/UNB,Banks - Regional,0.904,0.17155,624,,,,,,,,
FMN/NMT,Asset Management,0.9642,0.1716,624,,,,,,,,
ATLO/INDB,Banks - Regional,0.8743,0.1716,624,,,,,,,,
PNFP/WTBA,Banks - Regional,0.9337,0.1716,624,,,,,,,,
IBCP/SRCE,Banks - Regional,0.9722,0.17162,624,,,,,,,,
ASRV/HFWA,Banks - Regional,0.866,0.17163,624,,,,,,,,
CAC/MPB,Banks - Regional,0.9645,0.17163,624,,,,,,,,
FFIC/UVSP,Banks - Regional,0.824,0.17163,624,,,,,,,,
HBCP/MGYR,Banks - Regional,0.9581,0.17166,624,,,,,,,,
MGYR/NBTB,Banks - Regional,0.9481,0.17169,624,,,,,,,,
EBTC/MPB,Banks - Regional,0.9593,0.17176,624,,,,,,,,
EBTC/SFST,Banks - Regional,0.9231,0.1718,624,,,,,,,,
IQI/PMM,Asset Management,0.9854,0.17182,624,,,,,,,,
NMI/NOM,Asset Management,0.8027,0.17184,624,,,,,,,,
FMNB/MPB,Banks - Regional,0.965,0.17185,624,,,,,,,,
BOTJ/FCF,Banks - Regional,0.9246,0.17188,624,,,,,,,,
NUW/VMO,Asset Management,0.9682,0.17188,624,,,,,,,,
IIM/NQP,Asset Management,0.9824,0.17194,624,,,,,,,,
ASRV/CCNE,Banks - Regional,0.8658,0.17195,624,,,,,,,,
MIY/NRK,Asset Management,0.9831,0.17196,624,,,,,,,,
NXN/VTN,Asset Management,0.9517,0.17198,624,,,,,,,,
QVCGA/QVCGB,Internet Retail,0.9582,0.17198,624,,,,,,,,
GJH/IPB,Unknown,0.9765,0.172,624,,,,,,,,
HWC/ORRF,Banks - Regional,0.8356,0.17203,624,,,,,,,,
BSRR/IBCP,Banks - Regional,0.9535,0.17203,624,,,,,,,,
PDT/RQI,Asset Management,0.969,0.17204,624,,,,,,,,
CAC/HWBK,Banks - Regional,0.9364,0.17214,624,,,,,,,,
MYI/NMI,Asset Management,0.977,0.17218,624,,,,,,,,
CXE/IGI,Asset Management,0.9593,0.1722,624,,,,,,,,
MFM/NXJ,Asset Management,0.9665,0.17221,624,,,,,,,,
FCF/MBWM,Banks - Regional,0.9766,0.17224,624,,,,,,,,
BOTJ/SBFG,Banks - Regional,0.9482,0.1723,624,,,,,,,,
OIA/PAI,Asset Management,0.9695,0.17233,624,,,,,,,,
BOTJ/SBCF,Banks - Regional,0.9328,0.17235,624,,,,,,,,
CWBC/USB,Banks - Regional,0.9405,0.1726,624,,,,,,,,
CMU/PMX,Asset Management,0.957,0.17264,624,,,,,,,,
MVT/NXC,Asset Management,0.9289,0.17265,624,,,,,,,,
MMU/VKQ,Asset Management,0.9566,0.17266,624,,,,,,,,
FRME/SFBC,Banks - Regional,0.9485,0.17267,624,,,,,,,,
GJP/GJR,Unknown,0.9699,0.1728,624,,,,,,,,
CZFS/OVLY,Banks - Regional,0.8714,0.17286,624,,,,,,,,
BCAL/PGC,Banks - Regional,0.8926,0.17286,624,,,,,,,,
FFBC/SMBK,Banks - Regional,0.9547,0.17288,624,,,,,,,,
FCCO/HBNC,Banks - Regional,0.9421,0.17292,624,,,,,,,,
MHN/VMO,Asset Management,0.9886,0.17292,624,,,,,,,,
CADE/WSFS,Banks - Regional,0.9566,0.17299,624,,,,,,,,
FOF/PFL,Asset Management,0.9734,0.17301,624,,,,,,,,
MGYR/PGC,Banks - Regional,0.9115,0.17305,624,,,,,,,,
CBFV/CVBF,Banks - Regional,0.8598,0.17307,624,,,,,,,,
NNY/NRK,Asset Management,0.973,0.17308,624,,,,,,,,
COFS/CZNC,Banks - Regional,0.8653,0.17323,624,,,,,,,,
HAFC/PBHC,Banks - Regional,0.818,0.17327,624,,,,,,,,
FNLC/MBCN,Banks - Regional,0.9612,0.17334,624,,,,,,,,
MBCN/PFBC,Banks - Regional,0.958,0.17337,624,,,,,,,,
ATLO/FMNB,Banks - Regional,0.8537,0.17339,624,,,,,,,,
FNB/HBCP,Banks - Regional,0.8942,0.17344,624,,,,,,,,
BUSE/SFBC,Banks - Regional,0.9193,0.17345,624,,,,,,,,
BRKL/WASH,Banks - Regional,0.956,0.17347,624,,,,,,,,
FCCO/WTFC,Banks - Regional,0.9197,0.17349,624,,,,,,,,
EBTC/FMNB,Banks - Regional,0.9571,0.17358,624,,,,,,,,
BFK/NMI,Asset Management,0.953,0.1736,624,,,,,,,,
NMI/NMT,Asset Management,0.943,0.17361,624,,,,,,,,
NEA/NMT,Asset Management,0.9688,0.17362,624,,,,,,,,
MPA/NEA,Asset Management,0.9804,0.17366,624,,,,,,,,
LH/WAT,Diagnostics & Research,0.9803,0.17379,624,,,,,,,,
FNB/MOFG,Banks - Regional,0.8586,0.17391,624,,,,,,,,
CXH/NRK,Asset Management,0.984,0.17399,624,,,,,,,,
CATY/PGC,Banks - Regional,0.9276,0.174,624,,,,,,,,
AFB/NUW,Asset Management,0.971,0.17401,624,,,,,,,,
ACHV/PSTV,Biotechnology,0.9433,0.17401,624,,,,,,,,
NIM/NKX,Asset Management,0.9719,0.17403,624,,,,,,,,
HWC/PGC,Banks - Regional,0.8725,0.17404,624,,,,,,,,
BLE/NUW,Asset Management,0.9618,0.17411,624,,,,,,,,
CCNE/SFBC,Banks - Regional,0.903,0.17415,624,,,,,,,,
CMU/NZF,Asset Management,0.961,0.1742,624,,,,,,,,
BLE/VGM,Asset Management,0.9744,0.17422,624,,,,,,,,
SRCE/TSBK,Banks - Regional,0.9676,0.17431,624,,,,,,,,
BANFP/IUSG,Unknown,0.9522,0.17445,624,,,,,,,,
MMU/NMZ,Asset Management,0.9576,0.17448,624,,,,,,,,
EOT/IQI,Asset Management,0.9794,0.17451,624,,,,,,,,
MHF/NIM,Asset Management,0.9708,0.17452,624,,,,,,,,
NAD/VKQ,Asset Management,0.9897,0.17457,624,,,,,,,,
ATLO/PEBK,Banks - Regional,0.8717,0.1746,624,,,,,,,,
BNY/NOM,Asset Management,0.9045,0.17465,624,,,,,,,,
MYI/NXN,Asset Management,0.9798,0.17468,624,,,,,,,,
DHI/NVR,Residential Construction,0.9855,0.17469,624,,,,,,,,
NAC/NKX,Asset Management,0.9869,0.17477,624,,,,,,,,
BCAL/HWC,Banks - Regional,0.8865,0.17481,624,,,,,,,,
FCF/MPB,Banks - Regional,0.9566,0.17483,624,,,,,,,,
MYD/PMO,Asset Management,0.9503,0.17483,624,,,,,,,,
DCOM/PFS,Banks - Regional,0.9449,0.17486,624,,,,,,,,
ATLO/HFBL,Banks - Regional,0.8305,0.17488,624,,,,,,,,
GJP/IUSG,Unknown,0.976,0.1749,624,,,,,,,,
CBFV/GABC,Banks - Regional,0.9125,0.17492,624,,,,,,,,
TVE/VGIT,Unknown,0.9547,0.17493,624,,,,,,,,
MGYR/MOFG,Banks - Regional,0.8992,0.17498,624,,,,,,,,
BUSE/WSFS,Banks - Regional,0.9799,0.17506,624,,,,,,,,
BYM/MHD,Asset Management,0.966,0.17506,624,,,,,,,,
CBFV/SFBC,Banks - Regional,0.9287,0.17506,624,,,,,,,,
FNB/SMBK,Banks - Regional,0.889,0.17508,624,,,,,,,,
ATLO/HBCP,Banks - Regional,0.8192,0.17511,624,,,,,,,,
NAC/NAD,Asset Management,0.9796,0.17513,624,,,,,,,,
BKN/MIY,Asset Management,0.9801,0.17518,624,,,,,,,,
FNWD/WASH,Banks - Regional,0.9651,0.17522,624,,,,,,,,
DCOM/FNLC,Banks - Regional,0.8663,0.17528,624,,,,,,,,
LSBK/MTB,Banks - Regional,0.9094,0.17529,624,,,,,,,,
MTB/PBHC,Banks - Regional,0.9303,0.17544,624,,,,,,,,
EBTC/WASH,Banks - Regional,0.8942,0.17546,624,,,,,,,,
GABC/WAL,Banks - Regional,0.9408,0.1755,624,,,,,,,,
ASRV/PEBO,Banks - Regional,0.8051,0.17554,624,,,,,,,,
FUNC/HWBK,Banks - Regional,0.9521,0.17555,624,,,,,,,,
CHCO/SFBC,Banks - Regional,0.9538,0.17556,624,,,,,,,,
NRK/VMO,Asset Management,0.9878,0.17557,624,,,,,,,,
GJP/PTF,Unknown,0.9623,0.17561,624,,,,,,,,
NXJ/VPV,Asset Management,0.9847,0.17564,624,,,,,,,,
NZF/OIA,Asset Management,0.9761,0.17573,624,,,,,,,,
LKFN/SMBC,Banks - Regional,0.9656,0.17573,624,,,,,,,,
ATLO/CCNE,Banks - Regional,0.8894,0.17573,624,,,,,,,,
VLY/WASH,Banks - Regional,0.8417,0.17576,624,,,,,,,,
CMU/PMM,Asset Management,0.9447,0.17583,624,,,,,,,,
NXN/OIA,Asset Management,0.9784,0.17588,624,,,,,,,,
FSFG/WTBA,Banks - Regional,0.9495,0.17589,624,,,,,,,,
MHD/MQT,Asset Management,0.9697,0.17601,624,,,,,,,,
MUE/MUJ,Asset Management,0.9803,0.17605,624,,,,,,,,
IGI/MHF,Asset Management,0.9449,0.17609,624,,,,,,,,
BCAL/SMBK,Banks - Regional,0.9097,0.17611,624,,,,,,,,
CBFV/FSFG,Banks - Regional,0.9125,0.17614,624,,,,,,,,
BOTJ/FBNC,Banks - Regional,0.9306,0.17615,624,,,,,,,,
MHF/NUW,Asset Management,0.9517,0.17619,624,,,,,,,,
JMM/VBF,Asset Management,0.9715,0.17621,624,,,,,,,,
BTA/MYD,Asset Management,0.9552,0.17641,624,,,,,,,,
EBTC/SHBI,Banks - Regional,0.8841,0.17643,624,,,,,,,,
PMM/PMX,Asset Management,0.9197,0.17645,624,,,,,,,,
BOTJ/PPBI,Banks - Regional,0.9306,0.17646,624,,,,,,,,
BSRR/FRST,Banks - Regional,0.8754,0.17651,624,,,,,,,,
MMU/NCA,Asset Management,0.9672,0.17653,624,,,,,,,,
BMRC/CZNC,Banks - Regional,0.8243,0.17665,624,,,,,,,,
EBTC/SMBK,Banks - Regional,0.9523,0.17672,624,,,,,,,,
CZNC/HWBK,Banks - Regional,0.901,0.17673,624,,,,,,,,
BSRR/CADE,Banks - Regional,0.9622,0.17674,624,,,,,,,,
LEO/NXN,Asset Management,0.9526,0.17679,624,,,,,,,,
BRKL/SFST,Banks - Regional,0.9641,0.17681,624,,,,,,,,
CWBC/WAFD,Banks - Regional,0.9671,0.17686,624,,,,,,,,
BCAL/SBCF,Banks - Regional,0.9029,0.17688,624,,,,,,,,
FCF/PLBC,Banks - Regional,0.9553,0.1769,624,,,,,,,,
CXE/NVG,Asset Management,0.9562,0.17692,624,,,,,,,,
EBTC/FCF,Banks - Regional,0.9504,0.17692,624,,,,,,,,
CTBI/MGYR,Banks - Regional,0.9556,0.17695,624,,,,,,,,
BKN/IIM,Asset Management,0.9734,0.17696,624,,,,,,,,
FCCO/WNEB,Banks - Regional,0.873,0.17697,624,,,,,,,,
BHLB/WNEB,Banks - Regional,0.9069,0.17697,624,,,,,,,,
BANFP/IGIB,Unknown,0.9151,0.17706,624,,,,,,,,
BKN/MPA,Asset Management,0.9727,0.17709,624,,,,,,,,
CADE/CZWI,Banks - Regional,0.9322,0.17709,624,,,,,,,,
ASB/PGC,Banks - Regional,0.9301,0.17716,624,,,,,,,,
BOKF/PLBC,Banks - Regional,0.9389,0.17717,624,,,,,,,,
BYM/NXP,Asset Management,0.939,0.17717,624,,,,,,,,
AUB/FCCO,Banks - Regional,0.9595,0.17719,624,,,,,,,,
PBHC/SMBK,Banks - Regional,0.9418,0.17722,624,,,,,,,,
BYM/NUV,Asset Management,0.9819,0.17728,624,,,,,,,,
NWFL/PLBC,Banks - Regional,0.9012,0.17731,624,,,,,,,,
BCAL/HBCP,Banks - Regional,0.9109,0.17734,624,,,,,,,,
LARK/WTBA,Banks - Regional,0.9432,0.17735,624,,,,,,,,
NMI/OIA,Asset Management,0.9553,0.17744,624,,,,,,,,
BOH/CZWI,Banks - Regional,0.9268,0.17744,624,,,,,,,,
AFB/NNY,Asset Management,0.9695,0.17746,624,,,,,,,,
BOTJ/UCB,Banks - Regional,0.9194,0.17748,624,,,,,,,,
HAFC/MGYR,Banks - Regional,0.8417,0.17749,624,,,,,,,,
NEA/VGM,Asset Management,0.9853,0.17764,624,,,,,,,,
MPA/PMM,Asset Management,0.9786,0.17778,624,,,,,,,,
HPI/RFI,Asset Management,0.9554,0.17779,624,,,,,,,,
CAC/PBHC,Banks - Regional,0.9364,0.17784,624,,,,,,,,
FISI/FSFG,Banks - Regional,0.9035,0.17792,624,,,,,,,,
IGI/NUW,Asset Management,0.9662,0.17801,624,,,,,,,,
ESSA/PBHC,Banks - Regional,0.8934,0.17808,624,,,,,,,,
FNWD/USB,Banks - Regional,0.9254,0.17808,624,,,,,,,,
MYD/NKX,Asset Management,0.9738,0.17815,624,,,,,,,,
ATLO/HTBK,Banks - Regional,0.9284,0.17845,624,,,,,,,,
EVN/MHF,Asset Management,0.9622,0.17847,624,,,,,,,,
MYD/VBF,Asset Management,0.9316,0.17847,624,,,,,,,,
MGYR/UCB,Banks - Regional,0.9121,0.1785,624,,,,,,,,
EBTC/PFS,Banks - Regional,0.9345,0.17861,624,,,,,,,,
BANFP/QQQ,Unknown,0.9413,0.17861,624,,,,,,,,
MGYR/THFF,Banks - Regional,0.9436,0.17863,624,,,,,,,,
AFB/BKN,Asset Management,0.9807,0.17868,624,,,,,,,,
LSBK/PKBK,Banks - Regional,0.8776,0.17871,624,,,,,,,,
FFIN/NEWT,Banks - Regional,0.9629,0.17873,624,,,,,,,,
AUB/FISI,Banks - Regional,0.9105,0.17875,624,,,,,,,,
HPI/HPS,Asset Management,0.9916,0.17875,624,,,,,,,,
SBCF/SFBC,Banks - Regional,0.9185,0.17879,624,,,,,,,,
BTZ/MCR,Asset Management,0.9937,0.17889,624,,,,,,,,
MHD/VMO,Asset Management,0.968,0.17892,624,,,,,,,,
AFB/NOM,Asset Management,0.8443,0.17894,624,,,,,,,,
ASB/BUSE,Banks - Regional,0.9571,0.17895,624,,,,,,,,
FCCO/WSFS,Banks - Regional,0.9678,0.17897,624,,,,,,,,
MBCN/SMBK,Banks - Regional,0.9443,0.17897,624,,,,,,,,
NXP/VKQ,Asset Management,0.9426,0.179,624,,,,,,,,
ATLO/WSBC,Banks - Regional,0.9214,0.17901,624,,,,,,,,
CBAN/LSBK,Banks - Regional,0.9228,0.17901,624,,,,,,,,
MHD/PCK,Asset Management,0.9403,0.17903,624,,,,,,,,
CXE/MMU,Asset Management,0.971,0.17906,624,,,,,,,,
IIM/NVG,Asset Management,0.9709,0.17911,624,,,,,,,,
FMN/SBI,Asset Management,0.9748,0.17914,624,,,,,,,,
DCOM/HBNC,Banks - Regional,0.938,0.17918,624,,,,,,,,
HWC/SMBC,Banks - Regional,0.9144,0.17925,624,,,,,,,,
BTA/NQP,Asset Management,0.9883,0.17927,624,,,,,,,,
MYN/NXC,Asset Management,0.9592,0.17927,624,,,,,,,,
SRCE/VABK,Banks - Regional,0.9556,0.17942,624,,,,,,,,
IIM/NUW,Asset Management,0.9767,0.17943,624,,,,,,,,
BGT/PHD,Asset Management,0.9831,0.17945,624,,,,,,,,
GJP/PHO,Unknown,0.9725,0.17947,624,,,,,,,,
FCF/OVLY,Banks - Regional,0.94,0.17947,624,,,,,,,,
MHN/NKX,Asset Management,0.9711,0.17947,624,,,,,,,,
BTA/DSM,Asset Management,0.9402,0.17949,624,,,,,,,,
NUW/PMM,Asset Management,0.9618,0.17955,624,,,,,,,,
NEA/NXN,Asset Management,0.9681,0.17956,624,,,,,,,,
CATY/IBCP,Banks - Regional,0.9557,0.17959,624,,,,,,,,
MMU/MYI,Asset Management,0.9683,0.17969,624,,,,,,,,
ATLO/WSFS,Banks - Regional,0.8837,0.17972,624,,,,,,,,
CZWI/WASH,Banks - Regional,0.8849,0.17972,624,,,,,,,,
IIM/MHN,Asset Management,0.978,0.17974,624,,,,,,,,
OIA/PCQ,Asset Management,0.8166,0.17975,624,,,,,,,,
BKT/MQY,Asset Management,0.9657,0.17978,624,,,,,,,,
MQT/PMO,Asset Management,0.9803,0.1798,624,,,,,,,,
MQT/NNY,Asset Management,0.9709,0.17986,624,,,,,,,,
LSBK/PBHC,Banks - Regional,0.8962,0.17997,624,,,,,,,,
MMU/NMT,Asset Management,0.9341,0.18,624,,,,,,,,
CXE/VKQ,Asset Management,0.968,0.18001,624,,,,,,,,
ESSA/FNLC,Banks - Regional,0.9384,0.18012,624,,,,,,,,
NMI/VPV,Asset Management,0.9596,0.1802,624,,,,,,,,
BTZ/WEA,Asset Management,0.984,0.18025,624,,,,,,,,
GJP/IPB,Unknown,0.9274,0.18033,624,,,,,,,,
MMT/VBF,Asset Management,0.978,0.18049,624,,,,,,,,
NRK/VBF,Asset Management,0.9737,0.18059,624,,,,,,,,
CBFV/UNB,Banks - Regional,0.8546,0.18061,624,,,,,,,,
IGIB/IPB,Unknown,0.9719,0.18064,624,,,,,,,,
LSBK/SMBC,Banks - Regional,0.8423,0.18069,624,,,,,,,,
DSM/NOM,Asset Management,0.8713,0.18069,624,,,,,,,,
BFZ/NMI,Asset Management,0.9661,0.18072,624,,,,,,,,
EBTC/MGYR,Banks - Regional,0.9498,0.18073,624,,,,,,,,
BFK/MUA,Asset Management,0.9704,0.18079,624,,,,,,,,
MYD/NIM,Asset Management,0.9491,0.18079,624,,,,,,,,
BOTJ/SMBC,Banks - Regional,0.9036,0.18091,624,,,,,,,,
ATLO/TRMK,Banks - Regional,0.8181,0.18092,624,,,,,,,,
MFM/VGM,Asset Management,0.9858,0.18096,624,,,,,,,,
NMT/VMO,Asset Management,0.9789,0.18102,624,,,,,,,,
MQT/MVF,Asset Management,0.9727,0.18102,624,,,,,,,,
EOT/NMZ,Asset Management,0.9744,0.18109,624,,,,,,,,
MHN/NOM,Asset Management,0.8691,0.18113,624,,,,,,,,
LEO/PMM,Asset Management,0.9575,0.18116,624,,,,,,,,
IBOC/MPB,Banks - Regional,0.8809,0.18124,624,,,,,,,,
CZNC/CZWI,Banks - Regional,0.9143,0.18127,624,,,,,,,,
BCAL/FNLC,Banks - Regional,0.9212,0.18128,624,,,,,,,,
BOTJ/MBWM,Banks - Regional,0.8947,0.1813,624,,,,,,,,
CWBC/WASH,Banks - Regional,0.8992,0.18131,624,,,,,,,,
EOT/NMI,Asset Management,0.9622,0.18135,624,,,,,,,,
BOKF/MGYR,Banks - Regional,0.9339,0.18141,624,,,,,,,,
JHS/PFO,Asset Management,0.9817,0.18153,624,,,,,,,,
FCCO/GABC,Banks - Regional,0.9596,0.18154,624,,,,,,,,
LSBK/WSFS,Banks - Regional,0.9291,0.18155,624,,,,,,,,
BMO/TD,Banks - Diversified,0.9785,0.18171,624,,,,,,,,
BLE/MPA,Asset Management,0.9496,0.18176,624,,,,,,,,
KTH/QQQ,Unknown,0.9235,0.18178,624,,,,,,,,
FCF/SMBC,Banks - Regional,0.9777,0.18181,624,,,,,,,,
BNY/MUE,Asset Management,0.9671,0.18188,624,,,,,,,,
IIM/NAC,Asset Management,0.9855,0.18192,624,,,,,,,,
FFIC/PBHC,Banks - Regional,0.8046,0.18195,624,,,,,,,,
TOWN/UVSP,Banks - Regional,0.9715,0.18199,624,,,,,,,,
AFB/LEO,Asset Management,0.9846,0.182,624,,,,,,,,
EQR/ESS,REIT - Residential,0.9891,0.18201,624,,,,,,,,
IGR/RFI,Asset Management,0.9592,0.18208,624,,,,,,,,
NMI/PAI,Asset Management,0.9468,0.18208,624,,,,,,,,
BOTJ/EFSC,Banks - Regional,0.9404,0.1821,624,,,,,,,,
MHF/VBF,Asset Management,0.9642,0.18214,624,,,,,,,,
NIM/PFD,Asset Management,0.9599,0.1822,624,,,,,,,,
BUSE/FFBC,Banks - Regional,0.9666,0.18222,624,,,,,,,,
MGYR/WAFD,Banks - Regional,0.9388,0.18222,624,,,,,,,,
ATLO/TOWN,Banks - Regional,0.8228,0.18223,624,,,,,,,,
BOH/FRST,Banks - Regional,0.9374,0.18246,624,,,,,,,,
MTB/PEBK,Banks - Regional,0.9357,0.18248,624,,,,,,,,
PEBO/SBFG,Banks - Regional,0.9537,0.18252,624,,,,,,,,
DHF/PHT,Asset Management,0.8319,0.18252,624,,,,,,,,
NEA/PMM,Asset Management,0.9885,0.18255,624,,,,,,,,
FCF/UNTY,Banks - Regional,0.9529,0.18258,624,,,,,,,,
BLE/IGI,Asset Management,0.96,0.18258,624,,,,,,,,
HPS/OIA,Asset Management,0.9637,0.18265,624,,,,,,,,
RGCO/SR,Utilities - Regulated Gas,0.9352,0.18269,624,,,,,,,,
MYD/NCA,Asset Management,0.9676,0.18271,624,,,,,,,,
BOH/SFST,Banks - Regional,0.9606,0.18277,624,,,,,,,,
MHN/MVF,Asset Management,0.9825,0.18277,624,,,,,,,,
CBFV/EFSC,Banks - Regional,0.948,0.18279,624,,,,,,,,
HBAN/IBCP,Banks - Regional,0.9616,0.18279,624,,,,,,,,
CWBC/EBTC,Banks - Regional,0.946,0.1828,624,,,,,,,,
FRAF/PKBK,Banks - Regional,0.9673,0.18286,624,,,,,,,,
BOTJ/SFBC,Banks - Regional,0.9257,0.18287,624,,,,,,,,
PCM/VLT,Asset Management,0.9447,0.18293,624,,,,,,,,
BFK/MHD,Asset Management,0.9852,0.18294,624,,,,,,,,
MGYR/SRCE,Banks - Regional,0.9581,0.18299,624,,,,,,,,
CYCC/LSTA,Biotechnology,0.9482,0.18304,624,,,,,,,,
CZNC/PKBK,Banks - Regional,0.9465,0.18306,624,,,,,,,,
HPI/NVG,Asset Management,0.9477,0.18317,624,,,,,,,,
JPC/RFI,Asset Management,0.9441,0.18328,624,,,,,,,,
IIM/MPA,Asset Management,0.9838,0.18331,624,,,,,,,,
IIM/MVT,Asset Management,0.9524,0.18334,624,,,,,,,,
HBAN/OVLY,Banks - Regional,0.9073,0.18336,624,,,,,,,,
MBWM/PFS,Banks - Regional,0.852,0.18342,624,,,,,,,,
BCAL/BSRR,Banks - Regional,0.868,0.18353,624,,,,,,,,
BB/TAOP,Software - Infrastructure,0.8676,0.18354,624,,,,,,,,
NAD/NMT,Asset Management,0.9658,0.1836,624,,,,,,,,
AFB/MHD,Asset Management,0.9739,0.18374,624,,,,,,,,
FISI/SFST,Banks - Regional,0.9254,0.18379,624,,,,,,,,
NXN/PML,Asset Management,0.9011,0.18384,624,,,,,,,,
BNY/MVT,Asset Management,0.9768,0.18387,624,,,,,,,,
NAC/NMI,Asset Management,0.9762,0.18388,624,,,,,,,,
CAPR/CSCI,Biotechnology,0.8501,0.18388,624,,,,,,,,
LEO/NOM,Asset Management,0.8728,0.18392,624,,,,,,,,
CWBC/SFBC,Banks - Regional,0.9311,0.18392,624,,,,,,,,
FULT/PBHC,Banks - Regional,0.9155,0.18399,624,,,,,,,,
AFB/BTA,Asset Management,0.9726,0.184,624,,,,,,,,
MBCN/NWFL,Banks - Regional,0.9294,0.18405,624,,,,,,,,
BTA/VKQ,Asset Management,0.9771,0.18406,624,,,,,,,,
KTH/USIG,Unknown,0.9495,0.18406,624,,,,,,,,
ABCB/SFBC,Banks - Regional,0.9587,0.18413,624,,,,,,,,
MUE/PMM,Asset Management,0.9641,0.18423,624,,,,,,,,
BRKL/HIFS,Banks - Regional,0.8879,0.18426,624,,,,,,,,
SBFG/WTBA,Banks - Regional,0.9367,0.18427,624,,,,,,,,
EBTC/FNWD,Banks - Regional,0.8687,0.18428,624,,,,,,,,
AGD/TWN,Asset Management,0.9467,0.18438,624,,,,,,,,
SMBK/SRCE,Banks - Regional,0.9631,0.18443,624,,,,,,,,
BLE/VKQ,Asset Management,0.9684,0.18445,624,,,,,,,,
MVT/VMO,Asset Management,0.9607,0.18448,624,,,,,,,,
BUSE/UNTY,Banks - Regional,0.8549,0.1845,624,,,,,,,,
PLUS/ROP,Software - Application,0.9473,0.1845,624,,,,,,,,
CXH/NMI,Asset Management,0.976,0.1845,624,,,,,,,,
CATY/PLBC,Banks - Regional,0.9385,0.18451,624,,,,,,,,
EVN/VMO,Asset Management,0.9829,0.18453,624,,,,,,,,
IQI/MIY,Asset Management,0.9851,0.18463,624,,,,,,,,
HYT/WEA,Asset Management,0.9587,0.18463,624,,,,,,,,
MMU/NIM,Asset Management,0.9306,0.18464,624,,,,,,,,
BLE/PAI,Asset Management,0.9398,0.18472,624,,,,,,,,
NUV/VBF,Asset Management,0.9792,0.18473,624,,,,,,,,
BCAL/CAC,Banks - Regional,0.906,0.18474,624,,,,,,,,
BTA/NAN,Asset Management,0.9745,0.18475,624,,,,,,,,
ATLO/DCOM,Banks - Regional,0.8654,0.1848,624,,,,,,,,
BMRC/HFBL,Banks - Regional,0.8141,0.1848,624,,,,,,,,
NBTB/SBFG,Banks - Regional,0.946,0.18484,624,,,,,,,,
BNY/VGM,Asset Management,0.964,0.18489,624,,,,,,,,
DJCO/MANH,Software - Application,0.9021,0.18491,624,,,,,,,,
DGICA/PGR,Insurance - Property & Casualty,0.8549,0.18492,624,,,,,,,,
IGI/NAN,Asset Management,0.9732,0.18494,624,,,,,,,,
BHK/MIN,Asset Management,0.9613,0.185,624,,,,,,,,
ATLO/AUB,Banks - Regional,0.8688,0.1851,624,,,,,,,,
MYI/NCA,Asset Management,0.9801,0.18511,624,,,,,,,,
LSBK/SMBK,Banks - Regional,0.8782,0.18514,624,,,,,,,,
BTA/NRK,Asset Management,0.9819,0.18516,624,,,,,,,,
MFM/NRK,Asset Management,0.9792,0.18517,624,,,,,,,,
CBRL/DENN,Restaurants,0.9434,0.18526,624,,,,,,,,
BRKL/FCCO,Banks - Regional,0.8895,0.18528,624,,,,,,,,
ESSA/NBTB,Banks - Regional,0.9609,0.18532,624,,,,,,,,
CWBC/FULT,Banks - Regional,0.9349,0.18535,624,,,,,,,,
ONB/SMBC,Banks - Regional,0.9481,0.18538,624,,,,,,,,
ATLO/MPB,Banks - Regional,0.8464,0.18538,624,,,,,,,,
BCAL/SNV,Banks - Regional,0.8853,0.1854,624,,,,,,,,
NKX/NMI,Asset Management,0.975,0.18542,624,,,,,,,,
AUB/CZWI,Banks - Regional,0.9448,0.18551,624,,,,,,,,
BGT/DSU,Asset Management,0.9892,0.18551,624,,,,,,,,
PNC/WTBA,Banks - Regional,0.9318,0.18552,624,,,,,,,,
CAC/MBWM,Banks - Regional,0.9208,0.18555,624,,,,,,,,
FCCO/SRCE,Banks - Regional,0.9671,0.18555,624,,,,,,,,
MFM/NUW,Asset Management,0.9754,0.18561,624,,,,,,,,
NQP/VCV,Asset Management,0.9744,0.18564,624,,,,,,,,
CAC/MOFG,Banks - Regional,0.8732,0.18573,624,,,,,,,,
PWOD/TRMK,Banks - Regional,0.8416,0.18576,624,,,,,,,,
BFK/NRK,Asset Management,0.9631,0.18578,624,,,,,,,,
BTA/MUE,Asset Management,0.9623,0.18582,624,,,,,,,,
BFK/SBI,Asset Management,0.9571,0.18583,624,,,,,,,,
MVF/VGM,Asset Management,0.9764,0.18592,624,,,,,,,,
FNLC/TOWN,Banks - Regional,0.9625,0.18593,624,,,,,,,,
CATY/HBCP,Banks - Regional,0.9726,0.18597,624,,,,,,,,
FSFG/SFST,Banks - Regional,0.9358,0.18602,624,,,,,,,,
FMNB/SBFG,Banks - Regional,0.9668,0.18603,624,,,,,,,,
SBFG/WASH,Banks - Regional,0.8756,0.18605,624,,,,,,,,
MVT/PMM,Asset Management,0.915,0.1861,624,,,,,,,,
NXC/NXN,Asset Management,0.9727,0.18612,624,,,,,,,,
ESSA/MNSB,Banks - Regional,0.8713,0.18613,624,,,,,,,,
MGYR/TOWN,Banks - Regional,0.9486,0.18621,624,,,,,,,,
ASB/SMBK,Banks - Regional,0.9509,0.18626,624,,,,,,,,
PMF/PYN,Asset Management,0.9586,0.18627,624,,,,,,,,
HBAN/WASH,Banks - Regional,0.8466,0.18632,624,,,,,,,,
NWFL/PEBK,Banks - Regional,0.9371,0.18632,624,,,,,,,,
FFIC/FNWD,Banks - Regional,0.8629,0.18633,624,,,,,,,,
EOT/NVG,Asset Management,0.9671,0.18637,624,,,,,,,,
JHI/JMM,Asset Management,0.9436,0.18639,624,,,,,,,,
ETO/SPE,Asset Management,0.9731,0.18642,624,,,,,,,,
MHD/NUV,Asset Management,0.9461,0.18651,624,,,,,,,,
IBCP/WBS,Banks - Regional,0.9238,0.18651,624,,,,,,,,
CHMG/PBHC,Banks - Regional,0.9232,0.18652,624,,,,,,,,
MHF/PMM,Asset Management,0.9633,0.18652,624,,,,,,,,
SMBC/SRCE,Banks - Regional,0.9669,0.18659,624,,,,,,,,
CMU/CXH,Asset Management,0.982,0.1866,624,,,,,,,,
DSM/NUW,Asset Management,0.9677,0.18665,624,,,,,,,,
MQY/NIM,Asset Management,0.9702,0.18665,624,,,,,,,,
CMU/MMU,Asset Management,0.9771,0.18666,624,,,,,,,,
EBTC/PFBC,Banks - Regional,0.9316,0.18667,624,,,,,,,,
NAN/VGM,Asset Management,0.9916,0.18667,624,,,,,,,,
ATLO/CZNC,Banks - Regional,0.8769,0.18672,624,,,,,,,,
FNB/PLBC,Banks - Regional,0.8519,0.1868,624,,,,,,,,
IBOC/MGYR,Banks - Regional,0.9115,0.18684,624,,,,,,,,
BCAL/MPB,Banks - Regional,0.9187,0.18694,624,,,,,,,,
NIM/NXC,Asset Management,0.9681,0.18698,624,,,,,,,,
NNY/NXC,Asset Management,0.9757,0.18701,624,,,,,,,,
FCCO/INDB,Banks - Regional,0.9244,0.18702,624,,,,,,,,
AFB/IIM,Asset Management,0.9858,0.18703,624,,,,,,,,
BCAL/CMA,Banks - Regional,0.8835,0.18709,624,,,,,,,,
MVT/VGM,Asset Management,0.9618,0.1871,624,,,,,,,,
FNLC/PLBC,Banks - Regional,0.9447,0.18712,624,,,,,,,,
BOTJ/COLB,Banks - Regional,0.8923,0.18712,624,,,,,,,,
CZWI/HBNC,Banks - Regional,0.9551,0.18715,624,,,,,,,,
ATLO/CBAN,Banks - Regional,0.8435,0.18719,624,,,,,,,,
SMBK/UVSP,Banks - Regional,0.9582,0.18728,624,,,,,,,,
IGI/NQP,Asset Management,0.9674,0.18731,624,,,,,,,,
SRCE/UNTY,Banks - Regional,0.9551,0.18735,624,,,,,,,,
MHF/NUV,Asset Management,0.9603,0.18749,624,,,,,,,,
CHCO/PLBC,Banks - Regional,0.979,0.18752,624,,,,,,,,
MUC/NKX,Asset Management,0.9686,0.1876,624,,,,,,,,
FISI/MGYR,Banks - Regional,0.8902,0.18762,624,,,,,,,,
CZNC/FCBC,Banks - Regional,0.8813,0.18762,624,,,,,,,,
CNET/FLNT,Advertising Agencies,0.8427,0.18767,624,,,,,,,,
BOTJ/SSB,Banks - Regional,0.9279,0.18773,624,,,,,,,,
CBFV/SNV,Banks - Regional,0.9107,0.18774,624,,,,,,,,
DGICA/TRV,Insurance - Property & Casualty,0.926,0.18776,624,,,,,,,,
FMN/VKQ,Asset Management,0.9811,0.18782,624,,,,,,,,
MHF/MQT,Asset Management,0.95,0.18786,624,,,,,,,,
FNLC/LARK,Banks - Regional,0.8963,0.18789,624,,,,,,,,
ESSA/FRAF,Banks - Regional,0.917,0.18789,624,,,,,,,,
INDB/WASH,Banks - Regional,0.9452,0.18803,624,,,,,,,,
MFM/NOM,Asset Management,0.8157,0.18805,624,,,,,,,,
PSEC/VVR,Asset Management,0.8309,0.18806,624,,,,,,,,
MUJ/MVT,Asset Management,0.9348,0.18812,624,,,,,,,,
FMN/NEA,Asset Management,0.9646,0.18818,624,,,,,,,,
NEA/NVG,Asset Management,0.9948,0.1882,624,,,,,,,,
EOT/MQT,Asset Management,0.9679,0.18822,624,,,,,,,,
PAI/PMM,Asset Management,0.9739,0.18822,624,,,,,,,,
ABVC/TENX,Biotechnology,0.865,0.18825,624,,,,,,,,
BKN/MUJ,Asset Management,0.9793,0.18825,624,,,,,,,,
BANFP/USIG,Unknown,0.9018,0.18826,624,,,,,,,,
CCNE/FRAF,Banks - Regional,0.9327,0.18826,624,,,,,,,,
EOT/NRK,Asset Management,0.9676,0.18828,624,,,,,,,,
MQY/NUV,Asset Management,0.9817,0.18829,624,,,,,,,,
LSBK/PEBK,Banks - Regional,0.9037,0.18838,624,,,,,,,,
COLB/FNWD,Banks - Regional,0.9363,0.1884,624,,,,,,,,
FMN/VGM,Asset Management,0.9852,0.18846,624,,,,,,,,
LSBK/RNST,Banks - Regional,0.9327,0.18847,624,,,,,,,,
PFD/PFO,Asset Management,0.9843,0.18849,624,,,,,,,,
MUE/NKX,Asset Management,0.9805,0.1886,624,,,,,,,,
INDB/PLBC,Banks - Regional,0.8406,0.18865,624,,,,,,,,
NXC/PFO,Asset Management,0.9606,0.18868,624,,,,,,,,
MQT/MUJ,Asset Management,0.9906,0.18876,624,,,,,,,,
CAC/SBCF,Banks - Regional,0.9707,0.18881,624,,,,,,,,
MQY/PMO,Asset Management,0.9715,0.18888,624,,,,,,,,
CBFV/PEBK,Banks - Regional,0.9254,0.18888,624,,,,,,,,
TVE/VMBS,Unknown,0.9661,0.18891,624,,,,,,,,
EBTC/FFIC,Banks - Regional,0.8119,0.18897,624,,,,,,,,
BOTJ/HBAN,Banks - Regional,0.9342,0.18901,624,,,,,,,,
AFB/NVG,Asset Management,0.9741,0.1891,624,,,,,,,,
MCR/PAI,Asset Management,0.9614,0.18912,624,,,,,,,,
MUE/NXC,Asset Management,0.9611,0.18915,624,,,,,,,,
BFK/BNY,Asset Management,0.9793,0.18917,624,,,,,,,,
BFK/NEA,Asset Management,0.9581,0.18917,624,,,,,,,,
IGI/MMT,Asset Management,0.9344,0.18917,624,,,,,,,,
BRW/VVR,Asset Management,0.9579,0.18926,624,,,,,,,,
BCAL/RVSB,Banks - Regional,0.8671,0.18926,624,,,,,,,,
MUE/PAI,Asset Management,0.9501,0.18929,624,,,,,,,,
BSRR/CZWI,Banks - Regional,0.942,0.18938,624,,,,,,,,
MHD/VKQ,Asset Management,0.9632,0.18938,624,,,,,,,,
EMB/VCLT,Unknown,0.9678,0.18943,624,,,,,,,,
CMU/NUW,Asset Management,0.9638,0.18954,624,,,,,,,,
CZNC/PFS,Banks - Regional,0.9432,0.18957,624,,,,,,,,
FFBC/SRCE,Banks - Regional,0.9647,0.1896,624,,,,,,,,
NMI/PMM,Asset Management,0.95,0.18961,624,,,,,,,,
BFK/IIM,Asset Management,0.9679,0.18962,624,,,,,,,,
CWBC/IBCP,Banks - Regional,0.9013,0.18982,624,,,,,,,,
BFZ/NXN,Asset Management,0.9538,0.18983,624,,,,,,,,
EBTC/QCRH,Banks - Regional,0.9264,0.18983,624,,,,,,,,
EOT/NXP,Asset Management,0.9195,0.18986,624,,,,,,,,
BSRR/FCCO,Banks - Regional,0.965,0.18986,624,,,,,,,,
BFK/PAI,Asset Management,0.9366,0.18992,624,,,,,,,,
HBAN/SBFG,Banks - Regional,0.9549,0.18993,624,,,,,,,,
GLAD/SCD,Asset Management,0.9729,0.18995,624,,,,,,,,
CIVB/WASH,Banks - Regional,0.9389,0.18996,624,,,,,,,,
MVT/OIA,Asset Management,0.908,0.19001,624,,,,,,,,
EBTC/PLBC,Banks - Regional,0.8973,0.19006,624,,,,,,,,
ATLO/FISI,Banks - Regional,0.8914,0.19006,624,,,,,,,,
CBFV/CFFI,Banks - Regional,0.9098,0.19013,624,,,,,,,,
MUJ/MVF,Asset Management,0.9562,0.19015,624,,,,,,,,
BLE/MUE,Asset Management,0.976,0.19016,624,,,,,,,,
BLE/IQI,Asset Management,0.9717,0.19016,624,,,,,,,,
BCAL/HBNC,Banks - Regional,0.8595,0.19019,624,,,,,,,,
ATLO/FNLC,Banks - Regional,0.8245,0.19019,624,,,,,,,,
FCCO/PBHC,Banks - Regional,0.9348,0.19025,624,,,,,,,,
BNY/MYN,Asset Management,0.9735,0.19026,624,,,,,,,,
BNY/BYM,Asset Management,0.956,0.19026,624,,,,,,,,
MUR/MVO,Oil & Gas E&P,0.8003,0.19029,624,,,,,,,,
EVN/NMI,Asset Management,0.9767,0.1903,624,,,,,,,,
CAC/HIFS,Banks - Regional,0.9518,0.1903,624,,,,,,,,
IGSB/IPB,Unknown,0.966,0.19038,624,,,,,,,,
CTBI/LSBK,Banks - Regional,0.8787,0.19047,624,,,,,,,,
BANFP/DVY,Unknown,0.9733,0.1905,624,,,,,,,,
OPOF/UVSP,Banks - Regional,0.8991,0.19052,624,,,,,,,,
BOKF/SBFG,Banks - Regional,0.918,0.19054,624,,,,,,,,
BOTJ/FFBC,Banks - Regional,0.9183,0.19057,624,,,,,,,,
BCAL/TSBK,Banks - Regional,0.9352,0.1906,624,,,,,,,,
GOGL/SBLK,Marine Shipping,0.8815,0.19062,624,,,,,,,,
FOF/PFN,Asset Management,0.9726,0.19069,624,,,,,,,,
MYI/NAN,Asset Management,0.9878,0.19071,624,,,,,,,,
CHMG/OSBC,Banks - Regional,0.9532,0.19081,624,,,,,,,,
GSBC/LSBK,Banks - Regional,0.8834,0.19082,624,,,,,,,,
BANFP/VCIT,Unknown,0.9175,0.19083,624,,,,,,,,
AROW/LSBK,Banks - Regional,0.9106,0.19084,624,,,,,,,,
BLE/MYI,Asset Management,0.9635,0.19085,624,,,,,,,,
BKT/NUV,Asset Management,0.9594,0.19092,624,,,,,,,,
JRS/PDT,Asset Management,0.9631,0.19094,624,,,,,,,,
LSBK/ZION,Banks - Regional,0.8718,0.19095,624,,,,,,,,
ORKA/PSTV,Biotechnology,0.8181,0.19105,624,,,,,,,,
NCV/NCZ,Asset Management,0.9882,0.19107,624,,,,,,,,
NXN/PCK,Asset Management,0.8161,0.19126,624,,,,,,,,
FMN/MHF,Asset Management,0.9352,0.19134,624,,,,,,,,
NUW/PAI,Asset Management,0.9551,0.19135,624,,,,,,,,
MQT/PMM,Asset Management,0.9803,0.19137,624,,,,,,,,
NBTB/PBHC,Banks - Regional,0.9176,0.19139,624,,,,,,,,
NAN/PMM,Asset Management,0.978,0.1914,624,,,,,,,,
DJCO/PAYX,Software - Application,0.9035,0.19143,624,,,,,,,,
CBSH/EBMT,Banks - Regional,0.9257,0.19146,624,,,,,,,,
CHMG/MTB,Banks - Regional,0.939,0.19151,624,,,,,,,,
CGEN/INO,Biotechnology,0.8506,0.19154,624,,,,,,,,
MMU/PMX,Asset Management,0.9431,0.19157,624,,,,,,,,
NKX/PMO,Asset Management,0.9726,0.1916,624,,,,,,,,
PGC/SMBK,Banks - Regional,0.9213,0.1916,624,,,,,,,,
CYCC/ORKA,Biotechnology,0.9195,0.19161,624,,,,,,,,
BOTJ/IBCP,Banks - Regional,0.9054,0.19171,624,,,,,,,,
DSM/MUE,Asset Management,0.9791,0.19183,624,,,,,,,,
DHF/PTY,Asset Management,0.9636,0.19184,624,,,,,,,,
ASB/IBCP,Banks - Regional,0.9416,0.19186,624,,,,,,,,
KTH/VCIT,Unknown,0.9611,0.1919,624,,,,,,,,
CZNC/PBHC,Banks - Regional,0.9406,0.19194,624,,,,,,,,
IQI/NXP,Asset Management,0.9464,0.19197,624,,,,,,,,
MYD/NZF,Asset Management,0.9625,0.19197,624,,,,,,,,
NAC/NXN,Asset Management,0.9633,0.19199,624,,,,,,,,
FNB/SMBC,Banks - Regional,0.8993,0.19199,624,,,,,,,,
MMU/SBI,Asset Management,0.9716,0.19199,624,,,,,,,,
FNLC/SBSI,Banks - Regional,0.9659,0.19199,624,,,,,,,,
BANFP/PFF,Unknown,0.9382,0.19208,624,,,,,,,,
ESSA/INDB,Banks - Regional,0.8448,0.19211,624,,,,,,,,
SFBC/SRCE,Banks - Regional,0.9748,0.19217,624,,,,,,,,
NAC/NAN,Asset Management,0.9845,0.19219,624,,,,,,,,
BOH/SFBC,Banks - Regional,0.8849,0.19224,624,,,,,,,,
MHD/NAD,Asset Management,0.9544,0.19241,624,,,,,,,,
MGF/NEA,Asset Management,0.9619,0.19244,624,,,,,,,,
OCFC/PGC,Banks - Regional,0.9331,0.19244,624,,,,,,,,
ATLO/SFST,Banks - Regional,0.8924,0.19251,624,,,,,,,,
CHCO/NECB,Banks - Regional,0.9422,0.19257,624,,,,,,,,
CAC/INDB,Banks - Regional,0.9625,0.19258,624,,,,,,,,
MMU/NKX,Asset Management,0.9672,0.19259,624,,,,,,,,
MMU/NNY,Asset Management,0.9644,0.19261,624,,,,,,,,
MVT/NKX,Asset Management,0.944,0.19266,624,,,,,,,,
MBCN/PEBK,Banks - Regional,0.941,0.19273,624,,,,,,,,
BNY/NXC,Asset Management,0.9147,0.19274,624,,,,,,,,
BSRR/CBAN,Banks - Regional,0.9545,0.19275,624,,,,,,,,
MVF/VMO,Asset Management,0.9742,0.19277,624,,,,,,,,
IBOC/SBFG,Banks - Regional,0.8895,0.1928,624,,,,,,,,
FRME/MPB,Banks - Regional,0.9732,0.19281,624,,,,,,,,
NIM/VMO,Asset Management,0.9624,0.19287,624,,,,,,,,
LSBK/TFC,Banks - Regional,0.9103,0.1929,624,,,,,,,,
BTA/NMT,Asset Management,0.9389,0.19293,624,,,,,,,,
EBTC/OCFC,Banks - Regional,0.892,0.193,624,,,,,,,,
EOT/HPS,Asset Management,0.9144,0.193,624,,,,,,,,
MTB/SBFG,Banks - Regional,0.9471,0.19301,624,,,,,,,,
CAC/SBSI,Banks - Regional,0.9591,0.1931,624,,,,,,,,
BKT/VBF,Asset Management,0.9299,0.19311,624,,,,,,,,
HOPE/LSBK,Banks - Regional,0.8287,0.19312,624,,,,,,,,
NAN/NXC,Asset Management,0.9667,0.19313,624,,,,,,,,
BHK/MCR,Asset Management,0.9778,0.19315,624,,,,,,,,
EHI/HIX,Asset Management,0.9838,0.19317,624,,,,,,,,
ASRV/PKBK,Banks - Regional,0.8005,0.19318,624,,,,,,,,
HWBK/PLBC,Banks - Regional,0.9495,0.1932,624,,,,,,,,
MGYR/WASH,Banks - Regional,0.8333,0.19323,624,,,,,,,,
ASRV/OCFC,Banks - Regional,0.8993,0.19323,624,,,,,,,,
EOT/NMT,Asset Management,0.9397,0.19324,624,,,,,,,,
BCAL/IBOC,Banks - Regional,0.8575,0.19326,624,,,,,,,,
CBFV/SMBK,Banks - Regional,0.9239,0.19331,624,,,,,,,,
ASB/BCAL,Banks - Regional,0.8788,0.19332,624,,,,,,,,
BRKL/SBCF,Banks - Regional,0.9386,0.19334,624,,,,,,,,
BLE/MUA,Asset Management,0.9702,0.19334,624,,,,,,,,
BOKF/FSFG,Banks - Regional,0.9165,0.19337,624,,,,,,,,
FMNB/WASH,Banks - Regional,0.895,0.19342,624,,,,,,,,
FRME/HBNC,Banks - Regional,0.9774,0.19342,624,,,,,,,,
AUB/LSBK,Banks - Regional,0.8987,0.19345,624,,,,,,,,
BPOPM/GJR,Unknown,0.9157,0.19348,624,,,,,,,,
MYD/PAI,Asset Management,0.9542,0.19349,624,,,,,,,,
CBFV/HBNC,Banks - Regional,0.895,0.1935,624,,,,,,,,
FNB/MBCN,Banks - Regional,0.8643,0.1935,624,,,,,,,,
ATLO/PBHC,Banks - Regional,0.8292,0.1935,624,,,,,,,,
DGICA/SAFT,Insurance - Property & Casualty,0.8546,0.19353,624,,,,,,,,
EOT/PZC,Asset Management,0.9363,0.19359,624,,,,,,,,
NMI/VKQ,Asset Management,0.9658,0.1936,624,,,,,,,,
MPA/MVF,Asset Management,0.9597,0.19365,624,,,,,,,,
MVT/NNY,Asset Management,0.9337,0.1937,624,,,,,,,,
MFM/OIA,Asset Management,0.9689,0.19374,624,,,,,,,,
NAD/VBF,Asset Management,0.978,0.19375,624,,,,,,,,
MFM/MVT,Asset Management,0.9621,0.19377,624,,,,,,,,
DSM/MMU,Asset Management,0.9803,0.19377,624,,,,,,,,
CTBI/SBFG,Banks - Regional,0.9403,0.19379,624,,,,,,,,
FNLC/SSBI,Banks - Regional,0.8875,0.19381,624,,,,,,,,
CAC/OPOF,Banks - Regional,0.8691,0.19383,624,,,,,,,,
FLIC/FNWD,Banks - Regional,0.8895,0.19385,624,,,,,,,,
BOTJ/HIFS,Banks - Regional,0.9091,0.19386,624,,,,,,,,
MIY/NAN,Asset Management,0.9813,0.1939,624,,,,,,,,
FNLC/PPBI,Banks - Regional,0.9099,0.19391,624,,,,,,,,
LSBK/UVSP,Banks - Regional,0.904,0.19399,624,,,,,,,,
CCBG/MBCN,Banks - Regional,0.9514,0.19401,624,,,,,,,,
MOFG/PBHC,Banks - Regional,0.8958,0.19407,624,,,,,,,,
NXN/PMF,Asset Management,0.8936,0.19414,624,,,,,,,,
HIO/WEA,Asset Management,0.9749,0.19415,624,,,,,,,,
FMN/NAC,Asset Management,0.986,0.19416,624,,,,,,,,
MUC/NXN,Asset Management,0.9497,0.19427,624,,,,,,,,
BSRR/FISI,Banks - Regional,0.9216,0.19431,624,,,,,,,,
JHS/MMT,Asset Management,0.9506,0.19432,624,,,,,,,,
EBTC/HFBL,Banks - Regional,0.8967,0.19433,624,,,,,,,,
MFM/VTN,Asset Management,0.9718,0.19439,624,,,,,,,,
BXMX/ETB,Asset Management,0.9887,0.19441,624,,,,,,,,
AFB/PMO,Asset Management,0.971,0.19452,624,,,,,,,,
BOTJ/CZNC,Banks - Regional,0.9138,0.19452,624,,,,,,,,
BFK/BKN,Asset Management,0.9705,0.19454,624,,,,,,,,
EVN/NMT,Asset Management,0.9591,0.19455,624,,,,,,,,
FCF/SSBI,Banks - Regional,0.8192,0.19467,624,,,,,,,,
CTBI/PFBC,Banks - Regional,0.9709,0.1947,624,,,,,,,,
CMU/NMI,Asset Management,0.9589,0.1947,624,,,,,,,,
CHMG/SFBC,Banks - Regional,0.9582,0.19474,624,,,,,,,,
ORKA/VXRT,Biotechnology,0.9473,0.19474,624,,,,,,,,
MFM/NQP,Asset Management,0.9683,0.19476,624,,,,,,,,
BMRC/LSBK,Banks - Regional,0.8345,0.19479,624,,,,,,,,
CIVB/FMNB,Banks - Regional,0.9721,0.19483,624,,,,,,,,
PCM/PFL,Asset Management,0.9689,0.19485,624,,,,,,,,
KTH/VGSH,Unknown,0.9318,0.19489,624,,,,,,,,
NXC/PAI,Asset Management,0.9523,0.1949,624,,,,,,,,
MUC/VGM,Asset Management,0.9829,0.19494,624,,,,,,,,
MQT/NEA,Asset Management,0.9821,0.19494,624,,,,,,,,
DCOM/HFBL,Banks - Regional,0.8415,0.19498,624,,,,,,,,
NXN/PMX,Asset Management,0.8985,0.19501,624,,,,,,,,
MMU/NAD,Asset Management,0.9503,0.19502,624,,,,,,,,
IIM/PMO,Asset Management,0.9734,0.19504,624,,,,,,,,
IIM/NAN,Asset Management,0.9844,0.19506,624,,,,,,,,
MGYR/SSB,Banks - Regional,0.9594,0.19506,624,,,,,,,,
MQY/NUW,Asset Management,0.9717,0.19515,624,,,,,,,,
BTA/MUJ,Asset Management,0.9874,0.19518,624,,,,,,,,
KTH/SMH,Unknown,0.8489,0.19521,624,,,,,,,,
BANFP/QTEC,Unknown,0.9443,0.19521,624,,,,,,,,
EMB/KTN,Unknown,0.934,0.19523,624,,,,,,,,
BLE/NOM,Asset Management,0.8669,0.1953,624,,,,,,,,
LSBK/UMBF,Banks - Regional,0.8271,0.19535,624,,,,,,,,
ATLO/HOPE,Banks - Regional,0.8705,0.1954,624,,,,,,,,
CXH/MYD,Asset Management,0.987,0.19541,624,,,,,,,,
IIM/IQI,Asset Management,0.9869,0.19543,624,,,,,,,,
BLE/NKX,Asset Management,0.9588,0.19544,624,,,,,,,,
CBFV/QCRH,Banks - Regional,0.9312,0.19545,624,,,,,,,,
LEO/VGM,Asset Management,0.9828,0.19548,624,,,,,,,,
CAC/CWBC,Banks - Regional,0.9544,0.19549,624,,,,,,,,
CBFV/FMNB,Banks - Regional,0.9096,0.19549,624,,,,,,,,
CBU/NEWT,Banks - Regional,0.9265,0.1955,624,,,,,,,,
BLW/MMT,Asset Management,0.9794,0.1955,624,,,,,,,,
EOT/NAN,Asset Management,0.9707,0.19552,624,,,,,,,,
FFBC/WSFS,Banks - Regional,0.9648,0.19555,624,,,,,,,,
DSM/NRK,Asset Management,0.9588,0.19557,624,,,,,,,,
HIO/HIX,Asset Management,0.9697,0.19558,624,,,,,,,,
BTZ/VBF,Asset Management,0.9866,0.19559,624,,,,,,,,
CHMG/LSBK,Banks - Regional,0.8547,0.19561,624,,,,,,,,
IIM/PMM,Asset Management,0.9751,0.19562,624,,,,,,,,
NKSH/PEBK,Banks - Regional,0.9135,0.19565,624,,,,,,,,
DCOM/EFSC,Banks - Regional,0.8968,0.19567,624,,,,,,,,
BFK/LEO,Asset Management,0.9894,0.19567,624,,,,,,,,
HWC/PBHC,Banks - Regional,0.8432,0.19575,624,,,,,,,,
MPA/NMI,Asset Management,0.9599,0.19576,624,,,,,,,,
FCCO/SMBK,Banks - Regional,0.962,0.19578,624,,,,,,,,
MHF/VMO,Asset Management,0.9512,0.1958,624,,,,,,,,
PCN/PTY,Asset Management,0.9917,0.1958,624,,,,,,,,
EBTC/WTFC,Banks - Regional,0.9101,0.19581,624,,,,,,,,
MTB/SFBC,Banks - Regional,0.9433,0.19581,624,,,,,,,,
CATY/SNV,Banks - Regional,0.9628,0.19588,624,,,,,,,,
MHD/NRK,Asset Management,0.9536,0.19589,624,,,,,,,,
BANFP/ONEQ,Unknown,0.9474,0.1959,624,,,,,,,,
KTN/USIG,Unknown,0.9649,0.1959,624,,,,,,,,
IGI/PNF,Asset Management,0.8852,0.19594,624,,,,,,,,
MBCN/SSBI,Banks - Regional,0.868,0.19594,624,,,,,,,,
NRK/PMM,Asset Management,0.9844,0.19597,624,,,,,,,,
BYM/NMI,Asset Management,0.9649,0.19598,624,,,,,,,,
MPA/NXJ,Asset Management,0.9812,0.19599,624,,,,,,,,
FNLC/MBWM,Banks - Regional,0.9433,0.19601,624,,,,,,,,
MMU/MQT,Asset Management,0.9591,0.19602,624,,,,,,,,
CTBI/FCF,Banks - Regional,0.9761,0.19603,624,,,,,,,,
CZNC/RVSB,Banks - Regional,0.8977,0.19603,624,,,,,,,,
ASB/WNEB,Banks - Regional,0.9062,0.19609,624,,,,,,,,
LKFN/UBCP,Banks - Regional,0.9754,0.1961,624,,,,,,,,
NXJ/PMM,Asset Management,0.9874,0.1961,624,,,,,,,,
BPOPM/JSM,Unknown,0.9578,0.1961,624,,,,,,,,
NXN/PNI,Asset Management,0.8148,0.19611,624,,,,,,,,
EFR/JQC,Asset Management,0.9716,0.19611,624,,,,,,,,
BNY/NUW,Asset Management,0.9415,0.19612,624,,,,,,,,
LSBK/MPB,Banks - Regional,0.9078,0.19617,624,,,,,,,,
FFBC/OVLY,Banks - Regional,0.8992,0.19617,624,,,,,,,,
CZWI/SNV,Banks - Regional,0.9639,0.19623,624,,,,,,,,
DCOM/WSFS,Banks - Regional,0.9179,0.19625,624,,,,,,,,
CIVB/DCOM,Banks - Regional,0.9209,0.1963,624,,,,,,,,
EVF/PHD,Asset Management,0.9877,0.1963,624,,,,,,,,
DSM/PAI,Asset Management,0.9432,0.19632,624,,,,,,,,
CZWI/FMNB,Banks - Regional,0.9326,0.19634,624,,,,,,,,
EBTC/SSBI,Banks - Regional,0.8359,0.19635,624,,,,,,,,
CXH/MHF,Asset Management,0.9592,0.19636,624,,,,,,,,
BCAL/PKBK,Banks - Regional,0.9337,0.19636,624,,,,,,,,
HBCP/UNTY,Banks - Regional,0.946,0.1964,624,,,,,,,,
NIM/NMZ,Asset Management,0.9782,0.19641,624,,,,,,,,
EOS/NIE,Asset Management,0.9964,0.19642,624,,,,,,,,
PLBC/SBFG,Banks - Regional,0.9126,0.19652,624,,,,,,,,
NXN/PCQ,Asset Management,0.8053,0.19656,624,,,,,,,,
FULT/HWBK,Banks - Regional,0.9309,0.19658,624,,,,,,,,
AUB/WSFS,Banks - Regional,0.9743,0.19658,624,,,,,,,,
BOTJ/OCFC,Banks - Regional,0.8949,0.19662,624,,,,,,,,
BCAL/TOWN,Banks - Regional,0.9174,0.19664,624,,,,,,,,
CCNE/CFFI,Banks - Regional,0.8625,0.19668,624,,,,,,,,
NAD/NIM,Asset Management,0.9846,0.19669,624,,,,,,,,
DSM/NZF,Asset Management,0.9516,0.1967,624,,,,,,,,
IIM/NMZ,Asset Management,0.9832,0.1967,624,,,,,,,,
FFBC/PBHC,Banks - Regional,0.9013,0.19671,624,,,,,,,,
ATLO/UNB,Banks - Regional,0.8663,0.19673,624,,,,,,,,
AFB/VBF,Asset Management,0.9552,0.19677,624,,,,,,,,
MHF/NVG,Asset Management,0.9582,0.19682,624,,,,,,,,
MBWM/SFBC,Banks - Regional,0.9712,0.19683,624,,,,,,,,
BDX/TFX,Medical Instruments & Supplies,0.8882,0.1969,624,,,,,,,,
HPI/NXN,Asset Management,0.954,0.19691,624,,,,,,,,
HOLX/RGEN,Medical Instruments & Supplies,0.9286,0.19691,624,,,,,,,,
ASB/CWBC,Banks - Regional,0.9318,0.19692,624,,,,,,,,
MHD/MYI,Asset Management,0.9675,0.19694,624,,,,,,,,
AROW/SFBC,Banks - Regional,0.9054,0.19695,624,,,,,,,,
CBFV/WNEB,Banks - Regional,0.8627,0.19697,624,,,,,,,,
FCF/HBNC,Banks - Regional,0.9245,0.197,624,,,,,,,,
MYI/VBF,Asset Management,0.9598,0.19706,624,,,,,,,,
SFBC/WBS,Banks - Regional,0.9377,0.19708,624,,,,,,,,
BOH/UNB,Banks - Regional,0.8371,0.19708,624,,,,,,,,
MHN/MPA,Asset Management,0.9723,0.19711,624,,,,,,,,
BCAL/ZION,Banks - Regional,0.8828,0.19714,624,,,,,,,,
FCF/SMBK,Banks - Regional,0.9675,0.19716,624,,,,,,,,
FITB/SFBC,Banks - Regional,0.9481,0.19725,624,,,,,,,,
WNEB/WSBC,Banks - Regional,0.8872,0.19731,624,,,,,,,,
BMRC/FDBC,Banks - Regional,0.8038,0.19734,624,,,,,,,,
NMI/VMO,Asset Management,0.9655,0.19736,624,,,,,,,,
NVG/VBF,Asset Management,0.9766,0.19738,624,,,,,,,,
CMU/PNF,Asset Management,0.9378,0.19739,624,,,,,,,,
AROW/FNWD,Banks - Regional,0.9288,0.19739,624,,,,,,,,
CWBC/FFIC,Banks - Regional,0.8179,0.1974,624,,,,,,,,
PWOD/SFBC,Banks - Regional,0.8385,0.19747,624,,,,,,,,
ASB/HBCP,Banks - Regional,0.9592,0.19747,624,,,,,,,,
KTH/SHY,Unknown,0.9273,0.19749,624,,,,,,,,
ASRV/HFBL,Banks - Regional,0.886,0.1975,624,,,,,,,,
MBWM/UNTY,Banks - Regional,0.9599,0.19759,624,,,,,,,,
IGI/NXJ,Asset Management,0.964,0.19761,624,,,,,,,,
NMI/VGM,Asset Management,0.9703,0.19769,624,,,,,,,,
IGI/PFD,Asset Management,0.9631,0.1977,624,,,,,,,,
FLC/PFD,Asset Management,0.9826,0.19771,624,,,,,,,,
MHD/MUJ,Asset Management,0.9504,0.19775,624,,,,,,,,
BUSE/SMBK,Banks - Regional,0.9349,0.19779,624,,,,,,,,
INDB/NEWT,Banks - Regional,0.8907,0.1978,624,,,,,,,,
CXE/NNY,Asset Management,0.9559,0.19784,624,,,,,,,,
MYN/NXN,Asset Management,0.9615,0.19786,624,,,,,,,,
MVF/PMM,Asset Management,0.9375,0.19789,624,,,,,,,,
MBWM/SMBC,Banks - Regional,0.9682,0.1979,624,,,,,,,,
CAC/WAFD,Banks - Regional,0.9653,0.19793,624,,,,,,,,
MYI/NOM,Asset Management,0.8074,0.19796,624,,,,,,,,
CAC/CBU,Banks - Regional,0.9695,0.19799,624,,,,,,,,
CFR/MPB,Banks - Regional,0.928,0.198,624,,,,,,,,
NBTB/OPOF,Banks - Regional,0.8287,0.19804,624,,,,,,,,
BTA/NUV,Asset Management,0.9802,0.19805,624,,,,,,,,
EBTC/FSFG,Banks - Regional,0.9421,0.19809,624,,,,,,,,
FFIC/WASH,Banks - Regional,0.9301,0.1981,624,,,,,,,,
ESSA/MGYR,Banks - Regional,0.9187,0.19817,624,,,,,,,,
ATLO/WAFD,Banks - Regional,0.8648,0.19822,624,,,,,,,,
PWOD/USB,Banks - Regional,0.8227,0.19822,624,,,,,,,,
BCAL/RF,Banks - Regional,0.9014,0.19823,624,,,,,,,,
FMN/MVF,Asset Management,0.9828,0.19828,624,,,,,,,,
PCF/RVT,Asset Management,0.9832,0.19829,624,,,,,,,,
IGI/MHN,Asset Management,0.9579,0.1983,624,,,,,,,,
OIA/PNF,Asset Management,0.8679,0.19837,624,,,,,,,,
BFK/MIY,Asset Management,0.9568,0.19838,624,,,,,,,,
WAL/WTBA,Banks - Regional,0.9484,0.19847,624,,,,,,,,
BANFP/PEY,Unknown,0.976,0.19848,624,,,,,,,,
CTBI/SRCE,Banks - Regional,0.9851,0.19855,624,,,,,,,,
CZWI/FFIC,Banks - Regional,0.8415,0.1986,624,,,,,,,,
BTA/PML,Asset Management,0.912,0.19861,624,,,,,,,,
FULT/SMBC,Banks - Regional,0.957,0.1987,624,,,,,,,,
AUB/CAC,Banks - Regional,0.9586,0.19874,624,,,,,,,,
MYD/PMX,Asset Management,0.958,0.19878,624,,,,,,,,
NCA/NNY,Asset Management,0.9805,0.1988,624,,,,,,,,
CAC/TRMK,Banks - Regional,0.9604,0.19883,624,,,,,,,,
BOKF/OVLY,Banks - Regional,0.916,0.19889,624,,,,,,,,
MMU/PNI,Asset Management,0.9205,0.19892,624,,,,,,,,
EBTC/IBCP,Banks - Regional,0.9083,0.19895,624,,,,,,,,
PBHC/PGC,Banks - Regional,0.9385,0.19896,624,,,,,,,,
MHF/NMT,Asset Management,0.9277,0.19897,624,,,,,,,,
EVN/MVT,Asset Management,0.9575,0.19903,624,,,,,,,,
EOT/PMF,Asset Management,0.9349,0.19903,624,,,,,,,,
MHN/NXN,Asset Management,0.9542,0.19906,624,,,,,,,,
MSD/WEA,Asset Management,0.9387,0.19909,624,,,,,,,,
HIX/JHI,Asset Management,0.9762,0.19909,624,,,,,,,,
FFBC/TSBK,Banks - Regional,0.9475,0.1991,624,,,,,,,,
IBOC/NECB,Banks - Regional,0.9411,0.19912,624,,,,,,,,
MVO/NRT,Oil & Gas E&P,0.8132,0.19915,624,,,,,,,,
EVN/NUV,Asset Management,0.9792,0.19917,624,,,,,,,,
NUW/OIA,Asset Management,0.9675,0.19917,624,,,,,,,,
JMM/JPC,Asset Management,0.9852,0.19921,624,,,,,,,,
FMN/NNY,Asset Management,0.9598,0.19923,624,,,,,,,,
CWBC/PFS,Banks - Regional,0.9382,0.19924,624,,,,,,,,
RF/SBFG,Banks - Regional,0.9144,0.19924,624,,,,,,,,
BLE/PMO,Asset Management,0.9361,0.19925,624,,,,,,,,
LKFN/PBHC,Banks - Regional,0.9293,0.19931,624,,,,,,,,
PB/SFBC,Banks - Regional,0.946,0.19932,624,,,,,,,,
PMM/VGM,Asset Management,0.9786,0.19935,624,,,,,,,,
SMBK/TOWN,Banks - Regional,0.9695,0.19935,624,,,,,,,,
BANFP/FTC,Unknown,0.9587,0.19938,624,,,,,,,,
MYN/NOM,Asset Management,0.8505,0.19939,624,,,,,,,,
COLB/WTBA,Banks - Regional,0.8857,0.19944,624,,,,,,,,
FITB/LSBK,Banks - Regional,0.8067,0.19945,624,,,,,,,,
BANR/FSFG,Banks - Regional,0.9274,0.19947,624,,,,,,,,
FMNB/WTBA,Banks - Regional,0.9632,0.19948,624,,,,,,,,
FSFG/LSBK,Banks - Regional,0.9143,0.19952,624,,,,,,,,
MHF/MYI,Asset Management,0.9639,0.19954,624,,,,,,,,
BTA/NIM,Asset Management,0.9767,0.19959,624,,,,,,,,
BANFP/VGSH,Unknown,0.9216,0.19959,624,,,,,,,,
FNB/ISBA,Banks - Regional,0.8826,0.19968,624,,,,,,,,
FNWD/INDB,Banks - Regional,0.9399,0.1997,624,,,,,,,,
CBSH/FSFG,Banks - Regional,0.9646,0.1997,624,,,,,,,,
FNB/PEBK,Banks - Regional,0.8613,0.1998,624,,,,,,,,
IQI/NAN,Asset Management,0.9925,0.19987,624,,,,,,,,
NIM/PFO,Asset Management,0.9672,0.19988,624,,,,,,,,
MMU/VGM,Asset Management,0.9645,0.1999,624,,,,,,,,
ATLO/SBSI,Banks - Regional,0.8587,0.19992,624,,,,,,,,
BOTJ/GABC,Banks - Regional,0.9339,0.2,624,,,,,,,,
CWBC/FNWD,Banks - Regional,0.9009,0.20001,624,,,,,,,,
CMU/VBF,Asset Management,0.9182,0.20002,624,,,,,,,,
BOTJ/PFBC,Banks - Regional,0.9029,0.20004,624,,,,,,,,
MQT/MUE,Asset Management,0.991,0.20005,624,,,,,,,,
DCOM/RVSB,Banks - Regional,0.8847,0.20007,624,,,,,,,,
BTZ/MMT,Asset Management,0.9935,0.20009,624,,,,,,,,
BPOPM/PFM,Unknown,0.9435,0.2001,624,,,,,,,,
KTH/VCSH,Unknown,0.9794,0.20016,624,,,,,,,,
BANFP/SMH,Unknown,0.8785,0.2002,624,,,,,,,,
BLE/NMT,Asset Management,0.9572,0.20022,624,,,,,,,,
PMO/VKQ,Asset Management,0.9746,0.20024,624,,,,,,,,
FCF/FNWD,Banks - Regional,0.8032,0.20029,624,,,,,,,,
OIA/RFI,Asset Management,0.9288,0.20032,624,,,,,,,,
FFBC/WNEB,Banks - Regional,0.9069,0.20034,624,,,,,,,,
CXE/IQI,Asset Management,0.972,0.20036,624,,,,,,,,
MMU/MQY,Asset Management,0.958,0.20037,624,,,,,,,,
PFL/PTY,Asset Management,0.9902,0.20039,624,,,,,,,,
MPA/NXC,Asset Management,0.9587,0.2004,624,,,,,,,,
MFM/NMI,Asset Management,0.9691,0.20044,624,,,,,,,,
FUNC/PEBK,Banks - Regional,0.8869,0.20044,624,,,,,,,,
KTF/MVF,Asset Management,0.9757,0.20045,624,,,,,,,,
FCCO/WSBC,Banks - Regional,0.9271,0.20047,624,,,,,,,,
CADE/CWBC,Banks - Regional,0.9186,0.20047,624,,,,,,,,
CADE/MPB,Banks - Regional,0.9257,0.20048,624,,,,,,,,
BTO/NTRS,Asset Management,0.97,0.20048,624,,,,,,,,
CATY/SSBI,Banks - Regional,0.8405,0.20049,624,,,,,,,,
MQT/VKQ,Asset Management,0.9871,0.2005,624,,,,,,,,
BOTJ/INDB,Banks - Regional,0.9184,0.20052,624,,,,,,,,
PWOD/WAFD,Banks - Regional,0.816,0.20053,624,,,,,,,,
IBOC/SMBC,Banks - Regional,0.9516,0.20054,624,,,,,,,,
NIM/NZF,Asset Management,0.9755,0.20073,624,,,,,,,,
COLB/EBMT,Banks - Regional,0.9025,0.20076,624,,,,,,,,
CBFV/WSFS,Banks - Regional,0.9249,0.20078,624,,,,,,,,
BOTJ/KEY,Banks - Regional,0.9415,0.20079,624,,,,,,,,
BANFP/PNQI,Unknown,0.8926,0.20079,624,,,,,,,,
OIA/PMO,Asset Management,0.9756,0.20084,624,,,,,,,,
NAC/NCA,Asset Management,0.9788,0.20091,624,,,,,,,,
PCF/PCN,Asset Management,0.974,0.20096,624,,,,,,,,
CHMG/UNTY,Banks - Regional,0.9341,0.20098,624,,,,,,,,
EVN/NOM,Asset Management,0.8233,0.20099,624,,,,,,,,
BNY/FMN,Asset Management,0.9721,0.2011,624,,,,,,,,
IBOC/OVLY,Banks - Regional,0.9513,0.20115,624,,,,,,,,
MGYR/PEBK,Banks - Regional,0.949,0.20115,624,,,,,,,,
LSBK/OCFC,Banks - Regional,0.9101,0.20115,624,,,,,,,,
GLAD/SAR,Asset Management,0.96,0.20116,624,,,,,,,,
SBFG/SNV,Banks - Regional,0.9326,0.20117,624,,,,,,,,
FFC/JHS,Asset Management,0.9808,0.20118,624,,,,,,,,
MQT/NUW,Asset Management,0.9736,0.20119,624,,,,,,,,
CWBC/OCFC,Banks - Regional,0.9176,0.20124,624,,,,,,,,
MHF/NXP,Asset Management,0.9627,0.20125,624,,,,,,,,
DCOM/MOFG,Banks - Regional,0.9262,0.20126,624,,,,,,,,
FSFG/HBNC,Banks - Regional,0.9547,0.20128,624,,,,,,,,
LSTA/WINT,Biotechnology,0.8405,0.20132,624,,,,,,,,
BCAL/CHMG,Banks - Regional,0.9091,0.20132,624,,,,,,,,
CADE/OVLY,Banks - Regional,0.8641,0.20143,624,,,,,,,,
MGYR/PKBK,Banks - Regional,0.9384,0.20144,624,,,,,,,,
IIM/NXN,Asset Management,0.9698,0.20146,624,,,,,,,,
CZWI/DCOM,Banks - Regional,0.9217,0.20146,624,,,,,,,,
NBTB/SMBK,Banks - Regional,0.9611,0.20147,624,,,,,,,,
CXH/VBF,Asset Management,0.9568,0.20147,624,,,,,,,,
NAC/NIM,Asset Management,0.9605,0.20148,624,,,,,,,,
BTA/IQI,Asset Management,0.9816,0.20149,624,,,,,,,,
CTBI/CZWI,Banks - Regional,0.9422,0.20154,624,,,,,,,,
CAC/PB,Banks - Regional,0.9484,0.20156,624,,,,,,,,
CBFV/DCOM,Banks - Regional,0.8265,0.20164,624,,,,,,,,
SBSI/SFBC,Banks - Regional,0.9367,0.20175,624,,,,,,,,
BFZ/SBI,Asset Management,0.9855,0.20178,624,,,,,,,,
BCAL/UVSP,Banks - Regional,0.8795,0.20178,624,,,,,,,,
ONB/USB,Banks - Regional,0.9002,0.20181,624,,,,,,,,
MMU/VTN,Asset Management,0.9728,0.20182,624,,,,,,,,
DTF/MVT,Asset Management,0.9717,0.20183,624,,,,,,,,
LSBK/OVBC,Banks - Regional,0.8646,0.20183,624,,,,,,,,
ATLO/PPBI,Banks - Regional,0.9174,0.20185,624,,,,,,,,
IIM/VKQ,Asset Management,0.9831,0.20188,624,,,,,,,,
JMM/OIA,Asset Management,0.9759,0.2019,624,,,,,,,,
EVN/MYI,Asset Management,0.9913,0.20191,624,,,,,,,,
CIVB/RVSB,Banks - Regional,0.9535,0.20197,624,,,,,,,,
FNB/MBWM,Banks - Regional,0.9309,0.20204,624,,,,,,,,
BFK/NQP,Asset Management,0.9468,0.20205,624,,,,,,,,
IRD/PALI,Biotechnology,0.8043,0.20207,624,,,,,,,,
DGICA/RLI,Insurance - Property & Casualty,0.8961,0.2022,624,,,,,,,,
BRKL/SFBC,Banks - Regional,0.819,0.20224,624,,,,,,,,
LEO/MHN,Asset Management,0.9843,0.20229,624,,,,,,,,
THFF/UNTY,Banks - Regional,0.9252,0.20229,624,,,,,,,,
CBFV/RNST,Banks - Regional,0.8499,0.20233,624,,,,,,,,
MIY/NVG,Asset Management,0.9832,0.20234,624,,,,,,,,
CZWI/SMBK,Banks - Regional,0.9477,0.20239,624,,,,,,,,
CZWI/USB,Banks - Regional,0.9406,0.20242,624,,,,,,,,
CBFV/HIFS,Banks - Regional,0.8124,0.20243,624,,,,,,,,
EVN/VKQ,Asset Management,0.9823,0.20245,624,,,,,,,,
PKBK/SHBI,Banks - Regional,0.9267,0.20245,624,,,,,,,,
ASB/PEBK,Banks - Regional,0.9368,0.20246,624,,,,,,,,
FCCO/RNST,Banks - Regional,0.9157,0.20247,624,,,,,,,,
CAC/FRST,Banks - Regional,0.8782,0.20251,624,,,,,,,,
IGI/VCV,Asset Management,0.9647,0.20252,624,,,,,,,,
ASRV/FFIC,Banks - Regional,0.89,0.20252,624,,,,,,,,
CCNE/HFBL,Banks - Regional,0.8959,0.20254,624,,,,,,,,
FMN/MUJ,Asset Management,0.967,0.20257,624,,,,,,,,
CXH/PAI,Asset Management,0.9697,0.20257,624,,,,,,,,
MVT/VKQ,Asset Management,0.9511,0.20262,624,,,,,,,,
MYN/NAD,Asset Management,0.979,0.20263,624,,,,,,,,
FULT/ORRF,Banks - Regional,0.8031,0.20269,624,,,,,,,,
BOH/SBFG,Banks - Regional,0.9329,0.2027,624,,,,,,,,
KTN/VGSH,Unknown,0.9245,0.20274,624,,,,,,,,
MFM/PMX,Asset Management,0.9522,0.20274,624,,,,,,,,
DTF/NXC,Asset Management,0.929,0.20287,624,,,,,,,,
ASRV/CWBC,Banks - Regional,0.8522,0.20288,624,,,,,,,,
BCAL/CHCO,Banks - Regional,0.8578,0.20291,624,,,,,,,,
MHF/MMU,Asset Management,0.9253,0.20292,624,,,,,,,,
BOH/FISI,Banks - Regional,0.9529,0.20292,624,,,,,,,,
FCCO/PFS,Banks - Regional,0.9176,0.20303,624,,,,,,,,
ASB/VABK,Banks - Regional,0.9173,0.20309,624,,,,,,,,
CMU/PML,Asset Management,0.9532,0.2031,624,,,,,,,,
BTA/PAI,Asset Management,0.9714,0.20312,624,,,,,,,,
KTH/PFF,Unknown,0.9731,0.20313,624,,,,,,,,
BOTJ/PBHC,Banks - Regional,0.9208,0.20313,624,,,,,,,,
FCCO/WTBA,Banks - Regional,0.9298,0.20314,624,,,,,,,,
DCOM/PKBK,Banks - Regional,0.8808,0.20317,624,,,,,,,,
CAC/SMBK,Banks - Regional,0.9431,0.20317,624,,,,,,,,
BKT/IGI,Asset Management,0.9563,0.20318,624,,,,,,,,
LEO/NXC,Asset Management,0.952,0.2032,624,,,,,,,,
BSET/MHK,"Furnishings, Fixtures & Appliances",0.8752,0.20321,624,,,,,,,,
PMO/VCV,Asset Management,0.9605,0.20323,624,,,,,,,,
MUC/NUW,Asset Management,0.9643,0.20324,624,,,,,,,,
AROW/CZWI,Banks - Regional,0.905,0.20327,624,,,,,,,,
NXP/VBF,Asset Management,0.9818,0.20329,624,,,,,,,,
NMI/NQP,Asset Management,0.9573,0.20335,624,,,,,,,,
NMI/VTN,Asset Management,0.9647,0.20337,624,,,,,,,,
NEA/NUV,Asset Management,0.9869,0.20339,624,,,,,,,,
BANR/PGC,Banks - Regional,0.9304,0.2034,624,,,,,,,,
CADE/FNWD,Banks - Regional,0.8121,0.20349,624,,,,,,,,
CXE/NMI,Asset Management,0.9466,0.20349,624,,,,,,,,
BHK/GDO,Asset Management,0.9861,0.2035,624,,,,,,,,
BRKL/CBAN,Banks - Regional,0.9305,0.20351,624,,,,,,,,
MHD/PMO,Asset Management,0.9327,0.20351,624,,,,,,,,
KYN/TYG,Asset Management,0.8011,0.20355,624,,,,,,,,
AFB/CXH,Asset Management,0.9849,0.20357,624,,,,,,,,
BRW/EFR,Asset Management,0.957,0.20362,624,,,,,,,,
ASB/CIVB,Banks - Regional,0.9161,0.20364,624,,,,,,,,
EFSC/PBHC,Banks - Regional,0.9454,0.20367,624,,,,,,,,
BSRR/MGYR,Banks - Regional,0.9257,0.20368,624,,,,,,,,
CCNE/PEBK,Banks - Regional,0.9399,0.2037,624,,,,,,,,
MFM/PML,Asset Management,0.9478,0.20371,624,,,,,,,,
COFS/PLBC,Banks - Regional,0.9089,0.20373,624,,,,,,,,
PFS/SBFG,Banks - Regional,0.9001,0.20376,624,,,,,,,,
MPA/NVG,Asset Management,0.9764,0.20378,624,,,,,,,,
BLE/MUJ,Asset Management,0.9477,0.20385,624,,,,,,,,
CATY/HTBK,Banks - Regional,0.9063,0.20386,624,,,,,,,,
NRIM/TSBK,Banks - Regional,0.8431,0.20387,624,,,,,,,,
NUV/NXP,Asset Management,0.9706,0.20388,624,,,,,,,,
DSM/PMM,Asset Management,0.9442,0.2039,624,,,,,,,,
BUSE/PBHC,Banks - Regional,0.9147,0.20393,624,,,,,,,,
CAPR/PSTV,Biotechnology,0.8585,0.20393,624,,,,,,,,
CATY/PEBK,Banks - Regional,0.9518,0.20402,624,,,,,,,,
BUSE/WASH,Banks - Regional,0.9017,0.20402,624,,,,,,,,
MFM/MIY,Asset Management,0.9698,0.20402,624,,,,,,,,
BTA/PMX,Asset Management,0.9074,0.20404,624,,,,,,,,
SLS/XOMA,Biotechnology,0.8685,0.20407,624,,,,,,,,
CBFV/IBOC,Banks - Regional,0.8963,0.20409,624,,,,,,,,
NNY/NQP,Asset Management,0.9714,0.20411,624,,,,,,,,
EVN/MUC,Asset Management,0.979,0.20411,624,,,,,,,,
AUB/FSFG,Banks - Regional,0.9373,0.20412,624,,,,,,,,
MUC/VMO,Asset Management,0.9815,0.20412,624,,,,,,,,
CTBI/SMBC,Banks - Regional,0.9583,0.20414,624,,,,,,,,
BANR/FNWD,Banks - Regional,0.8341,0.20414,624,,,,,,,,
IQI/NZF,Asset Management,0.989,0.20415,624,,,,,,,,
ESSA/HFBL,Banks - Regional,0.821,0.20416,624,,,,,,,,
ABCB/WSFS,Banks - Regional,0.9828,0.20419,624,,,,,,,,
BLE/IIM,Asset Management,0.963,0.20421,624,,,,,,,,
FMBH/FSFG,Banks - Regional,0.9646,0.20427,624,,,,,,,,
BKT/BYM,Asset Management,0.9602,0.20428,624,,,,,,,,
IGI/TSI,Asset Management,0.9268,0.20429,624,,,,,,,,
EMD/WEA,Asset Management,0.9298,0.2043,624,,,,,,,,
EVN/MYD,Asset Management,0.9793,0.20434,624,,,,,,,,
MHD/MHF,Asset Management,0.9084,0.20434,624,,,,,,,,
BKN/NQP,Asset Management,0.9678,0.20438,624,,,,,,,,
FBNC/OVLY,Banks - Regional,0.8965,0.2044,624,,,,,,,,
HBCP/PBHC,Banks - Regional,0.9314,0.20448,624,,,,,,,,
FULT/HBCP,Banks - Regional,0.971,0.20452,624,,,,,,,,
CXE/PMX,Asset Management,0.9733,0.20453,624,,,,,,,,
FULT/WNEB,Banks - Regional,0.8796,0.20455,624,,,,,,,,
EFSC/LSBK,Banks - Regional,0.9109,0.20455,624,,,,,,,,
CXE/PML,Asset Management,0.9705,0.20456,624,,,,,,,,
BCAL/UCB,Banks - Regional,0.9244,0.20461,624,,,,,,,,
NUV/VCV,Asset Management,0.9719,0.20472,624,,,,,,,,
ASRV/HTBK,Banks - Regional,0.8934,0.20482,624,,,,,,,,
BND/MBB,Unknown,0.986,0.20494,624,,,,,,,,
CBSH/SBCF,Banks - Regional,0.967,0.20498,624,,,,,,,,
BYM/NAZ,Asset Management,0.9656,0.20498,624,,,,,,,,
BKN/NAZ,Asset Management,0.9569,0.20499,624,,,,,,,,
WASH/WBS,Banks - Regional,0.8975,0.20499,624,,,,,,,,
SNV/WSFS,Banks - Regional,0.9688,0.20502,624,,,,,,,,
NAN/VMO,Asset Management,0.9878,0.20504,624,,,,,,,,
MPA/VCV,Asset Management,0.9757,0.20509,624,,,,,,,,
SHBI/WASH,Banks - Regional,0.8835,0.20512,624,,,,,,,,
BOTJ/CADE,Banks - Regional,0.9311,0.20519,624,,,,,,,,
CAC/SFST,Banks - Regional,0.9487,0.20519,624,,,,,,,,
HWBK/PKBK,Banks - Regional,0.948,0.20529,624,,,,,,,,
COLB/PBHC,Banks - Regional,0.8078,0.20533,624,,,,,,,,
CMU/VKQ,Asset Management,0.968,0.20538,624,,,,,,,,
HYT/TSI,Asset Management,0.9668,0.20539,624,,,,,,,,
EVN/NXN,Asset Management,0.9735,0.2054,624,,,,,,,,
FULT/OCFC,Banks - Regional,0.8503,0.20543,624,,,,,,,,
CZNC/SBFG,Banks - Regional,0.9322,0.20544,624,,,,,,,,
CCNE/FCCO,Banks - Regional,0.945,0.20545,624,,,,,,,,
UCB/WASH,Banks - Regional,0.8522,0.20548,624,,,,,,,,
BANFP/PUI,Unknown,0.9744,0.20549,624,,,,,,,,
EVN/NAZ,Asset Management,0.9712,0.20551,624,,,,,,,,
MFM/PMO,Asset Management,0.9587,0.20552,624,,,,,,,,
BRKL/EBTC,Banks - Regional,0.9069,0.20554,624,,,,,,,,
CXH/LEO,Asset Management,0.9773,0.2056,624,,,,,,,,
BLE/VMO,Asset Management,0.9717,0.2056,624,,,,,,,,
NEA/NQP,Asset Management,0.9873,0.20562,624,,,,,,,,
DCOM/SFNC,Banks - Regional,0.9387,0.20562,624,,,,,,,,
BANFP/SHY,Unknown,0.9148,0.20565,624,,,,,,,,
NUV/NXC,Asset Management,0.9714,0.20571,624,,,,,,,,
BSRR/HWBK,Banks - Regional,0.9325,0.20573,624,,,,,,,,
MHF/MUJ,Asset Management,0.9631,0.20576,624,,,,,,,,
MHF/SBI,Asset Management,0.952,0.2058,624,,,,,,,,
DE/LNN,Farm & Heavy Construction Machinery,0.9097,0.20581,624,,,,,,,,
FBIZ/MPB,Banks - Regional,0.8308,0.20581,624,,,,,,,,
LEO/MUJ,Asset Management,0.9652,0.20582,624,,,,,,,,
CAC/WTBA,Banks - Regional,0.9581,0.20583,624,,,,,,,,
CXH/NUV,Asset Management,0.9761,0.20583,624,,,,,,,,
BOTJ/MOFG,Banks - Regional,0.9108,0.20583,624,,,,,,,,
EVN/NKX,Asset Management,0.989,0.20596,624,,,,,,,,
FNLC/PFS,Banks - Regional,0.9087,0.20605,624,,,,,,,,
DCOM/OCFC,Banks - Regional,0.9078,0.20607,624,,,,,,,,
BTA/KTF,Asset Management,0.8824,0.20609,624,,,,,,,,
COFS/NRIM,Banks - Regional,0.8512,0.20611,624,,,,,,,,
ATLO/PKBK,Banks - Regional,0.8206,0.20613,624,,,,,,,,
CTBI/FFBC,Banks - Regional,0.954,0.20614,624,,,,,,,,
DSM/MYD,Asset Management,0.9892,0.20615,624,,,,,,,,
MFM/VPV,Asset Management,0.9727,0.20616,624,,,,,,,,
IBOC/MBWM,Banks - Regional,0.9684,0.20617,624,,,,,,,,
DCOM/HTBK,Banks - Regional,0.9236,0.2062,624,,,,,,,,
CBU/FNWD,Banks - Regional,0.9232,0.20625,624,,,,,,,,
FCCO/FNWD,Banks - Regional,0.8683,0.20628,624,,,,,,,,
IGI/VGM,Asset Management,0.971,0.20631,624,,,,,,,,
BANR/CZWI,Banks - Regional,0.949,0.20635,624,,,,,,,,
IGI/MYD,Asset Management,0.9691,0.20639,624,,,,,,,,
BCML/OVBC,Banks - Regional,0.8935,0.20641,624,,,,,,,,
EBTC/PKBK,Banks - Regional,0.942,0.20644,624,,,,,,,,
NUW/VTN,Asset Management,0.9658,0.20648,624,,,,,,,,
CTBI/OCFC,Banks - Regional,0.8271,0.20649,624,,,,,,,,
DGICA/HCI,Insurance - Property & Casualty,0.8486,0.20654,624,,,,,,,,
RF/SSBI,Banks - Regional,0.823,0.20663,624,,,,,,,,
MQT/VMO,Asset Management,0.9863,0.20665,624,,,,,,,,
IBCP/LSBK,Banks - Regional,0.852,0.20665,624,,,,,,,,
CZWI/FRST,Banks - Regional,0.8934,0.20669,624,,,,,,,,
MHD/NCA,Asset Management,0.9595,0.20672,624,,,,,,,,
FBIZ/MGYR,Banks - Regional,0.9242,0.20675,624,,,,,,,,
BTA/IIM,Asset Management,0.9737,0.20676,624,,,,,,,,
NXP/PMO,Asset Management,0.9668,0.20677,624,,,,,,,,
CBFV/UNTY,Banks - Regional,0.917,0.20679,624,,,,,,,,
BCAL/MBWM,Banks - Regional,0.8607,0.20684,624,,,,,,,,
SMBK/WASH,Banks - Regional,0.8297,0.20686,624,,,,,,,,
EBTC/PGC,Banks - Regional,0.9435,0.20691,624,,,,,,,,
BOH/FSFG,Banks - Regional,0.934,0.20697,624,,,,,,,,
MQT/NAC,Asset Management,0.9861,0.20698,624,,,,,,,,
MFM/MPA,Asset Management,0.9703,0.207,624,,,,,,,,
DJCO/ROP,Software - Application,0.9157,0.20701,624,,,,,,,,
MBCN/SBFG,Banks - Regional,0.9334,0.20703,624,,,,,,,,
GJH/PFF,Unknown,0.9696,0.20706,624,,,,,,,,
NUW/SBI,Asset Management,0.9755,0.20709,624,,,,,,,,
BYM/NPV,Asset Management,0.9271,0.20709,624,,,,,,,,
LSTA/PSTV,Biotechnology,0.9203,0.20709,624,,,,,,,,
CAC/UCB,Banks - Regional,0.9343,0.2072,624,,,,,,,,
HBNC/MPB,Banks - Regional,0.953,0.2072,624,,,,,,,,
ASB/WSBC,Banks - Regional,0.9477,0.20723,624,,,,,,,,
BFK/EOT,Asset Management,0.9635,0.20731,624,,,,,,,,
KTN/SHY,Unknown,0.9209,0.20732,624,,,,,,,,
HBCP/PEBK,Banks - Regional,0.9606,0.20733,624,,,,,,,,
FRME/PBHC,Banks - Regional,0.945,0.20736,624,,,,,,,,
HPS/PML,Asset Management,0.8113,0.20737,624,,,,,,,,
FNB/SBFG,Banks - Regional,0.8166,0.20739,624,,,,,,,,
DSM/LEO,Asset Management,0.9907,0.20739,624,,,,,,,,
EMD/PAI,Asset Management,0.9,0.20742,624,,,,,,,,
CZWI/FCCO,Banks - Regional,0.9547,0.20742,624,,,,,,,,
FCCO/SNV,Banks - Regional,0.9412,0.20743,624,,,,,,,,
BSRR/WSFS,Banks - Regional,0.9632,0.2075,624,,,,,,,,
BTA/VPV,Asset Management,0.9774,0.20751,624,,,,,,,,
DSM/MVT,Asset Management,0.9826,0.20755,624,,,,,,,,
HWC/SHBI,Banks - Regional,0.8583,0.20758,624,,,,,,,,
SBCF/WASH,Banks - Regional,0.9278,0.20758,624,,,,,,,,
BCAL/NKSH,Banks - Regional,0.8251,0.20763,624,,,,,,,,
MYD/VMO,Asset Management,0.9797,0.20766,624,,,,,,,,
AROW/FNLC,Banks - Regional,0.943,0.20767,624,,,,,,,,
MCI/MPV,Asset Management,0.9816,0.20768,624,,,,,,,,
GABC/SBFG,Banks - Regional,0.9675,0.2077,624,,,,,,,,
MIY/NMT,Asset Management,0.9584,0.20771,624,,,,,,,,
CAC/CHCO,Banks - Regional,0.8696,0.20775,624,,,,,,,,
BLE/CXH,Asset Management,0.9741,0.2078,624,,,,,,,,
BOTJ/WNEB,Banks - Regional,0.8545,0.20785,624,,,,,,,,
BMRC/INDB,Banks - Regional,0.8944,0.20787,624,,,,,,,,
CZNC/FUNC,Banks - Regional,0.8314,0.20788,624,,,,,,,,
FFBC/OPOF,Banks - Regional,0.8616,0.20789,624,,,,,,,,
ASRV/USB,Banks - Regional,0.8799,0.20797,624,,,,,,,,
CADE/PEBO,Banks - Regional,0.9504,0.20797,624,,,,,,,,
EOT/PNI,Asset Management,0.8844,0.20797,624,,,,,,,,
NWN/RGCO,Utilities - Regulated Gas,0.8769,0.208,624,,,,,,,,
BKT/PMO,Asset Management,0.9411,0.20801,624,,,,,,,,
LEO/PAI,Asset Management,0.9497,0.20806,624,,,,,,,,
CWBC/MBWM,Banks - Regional,0.9199,0.20816,624,,,,,,,,
DHF/PCN,Asset Management,0.9577,0.20817,624,,,,,,,,
CAPR/CYCC,Biotechnology,0.8745,0.2082,624,,,,,,,,
MFM/MGF,Asset Management,0.9151,0.20821,624,,,,,,,,
MYN/SBI,Asset Management,0.9759,0.20822,624,,,,,,,,
ATLO/OPOF,Banks - Regional,0.8314,0.20822,624,,,,,,,,
MHN/VKQ,Asset Management,0.9839,0.2083,624,,,,,,,,
FRME/MGYR,Banks - Regional,0.9476,0.20833,624,,,,,,,,
MYN/VMO,Asset Management,0.9877,0.20833,624,,,,,,,,
INDB/MGYR,Banks - Regional,0.8805,0.20834,624,,,,,,,,
LEO/NMI,Asset Management,0.9588,0.20836,624,,,,,,,,
MQT/NAN,Asset Management,0.9846,0.20837,624,,,,,,,,
DCOM/FRST,Banks - Regional,0.9068,0.20838,624,,,,,,,,
ACHV/VXRT,Biotechnology,0.8523,0.20839,624,,,,,,,,
IBCP/WSFS,Banks - Regional,0.9381,0.2085,624,,,,,,,,
PLBC/PNC,Banks - Regional,0.9535,0.20853,624,,,,,,,,
FCF/PGC,Banks - Regional,0.9146,0.20855,624,,,,,,,,
FRAF/PEBK,Banks - Regional,0.9616,0.20856,624,,,,,,,,
IIM/NMI,Asset Management,0.9686,0.2086,624,,,,,,,,
BOTJ/HWBK,Banks - Regional,0.9014,0.20866,624,,,,,,,,
BYM/NNY,Asset Management,0.9701,0.20867,624,,,,,,,,
CVBF/LSBK,Banks - Regional,0.906,0.20869,624,,,,,,,,
ASB/UNB,Banks - Regional,0.8608,0.20872,624,,,,,,,,
MYD/NXJ,Asset Management,0.9493,0.20874,624,,,,,,,,
GABC/MPB,Banks - Regional,0.9666,0.20874,624,,,,,,,,
LKFN/LSBK,Banks - Regional,0.8115,0.20881,624,,,,,,,,
PFS/SFBC,Banks - Regional,0.867,0.20882,624,,,,,,,,
MUC/NMI,Asset Management,0.9593,0.20886,624,,,,,,,,
BOKF/EBTC,Banks - Regional,0.9345,0.20888,624,,,,,,,,
DMLP/HES,Oil & Gas E&P,0.9681,0.2089,624,,,,,,,,
BND/VMBS,Unknown,0.9859,0.20893,624,,,,,,,,
FMN/IGI,Asset Management,0.9611,0.20895,624,,,,,,,,
FHN/MOFG,Banks - Regional,0.8352,0.20905,624,,,,,,,,
BCAL/CZNC,Banks - Regional,0.8554,0.20912,624,,,,,,,,
CVBF/MPB,Banks - Regional,0.9507,0.20916,624,,,,,,,,
AROW/CZNC,Banks - Regional,0.9468,0.20916,624,,,,,,,,
HPF/RFI,Asset Management,0.9644,0.20917,624,,,,,,,,
PCM/TY,Asset Management,0.9642,0.20921,624,,,,,,,,
FNLC/MNSB,Banks - Regional,0.945,0.20921,624,,,,,,,,
DHF/WEA,Asset Management,0.962,0.20925,624,,,,,,,,
MMU/VMO,Asset Management,0.959,0.20926,624,,,,,,,,
BANR/WASH,Banks - Regional,0.8647,0.2093,624,,,,,,,,
ESSA/HBCP,Banks - Regional,0.9283,0.20931,624,,,,,,,,
LEO/MVT,Asset Management,0.9793,0.20931,624,,,,,,,,
GLBS/SBLK,Marine Shipping,0.8953,0.20932,624,,,,,,,,
HTBK/LSBK,Banks - Regional,0.9287,0.20937,624,,,,,,,,
PLBC/WTFC,Banks - Regional,0.9435,0.20939,624,,,,,,,,
CZNC/HTBK,Banks - Regional,0.917,0.20942,624,,,,,,,,
STBA/VABK,Banks - Regional,0.9427,0.20943,624,,,,,,,,
BHV/PMF,Asset Management,0.8081,0.20944,624,,,,,,,,
ATLO/CFFN,Banks - Regional,0.8067,0.20947,624,,,,,,,,
BOTJ/PKBK,Banks - Regional,0.9371,0.20949,624,,,,,,,,
CXE/MHD,Asset Management,0.9793,0.20952,624,,,,,,,,
BOKF/PBHC,Banks - Regional,0.9148,0.20957,624,,,,,,,,
MQY/MVT,Asset Management,0.955,0.20959,624,,,,,,,,
PMM/VBF,Asset Management,0.982,0.20961,624,,,,,,,,
BLE/LEO,Asset Management,0.9866,0.20964,624,,,,,,,,
TVE/VCIT,Unknown,0.9572,0.20969,624,,,,,,,,
CIF/JMM,Asset Management,0.9559,0.20972,624,,,,,,,,
LZB/PATK,"Furnishings, Fixtures & Appliances",0.9141,0.20973,624,,,,,,,,
LEO/MHD,Asset Management,0.9855,0.20977,624,,,,,,,,
FNB/LCNB,Banks - Regional,0.8626,0.20979,624,,,,,,,,
MFM/VBF,Asset Management,0.9461,0.20979,624,,,,,,,,
BFK/NIM,Asset Management,0.9401,0.20982,624,,,,,,,,
BCAL/BRKL,Banks - Regional,0.8521,0.20984,624,,,,,,,,
EOI/JCE,Asset Management,0.9929,0.20984,624,,,,,,,,
CAC/FRME,Banks - Regional,0.9732,0.20986,624,,,,,,,,
NAD/NMI,Asset Management,0.9651,0.20987,624,,,,,,,,
EGBN/FNWD,Banks - Regional,0.8571,0.20988,624,,,,,,,,
DTF/MUC,Asset Management,0.973,0.20989,624,,,,,,,,
BLE/MHF,Asset Management,0.9024,0.2099,624,,,,,,,,
MOFG/SMBK,Banks - Regional,0.8788,0.20999,624,,,,,,,,
BOH/FFIC,Banks - Regional,0.8657,0.20999,624,,,,,,,,
NAD/VGM,Asset Management,0.9882,0.21004,624,,,,,,,,
MFM/NNY,Asset Management,0.975,0.21004,624,,,,,,,,
BDX/UTMD,Medical Instruments & Supplies,0.9423,0.21005,624,,,,,,,,
CBFV/OVBC,Banks - Regional,0.8619,0.21005,624,,,,,,,,
MHD/NOM,Asset Management,0.8642,0.21006,624,,,,,,,,
NECB/NRIM,Banks - Regional,0.976,0.21014,624,,,,,,,,
CATY/UNTY,Banks - Regional,0.9373,0.21017,624,,,,,,,,
COFS/GSBC,Banks - Regional,0.9183,0.21017,624,,,,,,,,
JHS/MQY,Asset Management,0.9749,0.21019,624,,,,,,,,
MGF/NRK,Asset Management,0.9545,0.21023,624,,,,,,,,
CPF/FUSB,Banks - Regional,0.8748,0.21026,624,,,,,,,,
AUB/SHBI,Banks - Regional,0.8798,0.21027,624,,,,,,,,
EBTC/ISBA,Banks - Regional,0.9217,0.21028,624,,,,,,,,
MUE/PMO,Asset Management,0.9609,0.21031,624,,,,,,,,
CBFV/NRIM,Banks - Regional,0.8486,0.21033,624,,,,,,,,
BLW/HYT,Asset Management,0.9956,0.21039,624,,,,,,,,
NMI/NXC,Asset Management,0.9645,0.21041,624,,,,,,,,
NAN/NRK,Asset Management,0.9904,0.21044,624,,,,,,,,
MHF/OIA,Asset Management,0.9588,0.21045,624,,,,,,,,
FNLC/PEBK,Banks - Regional,0.9497,0.21049,624,,,,,,,,
EOT/MUE,Asset Management,0.9671,0.21051,624,,,,,,,,
NEA/NXC,Asset Management,0.9569,0.21052,624,,,,,,,,
FRT/SPG,REIT - Retail,0.8894,0.21052,624,,,,,,,,
NRIM/OVLY,Banks - Regional,0.9023,0.21053,624,,,,,,,,
CZWI/MGYR,Banks - Regional,0.9558,0.21058,624,,,,,,,,
NAZ/NOM,Asset Management,0.8636,0.21059,624,,,,,,,,
EBMT/GABC,Banks - Regional,0.9201,0.21063,624,,,,,,,,
BSRR/HBNC,Banks - Regional,0.9462,0.21063,624,,,,,,,,
CMU/MUA,Asset Management,0.977,0.21078,624,,,,,,,,
MHN/SBI,Asset Management,0.9733,0.21078,624,,,,,,,,
MVF/MYD,Asset Management,0.9903,0.21082,624,,,,,,,,
ESSA/UNTY,Banks - Regional,0.9562,0.21084,624,,,,,,,,
CXH/NUW,Asset Management,0.979,0.21088,624,,,,,,,,
AFB/MQY,Asset Management,0.9909,0.21093,624,,,,,,,,
BCAL/CADE,Banks - Regional,0.8623,0.21095,624,,,,,,,,
COFS/FUNC,Banks - Regional,0.9146,0.21095,624,,,,,,,,
FRAF/LSBK,Banks - Regional,0.8969,0.21096,624,,,,,,,,
IGI/MIY,Asset Management,0.9654,0.21099,624,,,,,,,,
NAD/NKX,Asset Management,0.987,0.21101,624,,,,,,,,
HUBG/JBHT,Integrated Freight & Logistics,0.9453,0.21102,624,,,,,,,,
NMT/NRK,Asset Management,0.9692,0.21103,624,,,,,,,,
INDB/SFST,Banks - Regional,0.9592,0.21103,624,,,,,,,,
CXH/PMO,Asset Management,0.9632,0.21109,624,,,,,,,,
PBHC/PKBK,Banks - Regional,0.9477,0.2112,624,,,,,,,,
DSU/PCM,Asset Management,0.8962,0.2112,624,,,,,,,,
SBFG/WTFC,Banks - Regional,0.9037,0.2112,624,,,,,,,,
CATY/WBS,Banks - Regional,0.9681,0.2112,624,,,,,,,,
MYI/VCV,Asset Management,0.984,0.21121,624,,,,,,,,
FNWD/PFS,Banks - Regional,0.9227,0.21122,624,,,,,,,,
AFB/SBI,Asset Management,0.9714,0.21123,624,,,,,,,,
PKBK/SRCE,Banks - Regional,0.9481,0.21123,624,,,,,,,,
BCAL/MTB,Banks - Regional,0.8687,0.21128,624,,,,,,,,
NMI/PMO,Asset Management,0.9452,0.21131,624,,,,,,,,
BYM/KTF,Asset Management,0.931,0.21135,624,,,,,,,,
BANR/SMBC,Banks - Regional,0.9457,0.21135,624,,,,,,,,
HBAN/PGC,Banks - Regional,0.9115,0.21135,624,,,,,,,,
BTA/NMZ,Asset Management,0.9844,0.21136,624,,,,,,,,
CBFV/NKSH,Banks - Regional,0.8456,0.21136,624,,,,,,,,
MGF/VKQ,Asset Management,0.9499,0.21137,624,,,,,,,,
FCCO/HIFS,Banks - Regional,0.8938,0.21149,624,,,,,,,,
BKN/NAC,Asset Management,0.9681,0.2115,624,,,,,,,,
NXN/WEA,Asset Management,0.9595,0.21151,624,,,,,,,,
MGYR/TCBK,Banks - Regional,0.9455,0.21153,624,,,,,,,,
RVSB/WASH,Banks - Regional,0.9318,0.21154,624,,,,,,,,
NUW/PMF,Asset Management,0.9295,0.2116,624,,,,,,,,
PCM/PFN,Asset Management,0.9663,0.21161,624,,,,,,,,
PB/PBHC,Banks - Regional,0.914,0.21163,624,,,,,,,,
BKT/BLE,Asset Management,0.9704,0.21168,624,,,,,,,,
MYD/NQP,Asset Management,0.9595,0.21172,624,,,,,,,,
CBFV/VABK,Banks - Regional,0.9354,0.21176,624,,,,,,,,
DCOM/UVSP,Banks - Regional,0.9361,0.21177,624,,,,,,,,
GJH/KTH,Unknown,0.9757,0.21178,624,,,,,,,,
DSGX/INTU,Software - Application,0.9845,0.21182,624,,,,,,,,
BKT/MYD,Asset Management,0.9604,0.21182,624,,,,,,,,
BKN/PFO,Asset Management,0.9626,0.21183,624,,,,,,,,
BTA/NUW,Asset Management,0.9611,0.21188,624,,,,,,,,
MUA/NXC,Asset Management,0.9584,0.21188,624,,,,,,,,
MUA/OIA,Asset Management,0.9668,0.21191,624,,,,,,,,
MGYR/WSFS,Banks - Regional,0.9546,0.21193,624,,,,,,,,
FFC/PFD,Asset Management,0.9837,0.21195,624,,,,,,,,
ETW/NTRS,Asset Management,0.9613,0.21196,624,,,,,,,,
BKT/NXC,Asset Management,0.9283,0.21204,624,,,,,,,,
BNY/CXH,Asset Management,0.9539,0.2121,624,,,,,,,,
BCAL/LKFN,Banks - Regional,0.8904,0.2121,624,,,,,,,,
MMU/OIA,Asset Management,0.9473,0.21213,624,,,,,,,,
CADE/UNB,Banks - Regional,0.8257,0.21225,624,,,,,,,,
EBTC/SRCE,Banks - Regional,0.9414,0.21228,624,,,,,,,,
MYD/NAD,Asset Management,0.9699,0.21235,624,,,,,,,,
EVN/SBI,Asset Management,0.9819,0.21238,624,,,,,,,,
BFK/NCA,Asset Management,0.9502,0.21239,624,,,,,,,,
GJP/PKW,Unknown,0.9683,0.2124,624,,,,,,,,
PB/UMBF,Banks - Regional,0.9379,0.21242,624,,,,,,,,
BOTJ/HTBK,Banks - Regional,0.9189,0.21246,624,,,,,,,,
BANFP/QQEW,Unknown,0.9662,0.21247,624,,,,,,,,
BOTJ/FMNB,Banks - Regional,0.942,0.21247,624,,,,,,,,
BCAL/PB,Banks - Regional,0.8551,0.21248,624,,,,,,,,
ETO/FFA,Asset Management,0.9878,0.21256,624,,,,,,,,
DGII/HLIT,Communication Equipment,0.868,0.21259,624,,,,,,,,
MUA/PAI,Asset Management,0.9655,0.21259,624,,,,,,,,
GSBC/PBHC,Banks - Regional,0.9488,0.21262,624,,,,,,,,
AON/MMC,Insurance Brokers,0.9884,0.21265,624,,,,,,,,
CAC/TFC,Banks - Regional,0.9524,0.21265,624,,,,,,,,
MYD/SBI,Asset Management,0.9739,0.21265,624,,,,,,,,
CSR/SUI,REIT - Residential,0.8186,0.21268,624,,,,,,,,
BYM/SBI,Asset Management,0.9696,0.21269,624,,,,,,,,
GJP/PPH,Unknown,0.9172,0.21269,624,,,,,,,,
EOT/PYN,Asset Management,0.8796,0.2127,624,,,,,,,,
EFT/PHD,Asset Management,0.9902,0.2127,624,,,,,,,,
AUB/TSBK,Banks - Regional,0.9584,0.21271,624,,,,,,,,
NQP/PMM,Asset Management,0.9864,0.21273,624,,,,,,,,
MHD/PNI,Asset Management,0.9413,0.21273,624,,,,,,,,
ATLO/CVBF,Banks - Regional,0.8706,0.21276,624,,,,,,,,
BYM/NUW,Asset Management,0.9725,0.2128,624,,,,,,,,
SBFG/USB,Banks - Regional,0.9276,0.2128,624,,,,,,,,
BOH/WASH,Banks - Regional,0.9505,0.21281,624,,,,,,,,
CBFV/SSB,Banks - Regional,0.9048,0.21282,624,,,,,,,,
BANR/OVLY,Banks - Regional,0.8726,0.21287,624,,,,,,,,
CATY/WASH,Banks - Regional,0.8474,0.21287,624,,,,,,,,
MGYR/MTB,Banks - Regional,0.9508,0.2129,624,,,,,,,,
HIFS/LSBK,Banks - Regional,0.862,0.21292,624,,,,,,,,
BSRR/WBS,Banks - Regional,0.9511,0.21293,624,,,,,,,,
IBOC/TSBK,Banks - Regional,0.9219,0.21294,624,,,,,,,,
FFBC/HFBL,Banks - Regional,0.824,0.21295,624,,,,,,,,
FMY/MMT,Asset Management,0.948,0.21295,624,,,,,,,,
BTA/RFI,Asset Management,0.944,0.21295,624,,,,,,,,
NKX/NOM,Asset Management,0.814,0.21297,624,,,,,,,,
NMZ/NXC,Asset Management,0.9743,0.21306,624,,,,,,,,
THFF/UBCP,Banks - Regional,0.9091,0.2131,624,,,,,,,,
ATLO/THFF,Banks - Regional,0.8341,0.21311,624,,,,,,,,
CBFV/FRME,Banks - Regional,0.9174,0.21311,624,,,,,,,,
IGI/MYN,Asset Management,0.9652,0.21312,624,,,,,,,,
MUE/NAZ,Asset Management,0.9705,0.21315,624,,,,,,,,
DSM/NMT,Asset Management,0.9564,0.21316,624,,,,,,,,
AROW/FSFG,Banks - Regional,0.9488,0.21318,624,,,,,,,,
FMY/IGI,Asset Management,0.8726,0.21318,624,,,,,,,,
FMNB/HBCP,Banks - Regional,0.9563,0.21319,624,,,,,,,,
MHD/MUE,Asset Management,0.9774,0.21321,624,,,,,,,,
HBAN/SMBK,Banks - Regional,0.9601,0.21321,624,,,,,,,,
BFIN/UNB,Banks - Regional,0.9241,0.21323,624,,,,,,,,
FBNC/PKBK,Banks - Regional,0.977,0.21324,624,,,,,,,,
CZNC/FCCO,Banks - Regional,0.934,0.21326,624,,,,,,,,
FRME/FSFG,Banks - Regional,0.9562,0.21328,624,,,,,,,,
IBCP/TSBK,Banks - Regional,0.9291,0.21329,624,,,,,,,,
BKN/MUC,Asset Management,0.9735,0.21331,624,,,,,,,,
HMN/SAFT,Insurance - Property & Casualty,0.9326,0.21337,624,,,,,,,,
PWOD/SBSI,Banks - Regional,0.8009,0.21339,624,,,,,,,,
CMU/MGF,Asset Management,0.8983,0.21341,624,,,,,,,,
SMBK/SNV,Banks - Regional,0.9609,0.21343,624,,,,,,,,
CII/JCE,Asset Management,0.9899,0.21348,624,,,,,,,,
MQY/NAC,Asset Management,0.9847,0.2135,624,,,,,,,,
BANR/EBTC,Banks - Regional,0.9475,0.21354,624,,,,,,,,
IQI/MGF,Asset Management,0.9462,0.21357,624,,,,,,,,
CBFV/FMBH,Banks - Regional,0.8972,0.21358,624,,,,,,,,
NQP/VGM,Asset Management,0.981,0.2136,624,,,,,,,,
FNLC/SHBI,Banks - Regional,0.8941,0.21366,624,,,,,,,,
RFI/UTF,Asset Management,0.9851,0.2137,624,,,,,,,,
MA/V,Credit Services,0.9968,0.21371,624,,,,,,,,
BANFP/BPOPM,Unknown,0.9725,0.21378,624,,,,,,,,
NUV/PMO,Asset Management,0.9856,0.2138,624,,,,,,,,
FULT/SBFG,Banks - Regional,0.9319,0.21382,624,,,,,,,,
BYD/MCRI,Resorts & Casinos,0.978,0.21384,624,,,,,,,,
HIO/MMT,Asset Management,0.9873,0.21385,624,,,,,,,,
FCCO/TOWN,Banks - Regional,0.9649,0.21389,624,,,,,,,,
BSRR/SBFG,Banks - Regional,0.9633,0.21391,624,,,,,,,,
GSBC/HWBK,Banks - Regional,0.9491,0.21393,624,,,,,,,,
BKN/MHF,Asset Management,0.9223,0.21395,624,,,,,,,,
EOT/NIM,Asset Management,0.9536,0.21396,624,,,,,,,,
BANFP/VCLT,Unknown,0.8383,0.21397,624,,,,,,,,
ATLO/HFWA,Banks - Regional,0.8724,0.214,624,,,,,,,,
INTU/ROP,Software - Application,0.9699,0.21403,624,,,,,,,,
NNY/PNF,Asset Management,0.8997,0.21404,624,,,,,,,,
NIM/NMT,Asset Management,0.9401,0.21405,624,,,,,,,,
FNB/PFBC,Banks - Regional,0.912,0.21405,624,,,,,,,,
MVT/NQP,Asset Management,0.9174,0.21408,624,,,,,,,,
VBF/VKQ,Asset Management,0.9637,0.21409,624,,,,,,,,
MVF/NAC,Asset Management,0.9869,0.2141,624,,,,,,,,
CBSH/CZWI,Banks - Regional,0.9021,0.21416,624,,,,,,,,
LSBK/THFF,Banks - Regional,0.9085,0.21419,624,,,,,,,,
DTF/EVN,Asset Management,0.952,0.21421,624,,,,,,,,
ESSA/SMBK,Banks - Regional,0.9329,0.21421,624,,,,,,,,
EBTC/WSFS,Banks - Regional,0.96,0.21425,624,,,,,,,,
CBFV/WTFC,Banks - Regional,0.9188,0.2143,624,,,,,,,,
MMU/PMF,Asset Management,0.947,0.2143,624,,,,,,,,
GDV/SPE,Asset Management,0.9734,0.21432,624,,,,,,,,
RNST/SNV,Banks - Regional,0.9166,0.21437,624,,,,,,,,
CTBI/OVLY,Banks - Regional,0.921,0.21437,624,,,,,,,,
DCOM/TOWN,Banks - Regional,0.8955,0.21439,624,,,,,,,,
AFB/BNY,Asset Management,0.9673,0.2146,624,,,,,,,,
DGICA/STC,Insurance - Property & Casualty,0.8771,0.2146,624,,,,,,,,
BANFP/PDP,Unknown,0.9592,0.21464,624,,,,,,,,
FMBH/SFBC,Banks - Regional,0.9347,0.21468,624,,,,,,,,
JPC/RNP,Asset Management,0.9514,0.21472,624,,,,,,,,
EFR/VVR,Asset Management,0.9839,0.21475,624,,,,,,,,
GLAD/STEW,Asset Management,0.9757,0.21479,624,,,,,,,,
DGICA/ORI,Insurance - Property & Casualty,0.8985,0.21484,624,,,,,,,,
CXH/MFM,Asset Management,0.9898,0.21484,624,,,,,,,,
NKSH/SFBC,Banks - Regional,0.827,0.21495,624,,,,,,,,
CHMG/OVLY,Banks - Regional,0.9405,0.21496,624,,,,,,,,
DGX/MTD,Diagnostics & Research,0.9593,0.21497,624,,,,,,,,
EBTC/OVLY,Banks - Regional,0.8615,0.21498,624,,,,,,,,
ATLO/SBCF,Banks - Regional,0.8547,0.21499,624,,,,,,,,
FCCO/MPB,Banks - Regional,0.9706,0.215,624,,,,,,,,
GABC/HBNC,Banks - Regional,0.9464,0.21503,624,,,,,,,,
PMF/PZC,Asset Management,0.97,0.21505,624,,,,,,,,
IGI/SBI,Asset Management,0.9451,0.21505,624,,,,,,,,
FCF/PEBK,Banks - Regional,0.9501,0.21506,624,,,,,,,,
CHMG/CZWI,Banks - Regional,0.9209,0.21507,624,,,,,,,,
PFS/RVSB,Banks - Regional,0.9313,0.2151,624,,,,,,,,
HWBK/MGYR,Banks - Regional,0.9372,0.21512,624,,,,,,,,
ATLO/BSRR,Banks - Regional,0.8267,0.21513,624,,,,,,,,
GABC/UVSP,Banks - Regional,0.9478,0.21517,624,,,,,,,,
FMY/MIN,Asset Management,0.9477,0.2152,624,,,,,,,,
IIM/NEA,Asset Management,0.9783,0.21523,624,,,,,,,,
CADE/WBS,Banks - Regional,0.9504,0.21526,624,,,,,,,,
IIM/NZF,Asset Management,0.9728,0.2153,624,,,,,,,,
WABC/WASH,Banks - Regional,0.857,0.21531,624,,,,,,,,
BLE/JHS,Asset Management,0.9515,0.21531,624,,,,,,,,
CAC/ZION,Banks - Regional,0.9605,0.21532,624,,,,,,,,
MAIN/SAR,Asset Management,0.9564,0.21535,624,,,,,,,,
EOT/NXC,Asset Management,0.9504,0.21537,624,,,,,,,,
BPOPM/KTH,Unknown,0.9809,0.21537,624,,,,,,,,
RDIB/SIRI,Entertainment,0.8781,0.21538,624,,,,,,,,
PBHC/SHBI,Banks - Regional,0.8855,0.21544,624,,,,,,,,
AOD/TWN,Asset Management,0.9472,0.21545,624,,,,,,,,
CXE/MUA,Asset Management,0.9754,0.2155,624,,,,,,,,
IEI/TVE,Unknown,0.957,0.2155,624,,,,,,,,
BUSE/CIVB,Banks - Regional,0.9567,0.21554,624,,,,,,,,
ESSA/FNB,Banks - Regional,0.8588,0.21554,624,,,,,,,,
CII/ETY,Asset Management,0.9921,0.21558,624,,,,,,,,
NOM/SBI,Asset Management,0.8281,0.21559,624,,,,,,,,
SFBC/WSFS,Banks - Regional,0.9499,0.21563,624,,,,,,,,
FMN/NCA,Asset Management,0.9614,0.21564,624,,,,,,,,
NWFL/OVLY,Banks - Regional,0.9212,0.21564,624,,,,,,,,
COLB/SFST,Banks - Regional,0.9233,0.21568,624,,,,,,,,
EBTC/UNTY,Banks - Regional,0.9002,0.2157,624,,,,,,,,
ARCC/SAR,Asset Management,0.9731,0.21572,624,,,,,,,,
BGT/FCT,Asset Management,0.973,0.21577,624,,,,,,,,
BNY/EVN,Asset Management,0.9524,0.21579,624,,,,,,,,
RVSB/VABK,Banks - Regional,0.8929,0.21584,624,,,,,,,,
BKT/PMM,Asset Management,0.9482,0.21587,624,,,,,,,,
FNB/TSBK,Banks - Regional,0.8365,0.21593,624,,,,,,,,
USB/WTBA,Banks - Regional,0.9616,0.21598,624,,,,,,,,
EBTC/LARK,Banks - Regional,0.9312,0.21598,624,,,,,,,,
CHCO/NRIM,Banks - Regional,0.9542,0.21601,624,,,,,,,,
KTF/NXN,Asset Management,0.9114,0.21602,624,,,,,,,,
IGI/MUE,Asset Management,0.9638,0.21602,624,,,,,,,,
NXC/PFD,Asset Management,0.9513,0.21604,624,,,,,,,,
DSM/MVF,Asset Management,0.9834,0.21606,624,,,,,,,,
LSBK/SRCE,Banks - Regional,0.8818,0.21608,624,,,,,,,,
NXN/PFD,Asset Management,0.9469,0.21609,624,,,,,,,,
ONB/WSFS,Banks - Regional,0.9407,0.21609,624,,,,,,,,
NXN/PNF,Asset Management,0.8631,0.21609,624,,,,,,,,
ASB/HTBK,Banks - Regional,0.9254,0.2161,624,,,,,,,,
IGI/VKQ,Asset Management,0.9701,0.21616,624,,,,,,,,
PBHC/PFS,Banks - Regional,0.9232,0.21618,624,,,,,,,,
SBSI/WASH,Banks - Regional,0.917,0.2162,624,,,,,,,,
BTA/MGF,Asset Management,0.9268,0.2162,624,,,,,,,,
BSRR/KEY,Banks - Regional,0.9258,0.21621,624,,,,,,,,
NUW/VBF,Asset Management,0.9434,0.21624,624,,,,,,,,
MHF/PMX,Asset Management,0.8436,0.21627,624,,,,,,,,
BYM/MGF,Asset Management,0.9398,0.21627,624,,,,,,,,
MIY/NMI,Asset Management,0.9539,0.21627,624,,,,,,,,
CHMG/FRAF,Banks - Regional,0.9464,0.21628,624,,,,,,,,
HPI/MUA,Asset Management,0.9352,0.21633,624,,,,,,,,
AFB/BKT,Asset Management,0.9711,0.2164,624,,,,,,,,
FFC/VBF,Asset Management,0.9745,0.21641,624,,,,,,,,
MVT/PMX,Asset Management,0.9557,0.2165,624,,,,,,,,
LBTYA/LBTYK,Telecom Services,0.9961,0.21651,624,,,,,,,,
CVBF/OVLY,Banks - Regional,0.8203,0.21653,624,,,,,,,,
BNY/MQY,Asset Management,0.9559,0.21655,624,,,,,,,,
BANR/BCAL,Banks - Regional,0.8675,0.21656,624,,,,,,,,
AFB/DSM,Asset Management,0.9759,0.21658,624,,,,,,,,
CHI/LGI,Asset Management,0.991,0.2166,624,,,,,,,,
FMNB/SMBC,Banks - Regional,0.95,0.21662,624,,,,,,,,
IAE/KF,Asset Management,0.8478,0.21663,624,,,,,,,,
LSBK/MOFG,Banks - Regional,0.9221,0.21668,624,,,,,,,,
LKFN/MGYR,Banks - Regional,0.9156,0.21668,624,,,,,,,,
MQY/PAI,Asset Management,0.9611,0.21671,624,,,,,,,,
AFB/MMU,Asset Management,0.9615,0.21673,624,,,,,,,,
MHD/MQY,Asset Management,0.9658,0.21678,624,,,,,,,,
BCAL/FMBH,Banks - Regional,0.8889,0.2168,624,,,,,,,,
NBTB/OCFC,Banks - Regional,0.8215,0.21681,624,,,,,,,,
BTA/LEO,Asset Management,0.9479,0.21684,624,,,,,,,,
CXH/MYN,Asset Management,0.9822,0.21688,624,,,,,,,,
DCOM/HIFS,Banks - Regional,0.8781,0.21689,624,,,,,,,,
FBNC/UNTY,Banks - Regional,0.9213,0.21693,624,,,,,,,,
ASB/WSFS,Banks - Regional,0.9656,0.21697,624,,,,,,,,
CCNE/CZWI,Banks - Regional,0.9267,0.21698,624,,,,,,,,
IQI/NOM,Asset Management,0.815,0.21704,624,,,,,,,,
CFR/PBHC,Banks - Regional,0.9297,0.21705,624,,,,,,,,
MCR/WEA,Asset Management,0.9815,0.2171,624,,,,,,,,
FULT/MBWM,Banks - Regional,0.9711,0.2171,624,,,,,,,,
FMN/MGF,Asset Management,0.9265,0.21712,624,,,,,,,,
BOTJ/CCNE,Banks - Regional,0.9253,0.21715,624,,,,,,,,
FCF/RVSB,Banks - Regional,0.8436,0.21721,624,,,,,,,,
CZFS/PFIS,Banks - Regional,0.9181,0.21721,624,,,,,,,,
MHN/NAD,Asset Management,0.9738,0.21725,624,,,,,,,,
BCAL/CZWI,Banks - Regional,0.8613,0.21727,624,,,,,,,,
RVT/SPE,Asset Management,0.9747,0.21733,624,,,,,,,,
BYM/NXJ,Asset Management,0.9761,0.21733,624,,,,,,,,
HUBG/UPS,Integrated Freight & Logistics,0.8771,0.21737,624,,,,,,,,
PEBK/SRCE,Banks - Regional,0.9585,0.21737,624,,,,,,,,
OCFC/OPOF,Banks - Regional,0.8796,0.21737,624,,,,,,,,
IQI/MFM,Asset Management,0.988,0.21739,624,,,,,,,,
BFK/PMX,Asset Management,0.9687,0.21743,624,,,,,,,,
IIM/NXJ,Asset Management,0.9716,0.21748,624,,,,,,,,
IBCP/WTFC,Banks - Regional,0.9648,0.21749,624,,,,,,,,
AWK/MSEX,Utilities - Regulated Water,0.9701,0.21752,624,,,,,,,,
FNLC/UNTY,Banks - Regional,0.9162,0.21752,624,,,,,,,,
FMY/MCR,Asset Management,0.9399,0.21754,624,,,,,,,,
CATY/WTFC,Banks - Regional,0.9605,0.21756,624,,,,,,,,
FTFT/OBLG,Software - Application,0.8349,0.21757,624,,,,,,,,
BOKF/BOTJ,Banks - Regional,0.8868,0.2176,624,,,,,,,,
BKT/VKQ,Asset Management,0.9643,0.21762,624,,,,,,,,
GBCI/LSBK,Banks - Regional,0.8675,0.21762,624,,,,,,,,
NUW/NVG,Asset Management,0.954,0.21763,624,,,,,,,,
BANFP/DDT,Unknown,0.9681,0.21766,624,,,,,,,,
FMBH/LSBK,Banks - Regional,0.8916,0.21777,624,,,,,,,,
FUNC/UBFO,Banks - Regional,0.9183,0.21778,624,,,,,,,,
PMX/PYN,Asset Management,0.9555,0.2178,624,,,,,,,,
DHF/JHI,Asset Management,0.9741,0.2178,624,,,,,,,,
BOTJ/WSBC,Banks - Regional,0.9212,0.21783,624,,,,,,,,
NUV/NUW,Asset Management,0.9691,0.21784,624,,,,,,,,
CBFV/RBCAA,Banks - Regional,0.9116,0.21793,624,,,,,,,,
ICE/SPGI,Financial Data & Stock Exchanges,0.9871,0.21798,624,,,,,,,,
CFFI/FCCO,Banks - Regional,0.9214,0.21801,624,,,,,,,,
BTA/PFO,Asset Management,0.9731,0.21804,624,,,,,,,,
MUJ/MYD,Asset Management,0.9649,0.21805,624,,,,,,,,
BOTJ/ZION,Banks - Regional,0.9163,0.21809,624,,,,,,,,
MQY/VGM,Asset Management,0.9859,0.21815,624,,,,,,,,
EMD/MSD,Asset Management,0.9685,0.21816,624,,,,,,,,
KTH/RTH,Unknown,0.9546,0.21819,624,,,,,,,,
BCAL/BOTJ,Banks - Regional,0.8741,0.21821,624,,,,,,,,
EVN/MIY,Asset Management,0.9811,0.21822,624,,,,,,,,
ATLO/NWBI,Banks - Regional,0.8899,0.21822,624,,,,,,,,
BCAL/CFFI,Banks - Regional,0.8267,0.21829,624,,,,,,,,
BTA/VMO,Asset Management,0.9672,0.21834,624,,,,,,,,
MSD/VBF,Asset Management,0.9084,0.21834,624,,,,,,,,
CWBC/LSBK,Banks - Regional,0.9032,0.21835,624,,,,,,,,
MHN/MUE,Asset Management,0.9869,0.21838,624,,,,,,,,
CFR/LSBK,Banks - Regional,0.8113,0.21843,624,,,,,,,,
SFBC/SMBC,Banks - Regional,0.9748,0.21844,624,,,,,,,,
GABC/WSFS,Banks - Regional,0.9657,0.21846,624,,,,,,,,
MPB/UCB,Banks - Regional,0.9375,0.21847,624,,,,,,,,
BCAL/EWBC,Banks - Regional,0.8648,0.21856,624,,,,,,,,
COLB/FSFG,Banks - Regional,0.8455,0.21856,624,,,,,,,,
MHN/VBF,Asset Management,0.9323,0.21858,624,,,,,,,,
MSD/PAI,Asset Management,0.9147,0.2186,624,,,,,,,,
ETG/ETO,Asset Management,0.9948,0.21862,624,,,,,,,,
K/SENEB,Packaged Foods,0.8564,0.21862,624,,,,,,,,
BFK/VBF,Asset Management,0.9172,0.21867,624,,,,,,,,
CAC/KEY,Banks - Regional,0.9528,0.21868,624,,,,,,,,
ORKA/TENX,Biotechnology,0.8721,0.21869,624,,,,,,,,
OIA/PYN,Asset Management,0.8072,0.2187,624,,,,,,,,
CXE/NMT,Asset Management,0.9496,0.2187,624,,,,,,,,
CADE/FITB,Banks - Regional,0.9119,0.21876,624,,,,,,,,
IGI/MQT,Asset Management,0.9701,0.21876,624,,,,,,,,
DCI/FELE,Specialty Industrial Machinery,0.9588,0.21877,624,,,,,,,,
VLT/WEA,Asset Management,0.9699,0.21878,624,,,,,,,,
ATLO/WNEB,Banks - Regional,0.8091,0.21878,624,,,,,,,,
MHF/VTN,Asset Management,0.94,0.21881,624,,,,,,,,
MUE/NXN,Asset Management,0.9605,0.21885,624,,,,,,,,
BNY/MVF,Asset Management,0.9722,0.21887,624,,,,,,,,
CAC/WBS,Banks - Regional,0.9513,0.21887,624,,,,,,,,
NEA/NRK,Asset Management,0.9908,0.21895,624,,,,,,,,
FBIZ/PBHC,Banks - Regional,0.8634,0.21896,624,,,,,,,,
BHV/PNI,Asset Management,0.8502,0.21896,624,,,,,,,,
NXC/PZC,Asset Management,0.9088,0.21897,624,,,,,,,,
CBSH/GABC,Banks - Regional,0.9775,0.219,624,,,,,,,,
BPOPM/PFF,Unknown,0.9611,0.21903,624,,,,,,,,
IPB/ONEQ,Unknown,0.9261,0.21904,624,,,,,,,,
EBTC/SNV,Banks - Regional,0.9441,0.21906,624,,,,,,,,
CPHC/MCRI,Resorts & Casinos,0.8871,0.21907,624,,,,,,,,
AUB/MPB,Banks - Regional,0.9569,0.21915,624,,,,,,,,
GAB/SPE,Asset Management,0.9665,0.21915,624,,,,,,,,
FCF/VABK,Banks - Regional,0.9588,0.21917,624,,,,,,,,
BANR/HWBK,Banks - Regional,0.9405,0.21918,624,,,,,,,,
MBCN/OVLY,Banks - Regional,0.9518,0.2192,624,,,,,,,,
DGICA/SIGI,Insurance - Property & Casualty,0.8682,0.21921,624,,,,,,,,
CAC/PLBC,Banks - Regional,0.9035,0.21926,624,,,,,,,,
NAD/NQP,Asset Management,0.9911,0.21929,624,,,,,,,,
EOT/MHN,Asset Management,0.9601,0.21931,624,,,,,,,,
BFK/PNI,Asset Management,0.928,0.21933,624,,,,,,,,
CZWI/MPB,Banks - Regional,0.9423,0.21933,624,,,,,,,,
NCA/VCV,Asset Management,0.9659,0.21936,624,,,,,,,,
BANR/PEBK,Banks - Regional,0.9435,0.21938,624,,,,,,,,
ASRV/FCCO,Banks - Regional,0.8028,0.21938,624,,,,,,,,
FMNB/SFBC,Banks - Regional,0.9591,0.21941,624,,,,,,,,
BLW/EVG,Asset Management,0.9877,0.21943,624,,,,,,,,
BLE/KTF,Asset Management,0.9471,0.21948,624,,,,,,,,
HTBK/MGYR,Banks - Regional,0.9026,0.21948,624,,,,,,,,
AFB/PMM,Asset Management,0.9764,0.21949,624,,,,,,,,
SSB/UVSP,Banks - Regional,0.9342,0.21951,624,,,,,,,,
ESSA/GSBC,Banks - Regional,0.9378,0.21951,624,,,,,,,,
PGC/WTFC,Banks - Regional,0.8579,0.21955,624,,,,,,,,
BTA/VCV,Asset Management,0.9651,0.21956,624,,,,,,,,
CZWI/WBS,Banks - Regional,0.9634,0.21959,624,,,,,,,,
FFBC/SHBI,Banks - Regional,0.8689,0.21963,624,,,,,,,,
PYT/QQEW,Unknown,0.9582,0.21963,624,,,,,,,,
EBTC/HIFS,Banks - Regional,0.9293,0.21963,624,,,,,,,,
DTF/NMI,Asset Management,0.9379,0.21966,624,,,,,,,,
ETO/SOR,Asset Management,0.9821,0.21967,624,,,,,,,,
BYM/CXH,Asset Management,0.9812,0.21969,624,,,,,,,,
OCFC/WSBC,Banks - Regional,0.9492,0.21972,624,,,,,,,,
PBHC/WASH,Banks - Regional,0.8891,0.21973,624,,,,,,,,
ABVC/MEIP,Biotechnology,0.8439,0.21976,624,,,,,,,,
FNLC/NRIM,Banks - Regional,0.8273,0.21978,624,,,,,,,,
FSFG/SBCF,Banks - Regional,0.9555,0.21981,624,,,,,,,,
CBSH/GBCI,Banks - Regional,0.9878,0.21982,624,,,,,,,,
ERNA/SLS,Biotechnology,0.8253,0.21988,624,,,,,,,,
FRAF/WNEB,Banks - Regional,0.8465,0.21989,624,,,,,,,,
ETY/JCE,Asset Management,0.9946,0.2199,624,,,,,,,,
HBCP/SRCE,Banks - Regional,0.9838,0.21995,624,,,,,,,,
GSBC/MGYR,Banks - Regional,0.956,0.21995,624,,,,,,,,
AROW/BOH,Banks - Regional,0.9675,0.22,624,,,,,,,,
DTF/NAC,Asset Management,0.968,0.22004,624,,,,,,,,
HPS/RQI,Asset Management,0.9806,0.22012,624,,,,,,,,
DSM/MUA,Asset Management,0.9758,0.22012,624,,,,,,,,
HPI/MFM,Asset Management,0.94,0.22013,624,,,,,,,,
IPB/QTEC,Unknown,0.9287,0.22016,624,,,,,,,,
PPT/TSI,Asset Management,0.9382,0.22024,624,,,,,,,,
PCM/UTF,Asset Management,0.9572,0.22025,624,,,,,,,,
LEO/NRK,Asset Management,0.9683,0.22031,624,,,,,,,,
NUV/VKQ,Asset Management,0.9814,0.22034,624,,,,,,,,
ETO/EXG,Asset Management,0.995,0.22036,624,,,,,,,,
BKT/NNY,Asset Management,0.9404,0.22038,624,,,,,,,,
NCA/NUV,Asset Management,0.9681,0.22042,624,,,,,,,,
NNY/NZF,Asset Management,0.9728,0.22044,624,,,,,,,,
GABC/HIFS,Banks - Regional,0.9443,0.22045,624,,,,,,,,
MQY/NAD,Asset Management,0.9867,0.2205,624,,,,,,,,
BOKF/CHMG,Banks - Regional,0.9526,0.22052,624,,,,,,,,
NQP/NXJ,Asset Management,0.9937,0.22054,624,,,,,,,,
FCCO/FSFG,Banks - Regional,0.9459,0.22058,624,,,,,,,,
EOT/MQY,Asset Management,0.9588,0.22059,624,,,,,,,,
BKN/NOM,Asset Management,0.8212,0.22061,624,,,,,,,,
FNB/UVSP,Banks - Regional,0.8771,0.22063,624,,,,,,,,
CMU/HPI,Asset Management,0.9155,0.22064,624,,,,,,,,
PLBC/SBCF,Banks - Regional,0.8774,0.22065,624,,,,,,,,
TVE/USIG,Unknown,0.9632,0.22068,624,,,,,,,,
BOTJ/FNB,Banks - Regional,0.8191,0.22068,624,,,,,,,,
FFBC/PLBC,Banks - Regional,0.8981,0.22069,624,,,,,,,,
BRKL/DCOM,Banks - Regional,0.9374,0.22069,624,,,,,,,,
SMBK/WSFS,Banks - Regional,0.9574,0.22075,624,,,,,,,,
ARL/FRPH,Real Estate Services,0.8527,0.22077,624,,,,,,,,
MHN/NUV,Asset Management,0.9645,0.22078,624,,,,,,,,
NKX/NNY,Asset Management,0.9766,0.2209,624,,,,,,,,
ANSS/TYL,Software - Application,0.9609,0.22094,624,,,,,,,,
KTH/SOXX,Unknown,0.8886,0.22096,624,,,,,,,,
GJR/GJS,Unknown,0.9741,0.22101,624,,,,,,,,
CAC/HBAN,Banks - Regional,0.955,0.22102,624,,,,,,,,
FCF/SHBI,Banks - Regional,0.8695,0.22105,624,,,,,,,,
ALTS/RBBN,Software - Application,0.8252,0.2211,624,,,,,,,,
OCFC/PFS,Banks - Regional,0.9578,0.22112,624,,,,,,,,
PCM/PCN,Asset Management,0.9707,0.22113,624,,,,,,,,
CBFV/PBHC,Banks - Regional,0.8677,0.22114,624,,,,,,,,
ASRV/WSBC,Banks - Regional,0.8858,0.22118,624,,,,,,,,
FNLC/MOFG,Banks - Regional,0.8491,0.22118,624,,,,,,,,
BFK/PMO,Asset Management,0.9432,0.22119,624,,,,,,,,
LSBK/RVSB,Banks - Regional,0.8936,0.2212,624,,,,,,,,
CXE/NUW,Asset Management,0.9558,0.22121,624,,,,,,,,
CZWI/FULT,Banks - Regional,0.9558,0.22121,624,,,,,,,,
BRKL/RVSB,Banks - Regional,0.9484,0.22124,624,,,,,,,,
FMNB/OVLY,Banks - Regional,0.8903,0.22125,624,,,,,,,,
PEBO/SFBC,Banks - Regional,0.9609,0.22125,624,,,,,,,,
HWC/WNEB,Banks - Regional,0.8523,0.22125,624,,,,,,,,
BRKL/FSFG,Banks - Regional,0.9039,0.22128,624,,,,,,,,
CBSH/FNWD,Banks - Regional,0.8696,0.22129,624,,,,,,,,
NAC/NMT,Asset Management,0.9636,0.22133,624,,,,,,,,
CTBI/MBWM,Banks - Regional,0.9837,0.22133,624,,,,,,,,
BKN/VBF,Asset Management,0.9446,0.22139,624,,,,,,,,
MVF/NXC,Asset Management,0.9492,0.2214,624,,,,,,,,
CIVB/EBTC,Banks - Regional,0.9603,0.2214,624,,,,,,,,
FNLC/GABC,Banks - Regional,0.9787,0.22141,624,,,,,,,,
MPA/NAN,Asset Management,0.9809,0.2215,624,,,,,,,,
CBFV/RVSB,Banks - Regional,0.836,0.22151,624,,,,,,,,
PML/PNI,Asset Management,0.9234,0.22151,624,,,,,,,,
IQI/NNY,Asset Management,0.9786,0.22152,624,,,,,,,,
MOFG/OPOF,Banks - Regional,0.8522,0.22153,624,,,,,,,,
PML/PNF,Asset Management,0.9715,0.22155,624,,,,,,,,
CATY/HBNC,Banks - Regional,0.9348,0.22157,624,,,,,,,,
BKT/MFM,Asset Management,0.9513,0.22157,624,,,,,,,,
MBWM/MPB,Banks - Regional,0.9226,0.22158,624,,,,,,,,
FNWD/TFC,Banks - Regional,0.9286,0.22166,624,,,,,,,,
AUB/OVLY,Banks - Regional,0.8974,0.22167,624,,,,,,,,
MQY/MUA,Asset Management,0.973,0.22169,624,,,,,,,,
BUSE/CBFV,Banks - Regional,0.9249,0.22171,624,,,,,,,,
NCA/NMI,Asset Management,0.9716,0.22173,624,,,,,,,,
EVN/VBF,Asset Management,0.9538,0.22178,624,,,,,,,,
CATY/FNWD,Banks - Regional,0.8123,0.22179,624,,,,,,,,
ASRV/CVBF,Banks - Regional,0.8686,0.22183,624,,,,,,,,
FNLC/UBCP,Banks - Regional,0.9601,0.22185,624,,,,,,,,
HPF/HPS,Asset Management,0.9954,0.22186,624,,,,,,,,
BHLB/CZWI,Banks - Regional,0.8465,0.22188,624,,,,,,,,
HPI/KTF,Asset Management,0.8469,0.22189,624,,,,,,,,
FFBC/FSFG,Banks - Regional,0.9069,0.2219,624,,,,,,,,
IBCP/SMBC,Banks - Regional,0.9496,0.22191,624,,,,,,,,
KTN/QQEW,Unknown,0.9423,0.22192,624,,,,,,,,
BCAL/GCBC,Banks - Regional,0.8493,0.22194,624,,,,,,,,
MOFG/MPB,Banks - Regional,0.8797,0.22194,624,,,,,,,,
BOKF/TSBK,Banks - Regional,0.943,0.22195,624,,,,,,,,
PDP/PTF,Unknown,0.9773,0.22195,624,,,,,,,,
CWBC/MPB,Banks - Regional,0.954,0.22199,624,,,,,,,,
BANFP/SOXX,Unknown,0.914,0.22199,624,,,,,,,,
CVBF/PKBK,Banks - Regional,0.9366,0.22201,624,,,,,,,,
CCNE/RVSB,Banks - Regional,0.9201,0.22203,624,,,,,,,,
MGYR/RNST,Banks - Regional,0.9038,0.22205,624,,,,,,,,
BHV/PMX,Asset Management,0.8061,0.22211,624,,,,,,,,
IBOC/ORRF,Banks - Regional,0.8353,0.22216,624,,,,,,,,
BRKL/CZWI,Banks - Regional,0.8861,0.22219,624,,,,,,,,
DTF/NCA,Asset Management,0.9328,0.2222,624,,,,,,,,
BNY/SBI,Asset Management,0.9528,0.22222,624,,,,,,,,
JFR/PHD,Asset Management,0.9821,0.22225,624,,,,,,,,
BOKF/IBCP,Banks - Regional,0.9417,0.22226,624,,,,,,,,
ETG/EXG,Asset Management,0.9967,0.22227,624,,,,,,,,
ORRF/PFBC,Banks - Regional,0.805,0.22231,624,,,,,,,,
BKT/NAN,Asset Management,0.9615,0.22236,624,,,,,,,,
CCNE/CZNC,Banks - Regional,0.9489,0.22237,624,,,,,,,,
MVT/PNI,Asset Management,0.9531,0.22241,624,,,,,,,,
CADE/WTFC,Banks - Regional,0.9385,0.22245,624,,,,,,,,
BCAL/RBCAA,Banks - Regional,0.8565,0.22245,624,,,,,,,,
FISI/SMBC,Banks - Regional,0.8495,0.22246,624,,,,,,,,
HTD/RQI,Asset Management,0.9819,0.22248,624,,,,,,,,
ETB/GAIN,Asset Management,0.9514,0.22257,624,,,,,,,,
CAC/WSFS,Banks - Regional,0.9563,0.2226,624,,,,,,,,
LCNB/NKSH,Banks - Regional,0.9069,0.2226,624,,,,,,,,
HLIO/JBTM,Specialty Industrial Machinery,0.8501,0.2226,624,,,,,,,,
BANC/BOTJ,Banks - Regional,0.8488,0.22262,624,,,,,,,,
FCF/PBHC,Banks - Regional,0.9285,0.22263,624,,,,,,,,
BPOPM/GJH,Unknown,0.9645,0.22268,624,,,,,,,,
CAC/OVLY,Banks - Regional,0.8559,0.22268,624,,,,,,,,
MUA/VBF,Asset Management,0.9472,0.2227,624,,,,,,,,
CXH/VCV,Asset Management,0.9874,0.2227,624,,,,,,,,
MVF/VBF,Asset Management,0.9051,0.22277,624,,,,,,,,
CMC/RS,Steel,0.9819,0.22282,624,,,,,,,,
BOTJ/NBTB,Banks - Regional,0.905,0.22282,624,,,,,,,,
DTF/NIM,Asset Management,0.9114,0.22285,624,,,,,,,,
BTO/SAR,Asset Management,0.9377,0.22286,624,,,,,,,,
SFBC/SFST,Banks - Regional,0.8687,0.22291,624,,,,,,,,
EFSC/IBCP,Banks - Regional,0.9426,0.22292,624,,,,,,,,
IHG/MAR,Lodging,0.9796,0.22292,624,,,,,,,,
BOH/WSFS,Banks - Regional,0.9496,0.22296,624,,,,,,,,
SFBC/TSBK,Banks - Regional,0.9652,0.22298,624,,,,,,,,
EBTC/FFBC,Banks - Regional,0.9438,0.22298,624,,,,,,,,
MMU/PYN,Asset Management,0.8987,0.22299,624,,,,,,,,
PRGS/SNPS,Software - Infrastructure,0.9244,0.22301,624,,,,,,,,
MHF/MVF,Asset Management,0.9238,0.22301,624,,,,,,,,
EVG/MSD,Asset Management,0.9276,0.22302,624,,,,,,,,
CXH/EOT,Asset Management,0.9788,0.2231,624,,,,,,,,
CWBC/TSBK,Banks - Regional,0.9535,0.22312,624,,,,,,,,
DCOM/HBCP,Banks - Regional,0.8802,0.22312,624,,,,,,,,
MUE/MVF,Asset Management,0.9841,0.22312,624,,,,,,,,
PNC/SFBC,Banks - Regional,0.9654,0.22318,624,,,,,,,,
ATLO/HBAN,Banks - Regional,0.8003,0.22319,624,,,,,,,,
WIA/WIW,Asset Management,0.9896,0.22321,624,,,,,,,,
MFM/NAN,Asset Management,0.9832,0.22324,624,,,,,,,,
CTBI/SHBI,Banks - Regional,0.8133,0.22327,624,,,,,,,,
MQY/NMI,Asset Management,0.9689,0.22329,624,,,,,,,,
CVBF/OPOF,Banks - Regional,0.8564,0.22336,624,,,,,,,,
NQP/VMO,Asset Management,0.9777,0.22336,624,,,,,,,,
PFN/PTY,Asset Management,0.9905,0.22337,624,,,,,,,,
FBIZ/PFBC,Banks - Regional,0.9351,0.22342,624,,,,,,,,
PKBK/WASH,Banks - Regional,0.8748,0.22344,624,,,,,,,,
BANC/LSBK,Banks - Regional,0.8486,0.22345,624,,,,,,,,
BTA/MQT,Asset Management,0.9789,0.22346,624,,,,,,,,
NNY/VGM,Asset Management,0.9675,0.22347,624,,,,,,,,
BSRR/USB,Banks - Regional,0.9321,0.22352,624,,,,,,,,
PEBK/PFBC,Banks - Regional,0.9402,0.22357,624,,,,,,,,
NKSH/OCFC,Banks - Regional,0.9358,0.22357,624,,,,,,,,
BOTJ/PNC,Banks - Regional,0.9074,0.22357,624,,,,,,,,
EOT/JPC,Asset Management,0.9403,0.22362,624,,,,,,,,
PYT/QTEC,Unknown,0.941,0.22362,624,,,,,,,,
CADE/DCOM,Banks - Regional,0.8748,0.22362,624,,,,,,,,
EHI/GDO,Asset Management,0.9803,0.22363,624,,,,,,,,
IPB/QQQ,Unknown,0.9111,0.22368,624,,,,,,,,
DCOM/INDB,Banks - Regional,0.8938,0.2237,624,,,,,,,,
NEA/VCV,Asset Management,0.9743,0.22373,624,,,,,,,,
CAPR/SNGX,Biotechnology,0.817,0.22373,624,,,,,,,,
EFT/FRA,Asset Management,0.9882,0.22376,624,,,,,,,,
NIM/NXJ,Asset Management,0.9797,0.22377,624,,,,,,,,
PTY/TSI,Asset Management,0.9657,0.22377,624,,,,,,,,
NNY/NXP,Asset Management,0.9466,0.2238,624,,,,,,,,
ASB/WASH,Banks - Regional,0.8454,0.22382,624,,,,,,,,
CMU/IQI,Asset Management,0.9741,0.22385,624,,,,,,,,
FNB/OBT,Banks - Regional,0.8572,0.22389,624,,,,,,,,
IIM/VPV,Asset Management,0.979,0.2239,624,,,,,,,,
BYM/MMU,Asset Management,0.9569,0.2239,624,,,,,,,,
ONB/SMBK,Banks - Regional,0.9456,0.22395,624,,,,,,,,
CADE/PBHC,Banks - Regional,0.8728,0.22395,624,,,,,,,,
CCNE/WASH,Banks - Regional,0.9242,0.22396,624,,,,,,,,
NNY/PMX,Asset Management,0.9274,0.22398,624,,,,,,,,
ASRV/FRME,Banks - Regional,0.8652,0.22401,624,,,,,,,,
BUSE/OPOF,Banks - Regional,0.8728,0.22402,624,,,,,,,,
IIM/MYN,Asset Management,0.9816,0.22406,624,,,,,,,,
CMU/NXJ,Asset Management,0.9383,0.22407,624,,,,,,,,
MHN/VCV,Asset Management,0.9779,0.22407,624,,,,,,,,
GABC/PPBI,Banks - Regional,0.9212,0.22409,624,,,,,,,,
NXJ/VKQ,Asset Management,0.9787,0.2241,624,,,,,,,,
MQT/NCA,Asset Management,0.9675,0.22412,624,,,,,,,,
ATLO/SSB,Banks - Regional,0.8336,0.22416,624,,,,,,,,
FFBC/MNSB,Banks - Regional,0.869,0.22416,624,,,,,,,,
BNY/NKX,Asset Management,0.9419,0.22418,624,,,,,,,,
AUB/CASH,Banks - Regional,0.8843,0.2242,624,,,,,,,,
BOTJ/UMBF,Banks - Regional,0.8783,0.22421,624,,,,,,,,
CXE/VGM,Asset Management,0.972,0.22422,624,,,,,,,,
HWBK/OSBC,Banks - Regional,0.941,0.22424,624,,,,,,,,
NCA/VBF,Asset Management,0.947,0.22425,624,,,,,,,,
FCCO/PGC,Banks - Regional,0.9254,0.22426,624,,,,,,,,
NAD/NUW,Asset Management,0.9716,0.22426,624,,,,,,,,
EOT/NAC,Asset Management,0.9699,0.22427,624,,,,,,,,
SBFG/WAL,Banks - Regional,0.9024,0.22431,624,,,,,,,,
ATLO/SHBI,Banks - Regional,0.8058,0.22434,624,,,,,,,,
AWF/EVG,Asset Management,0.9824,0.22434,624,,,,,,,,
LSBK/SSB,Banks - Regional,0.8967,0.22434,624,,,,,,,,
CTBI/SMBK,Banks - Regional,0.9564,0.22436,624,,,,,,,,
BRKL/WBS,Banks - Regional,0.9226,0.22438,624,,,,,,,,
BANC/CZWI,Banks - Regional,0.8721,0.22442,624,,,,,,,,
AUB/SBFG,Banks - Regional,0.9518,0.22443,624,,,,,,,,
WEC/XEL,Utilities - Regulated Electric,0.9956,0.22443,624,,,,,,,,
MTB/PGC,Banks - Regional,0.9182,0.22448,624,,,,,,,,
OIA/WEA,Asset Management,0.954,0.22449,624,,,,,,,,
NKX/NUW,Asset Management,0.9811,0.22451,624,,,,,,,,
IGA/SAR,Asset Management,0.967,0.22451,624,,,,,,,,
MVF/PYN,Asset Management,0.9079,0.22454,624,,,,,,,,
NRK/PAI,Asset Management,0.9708,0.22454,624,,,,,,,,
PMF/PMX,Asset Management,0.9746,0.22458,624,,,,,,,,
BRW/PHD,Asset Management,0.9578,0.22461,624,,,,,,,,
KTN/QTEC,Unknown,0.9184,0.22461,624,,,,,,,,
FCF/NRIM,Banks - Regional,0.8935,0.22462,624,,,,,,,,
ASRV/TFC,Banks - Regional,0.8547,0.22471,624,,,,,,,,
NUW/PZC,Asset Management,0.9307,0.22473,624,,,,,,,,
GBCI/NEWT,Banks - Regional,0.9223,0.22475,624,,,,,,,,
HBAN/WSFS,Banks - Regional,0.9656,0.22476,624,,,,,,,,
FCCO/PLBC,Banks - Regional,0.9139,0.22481,624,,,,,,,,
BTA/MVF,Asset Management,0.9349,0.22482,624,,,,,,,,
IIM/MVF,Asset Management,0.971,0.22482,624,,,,,,,,
BFK/IGI,Asset Management,0.9567,0.22489,624,,,,,,,,
BHLB/HTBK,Banks - Regional,0.8962,0.22496,624,,,,,,,,
FCCO/NKSH,Banks - Regional,0.8968,0.22497,624,,,,,,,,
TRST/UBFO,Banks - Regional,0.9185,0.22498,624,,,,,,,,
EOI/ETY,Asset Management,0.9984,0.22498,624,,,,,,,,
BCAL/SBFG,Banks - Regional,0.8883,0.22499,624,,,,,,,,
IIM/MQT,Asset Management,0.9879,0.22502,624,,,,,,,,
IGI/JPC,Asset Management,0.9481,0.22503,624,,,,,,,,
BCAL/HWBK,Banks - Regional,0.881,0.22506,624,,,,,,,,
BCAL/NBTB,Banks - Regional,0.8978,0.22509,624,,,,,,,,
EMB/VCIT,Unknown,0.9722,0.22517,624,,,,,,,,
CBU/EBMT,Banks - Regional,0.954,0.22519,624,,,,,,,,
FNLC/IBCP,Banks - Regional,0.9148,0.22519,624,,,,,,,,
ESSA/SFBC,Banks - Regional,0.9396,0.2252,624,,,,,,,,
MYN/NNY,Asset Management,0.9632,0.22521,624,,,,,,,,
NXN/PYN,Asset Management,0.8042,0.22521,624,,,,,,,,
ATLO/FLIC,Banks - Regional,0.9098,0.22522,624,,,,,,,,
ASRV/NKSH,Banks - Regional,0.8853,0.22525,624,,,,,,,,
FBNC/TSBK,Banks - Regional,0.9704,0.22527,624,,,,,,,,
FCCO/FUNC,Banks - Regional,0.908,0.22529,624,,,,,,,,
MUA/NCA,Asset Management,0.9651,0.22531,624,,,,,,,,
BNY/NXN,Asset Management,0.9103,0.22531,624,,,,,,,,
IPB/VCLT,Unknown,0.9285,0.22535,624,,,,,,,,
CHMG/NRIM,Banks - Regional,0.868,0.22535,624,,,,,,,,
COFS/LSBK,Banks - Regional,0.8325,0.22535,624,,,,,,,,
NUW/NXJ,Asset Management,0.9582,0.22536,624,,,,,,,,
IQI/MQT,Asset Management,0.9889,0.22537,624,,,,,,,,
KTF/MYD,Asset Management,0.9565,0.22538,624,,,,,,,,
BOKF/HBCP,Banks - Regional,0.9599,0.22544,624,,,,,,,,
DSM/OIA,Asset Management,0.9372,0.22546,624,,,,,,,,
NRIM/UNTY,Banks - Regional,0.9619,0.22551,624,,,,,,,,
BUSE/SRCE,Banks - Regional,0.9485,0.22552,624,,,,,,,,
CZWI/PNFP,Banks - Regional,0.9457,0.22553,624,,,,,,,,
CAC/LKFN,Banks - Regional,0.9375,0.22554,624,,,,,,,,
EVN/MHD,Asset Management,0.9698,0.22556,624,,,,,,,,
ABCB/PFBC,Banks - Regional,0.9654,0.22557,624,,,,,,,,
HOMB/SFBC,Banks - Regional,0.9382,0.22558,624,,,,,,,,
BCAL/PEBK,Banks - Regional,0.8985,0.2256,624,,,,,,,,
EBTC/FISI,Banks - Regional,0.9211,0.22562,624,,,,,,,,
KTH/QTEC,Unknown,0.9363,0.22563,624,,,,,,,,
CAC/VLY,Banks - Regional,0.8781,0.22564,624,,,,,,,,
HTBK/WNEB,Banks - Regional,0.8945,0.22567,624,,,,,,,,
BCAL/HBAN,Banks - Regional,0.8872,0.22568,624,,,,,,,,
DDT/PEY,Unknown,0.984,0.22571,624,,,,,,,,
COLB/SMBK,Banks - Regional,0.803,0.22572,624,,,,,,,,
PMF/PML,Asset Management,0.9609,0.22574,624,,,,,,,,
MUC/SBI,Asset Management,0.9731,0.22577,624,,,,,,,,
FMNB/SBSI,Banks - Regional,0.9713,0.22578,624,,,,,,,,
BOTJ/IBOC,Banks - Regional,0.8313,0.22578,624,,,,,,,,
CATY/OVLY,Banks - Regional,0.9147,0.22581,624,,,,,,,,
FFIC/HOPE,Banks - Regional,0.9406,0.22583,624,,,,,,,,
ASRV/RVSB,Banks - Regional,0.872,0.22585,624,,,,,,,,
CZWI/HBCP,Banks - Regional,0.957,0.22585,624,,,,,,,,
PCF/RMT,Asset Management,0.9769,0.22585,624,,,,,,,,
BKN/PYN,Asset Management,0.876,0.22587,624,,,,,,,,
CVBF/SMBC,Banks - Regional,0.9051,0.22592,624,,,,,,,,
CADE/OCFC,Banks - Regional,0.8505,0.22595,624,,,,,,,,
BCAL/PFBC,Banks - Regional,0.9054,0.22598,624,,,,,,,,
TRMK/UVSP,Banks - Regional,0.9639,0.22599,624,,,,,,,,
NXC/OIA,Asset Management,0.9666,0.22599,624,,,,,,,,
HFBL/INDB,Banks - Regional,0.9412,0.22599,624,,,,,,,,
KLIC/NVMI,Semiconductor Equipment & Materials,0.8414,0.22605,624,,,,,,,,
MUJ/NUW,Asset Management,0.9689,0.22607,624,,,,,,,,
EOT/EVN,Asset Management,0.9672,0.22608,624,,,,,,,,
ASRV/MPB,Banks - Regional,0.8215,0.22609,624,,,,,,,,
ATLO/LARK,Banks - Regional,0.8453,0.2261,624,,,,,,,,
BNY/MHF,Asset Management,0.8791,0.22612,624,,,,,,,,
BUSE/SHBI,Banks - Regional,0.8806,0.22612,624,,,,,,,,
FNWD/FRST,Banks - Regional,0.9329,0.22615,624,,,,,,,,
CXH/FMN,Asset Management,0.9806,0.22616,624,,,,,,,,
CATY/HIFS,Banks - Regional,0.9126,0.22617,624,,,,,,,,
EMB/IPB,Unknown,0.9361,0.2262,624,,,,,,,,
OSBC/UNTY,Banks - Regional,0.9231,0.22621,624,,,,,,,,
NUW/VPV,Asset Management,0.9606,0.22624,624,,,,,,,,
MQY/MVF,Asset Management,0.971,0.22624,624,,,,,,,,
BOH/CBAN,Banks - Regional,0.9471,0.22625,624,,,,,,,,
FOF/PTY,Asset Management,0.9789,0.22627,624,,,,,,,,
FMN/MYD,Asset Management,0.9843,0.22627,624,,,,,,,,
NUV/PMM,Asset Management,0.9867,0.22627,624,,,,,,,,
PEBO/TFC,Banks - Regional,0.9103,0.22627,624,,,,,,,,
CBFV/LKFN,Banks - Regional,0.8338,0.22629,624,,,,,,,,
ASB/OPOF,Banks - Regional,0.8598,0.2263,624,,,,,,,,
BUSE/SBFG,Banks - Regional,0.9311,0.2263,624,,,,,,,,
CWBC/MTB,Banks - Regional,0.9199,0.22632,624,,,,,,,,
SFNC/SMBC,Banks - Regional,0.804,0.22634,624,,,,,,,,
PBHC/WNEB,Banks - Regional,0.8236,0.22635,624,,,,,,,,
GJP/GJS,Unknown,0.9521,0.22636,624,,,,,,,,
DCOM/FBNC,Banks - Regional,0.8849,0.22637,624,,,,,,,,
MQT/MYD,Asset Management,0.9793,0.22637,624,,,,,,,,
JCE/RJF,Asset Management,0.9745,0.22639,624,,,,,,,,
MUJ/NIM,Asset Management,0.9767,0.22648,624,,,,,,,,
BANR/MOFG,Banks - Regional,0.9158,0.22648,624,,,,,,,,
CAC/SNV,Banks - Regional,0.9336,0.22652,624,,,,,,,,
MMU/NZF,Asset Management,0.9429,0.22652,624,,,,,,,,
ASB/SBFG,Banks - Regional,0.9161,0.22653,624,,,,,,,,
INDB/PFS,Banks - Regional,0.93,0.22663,624,,,,,,,,
NAD/PMM,Asset Management,0.99,0.22664,624,,,,,,,,
PEBK/WNEB,Banks - Regional,0.8612,0.22668,624,,,,,,,,
MHN/MMU,Asset Management,0.9646,0.22672,624,,,,,,,,
LSBK/WSBF,Banks - Regional,0.9069,0.22674,624,,,,,,,,
NCA/NXN,Asset Management,0.9719,0.22675,624,,,,,,,,
DSM/MUJ,Asset Management,0.9553,0.22676,624,,,,,,,,
BANFP/FAD,Unknown,0.9592,0.22681,624,,,,,,,,
BYM/FFC,Asset Management,0.969,0.22682,624,,,,,,,,
CTBI/NRIM,Banks - Regional,0.9159,0.22682,624,,,,,,,,
CHMG/FNWD,Banks - Regional,0.8033,0.22686,624,,,,,,,,
LSBK/WTFC,Banks - Regional,0.8122,0.22689,624,,,,,,,,
MGF/MHF,Asset Management,0.909,0.22694,624,,,,,,,,
CIVB/OVLY,Banks - Regional,0.8403,0.22695,624,,,,,,,,
BOTJ/CIVB,Banks - Regional,0.9568,0.22695,624,,,,,,,,
FBIZ/NRIM,Banks - Regional,0.9478,0.22706,624,,,,,,,,
MGYR/PFBC,Banks - Regional,0.9568,0.22707,624,,,,,,,,
KTN/PDP,Unknown,0.9518,0.22709,624,,,,,,,,
SRCE/WASH,Banks - Regional,0.8052,0.22709,624,,,,,,,,
LNN/OSK,Farm & Heavy Construction Machinery,0.8793,0.22714,624,,,,,,,,
PMM/VCV,Asset Management,0.968,0.22716,624,,,,,,,,
VBF/WEA,Asset Management,0.9773,0.22717,624,,,,,,,,
CWBC/TRMK,Banks - Regional,0.9245,0.22717,624,,,,,,,,
BCAL/TRMK,Banks - Regional,0.8609,0.2272,624,,,,,,,,
HPF/PML,Asset Management,0.8331,0.2272,624,,,,,,,,
FMY/PAI,Asset Management,0.8943,0.22721,624,,,,,,,,
FCF/PEBO,Banks - Regional,0.9767,0.22721,624,,,,,,,,
MGYR/WBS,Banks - Regional,0.9401,0.22729,624,,,,,,,,
CBAN/SBFG,Banks - Regional,0.9642,0.2273,624,,,,,,,,
NTRS/SPXX,Asset Management,0.9216,0.22731,624,,,,,,,,
TFC/WTBA,Banks - Regional,0.9542,0.22733,624,,,,,,,,
BRKL/SHBI,Banks - Regional,0.9305,0.22738,624,,,,,,,,
CATY/WSFS,Banks - Regional,0.968,0.22739,624,,,,,,,,
AUB/MGYR,Banks - Regional,0.9413,0.22748,624,,,,,,,,
CHMG/MNSB,Banks - Regional,0.9114,0.22751,624,,,,,,,,
CAC/LARK,Banks - Regional,0.9041,0.22759,624,,,,,,,,
PGC/RVSB,Banks - Regional,0.9261,0.22763,624,,,,,,,,
ATLO/EFSC,Banks - Regional,0.8377,0.22765,624,,,,,,,,
DCOM/WNEB,Banks - Regional,0.8847,0.22768,624,,,,,,,,
BANC/SHBI,Banks - Regional,0.8147,0.2277,624,,,,,,,,
ETB/RQI,Asset Management,0.9799,0.22777,624,,,,,,,,
EVN/NUW,Asset Management,0.981,0.22778,624,,,,,,,,
BRW/EFT,Asset Management,0.9588,0.22787,624,,,,,,,,
PFS/SMBC,Banks - Regional,0.8637,0.22788,624,,,,,,,,
DTF/FMN,Asset Management,0.9655,0.22789,624,,,,,,,,
CADE/SBFG,Banks - Regional,0.9403,0.22791,624,,,,,,,,
CWBC/DCOM,Banks - Regional,0.8863,0.22793,624,,,,,,,,
IEF/TVE,Unknown,0.9324,0.22797,624,,,,,,,,
NXC/VKQ,Asset Management,0.9546,0.228,624,,,,,,,,
MUA/NAC,Asset Management,0.9818,0.228,624,,,,,,,,
ATLO/UBSI,Banks - Regional,0.8394,0.22805,624,,,,,,,,
CATY/FRME,Banks - Regional,0.9638,0.22807,624,,,,,,,,
EBTC/FRME,Banks - Regional,0.9621,0.22808,624,,,,,,,,
BCAL/MNSB,Banks - Regional,0.913,0.22808,624,,,,,,,,
DCOM/PGC,Banks - Regional,0.936,0.22813,624,,,,,,,,
PGC/WASH,Banks - Regional,0.9305,0.22815,624,,,,,,,,
CVBF/FNWD,Banks - Regional,0.8891,0.22818,624,,,,,,,,
PKBK/UNTY,Banks - Regional,0.917,0.22818,624,,,,,,,,
PCF/PFL,Asset Management,0.9837,0.22825,624,,,,,,,,
HUBG/LSTR,Integrated Freight & Logistics,0.9525,0.22826,624,,,,,,,,
BKN/NXP,Asset Management,0.9208,0.22826,624,,,,,,,,
MFM/VMO,Asset Management,0.9802,0.22826,624,,,,,,,,
IGI/RNP,Asset Management,0.8803,0.2283,624,,,,,,,,
CXE/PNF,Asset Management,0.9532,0.2283,624,,,,,,,,
BND/TVE,Unknown,0.9699,0.22834,624,,,,,,,,
DCOM/FRME,Banks - Regional,0.9168,0.22838,624,,,,,,,,
FISI/SBFG,Banks - Regional,0.8927,0.22841,624,,,,,,,,
IPB/QQEW,Unknown,0.9499,0.22842,624,,,,,,,,
NIM/SBI,Asset Management,0.9484,0.22847,624,,,,,,,,
MUE/MYN,Asset Management,0.9884,0.22848,624,,,,,,,,
MHD/MIY,Asset Management,0.9479,0.22849,624,,,,,,,,
LSBK/NFBK,Banks - Regional,0.8701,0.2285,624,,,,,,,,
CATY/SFST,Banks - Regional,0.8881,0.22853,624,,,,,,,,
SFBC/WAL,Banks - Regional,0.9193,0.22855,624,,,,,,,,
CADE/SHBI,Banks - Regional,0.8576,0.22855,624,,,,,,,,
CIVB/CZNC,Banks - Regional,0.9582,0.22856,624,,,,,,,,
IIM/MIY,Asset Management,0.9811,0.2286,624,,,,,,,,
ASRV/CAC,Banks - Regional,0.83,0.22861,624,,,,,,,,
BDX/WST,Medical Instruments & Supplies,0.8376,0.22867,624,,,,,,,,
FNLC/WASH,Banks - Regional,0.8681,0.22876,624,,,,,,,,
IQI/NXC,Asset Management,0.9667,0.22877,624,,,,,,,,
ASB/OVLY,Banks - Regional,0.862,0.22881,624,,,,,,,,
FULT/MOFG,Banks - Regional,0.8828,0.22883,624,,,,,,,,
CMC/STLD,Steel,0.9842,0.22883,624,,,,,,,,
NZF/VKQ,Asset Management,0.9861,0.22884,624,,,,,,,,
HPI/RQI,Asset Management,0.9608,0.22884,624,,,,,,,,
ETN/FELE,Specialty Industrial Machinery,0.9171,0.22886,624,,,,,,,,
ABCB/FCCO,Banks - Regional,0.9609,0.22887,624,,,,,,,,
CATY/FNLC,Banks - Regional,0.9639,0.22887,624,,,,,,,,
SMBK/SSBI,Banks - Regional,0.8115,0.22888,624,,,,,,,,
MUA/MVF,Asset Management,0.9722,0.22888,624,,,,,,,,
PPBI/SFBC,Banks - Regional,0.8593,0.2289,624,,,,,,,,
FFBC/PEBK,Banks - Regional,0.9377,0.22891,624,,,,,,,,
NCA/NMZ,Asset Management,0.9687,0.22893,624,,,,,,,,
SMBK/SSB,Banks - Regional,0.9459,0.22894,624,,,,,,,,
IPB/PYT,Unknown,0.9759,0.22894,624,,,,,,,,
SBI/VCV,Asset Management,0.9785,0.22896,624,,,,,,,,
FMY/JHS,Asset Management,0.8788,0.22896,624,,,,,,,,
BOTJ/CHCO,Banks - Regional,0.8139,0.22897,624,,,,,,,,
CAC/TOWN,Banks - Regional,0.9596,0.22898,624,,,,,,,,
DSM/PMX,Asset Management,0.9693,0.22899,624,,,,,,,,
SFBC/UNTY,Banks - Regional,0.9528,0.22901,624,,,,,,,,
KTH/ONEQ,Unknown,0.9349,0.22904,624,,,,,,,,
THFF/WASH,Banks - Regional,0.8671,0.22909,624,,,,,,,,
EBTC/MBCN,Banks - Regional,0.9179,0.2291,624,,,,,,,,
MUE/NMI,Asset Management,0.9662,0.22912,624,,,,,,,,
CIVB/MPB,Banks - Regional,0.9713,0.22915,624,,,,,,,,
GABC/SNV,Banks - Regional,0.9407,0.22918,624,,,,,,,,
MFM/MVF,Asset Management,0.9757,0.22919,624,,,,,,,,
ASB/HWBK,Banks - Regional,0.8927,0.22921,624,,,,,,,,
DGICA/MKL,Insurance - Property & Casualty,0.9219,0.22922,624,,,,,,,,
MTB/PFIS,Banks - Regional,0.9259,0.22925,624,,,,,,,,
CWBC/OPOF,Banks - Regional,0.8676,0.22928,624,,,,,,,,
PEBK/USB,Banks - Regional,0.9225,0.22929,624,,,,,,,,
MHO/PHM,Residential Construction,0.9922,0.22932,624,,,,,,,,
PFF/VCIT,Unknown,0.975,0.22933,624,,,,,,,,
FRST/HBNC,Banks - Regional,0.9334,0.22933,624,,,,,,,,
JHS/NXC,Asset Management,0.9557,0.22935,624,,,,,,,,
ASB/PLBC,Banks - Regional,0.8723,0.22936,624,,,,,,,,
KEY/WTBA,Banks - Regional,0.9589,0.22937,624,,,,,,,,
EBTC/MBWM,Banks - Regional,0.9288,0.22938,624,,,,,,,,
BKT/IQI,Asset Management,0.9648,0.22943,624,,,,,,,,
OCFC/SHBI,Banks - Regional,0.8455,0.22944,624,,,,,,,,
BYM/JHS,Asset Management,0.973,0.22945,624,,,,,,,,
FULT/MPB,Banks - Regional,0.9375,0.22945,624,,,,,,,,
CAC/NEWT,Banks - Regional,0.896,0.22948,624,,,,,,,,
BRW/FCT,Asset Management,0.9659,0.22951,624,,,,,,,,
IIM/MUJ,Asset Management,0.9832,0.22955,624,,,,,,,,
ATLO/GABC,Banks - Regional,0.8239,0.22957,624,,,,,,,,
MMU/MUC,Asset Management,0.9636,0.22962,624,,,,,,,,
ASRV/MOFG,Banks - Regional,0.8655,0.22965,624,,,,,,,,
CZNC/FFIC,Banks - Regional,0.8022,0.22968,624,,,,,,,,
BKN/PNI,Asset Management,0.8559,0.22971,624,,,,,,,,
BSRR/WASH,Banks - Regional,0.8595,0.22973,624,,,,,,,,
CATY/GCBC,Banks - Regional,0.8793,0.22973,624,,,,,,,,
NNY/PZC,Asset Management,0.919,0.22976,624,,,,,,,,
FCCO/FISI,Banks - Regional,0.8997,0.22978,624,,,,,,,,
EEA/TWN,Asset Management,0.9095,0.22979,624,,,,,,,,
MPA/NZF,Asset Management,0.978,0.22981,624,,,,,,,,
CMU/MHD,Asset Management,0.979,0.22982,624,,,,,,,,
FFC/PFO,Asset Management,0.9931,0.22982,624,,,,,,,,
FISI/USB,Banks - Regional,0.9526,0.22982,624,,,,,,,,
NCA/PAI,Asset Management,0.9522,0.22984,624,,,,,,,,
BANR/SBFG,Banks - Regional,0.9519,0.22984,624,,,,,,,,
PFIS/SBSI,Banks - Regional,0.9385,0.22984,624,,,,,,,,
MVF/PMO,Asset Management,0.9295,0.22995,624,,,,,,,,
DCOM/FLIC,Banks - Regional,0.8462,0.22996,624,,,,,,,,
FFBC/PEBO,Banks - Regional,0.9528,0.22997,624,,,,,,,,
PYT/QQQ,Unknown,0.9271,0.22997,624,,,,,,,,
IPB/JBK,Unknown,0.9838,0.22999,624,,,,,,,,
BFK/DTF,Asset Management,0.973,0.23,624,,,,,,,,
IMNN/RIGL,Biotechnology,0.8234,0.23,624,,,,,,,,
CZNC/OVLY,Banks - Regional,0.8454,0.23001,624,,,,,,,,
NNY/PMF,Asset Management,0.9189,0.23005,624,,,,,,,,
NBTB/PKBK,Banks - Regional,0.9544,0.23005,624,,,,,,,,
BXMX/SAR,Asset Management,0.9809,0.23011,624,,,,,,,,
AUB/BCAL,Banks - Regional,0.9024,0.23015,624,,,,,,,,
JMM/RNP,Asset Management,0.9507,0.23018,624,,,,,,,,
MGF/VGM,Asset Management,0.9425,0.23019,624,,,,,,,,
CCNE/MTB,Banks - Regional,0.9396,0.2302,624,,,,,,,,
EBTC/RVSB,Banks - Regional,0.8981,0.23024,624,,,,,,,,
PGC/UVSP,Banks - Regional,0.939,0.23024,624,,,,,,,,
EBTC/UNB,Banks - Regional,0.8464,0.23026,624,,,,,,,,
EOT/VMO,Asset Management,0.9676,0.23026,624,,,,,,,,
IIM/VGM,Asset Management,0.9846,0.23028,624,,,,,,,,
GJP/PNQI,Unknown,0.8939,0.23029,624,,,,,,,,
RBCAA/UNTY,Banks - Regional,0.9803,0.23032,624,,,,,,,,
MBWM/PBHC,Banks - Regional,0.9046,0.23033,624,,,,,,,,
CAC/FULT,Banks - Regional,0.939,0.23035,624,,,,,,,,
CBFV/CIVB,Banks - Regional,0.9028,0.23038,624,,,,,,,,
BDJ/GOF,Asset Management,0.9834,0.2304,624,,,,,,,,
FCCO/SFST,Banks - Regional,0.9031,0.23043,624,,,,,,,,
NXC/VMO,Asset Management,0.9522,0.23044,624,,,,,,,,
CWBC/FFBC,Banks - Regional,0.9408,0.23045,624,,,,,,,,
MTB/OVBC,Banks - Regional,0.8355,0.23049,624,,,,,,,,
PWOD/WSBC,Banks - Regional,0.851,0.23055,624,,,,,,,,
MGYR/WTFC,Banks - Regional,0.9322,0.23056,624,,,,,,,,
PKBK/SMBC,Banks - Regional,0.9587,0.23057,624,,,,,,,,
FLC/GDO,Asset Management,0.9848,0.23058,624,,,,,,,,
MUE/NAN,Asset Management,0.983,0.2306,624,,,,,,,,
ASB/OCFC,Banks - Regional,0.8891,0.23063,624,,,,,,,,
EBMT/WSBF,Banks - Regional,0.9238,0.23063,624,,,,,,,,
MHD/NQP,Asset Management,0.9391,0.23071,624,,,,,,,,
CMU/HPS,Asset Management,0.8847,0.23072,624,,,,,,,,
CTBI/PGC,Banks - Regional,0.8851,0.23073,624,,,,,,,,
MHD/NEA,Asset Management,0.9402,0.23074,624,,,,,,,,
MTB/PKBK,Banks - Regional,0.9397,0.23076,624,,,,,,,,
LEO/SBI,Asset Management,0.9594,0.23076,624,,,,,,,,
RGCO/SWX,Utilities - Regulated Gas,0.9043,0.23078,624,,,,,,,,
CHMG/HWBK,Banks - Regional,0.9408,0.23079,624,,,,,,,,
CMU/DSM,Asset Management,0.98,0.2308,624,,,,,,,,
EMB/IGIB,Unknown,0.9564,0.23081,624,,,,,,,,
DTF/VMO,Asset Management,0.9554,0.23093,624,,,,,,,,
NNY/PFO,Asset Management,0.9641,0.23095,624,,,,,,,,
MYI/NAC,Asset Management,0.9858,0.23097,624,,,,,,,,
FUNC/SFBC,Banks - Regional,0.9396,0.231,624,,,,,,,,
LKFN/MPB,Banks - Regional,0.9227,0.23102,624,,,,,,,,
EBTC/FNLC,Banks - Regional,0.9518,0.23106,624,,,,,,,,
MBCN/MTB,Banks - Regional,0.9111,0.23108,624,,,,,,,,
CADE/PEBK,Banks - Regional,0.929,0.23109,624,,,,,,,,
EBMT/FLIC,Banks - Regional,0.8068,0.2311,624,,,,,,,,
IGI/NEA,Asset Management,0.97,0.2312,624,,,,,,,,
CBSH/NEWT,Banks - Regional,0.9141,0.23121,624,,,,,,,,
CAC/FCF,Banks - Regional,0.9515,0.23121,624,,,,,,,,
FULT/PEBK,Banks - Regional,0.9419,0.23125,624,,,,,,,,
MHD/PMX,Asset Management,0.9645,0.23128,624,,,,,,,,
HBAN/PBHC,Banks - Regional,0.926,0.23128,624,,,,,,,,
ATLO/PGC,Banks - Regional,0.8871,0.23129,624,,,,,,,,
CIF/WEA,Asset Management,0.96,0.23129,624,,,,,,,,
EBTC/SBSI,Banks - Regional,0.943,0.23131,624,,,,,,,,
NMZ/NXN,Asset Management,0.9771,0.23131,624,,,,,,,,
CCNE/MGYR,Banks - Regional,0.8916,0.23131,624,,,,,,,,
HIFS/LARK,Banks - Regional,0.9011,0.23132,624,,,,,,,,
FCCO/GCBC,Banks - Regional,0.821,0.23132,624,,,,,,,,
CCNE/PKBK,Banks - Regional,0.9398,0.23137,624,,,,,,,,
BFK/MUJ,Asset Management,0.9589,0.23138,624,,,,,,,,
AUB/FBNC,Banks - Regional,0.9606,0.23138,624,,,,,,,,
GJO/GJR,Unknown,0.9796,0.23143,624,,,,,,,,
NCA/NUW,Asset Management,0.9802,0.23146,624,,,,,,,,
CTBI/ONB,Banks - Regional,0.9789,0.2316,624,,,,,,,,
PAI/PMO,Asset Management,0.9692,0.23162,624,,,,,,,,
NUW/NXP,Asset Management,0.9247,0.23165,624,,,,,,,,
MYI/VGM,Asset Management,0.9838,0.23167,624,,,,,,,,
KTF/MVT,Asset Management,0.9633,0.23167,624,,,,,,,,
ASRV/PEBK,Banks - Regional,0.8227,0.23171,624,,,,,,,,
FCCO/QCRH,Banks - Regional,0.9398,0.23173,624,,,,,,,,
GBCI/SFBC,Banks - Regional,0.9406,0.23173,624,,,,,,,,
EBTC/HTBK,Banks - Regional,0.9245,0.23175,624,,,,,,,,
BLE/BNY,Asset Management,0.9742,0.23176,624,,,,,,,,
ENTG/TER,Semiconductor Equipment & Materials,0.9794,0.23176,624,,,,,,,,
CARE/NWFL,Banks - Regional,0.8288,0.23185,624,,,,,,,,
MPB/SRCE,Banks - Regional,0.9541,0.23186,624,,,,,,,,
SFBC/WTBA,Banks - Regional,0.9249,0.23187,624,,,,,,,,
SMBK/WTFC,Banks - Regional,0.9475,0.23188,624,,,,,,,,
HSII/KFY,Staffing & Employment Services,0.9361,0.23189,624,,,,,,,,
KTF/NUW,Asset Management,0.9392,0.23189,624,,,,,,,,
MHD/NZF,Asset Management,0.9433,0.23192,624,,,,,,,,
PWOD/TSBK,Banks - Regional,0.8075,0.23195,624,,,,,,,,
ONB/TFC,Banks - Regional,0.8944,0.23196,624,,,,,,,,
CHMG/TCBK,Banks - Regional,0.9505,0.23197,624,,,,,,,,
CZWI/WSBC,Banks - Regional,0.9431,0.23204,624,,,,,,,,
BRKL/CAC,Banks - Regional,0.932,0.23204,624,,,,,,,,
INDB/MOFG,Banks - Regional,0.86,0.23207,624,,,,,,,,
MHF/PAI,Asset Management,0.9497,0.23212,624,,,,,,,,
CWBC/HBCP,Banks - Regional,0.9502,0.23213,624,,,,,,,,
FULT/SMBK,Banks - Regional,0.9605,0.23214,624,,,,,,,,
PWOD/SSB,Banks - Regional,0.8813,0.23222,624,,,,,,,,
CBSH/UBCP,Banks - Regional,0.9543,0.23223,624,,,,,,,,
EOT/NXJ,Asset Management,0.9583,0.23223,624,,,,,,,,
VABK/WSBC,Banks - Regional,0.8943,0.23225,624,,,,,,,,
BFIN/BOTJ,Banks - Regional,0.8443,0.23226,624,,,,,,,,
HWBK/PBHC,Banks - Regional,0.9075,0.23228,624,,,,,,,,
PEBK/SMBK,Banks - Regional,0.9392,0.23228,624,,,,,,,,
EVN/NAN,Asset Management,0.986,0.23229,624,,,,,,,,
EHI/MMT,Asset Management,0.9857,0.23232,624,,,,,,,,
PLBC/SSBI,Banks - Regional,0.8082,0.23232,624,,,,,,,,
BDJ/SAR,Asset Management,0.9842,0.23236,624,,,,,,,,
HIFS/SBFG,Banks - Regional,0.9174,0.23236,624,,,,,,,,
CFR/OPBK,Banks - Regional,0.9394,0.23237,624,,,,,,,,
MQY/NAN,Asset Management,0.9854,0.23237,624,,,,,,,,
PEBK/PKBK,Banks - Regional,0.9502,0.23238,624,,,,,,,,
ONB/PBHC,Banks - Regional,0.8854,0.23242,624,,,,,,,,
GJP/PSL,Unknown,0.9555,0.23244,624,,,,,,,,
MTH/NVR,Residential Construction,0.9637,0.23244,624,,,,,,,,
JMM/NXN,Asset Management,0.9686,0.23249,624,,,,,,,,
MVT/NRK,Asset Management,0.9343,0.2325,624,,,,,,,,
BUSE/PEBK,Banks - Regional,0.9547,0.23251,624,,,,,,,,
BKN/FLC,Asset Management,0.9632,0.23251,624,,,,,,,,
JHS/MUC,Asset Management,0.9588,0.23252,624,,,,,,,,
PFO/WEA,Asset Management,0.9643,0.23256,624,,,,,,,,
CWBC/FCF,Banks - Regional,0.9426,0.23259,624,,,,,,,,
CBFV/TSBK,Banks - Regional,0.9264,0.23259,624,,,,,,,,
FFBC/WSBC,Banks - Regional,0.9271,0.23263,624,,,,,,,,
CHMG/UBFO,Banks - Regional,0.9359,0.23269,624,,,,,,,,
NAN/SBI,Asset Management,0.9766,0.2327,624,,,,,,,,
HWC/SBFG,Banks - Regional,0.8458,0.2327,624,,,,,,,,
FNLC/NEWT,Banks - Regional,0.8969,0.23273,624,,,,,,,,
CHCO/MGYR,Banks - Regional,0.9082,0.23277,624,,,,,,,,
CMU/VGM,Asset Management,0.9718,0.23278,624,,,,,,,,
HWC/OPBK,Banks - Regional,0.8731,0.2328,624,,,,,,,,
AFB/IGI,Asset Management,0.9699,0.2328,624,,,,,,,,
ATLO/SNV,Banks - Regional,0.8094,0.23286,624,,,,,,,,
BANC/SFST,Banks - Regional,0.8864,0.23286,624,,,,,,,,
IQI/MHN,Asset Management,0.9816,0.23286,624,,,,,,,,
BYM/PAI,Asset Management,0.9578,0.23286,624,,,,,,,,
CTBI/UNTY,Banks - Regional,0.9527,0.23291,624,,,,,,,,
MHF/NXC,Asset Management,0.9467,0.23291,624,,,,,,,,
HBNC/SHBI,Banks - Regional,0.9001,0.23293,624,,,,,,,,
MQT/NMI,Asset Management,0.9643,0.23295,624,,,,,,,,
ATLO/BANR,Banks - Regional,0.8196,0.23295,624,,,,,,,,
FNB/HWBK,Banks - Regional,0.8318,0.23298,624,,,,,,,,
BLE/EOT,Asset Management,0.9599,0.233,624,,,,,,,,
MUA/PCQ,Asset Management,0.8744,0.233,624,,,,,,,,
CADE/SRCE,Banks - Regional,0.9476,0.23303,624,,,,,,,,
ARCC/GAIN,Asset Management,0.9882,0.23305,624,,,,,,,,
CXH/MMU,Asset Management,0.9756,0.23307,624,,,,,,,,
CBFV/PPBI,Banks - Regional,0.8213,0.23307,624,,,,,,,,
CATY/DCOM,Banks - Regional,0.8873,0.23307,624,,,,,,,,
MUC/NAZ,Asset Management,0.9674,0.23309,624,,,,,,,,
USB/WASH,Banks - Regional,0.9331,0.23309,624,,,,,,,,
SBFG/WSBC,Banks - Regional,0.9007,0.23309,624,,,,,,,,
ESSA/SBFG,Banks - Regional,0.8974,0.23311,624,,,,,,,,
FXNC/RBCAA,Banks - Regional,0.8992,0.23315,624,,,,,,,,
ASB/WBS,Banks - Regional,0.9732,0.23316,624,,,,,,,,
ASRV/PBHC,Banks - Regional,0.8347,0.23316,624,,,,,,,,
CADE/WASH,Banks - Regional,0.825,0.23318,624,,,,,,,,
BOH/PKBK,Banks - Regional,0.924,0.23318,624,,,,,,,,
MMU/PNF,Asset Management,0.9336,0.23319,624,,,,,,,,
EFSC/UNTY,Banks - Regional,0.929,0.23323,624,,,,,,,,
MYD/OIA,Asset Management,0.9545,0.23325,624,,,,,,,,
BANFP/JBK,Unknown,0.9678,0.23329,624,,,,,,,,
SBFG/THFF,Banks - Regional,0.9543,0.23332,624,,,,,,,,
MSCI/NDAQ,Financial Data & Stock Exchanges,0.9756,0.23335,624,,,,,,,,
EBTC/FRST,Banks - Regional,0.8611,0.23336,624,,,,,,,,
LBTYA/TV,Telecom Services,0.8038,0.2334,624,,,,,,,,
CAC/MTB,Banks - Regional,0.9419,0.23341,624,,,,,,,,
FFC/IGI,Asset Management,0.971,0.23341,624,,,,,,,,
CBSH/SSBI,Banks - Regional,0.85,0.23342,624,,,,,,,,
HIX/WEA,Asset Management,0.9682,0.23342,624,,,,,,,,
AROW/SBFG,Banks - Regional,0.9373,0.23343,624,,,,,,,,
PCQ/PMX,Asset Management,0.9666,0.23343,624,,,,,,,,
PCM/USA,Asset Management,0.9297,0.23346,624,,,,,,,,
PMX/PNF,Asset Management,0.976,0.23347,624,,,,,,,,
MVT/NZF,Asset Management,0.9169,0.23348,624,,,,,,,,
HFWA/SFBC,Banks - Regional,0.8695,0.23351,624,,,,,,,,
LARK/MOFG,Banks - Regional,0.9113,0.23353,624,,,,,,,,
ACHV/CYCC,Biotechnology,0.901,0.23353,624,,,,,,,,
HBAN/SMBC,Banks - Regional,0.964,0.23361,624,,,,,,,,
FMN/NOM,Asset Management,0.855,0.23361,624,,,,,,,,
HPS/MFM,Asset Management,0.9179,0.23364,624,,,,,,,,
ETB/ETV,Asset Management,0.9953,0.23365,624,,,,,,,,
BOTJ/UNB,Banks - Regional,0.8575,0.23365,624,,,,,,,,
NAN/NUV,Asset Management,0.9805,0.23369,624,,,,,,,,
CIVB/HBNC,Banks - Regional,0.9668,0.23373,624,,,,,,,,
CIVB/LSBK,Banks - Regional,0.9323,0.23373,624,,,,,,,,
BRKL/HBNC,Banks - Regional,0.9445,0.23374,624,,,,,,,,
NXC/PNI,Asset Management,0.8324,0.23375,624,,,,,,,,
IGI/MSD,Asset Management,0.8908,0.23384,624,,,,,,,,
BTO/ETB,Asset Management,0.9671,0.23384,624,,,,,,,,
HBAN/HWBK,Banks - Regional,0.9507,0.23386,624,,,,,,,,
BLE/MVF,Asset Management,0.9803,0.23391,624,,,,,,,,
HTBK/SMBK,Banks - Regional,0.8989,0.23392,624,,,,,,,,
HFWA/PBHC,Banks - Regional,0.8905,0.23392,624,,,,,,,,
GABC/SMBC,Banks - Regional,0.9578,0.23394,624,,,,,,,,
NNY/SBI,Asset Management,0.9571,0.23394,624,,,,,,,,
FMN/VPV,Asset Management,0.9669,0.23398,624,,,,,,,,
MHD/PML,Asset Management,0.9542,0.23399,624,,,,,,,,
CVBF/WASH,Banks - Regional,0.9228,0.23407,624,,,,,,,,
MYI/NUV,Asset Management,0.9778,0.23408,624,,,,,,,,
SFST/WASH,Banks - Regional,0.9675,0.23408,624,,,,,,,,
MFM/NMT,Asset Management,0.9561,0.23411,624,,,,,,,,
BOH/PPBI,Banks - Regional,0.953,0.23414,624,,,,,,,,
CDNS/DSGX,Software - Application,0.9708,0.23417,624,,,,,,,,
ESSA/OBT,Banks - Regional,0.9286,0.23421,624,,,,,,,,
MMU/PML,Asset Management,0.9339,0.23424,624,,,,,,,,
NUW/PMX,Asset Management,0.9239,0.23427,624,,,,,,,,
NWBI/SFBC,Banks - Regional,0.9216,0.23431,624,,,,,,,,
CCBG/NWFL,Banks - Regional,0.8984,0.23432,624,,,,,,,,
MUC/PMO,Asset Management,0.9504,0.23433,624,,,,,,,,
FFBC/FNWD,Banks - Regional,0.8001,0.23433,624,,,,,,,,
SRCE/UNB,Banks - Regional,0.8089,0.23435,624,,,,,,,,
BUSE/WNEB,Banks - Regional,0.8904,0.23438,624,,,,,,,,
MHD/OIA,Asset Management,0.9357,0.23438,624,,,,,,,,
KTF/OIA,Asset Management,0.8836,0.23439,624,,,,,,,,
CAC/GABC,Banks - Regional,0.9749,0.23439,624,,,,,,,,
BOH/EBTC,Banks - Regional,0.9216,0.23442,624,,,,,,,,
ACWI/SOXX,Unknown,0.9746,0.23443,624,,,,,,,,
PLBC/UNTY,Banks - Regional,0.9683,0.23445,624,,,,,,,,
CZWI/WSFS,Banks - Regional,0.9649,0.23446,624,,,,,,,,
GDO/PFO,Asset Management,0.9782,0.23448,624,,,,,,,,
HBCP/WTFC,Banks - Regional,0.9594,0.23448,624,,,,,,,,
FNB/NECB,Banks - Regional,0.8259,0.23449,624,,,,,,,,
CBFV/CZNC,Banks - Regional,0.8731,0.2345,624,,,,,,,,
BANR/PLBC,Banks - Regional,0.9023,0.23452,624,,,,,,,,
ABM/TRI,Specialty Business Services,0.87,0.23454,624,,,,,,,,
IGI/PML,Asset Management,0.9279,0.23457,624,,,,,,,,
MVT/NCA,Asset Management,0.9402,0.23459,624,,,,,,,,
BLE/CXE,Asset Management,0.9759,0.2346,624,,,,,,,,
BNY/VCV,Asset Management,0.9512,0.23461,624,,,,,,,,
MGYR/UNTY,Banks - Regional,0.9164,0.23461,624,,,,,,,,
CAC/RVSB,Banks - Regional,0.9022,0.2347,624,,,,,,,,
ASB/RVSB,Banks - Regional,0.8582,0.2347,624,,,,,,,,
MBCN/MPB,Banks - Regional,0.9399,0.23471,624,,,,,,,,
CVBF/SHBI,Banks - Regional,0.8851,0.23472,624,,,,,,,,
EBMT/WAL,Banks - Regional,0.8922,0.23473,624,,,,,,,,
LARK/SBFG,Banks - Regional,0.9285,0.23476,624,,,,,,,,
CIVB/PFS,Banks - Regional,0.9535,0.23478,624,,,,,,,,
MVT/NUV,Asset Management,0.9253,0.23478,624,,,,,,,,
BOTJ/HBCP,Banks - Regional,0.9318,0.23482,624,,,,,,,,
PFBC/QCRH,Banks - Regional,0.9868,0.23488,624,,,,,,,,
NMZ/OIA,Asset Management,0.9779,0.23489,624,,,,,,,,
EOT/IIM,Asset Management,0.9642,0.23492,624,,,,,,,,
CCNE/PFIS,Banks - Regional,0.8784,0.23493,624,,,,,,,,
EOT/MPA,Asset Management,0.9615,0.23496,624,,,,,,,,
FOF/UTF,Asset Management,0.9824,0.235,624,,,,,,,,
MUE/MYI,Asset Management,0.9859,0.235,624,,,,,,,,
FFBC/MBCN,Banks - Regional,0.9094,0.235,624,,,,,,,,
CARE/FRAF,Banks - Regional,0.851,0.23501,624,,,,,,,,
HPF/RQI,Asset Management,0.9712,0.23501,624,,,,,,,,
CWBC/TOWN,Banks - Regional,0.9473,0.23502,624,,,,,,,,
NFJ/TWN,Asset Management,0.942,0.23503,624,,,,,,,,
BDX/RMD,Medical Instruments & Supplies,0.8707,0.23503,624,,,,,,,,
CZNC/FRAF,Banks - Regional,0.9363,0.23505,624,,,,,,,,
CTBI/CWBC,Banks - Regional,0.9172,0.23506,624,,,,,,,,
LEO/MUC,Asset Management,0.9838,0.23507,624,,,,,,,,
BKT/MQT,Asset Management,0.9626,0.23507,624,,,,,,,,
EBTC/INDB,Banks - Regional,0.9227,0.23507,624,,,,,,,,
FNLC/OBT,Banks - Regional,0.8454,0.23508,624,,,,,,,,
BLE/DTF,Asset Management,0.9744,0.23509,624,,,,,,,,
MHD/SBI,Asset Management,0.9661,0.23509,624,,,,,,,,
PFIS/PKBK,Banks - Regional,0.9232,0.23511,624,,,,,,,,
NTRS/SAR,Asset Management,0.8819,0.23511,624,,,,,,,,
CADE/KEY,Banks - Regional,0.9237,0.23512,624,,,,,,,,
PFN/TSI,Asset Management,0.9728,0.23515,624,,,,,,,,
FFIC/PFS,Banks - Regional,0.9202,0.23522,624,,,,,,,,
DTF/IGI,Asset Management,0.9265,0.23522,624,,,,,,,,
BUSE/FRST,Banks - Regional,0.9267,0.23524,624,,,,,,,,
FCCO/UNTY,Banks - Regional,0.9135,0.23526,624,,,,,,,,
BFZ/VBF,Asset Management,0.9086,0.23527,624,,,,,,,,
CREX/OBLG,Software - Application,0.8266,0.23529,624,,,,,,,,
MFM/NAD,Asset Management,0.9745,0.2353,624,,,,,,,,
CZNC/MGYR,Banks - Regional,0.9145,0.23532,624,,,,,,,,
FNLC/OPOF,Banks - Regional,0.835,0.23533,624,,,,,,,,
MET/MFC,Insurance - Life,0.9457,0.23533,624,,,,,,,,
EOT/PAI,Asset Management,0.9646,0.23535,624,,,,,,,,
MGYR/WNEB,Banks - Regional,0.8328,0.23535,624,,,,,,,,
MBCN/SRCE,Banks - Regional,0.9555,0.23535,624,,,,,,,,
IGI/NMZ,Asset Management,0.9724,0.23535,624,,,,,,,,
ATLO/FMBH,Banks - Regional,0.8182,0.23539,624,,,,,,,,
CVBF/PGC,Banks - Regional,0.9334,0.23541,624,,,,,,,,
UVSP/WASH,Banks - Regional,0.8793,0.23542,624,,,,,,,,
BOTJ/MNSB,Banks - Regional,0.8831,0.23544,624,,,,,,,,
CATY/OPBK,Banks - Regional,0.9568,0.23544,624,,,,,,,,
BOTJ/FMBH,Banks - Regional,0.925,0.23548,624,,,,,,,,
ONB/PFBC,Banks - Regional,0.9619,0.23548,624,,,,,,,,
FBNC/FCCO,Banks - Regional,0.9508,0.23551,624,,,,,,,,
FCCO/SBFG,Banks - Regional,0.9725,0.23554,624,,,,,,,,
NAC/VCV,Asset Management,0.9856,0.23554,624,,,,,,,,
MPB/PEBK,Banks - Regional,0.9569,0.23556,624,,,,,,,,
EVN/NRK,Asset Management,0.9777,0.23558,624,,,,,,,,
PYT/SMH,Unknown,0.8583,0.2356,624,,,,,,,,
HIO/MCR,Asset Management,0.978,0.23562,624,,,,,,,,
PWOD/UBFO,Banks - Regional,0.8234,0.23563,624,,,,,,,,
ESSA/SMBC,Banks - Regional,0.9628,0.23564,624,,,,,,,,
CZNC/EBTC,Banks - Regional,0.9417,0.23564,624,,,,,,,,
NMT/PMM,Asset Management,0.9485,0.23567,624,,,,,,,,
KBH/NVR,Residential Construction,0.9734,0.23572,624,,,,,,,,
BHLB/MOFG,Banks - Regional,0.8755,0.23572,624,,,,,,,,
PIM/PTY,Asset Management,0.9566,0.23573,624,,,,,,,,
CADE/TSBK,Banks - Regional,0.9123,0.23581,624,,,,,,,,
NVG/NXP,Asset Management,0.9582,0.23581,624,,,,,,,,
BOKF/SMBC,Banks - Regional,0.96,0.2359,624,,,,,,,,
IGI/MYI,Asset Management,0.9688,0.2359,624,,,,,,,,
CQP/LNG,Oil & Gas Midstream,0.9592,0.23591,624,,,,,,,,
PWOD/SMBC,Banks - Regional,0.8104,0.23596,624,,,,,,,,
CHMG/TSBK,Banks - Regional,0.9681,0.23597,624,,,,,,,,
FNWD/LSBK,Banks - Regional,0.919,0.23604,624,,,,,,,,
MUC/VKQ,Asset Management,0.9765,0.23607,624,,,,,,,,
BOKF/SMBK,Banks - Regional,0.9477,0.23609,624,,,,,,,,
CCNE/FMNB,Banks - Regional,0.9461,0.23609,624,,,,,,,,
NMI/NXJ,Asset Management,0.9508,0.23611,624,,,,,,,,
MVT/PYN,Asset Management,0.9371,0.23613,624,,,,,,,,
ETO/USA,Asset Management,0.9887,0.23613,624,,,,,,,,
CADE/EWBC,Banks - Regional,0.9312,0.23613,624,,,,,,,,
BOH/UVSP,Banks - Regional,0.9338,0.23615,624,,,,,,,,
HBCP/WASH,Banks - Regional,0.8403,0.23622,624,,,,,,,,
CMU/MVT,Asset Management,0.9641,0.23622,624,,,,,,,,
MFIC/VVR,Asset Management,0.9374,0.23622,624,,,,,,,,
MVF/PNI,Asset Management,0.9266,0.23622,624,,,,,,,,
HYT/PCN,Asset Management,0.9709,0.23623,624,,,,,,,,
CBSH/MGYR,Banks - Regional,0.9138,0.23627,624,,,,,,,,
SMBK/WTBA,Banks - Regional,0.9219,0.23627,624,,,,,,,,
SBFG/WNEB,Banks - Regional,0.8257,0.23634,624,,,,,,,,
ATLO/BHLB,Banks - Regional,0.8376,0.23636,624,,,,,,,,
CTBI/FUNC,Banks - Regional,0.9522,0.23636,624,,,,,,,,
CVBF/HTBK,Banks - Regional,0.9341,0.23636,624,,,,,,,,
FNLC/ISBA,Banks - Regional,0.866,0.23636,624,,,,,,,,
MHD/MPA,Asset Management,0.9513,0.23636,624,,,,,,,,
FNLC/FRME,Banks - Regional,0.9629,0.23639,624,,,,,,,,
BTA/MUA,Asset Management,0.966,0.2364,624,,,,,,,,
BUSE/IBCP,Banks - Regional,0.9107,0.23641,624,,,,,,,,
NMI/NZF,Asset Management,0.9503,0.23642,624,,,,,,,,
CBSH/PLBC,Banks - Regional,0.9183,0.2365,624,,,,,,,,
BOH/CIVB,Banks - Regional,0.9576,0.23651,624,,,,,,,,
BOKF/CTBI,Banks - Regional,0.9623,0.23652,624,,,,,,,,
ASB/UVSP,Banks - Regional,0.96,0.23654,624,,,,,,,,
CAC/TCBK,Banks - Regional,0.9604,0.23656,624,,,,,,,,
LSBK/PGC,Banks - Regional,0.89,0.23657,624,,,,,,,,
HBCP/WNEB,Banks - Regional,0.885,0.23657,624,,,,,,,,
MMU/NAC,Asset Management,0.9813,0.23661,624,,,,,,,,
INDB/NWFL,Banks - Regional,0.9109,0.23662,624,,,,,,,,
CMU/PAI,Asset Management,0.9537,0.23664,624,,,,,,,,
ESSA/OSBC,Banks - Regional,0.9283,0.23665,624,,,,,,,,
CNOB/WTBA,Banks - Regional,0.9648,0.23668,624,,,,,,,,
CHMG/NKSH,Banks - Regional,0.8703,0.23669,624,,,,,,,,
CFFI/NKSH,Banks - Regional,0.8286,0.2367,624,,,,,,,,
HWBK/MTB,Banks - Regional,0.9354,0.2367,624,,,,,,,,
CVBF/OCFC,Banks - Regional,0.8959,0.23671,624,,,,,,,,
NXJ/NZF,Asset Management,0.9877,0.23671,624,,,,,,,,
HFBL/MNSB,Banks - Regional,0.9542,0.23672,624,,,,,,,,
EOT/SBI,Asset Management,0.9516,0.23673,624,,,,,,,,
BANR/WSBC,Banks - Regional,0.9355,0.23675,624,,,,,,,,
IQI/MYD,Asset Management,0.9834,0.23679,624,,,,,,,,
IIM/VBF,Asset Management,0.9529,0.2368,624,,,,,,,,
IPB/IUSG,Unknown,0.9279,0.2368,624,,,,,,,,
EMD/NXN,Asset Management,0.8866,0.23682,624,,,,,,,,
BMRC/WASH,Banks - Regional,0.916,0.23683,624,,,,,,,,
BSRR/FCF,Banks - Regional,0.9543,0.23689,624,,,,,,,,
MMU/PAI,Asset Management,0.9376,0.23698,624,,,,,,,,
HBAN/UVSP,Banks - Regional,0.9547,0.23699,624,,,,,,,,
NXN/PZC,Asset Management,0.8884,0.237,624,,,,,,,,
NXC/PCK,Asset Management,0.842,0.23701,624,,,,,,,,
ARAY/TRIB,Medical Devices,0.8009,0.23703,624,,,,,,,,
FMN/PMO,Asset Management,0.9478,0.23703,624,,,,,,,,
CXE/MVF,Asset Management,0.9669,0.23715,624,,,,,,,,
FFIC/SFST,Banks - Regional,0.8746,0.23716,624,,,,,,,,
NUV/VGM,Asset Management,0.9789,0.2372,624,,,,,,,,
ORKA/SNGX,Biotechnology,0.8381,0.23724,624,,,,,,,,
BTA/VGM,Asset Management,0.9732,0.23725,624,,,,,,,,
BLE/MMU,Asset Management,0.9695,0.23725,624,,,,,,,,
CAC/EBMT,Banks - Regional,0.9381,0.23726,624,,,,,,,,
ATLO/EGBN,Banks - Regional,0.8803,0.23728,624,,,,,,,,
NWFL/TFC,Banks - Regional,0.8351,0.2373,624,,,,,,,,
CBFV/PNFP,Banks - Regional,0.8818,0.23732,624,,,,,,,,
CHMG/CZFS,Banks - Regional,0.8904,0.23734,624,,,,,,,,
MVF/PMX,Asset Management,0.9414,0.23735,624,,,,,,,,
PCQ/PYN,Asset Management,0.9509,0.23735,624,,,,,,,,
MQY/VKQ,Asset Management,0.9833,0.23736,624,,,,,,,,
BLE/BTA,Asset Management,0.934,0.23738,624,,,,,,,,
PMF/PMM,Asset Management,0.9003,0.2374,624,,,,,,,,
AUB/UVSP,Banks - Regional,0.9452,0.2374,624,,,,,,,,
ATLO/TFC,Banks - Regional,0.8433,0.23746,624,,,,,,,,
NXC/VGM,Asset Management,0.9572,0.23749,624,,,,,,,,
IGI/LEO,Asset Management,0.9605,0.23749,624,,,,,,,,
CATY/HBAN,Banks - Regional,0.9818,0.2375,624,,,,,,,,
ETO/FOF,Asset Management,0.9903,0.23757,624,,,,,,,,
NCA/NMT,Asset Management,0.9209,0.23757,624,,,,,,,,
DCOM/SBCF,Banks - Regional,0.899,0.23758,624,,,,,,,,
MGF/NIM,Asset Management,0.9426,0.23761,624,,,,,,,,
CIVB/SBFG,Banks - Regional,0.9633,0.23762,624,,,,,,,,
FULT/FUNC,Banks - Regional,0.9351,0.23764,624,,,,,,,,
BKN/NXN,Asset Management,0.946,0.23765,624,,,,,,,,
DSM/NMI,Asset Management,0.9551,0.23766,624,,,,,,,,
KTF/MYI,Asset Management,0.9522,0.23766,624,,,,,,,,
CBFV/WBS,Banks - Regional,0.9158,0.23771,624,,,,,,,,
GABC/SSBI,Banks - Regional,0.8444,0.23774,624,,,,,,,,
BFZ/FMN,Asset Management,0.9684,0.23783,624,,,,,,,,
HBCP/TSBK,Banks - Regional,0.969,0.23783,624,,,,,,,,
CCNE/HBNC,Banks - Regional,0.9692,0.23786,624,,,,,,,,
ASRV/FMNB,Banks - Regional,0.8274,0.23787,624,,,,,,,,
HPS/PDT,Asset Management,0.9802,0.23788,624,,,,,,,,
BYM/DSM,Asset Management,0.9679,0.23791,624,,,,,,,,
CZWI/FISI,Banks - Regional,0.9407,0.23792,624,,,,,,,,
CAC/FMBH,Banks - Regional,0.9692,0.23793,624,,,,,,,,
PEBO/USB,Banks - Regional,0.9308,0.23797,624,,,,,,,,
PB/SBFG,Banks - Regional,0.946,0.238,624,,,,,,,,
BN/FFA,Asset Management,0.9829,0.23805,624,,,,,,,,
MUJ/NMI,Asset Management,0.9573,0.23808,624,,,,,,,,
IEI/VMBS,Unknown,0.9815,0.23809,624,,,,,,,,
CBFV/CHCO,Banks - Regional,0.8871,0.23812,624,,,,,,,,
FNLC/FUNC,Banks - Regional,0.8862,0.23819,624,,,,,,,,
KTH/PYT,Unknown,0.9767,0.23823,624,,,,,,,,
EVN/PMO,Asset Management,0.9727,0.23823,624,,,,,,,,
BTA/FFC,Asset Management,0.9739,0.23827,624,,,,,,,,
AUB/CIVB,Banks - Regional,0.9506,0.23828,624,,,,,,,,
FULT/UNTY,Banks - Regional,0.9388,0.23828,624,,,,,,,,
GABC/MGYR,Banks - Regional,0.9408,0.23831,624,,,,,,,,
CCBG/ESSA,Banks - Regional,0.9681,0.23833,624,,,,,,,,
FNLC/WSFS,Banks - Regional,0.9519,0.23833,624,,,,,,,,
FCCO/PEBO,Banks - Regional,0.9612,0.23834,624,,,,,,,,
MUC/NAC,Asset Management,0.9869,0.23834,624,,,,,,,,
SBSI/SFST,Banks - Regional,0.9439,0.23834,624,,,,,,,,
BOH/FRME,Banks - Regional,0.9644,0.23835,624,,,,,,,,
DGICA/L,Insurance - Property & Casualty,0.8314,0.23836,624,,,,,,,,
MUJ/NMT,Asset Management,0.959,0.23839,624,,,,,,,,
BRKL/HFBL,Banks - Regional,0.8793,0.23842,624,,,,,,,,
BUSE/VABK,Banks - Regional,0.9356,0.23842,624,,,,,,,,
CXH/MGF,Asset Management,0.9336,0.23844,624,,,,,,,,
CXE/VMO,Asset Management,0.965,0.23844,624,,,,,,,,
KTH/VCLT,Unknown,0.9012,0.23845,624,,,,,,,,
PIM/RJF,Asset Management,0.811,0.23848,624,,,,,,,,
CHMG/PLBC,Banks - Regional,0.9472,0.23848,624,,,,,,,,
NAN/PMO,Asset Management,0.9714,0.23854,624,,,,,,,,
PMM/VMO,Asset Management,0.9727,0.23858,624,,,,,,,,
NMT/NUW,Asset Management,0.9411,0.23859,624,,,,,,,,
MUA/MYI,Asset Management,0.9758,0.2386,624,,,,,,,,
PAI/VCV,Asset Management,0.9564,0.23861,624,,,,,,,,
BOKF/NRIM,Banks - Regional,0.8921,0.23865,624,,,,,,,,
CAC/UBCP,Banks - Regional,0.932,0.23869,624,,,,,,,,
ESSA/THFF,Banks - Regional,0.9203,0.23871,624,,,,,,,,
CTBI/PBHC,Banks - Regional,0.9099,0.23873,624,,,,,,,,
CADE/FISI,Banks - Regional,0.8929,0.23876,624,,,,,,,,
MBCN/SBCF,Banks - Regional,0.9,0.23878,624,,,,,,,,
NNY/PML,Asset Management,0.9317,0.23879,624,,,,,,,,
CXE/MVT,Asset Management,0.9654,0.23884,624,,,,,,,,
EBMT/FFIN,Banks - Regional,0.9085,0.23888,624,,,,,,,,
CACI/FI,Information Technology Services,0.9601,0.23891,624,,,,,,,,
VBF/VGM,Asset Management,0.9575,0.23895,624,,,,,,,,
FULT/UNB,Banks - Regional,0.8114,0.23896,624,,,,,,,,
DSM/MYN,Asset Management,0.9768,0.23897,624,,,,,,,,
BDJ/SPXX,Asset Management,0.9928,0.23898,624,,,,,,,,
TVE/VCLT,Unknown,0.9639,0.23898,624,,,,,,,,
EBTC/TSBK,Banks - Regional,0.9384,0.23899,624,,,,,,,,
FFBC/OSBC,Banks - Regional,0.954,0.23899,624,,,,,,,,
BANR/HTBK,Banks - Regional,0.9112,0.23899,624,,,,,,,,
FISI/KEY,Banks - Regional,0.9366,0.23901,624,,,,,,,,
INDY/PKW,Unknown,0.9642,0.23902,624,,,,,,,,
HAFC/MPB,Banks - Regional,0.8027,0.23903,624,,,,,,,,
CZWI/PKBK,Banks - Regional,0.9258,0.23904,624,,,,,,,,
ASRV/SBCF,Banks - Regional,0.8507,0.23906,624,,,,,,,,
FULT/PKBK,Banks - Regional,0.9359,0.23911,624,,,,,,,,
ESSA/FCBC,Banks - Regional,0.9569,0.23912,624,,,,,,,,
MVT/VPV,Asset Management,0.929,0.23914,624,,,,,,,,
CRT/MVO,Oil & Gas E&P,0.8842,0.23916,624,,,,,,,,
CAC/CMA,Banks - Regional,0.9277,0.2392,624,,,,,,,,
CZWI/PFBC,Banks - Regional,0.9316,0.23921,624,,,,,,,,
NBTB/SHBI,Banks - Regional,0.8547,0.23921,624,,,,,,,,
FCF/FMNB,Banks - Regional,0.9596,0.23923,624,,,,,,,,
BN/GRX,Asset Management,0.9381,0.23925,624,,,,,,,,
HBAN/WTBA,Banks - Regional,0.9382,0.23926,624,,,,,,,,
MHF/NKX,Asset Management,0.9664,0.23926,624,,,,,,,,
PWOD/VABK,Banks - Regional,0.8068,0.23927,624,,,,,,,,
CTBI/HBNC,Banks - Regional,0.9114,0.23927,624,,,,,,,,
GAB/HTGC,Asset Management,0.9313,0.23929,624,,,,,,,,
MQY/SBI,Asset Management,0.9733,0.23929,624,,,,,,,,
HBAN/SSB,Banks - Regional,0.9481,0.23932,624,,,,,,,,
PCM/SPE,Asset Management,0.8805,0.23942,624,,,,,,,,
BSRR/CAC,Banks - Regional,0.9517,0.23944,624,,,,,,,,
NAC/NUW,Asset Management,0.9831,0.23948,624,,,,,,,,
HBNC/PBHC,Banks - Regional,0.9288,0.2395,624,,,,,,,,
BYM/IIM,Asset Management,0.9859,0.23951,624,,,,,,,,
GRC/ITT,Specialty Industrial Machinery,0.879,0.23952,624,,,,,,,,
AUB/CADE,Banks - Regional,0.954,0.23953,624,,,,,,,,
BTZ/FLC,Asset Management,0.9792,0.23956,624,,,,,,,,
KTN/PFM,Unknown,0.9386,0.23956,624,,,,,,,,
AUBN/FNWD,Banks - Regional,0.8318,0.23964,624,,,,,,,,
CXE/HPI,Asset Management,0.9011,0.23965,624,,,,,,,,
FRME/PEBK,Banks - Regional,0.9669,0.23965,624,,,,,,,,
CATY/SHBI,Banks - Regional,0.8618,0.23966,624,,,,,,,,
NXC/PYN,Asset Management,0.8272,0.23966,624,,,,,,,,
BKT/MMU,Asset Management,0.9286,0.23967,624,,,,,,,,
MUJ/VKQ,Asset Management,0.9847,0.23971,624,,,,,,,,
MHF/PMF,Asset Management,0.8397,0.23972,624,,,,,,,,
NWFL/USB,Banks - Regional,0.8447,0.23972,624,,,,,,,,
DGICA/HMN,Insurance - Property & Casualty,0.8429,0.23974,624,,,,,,,,
CFFI/CHMG,Banks - Regional,0.937,0.23975,624,,,,,,,,
GJP/GJT,Unknown,0.9586,0.23976,624,,,,,,,,
SFNC/SFST,Banks - Regional,0.939,0.23981,624,,,,,,,,
SBCF/SSBI,Banks - Regional,0.8913,0.23982,624,,,,,,,,
BCAL/CWBC,Banks - Regional,0.9033,0.23983,624,,,,,,,,
ASRV/BRKL,Banks - Regional,0.8719,0.23986,624,,,,,,,,
BXP/KRC,REIT - Office,0.9462,0.23988,624,,,,,,,,
PWOD/SRCE,Banks - Regional,0.8606,0.2399,624,,,,,,,,
IPB/PDP,Unknown,0.9612,0.23993,624,,,,,,,,
SFBC/SNV,Banks - Regional,0.9345,0.23994,624,,,,,,,,
PPBI/SFST,Banks - Regional,0.9735,0.23996,624,,,,,,,,
FULT/LCNB,Banks - Regional,0.8975,0.24,624,,,,,,,,
FLC/VBF,Asset Management,0.9782,0.24,624,,,,,,,,
HWBK/UVSP,Banks - Regional,0.9109,0.24004,624,,,,,,,,
FNLC/HWBK,Banks - Regional,0.936,0.24006,624,,,,,,,,
DSM/VGM,Asset Management,0.9758,0.24006,624,,,,,,,,
ACWI/PYT,Unknown,0.9544,0.24006,624,,,,,,,,
CTBI/FULT,Banks - Regional,0.9756,0.24009,624,,,,,,,,
FUNC/NWFL,Banks - Regional,0.8566,0.2401,624,,,,,,,,
CIF/PCN,Asset Management,0.9513,0.2401,624,,,,,,,,
PUI/VGSH,Unknown,0.9259,0.24011,624,,,,,,,,
CZNC/SMBK,Banks - Regional,0.9039,0.24012,624,,,,,,,,
MPB/PBHC,Banks - Regional,0.9486,0.24017,624,,,,,,,,
GAM/GLAD,Asset Management,0.9759,0.24017,624,,,,,,,,
BOKF/RF,Banks - Regional,0.9684,0.24022,624,,,,,,,,
BVFL/CZFS,Banks - Regional,0.8912,0.24023,624,,,,,,,,
JRS/RFI,Asset Management,0.9632,0.24024,624,,,,,,,,
GAM/HTGC,Asset Management,0.9811,0.24026,624,,,,,,,,
PSTV/SNGX,Biotechnology,0.8385,0.2403,624,,,,,,,,
EVN/IQI,Asset Management,0.987,0.24031,624,,,,,,,,
NBTB/SYBT,Banks - Regional,0.9487,0.24032,624,,,,,,,,
NBTB/TSBK,Banks - Regional,0.9572,0.24034,624,,,,,,,,
FHN/MPB,Banks - Regional,0.8803,0.24035,624,,,,,,,,
CARE/LSBK,Banks - Regional,0.8591,0.24037,624,,,,,,,,
FCF/WBS,Banks - Regional,0.9633,0.24038,624,,,,,,,,
BCAL/WAFD,Banks - Regional,0.9066,0.24042,624,,,,,,,,
CQP/GLP,Oil & Gas Midstream,0.874,0.24044,624,,,,,,,,
HPF/NZF,Asset Management,0.9532,0.24047,624,,,,,,,,
CFR/PLBC,Banks - Regional,0.9514,0.24048,624,,,,,,,,
BTZ/IGI,Asset Management,0.9525,0.24048,624,,,,,,,,
BFK/KTF,Asset Management,0.94,0.24049,624,,,,,,,,
MMU/VBF,Asset Management,0.9067,0.24051,624,,,,,,,,
MPB/WSBC,Banks - Regional,0.9244,0.24052,624,,,,,,,,
CAC/FUNC,Banks - Regional,0.8847,0.24058,624,,,,,,,,
BTA/BYM,Asset Management,0.9803,0.2406,624,,,,,,,,
CBFV/PLBC,Banks - Regional,0.8886,0.24062,624,,,,,,,,
MQT/VBF,Asset Management,0.959,0.24067,624,,,,,,,,
FMNB/PKBK,Banks - Regional,0.9743,0.24069,624,,,,,,,,
EMR/ETN,Specialty Industrial Machinery,0.9467,0.2407,624,,,,,,,,
HPI/PMM,Asset Management,0.9515,0.24075,624,,,,,,,,
LEO/NNY,Asset Management,0.9645,0.24078,624,,,,,,,,
FCF/HBAN,Banks - Regional,0.9777,0.24082,624,,,,,,,,
EBTC/FBNC,Banks - Regional,0.9431,0.24082,624,,,,,,,,
BOTJ/HOPE,Banks - Regional,0.8183,0.24082,624,,,,,,,,
BTA/PNF,Asset Management,0.8531,0.24085,624,,,,,,,,
CMU/JHS,Asset Management,0.946,0.24086,624,,,,,,,,
NTRS/RJF,Asset Management,0.8272,0.24091,624,,,,,,,,
EHI/IGI,Asset Management,0.9338,0.24092,624,,,,,,,,
GJP/KTN,Unknown,0.9173,0.24094,624,,,,,,,,
MYD/VPV,Asset Management,0.9661,0.24094,624,,,,,,,,
BUSE/PFBC,Banks - Regional,0.9225,0.24094,624,,,,,,,,
BSRR/PLBC,Banks - Regional,0.8844,0.24095,624,,,,,,,,
FMNB/HFBL,Banks - Regional,0.9304,0.24095,624,,,,,,,,
AWF/JQC,Asset Management,0.9891,0.24095,624,,,,,,,,
LSBK/PB,Banks - Regional,0.8938,0.24099,624,,,,,,,,
ATLO/BMRC,Banks - Regional,0.8443,0.24103,624,,,,,,,,
CRM/NICE,Software - Application,0.9098,0.24103,624,,,,,,,,
BSRR/HBAN,Banks - Regional,0.9572,0.24103,624,,,,,,,,
AWF/VLT,Asset Management,0.9885,0.24106,624,,,,,,,,
DRI/YUM,Restaurants,0.9788,0.24111,624,,,,,,,,
BFK/BTA,Asset Management,0.9415,0.24113,624,,,,,,,,
BKT/BTA,Asset Management,0.9337,0.24114,624,,,,,,,,
NVG/OIA,Asset Management,0.9688,0.24116,624,,,,,,,,
PEBK/WASH,Banks - Regional,0.8681,0.24116,624,,,,,,,,
FCCO/OSBC,Banks - Regional,0.961,0.24119,624,,,,,,,,
DGICA/THG,Insurance - Property & Casualty,0.895,0.24122,624,,,,,,,,
LH/MTD,Diagnostics & Research,0.9682,0.24129,624,,,,,,,,
BPOPM/GJP,Unknown,0.9297,0.24129,624,,,,,,,,
BLE/NQP,Asset Management,0.9408,0.24129,624,,,,,,,,
FNB/HBNC,Banks - Regional,0.8164,0.24131,624,,,,,,,,
GYRE/LSTA,Biotechnology,0.9316,0.24132,624,,,,,,,,
PNFP/WAL,Banks - Regional,0.9608,0.24134,624,,,,,,,,
MHD/PZC,Asset Management,0.9657,0.24137,624,,,,,,,,
AFB/MGF,Asset Management,0.9451,0.24139,624,,,,,,,,
CADE/HWBK,Banks - Regional,0.9203,0.24139,624,,,,,,,,
BLE/PMM,Asset Management,0.9428,0.24139,624,,,,,,,,
CBSH/CBU,Banks - Regional,0.9774,0.24139,624,,,,,,,,
BOH/DCOM,Banks - Regional,0.9414,0.24143,624,,,,,,,,
ATLO/MTB,Banks - Regional,0.8086,0.24145,624,,,,,,,,
BUSE/HBNC,Banks - Regional,0.9524,0.24147,624,,,,,,,,
FMNB/WBS,Banks - Regional,0.9511,0.24147,624,,,,,,,,
MFM/MUJ,Asset Management,0.9712,0.24149,624,,,,,,,,
MQT/NAZ,Asset Management,0.9699,0.2415,624,,,,,,,,
CCNE/FNLC,Banks - Regional,0.9296,0.24151,624,,,,,,,,
CARE/PBHC,Banks - Regional,0.8345,0.24153,624,,,,,,,,
KTF/VBF,Asset Management,0.8591,0.24154,624,,,,,,,,
MTB/PLBC,Banks - Regional,0.893,0.24155,624,,,,,,,,
IBIO/ONCY,Biotechnology,0.844,0.24158,624,,,,,,,,
OIA/PMF,Asset Management,0.8795,0.24159,624,,,,,,,,
HBAN/PEBK,Banks - Regional,0.9495,0.24159,624,,,,,,,,
HBCP/RVSB,Banks - Regional,0.8761,0.2416,624,,,,,,,,
CADE/FSFG,Banks - Regional,0.9093,0.24161,624,,,,,,,,
EBTC/KEY,Banks - Regional,0.9287,0.24161,624,,,,,,,,
MGF/MQT,Asset Management,0.9349,0.24161,624,,,,,,,,
ATLO/WSBF,Banks - Regional,0.8644,0.24161,624,,,,,,,,
EOT/JHS,Asset Management,0.9551,0.24167,624,,,,,,,,
ESSA/PKBK,Banks - Regional,0.9297,0.24167,624,,,,,,,,
FCCO/OPOF,Banks - Regional,0.8971,0.24169,624,,,,,,,,
MBWM/MNSB,Banks - Regional,0.8452,0.24171,624,,,,,,,,
CZNC/OPOF,Banks - Regional,0.8284,0.24172,624,,,,,,,,
MHD/PMM,Asset Management,0.9399,0.24175,624,,,,,,,,
DSM/MQT,Asset Management,0.969,0.24179,624,,,,,,,,
FMBH/SBFG,Banks - Regional,0.9419,0.2418,624,,,,,,,,
CCNE/SHBI,Banks - Regional,0.8928,0.2418,624,,,,,,,,
CZWI/UNB,Banks - Regional,0.8704,0.2418,624,,,,,,,,
FISI/PBHC,Banks - Regional,0.8838,0.24183,624,,,,,,,,
MVF/NNY,Asset Management,0.9514,0.24184,624,,,,,,,,
NWFL/OVBC,Banks - Regional,0.8594,0.24185,624,,,,,,,,
CIVB/UVSP,Banks - Regional,0.9426,0.24185,624,,,,,,,,
MVF/NOM,Asset Management,0.8681,0.24186,624,,,,,,,,
AFB/PAI,Asset Management,0.957,0.24187,624,,,,,,,,
BTA/PCQ,Asset Management,0.8248,0.24188,624,,,,,,,,
KTF/NAN,Asset Management,0.9431,0.24189,624,,,,,,,,
CMU/PFO,Asset Management,0.9493,0.24194,624,,,,,,,,
HQH/HQL,Asset Management,0.993,0.24194,624,,,,,,,,
PMO/PNF,Asset Management,0.8584,0.24194,624,,,,,,,,
KEY/SBFG,Banks - Regional,0.9256,0.24196,624,,,,,,,,
MMT/TSI,Asset Management,0.9681,0.242,624,,,,,,,,
DSM/NXC,Asset Management,0.9378,0.24201,624,,,,,,,,
CHMG/HBCP,Banks - Regional,0.961,0.24201,624,,,,,,,,
COFS/NWFL,Banks - Regional,0.899,0.24204,624,,,,,,,,
BNY/VKQ,Asset Management,0.9562,0.24205,624,,,,,,,,
FULT/MNSB,Banks - Regional,0.8465,0.24207,624,,,,,,,,
MVF/NKX,Asset Management,0.9679,0.24209,624,,,,,,,,
PNI/VCV,Asset Management,0.8672,0.24209,624,,,,,,,,
IIM/PFO,Asset Management,0.9656,0.24211,624,,,,,,,,
CZNC/SMBC,Banks - Regional,0.9172,0.24211,624,,,,,,,,
INDB/PKBK,Banks - Regional,0.9453,0.24212,624,,,,,,,,
ENB/LNG,Oil & Gas Midstream,0.9007,0.24212,624,,,,,,,,
AUB/CHMG,Banks - Regional,0.9526,0.24216,624,,,,,,,,
PCM/TSI,Asset Management,0.9486,0.24216,624,,,,,,,,
EMD/IGI,Asset Management,0.8847,0.24217,624,,,,,,,,
HCKT/IT,Information Technology Services,0.9091,0.24217,624,,,,,,,,
DHF/PCM,Asset Management,0.9156,0.24217,624,,,,,,,,
FCF/HFBL,Banks - Regional,0.8667,0.24222,624,,,,,,,,
OCFC/SMBK,Banks - Regional,0.8421,0.24222,624,,,,,,,,
MUA/NUW,Asset Management,0.9763,0.24222,624,,,,,,,,
CXH/NXC,Asset Management,0.9628,0.24222,624,,,,,,,,
PB/WSBC,Banks - Regional,0.9127,0.24222,624,,,,,,,,
LNN/SHYF,Farm & Heavy Construction Machinery,0.8231,0.24223,624,,,,,,,,
CZWI/UMBF,Banks - Regional,0.9222,0.24225,624,,,,,,,,
BOKF/CIVB,Banks - Regional,0.9024,0.24226,624,,,,,,,,
FITB/FSFG,Banks - Regional,0.9235,0.2423,624,,,,,,,,
CVBF/HFWA,Banks - Regional,0.9383,0.2423,624,,,,,,,,
GDO/MCR,Asset Management,0.9842,0.24232,624,,,,,,,,
KTH/VMBS,Unknown,0.8674,0.24234,624,,,,,,,,
LCNB/TRMK,Banks - Regional,0.8774,0.24235,624,,,,,,,,
GSBC/SMBK,Banks - Regional,0.958,0.24239,624,,,,,,,,
CAC/MBCN,Banks - Regional,0.9153,0.2424,624,,,,,,,,
PUI/SHV,Unknown,0.8524,0.2424,624,,,,,,,,
CMU/NAN,Asset Management,0.9683,0.24242,624,,,,,,,,
MBWM/PEBK,Banks - Regional,0.9436,0.24243,624,,,,,,,,
CAC/CBSH,Banks - Regional,0.9675,0.24243,624,,,,,,,,
MHD/PMF,Asset Management,0.9675,0.24245,624,,,,,,,,
CADE/CASH,Banks - Regional,0.8841,0.24249,624,,,,,,,,
GCBC/SFBC,Banks - Regional,0.8833,0.24249,624,,,,,,,,
CZNC/WASH,Banks - Regional,0.92,0.24249,624,,,,,,,,
CIVB/FISI,Banks - Regional,0.9227,0.24251,624,,,,,,,,
FAD/PYT,Unknown,0.9586,0.24253,624,,,,,,,,
BANFP/SHV,Unknown,0.8592,0.24255,624,,,,,,,,
CBFV/OSBC,Banks - Regional,0.9158,0.24257,624,,,,,,,,
DJCO/PTC,Software - Application,0.9065,0.24258,624,,,,,,,,
MOFG/PFS,Banks - Regional,0.9329,0.24259,624,,,,,,,,
PFO/PMM,Asset Management,0.9789,0.2426,624,,,,,,,,
BSRR/UBFO,Banks - Regional,0.9583,0.24263,624,,,,,,,,
AFB/NCA,Asset Management,0.9608,0.24264,624,,,,,,,,
IGI/MUC,Asset Management,0.9558,0.24266,624,,,,,,,,
GJO/GJT,Unknown,0.9826,0.24268,624,,,,,,,,
CADE/CBAN,Banks - Regional,0.9185,0.24268,624,,,,,,,,
WABC/WAL,Banks - Regional,0.8257,0.24271,624,,,,,,,,
NMI/NVG,Asset Management,0.9428,0.24274,624,,,,,,,,
BOH/FCCO,Banks - Regional,0.9155,0.24275,624,,,,,,,,
FCF/PFBC,Banks - Regional,0.9811,0.24277,624,,,,,,,,
OVLY/PNC,Banks - Regional,0.8937,0.24277,624,,,,,,,,
CZNC/NEWT,Banks - Regional,0.8868,0.2428,624,,,,,,,,
ASRV/KRNY,Banks - Regional,0.8531,0.24284,624,,,,,,,,
GJP/SHV,Unknown,0.9338,0.24287,624,,,,,,,,
NOM/VMO,Asset Management,0.8477,0.24288,624,,,,,,,,
CAC/FXNC,Banks - Regional,0.9072,0.24289,624,,,,,,,,
MVF/VKQ,Asset Management,0.9674,0.24292,624,,,,,,,,
NEWT/WTBA,Banks - Regional,0.9098,0.24293,624,,,,,,,,
ESSA/HIFS,Banks - Regional,0.8636,0.24293,624,,,,,,,,
CADE/HBNC,Banks - Regional,0.9192,0.24296,624,,,,,,,,
EFSC/MGYR,Banks - Regional,0.9531,0.24297,624,,,,,,,,
CCNE/FXNC,Banks - Regional,0.8577,0.24297,624,,,,,,,,
ASB/DCOM,Banks - Regional,0.9061,0.24298,624,,,,,,,,
ASRV/ATLO,Banks - Regional,0.8939,0.243,624,,,,,,,,
HTBK/UNB,Banks - Regional,0.9114,0.243,624,,,,,,,,
COFS/EBTC,Banks - Regional,0.8587,0.24301,624,,,,,,,,
ASB/FSFG,Banks - Regional,0.896,0.24301,624,,,,,,,,
BOKF/ZION,Banks - Regional,0.9324,0.24301,624,,,,,,,,
PB/SHBI,Banks - Regional,0.8484,0.24305,624,,,,,,,,
JMM/PCN,Asset Management,0.9747,0.24305,624,,,,,,,,
CZNC/HBCP,Banks - Regional,0.9268,0.24306,624,,,,,,,,
NKSH/WNEB,Banks - Regional,0.8655,0.24308,624,,,,,,,,
BLW/JMM,Asset Management,0.9503,0.24308,624,,,,,,,,
OCFC/UVSP,Banks - Regional,0.8898,0.24309,624,,,,,,,,
EMD/VBF,Asset Management,0.8937,0.24309,624,,,,,,,,
EOT/NKX,Asset Management,0.9663,0.2431,624,,,,,,,,
BRKL/CZNC,Banks - Regional,0.9006,0.24311,624,,,,,,,,
PFBC/SFBC,Banks - Regional,0.9752,0.24312,624,,,,,,,,
UBFO/VABK,Banks - Regional,0.9623,0.24312,624,,,,,,,,
NMT/VCV,Asset Management,0.9661,0.24312,624,,,,,,,,
COLB/WASH,Banks - Regional,0.9475,0.24313,624,,,,,,,,
EOT/RFI,Asset Management,0.8722,0.24314,624,,,,,,,,
MVT/PMO,Asset Management,0.9069,0.24314,624,,,,,,,,
COLB/MPB,Banks - Regional,0.8614,0.24316,624,,,,,,,,
PB/SFST,Banks - Regional,0.88,0.24316,624,,,,,,,,
BPOPM/PUI,Unknown,0.9731,0.24318,624,,,,,,,,
ESSA/FSFG,Banks - Regional,0.8876,0.24323,624,,,,,,,,
DTF/VBF,Asset Management,0.88,0.24324,624,,,,,,,,
LSBK/ONB,Banks - Regional,0.8704,0.24327,624,,,,,,,,
NAN/VBF,Asset Management,0.9636,0.24327,624,,,,,,,,
CAC/IBCP,Banks - Regional,0.9031,0.24328,624,,,,,,,,
MBB/TVE,Unknown,0.9654,0.24328,624,,,,,,,,
MMU/PCK,Asset Management,0.909,0.24331,624,,,,,,,,
CHMG/FCCO,Banks - Regional,0.9444,0.24332,624,,,,,,,,
DCOM/MBWM,Banks - Regional,0.8141,0.2434,624,,,,,,,,
BHLB/OCFC,Banks - Regional,0.8881,0.24342,624,,,,,,,,
BOKF/HBNC,Banks - Regional,0.9069,0.24343,624,,,,,,,,
EOT/MYI,Asset Management,0.966,0.24345,624,,,,,,,,
CHMG/SRCE,Banks - Regional,0.9623,0.24345,624,,,,,,,,
DCOM/ISBA,Banks - Regional,0.8567,0.24346,624,,,,,,,,
HWBK/UNTY,Banks - Regional,0.9571,0.24347,624,,,,,,,,
BOTJ/CWBC,Banks - Regional,0.9448,0.24347,624,,,,,,,,
CZWI/FFBC,Banks - Regional,0.9473,0.24347,624,,,,,,,,
BCAL/PLBC,Banks - Regional,0.8977,0.24349,624,,,,,,,,
MPB/SMBK,Banks - Regional,0.9592,0.2435,624,,,,,,,,
HWBK/MNSB,Banks - Regional,0.8789,0.24351,624,,,,,,,,
MGF/NMT,Asset Management,0.9465,0.24351,624,,,,,,,,
CWBC/PKBK,Banks - Regional,0.9538,0.24351,624,,,,,,,,
PFF/PYT,Unknown,0.9724,0.24351,624,,,,,,,,
HBAN/NRIM,Banks - Regional,0.8836,0.24352,624,,,,,,,,
CXE/PAI,Asset Management,0.9526,0.24353,624,,,,,,,,
LEN/NVR,Residential Construction,0.9724,0.24354,624,,,,,,,,
ASRV/EBTC,Banks - Regional,0.8135,0.24357,624,,,,,,,,
ATLO/LCNB,Banks - Regional,0.8736,0.24358,624,,,,,,,,
IIM/SBI,Asset Management,0.975,0.2436,624,,,,,,,,
SBSI/UVSP,Banks - Regional,0.9218,0.24361,624,,,,,,,,
IGI/MPA,Asset Management,0.9643,0.24363,624,,,,,,,,
KTF/VCV,Asset Management,0.949,0.24364,624,,,,,,,,
LGI/NFJ,Asset Management,0.9828,0.24365,624,,,,,,,,
HBCP/HFBL,Banks - Regional,0.8623,0.24366,624,,,,,,,,
CATY/CIVB,Banks - Regional,0.9314,0.24366,624,,,,,,,,
BANFP/IUSV,Unknown,0.9626,0.24368,624,,,,,,,,
BANC/LARK,Banks - Regional,0.8328,0.24371,624,,,,,,,,
CCBG/FRAF,Banks - Regional,0.9245,0.24373,624,,,,,,,,
FCCO/HFWA,Banks - Regional,0.9264,0.24373,624,,,,,,,,
EOT/MGF,Asset Management,0.9019,0.24374,624,,,,,,,,
LARK/PNFP,Banks - Regional,0.9072,0.24376,624,,,,,,,,
CBFV/GCBC,Banks - Regional,0.8028,0.24376,624,,,,,,,,
BNY/NAZ,Asset Management,0.9484,0.24379,624,,,,,,,,
EVG/VLT,Asset Management,0.9782,0.24381,624,,,,,,,,
DSM/NVG,Asset Management,0.9476,0.24388,624,,,,,,,,
EBTC/FXNC,Banks - Regional,0.8668,0.24389,624,,,,,,,,
AUB/FCF,Banks - Regional,0.97,0.24391,624,,,,,,,,
BGT/EVF,Asset Management,0.9888,0.24393,624,,,,,,,,
MUA/MVT,Asset Management,0.9573,0.24394,624,,,,,,,,
GJR/PFM,Unknown,0.9729,0.24395,624,,,,,,,,
MGYR/OPOF,Banks - Regional,0.8743,0.24395,624,,,,,,,,
CHMG/FUNC,Banks - Regional,0.916,0.24396,624,,,,,,,,
EOT/KTF,Asset Management,0.909,0.24397,624,,,,,,,,
BRKL/FMNB,Banks - Regional,0.9045,0.24397,624,,,,,,,,
MPB/WASH,Banks - Regional,0.8975,0.244,624,,,,,,,,
MGYR/MPB,Banks - Regional,0.9395,0.244,624,,,,,,,,
AOD/STK,Asset Management,0.9787,0.24401,624,,,,,,,,
JSM/VCLT,Unknown,0.9179,0.24407,624,,,,,,,,
IBCP/ORRF,Banks - Regional,0.8257,0.24413,624,,,,,,,,
CADE/FCF,Banks - Regional,0.9526,0.24421,624,,,,,,,,
CMU/MIN,Asset Management,0.8548,0.24423,624,,,,,,,,
BSRR/FBNC,Banks - Regional,0.9464,0.24427,624,,,,,,,,
BXMX/MAIN,Asset Management,0.9701,0.24427,624,,,,,,,,
BTA/NMI,Asset Management,0.9466,0.24429,624,,,,,,,,
BC/LCII,Recreational Vehicles,0.9442,0.24431,624,,,,,,,,
EVN/NPV,Asset Management,0.9077,0.24436,624,,,,,,,,
AUB/PBHC,Banks - Regional,0.9291,0.24437,624,,,,,,,,
OCFC/RVSB,Banks - Regional,0.9358,0.24437,624,,,,,,,,
PYT/SOXX,Unknown,0.8925,0.24437,624,,,,,,,,
GJP/PIO,Unknown,0.9549,0.24439,624,,,,,,,,
HPF/OIA,Asset Management,0.9671,0.24439,624,,,,,,,,
BFK/FFC,Asset Management,0.9445,0.2444,624,,,,,,,,
ETB/SPXX,Asset Management,0.9844,0.24441,624,,,,,,,,
EOT/MIY,Asset Management,0.9621,0.24441,624,,,,,,,,
MHI/NIM,Asset Management,0.8679,0.24441,624,,,,,,,,
CTBI/HTBK,Banks - Regional,0.8774,0.24443,624,,,,,,,,
HWBK/INDB,Banks - Regional,0.8903,0.24444,624,,,,,,,,
EOT/PFO,Asset Management,0.9605,0.24445,624,,,,,,,,
BTA/FMN,Asset Management,0.9512,0.24446,624,,,,,,,,
IIM/MYD,Asset Management,0.9747,0.24447,624,,,,,,,,
BKT/NAD,Asset Management,0.9576,0.24451,624,,,,,,,,
CCEC/NMM,Marine Shipping,0.8558,0.24452,624,,,,,,,,
ASB/SHBI,Banks - Regional,0.8671,0.24458,624,,,,,,,,
EBTC/ZION,Banks - Regional,0.9238,0.24459,624,,,,,,,,
CAC/CHMG,Banks - Regional,0.9411,0.24459,624,,,,,,,,
CATY/MBCN,Banks - Regional,0.9531,0.24461,624,,,,,,,,
FFIC/SHBI,Banks - Regional,0.8033,0.24464,624,,,,,,,,
ASRV/HBNC,Banks - Regional,0.8838,0.24466,624,,,,,,,,
BFK/MUE,Asset Management,0.9817,0.24469,624,,,,,,,,
OIA/VCV,Asset Management,0.958,0.24469,624,,,,,,,,
HWC/UNTY,Banks - Regional,0.9131,0.24469,624,,,,,,,,
NWE/POR,Utilities - Regulated Electric,0.9787,0.24471,624,,,,,,,,
CBSH/WSBF,Banks - Regional,0.9512,0.24474,624,,,,,,,,
GLBS/GOGL,Marine Shipping,0.9231,0.24477,624,,,,,,,,
MFM/PNF,Asset Management,0.9243,0.24477,624,,,,,,,,
WNEB/WSFS,Banks - Regional,0.8724,0.24477,624,,,,,,,,
BTA/EVN,Asset Management,0.9708,0.2448,624,,,,,,,,
NWFL/SFBC,Banks - Regional,0.9079,0.24481,624,,,,,,,,
FITB/UMBF,Banks - Regional,0.9787,0.24484,624,,,,,,,,
BTA/SBI,Asset Management,0.9446,0.24485,624,,,,,,,,
GRBK/LEN,Residential Construction,0.842,0.24485,624,,,,,,,,
BVFL/FFIN,Banks - Regional,0.9093,0.24486,624,,,,,,,,
MHN/PMM,Asset Management,0.9579,0.24488,624,,,,,,,,
AROW/CBSH,Banks - Regional,0.9546,0.24493,624,,,,,,,,
PPT/UTF,Asset Management,0.9285,0.24493,624,,,,,,,,
FFIC/WSFS,Banks - Regional,0.8321,0.24493,624,,,,,,,,
PMF/SBI,Asset Management,0.9169,0.24493,624,,,,,,,,
FMNB/SFST,Banks - Regional,0.9441,0.24496,624,,,,,,,,
FBIZ/PFIS,Banks - Regional,0.9149,0.24503,624,,,,,,,,
BKT/MHD,Asset Management,0.9509,0.24508,624,,,,,,,,
NAN/NOM,Asset Management,0.8192,0.24518,624,,,,,,,,
ACM/PWR,Engineering & Construction,0.9607,0.24519,624,,,,,,,,
BOKF/WASH,Banks - Regional,0.8021,0.24522,624,,,,,,,,
FRAF/FXNC,Banks - Regional,0.9224,0.24522,624,,,,,,,,
FMN/NUV,Asset Management,0.9641,0.24524,624,,,,,,,,
PB/SMBC,Banks - Regional,0.9333,0.24525,624,,,,,,,,
PLBC/WBS,Banks - Regional,0.8872,0.24526,624,,,,,,,,
DHF/PFL,Asset Management,0.9635,0.24527,624,,,,,,,,
BKN/NMI,Asset Management,0.9326,0.24527,624,,,,,,,,
MBWM/OPOF,Banks - Regional,0.8017,0.24528,624,,,,,,,,
MVT/PAI,Asset Management,0.9028,0.24528,624,,,,,,,,
BKN/IGI,Asset Management,0.9518,0.2453,624,,,,,,,,
IBOC/MNSB,Banks - Regional,0.8009,0.2453,624,,,,,,,,
BTA/MVT,Asset Management,0.9087,0.24533,624,,,,,,,,
ASB/SMBC,Banks - Regional,0.9208,0.24543,624,,,,,,,,
MIN/PAI,Asset Management,0.9301,0.24543,624,,,,,,,,
BANFP/IMCV,Unknown,0.9628,0.24545,624,,,,,,,,
BOTJ/TFC,Banks - Regional,0.9284,0.24549,624,,,,,,,,
OPOF/PBHC,Banks - Regional,0.8625,0.2455,624,,,,,,,,
SBCF/WBS,Banks - Regional,0.9487,0.24551,624,,,,,,,,
CFFI/HBCP,Banks - Regional,0.9273,0.24551,624,,,,,,,,
CHCO/HWBK,Banks - Regional,0.94,0.24551,624,,,,,,,,
FFBC/MBWM,Banks - Regional,0.944,0.24552,624,,,,,,,,
AROW/ATLO,Banks - Regional,0.8789,0.24555,624,,,,,,,,
MQY/MUE,Asset Management,0.9859,0.24563,624,,,,,,,,
CTBI/TSBK,Banks - Regional,0.94,0.24566,624,,,,,,,,
BOH/PFS,Banks - Regional,0.9472,0.24568,624,,,,,,,,
UCB/WTBA,Banks - Regional,0.9165,0.2457,624,,,,,,,,
HWBK/SMBK,Banks - Regional,0.9429,0.24571,624,,,,,,,,
MUA/NAN,Asset Management,0.9805,0.24571,624,,,,,,,,
HBAN/PFBC,Banks - Regional,0.9718,0.24572,624,,,,,,,,
CCNE/MPB,Banks - Regional,0.9486,0.24572,624,,,,,,,,
PB/UVSP,Banks - Regional,0.9319,0.24573,624,,,,,,,,
AFB/NUV,Asset Management,0.9781,0.24574,624,,,,,,,,
NQP/NVG,Asset Management,0.9824,0.24574,624,,,,,,,,
MCO/SPGI,Financial Data & Stock Exchanges,0.9956,0.24577,624,,,,,,,,
RCKY/SHOO,Footwear & Accessories,0.8376,0.24579,624,,,,,,,,
FCCO/TSBK,Banks - Regional,0.9672,0.24583,624,,,,,,,,
CBFV/FCBC,Banks - Regional,0.9183,0.24584,624,,,,,,,,
HBCP/HBNC,Banks - Regional,0.9364,0.24585,624,,,,,,,,
INDB/OVLY,Banks - Regional,0.8004,0.24588,624,,,,,,,,
FCCO/UVSP,Banks - Regional,0.9446,0.24588,624,,,,,,,,
CZNC/ESSA,Banks - Regional,0.8618,0.24589,624,,,,,,,,
BANFP/BND,Unknown,0.857,0.24591,624,,,,,,,,
PNI/PZC,Asset Management,0.9613,0.24593,624,,,,,,,,
FUNC/UNTY,Banks - Regional,0.9716,0.24594,624,,,,,,,,
CAPR/WINT,Biotechnology,0.8212,0.24595,624,,,,,,,,
MFM/PAI,Asset Management,0.9674,0.24595,624,,,,,,,,
CADE/HBCP,Banks - Regional,0.9431,0.24596,624,,,,,,,,
CWBC/VABK,Banks - Regional,0.9445,0.24597,624,,,,,,,,
THFF/UNB,Banks - Regional,0.8317,0.24598,624,,,,,,,,
BOH/SMBC,Banks - Regional,0.8722,0.24598,624,,,,,,,,
NAC/PAI,Asset Management,0.9511,0.246,624,,,,,,,,
BTZ/JMM,Asset Management,0.9791,0.24601,624,,,,,,,,
FNB/IBOC,Banks - Regional,0.9076,0.24607,624,,,,,,,,
BOTJ/ONB,Banks - Regional,0.8967,0.24608,624,,,,,,,,
PB/WASH,Banks - Regional,0.8585,0.24609,624,,,,,,,,
LSBK/MBWM,Banks - Regional,0.86,0.24609,624,,,,,,,,
BANC/FFIC,Banks - Regional,0.8822,0.24611,624,,,,,,,,
BOTJ/WSBF,Banks - Regional,0.9366,0.24613,624,,,,,,,,
ASRV/CMA,Banks - Regional,0.8421,0.24614,624,,,,,,,,
DCOM/UNB,Banks - Regional,0.8261,0.24615,624,,,,,,,,
DCOM/WTBA,Banks - Regional,0.922,0.24615,624,,,,,,,,
CADE/UVSP,Banks - Regional,0.9423,0.24615,624,,,,,,,,
AFB/DTF,Asset Management,0.9634,0.24618,624,,,,,,,,
BLE/PFO,Asset Management,0.9434,0.24618,624,,,,,,,,
MUA/PMM,Asset Management,0.9672,0.2462,624,,,,,,,,
MVT/NEA,Asset Management,0.9199,0.2462,624,,,,,,,,
PCN/PFL,Asset Management,0.9918,0.2462,624,,,,,,,,
FEX/SMH,Unknown,0.9462,0.24623,624,,,,,,,,
LEO/OIA,Asset Management,0.9417,0.24625,624,,,,,,,,
DJCO/PLUS,Software - Application,0.9226,0.24628,624,,,,,,,,
MGF/MYD,Asset Management,0.9101,0.24629,624,,,,,,,,
FCCO/SHBI,Banks - Regional,0.8695,0.24632,624,,,,,,,,
MCN/RJF,Asset Management,0.9621,0.24635,624,,,,,,,,
IBOC/UNTY,Banks - Regional,0.9717,0.24636,624,,,,,,,,
CZNC/FNLC,Banks - Regional,0.9573,0.24636,624,,,,,,,,
CXH/MVF,Asset Management,0.9761,0.24638,624,,,,,,,,
DCOM/HOPE,Banks - Regional,0.8697,0.2464,624,,,,,,,,
MHN/NIM,Asset Management,0.9527,0.24643,624,,,,,,,,
WABC/ZION,Banks - Regional,0.8899,0.24644,624,,,,,,,,
HBAN/ONB,Banks - Regional,0.9747,0.24648,624,,,,,,,,
SBFG/UVSP,Banks - Regional,0.9357,0.24651,624,,,,,,,,
FMY/NXP,Asset Management,0.9283,0.24652,624,,,,,,,,
NAD/PAI,Asset Management,0.9699,0.24653,624,,,,,,,,
PRGO/VTRS,Drug Manufacturers - Specialty & Generic,0.8725,0.24654,624,,,,,,,,
EVN/NCA,Asset Management,0.9783,0.24654,624,,,,,,,,
ETB/RFI,Asset Management,0.9716,0.24657,624,,,,,,,,
LSTA/ORKA,Biotechnology,0.9111,0.2466,624,,,,,,,,
AWF/PHD,Asset Management,0.9823,0.24661,624,,,,,,,,
FFIC/PPBI,Banks - Regional,0.9064,0.24664,624,,,,,,,,
EHI/JHS,Asset Management,0.9558,0.24669,624,,,,,,,,
CBSH/SBFG,Banks - Regional,0.9561,0.2467,624,,,,,,,,
MVT/NIM,Asset Management,0.9064,0.2467,624,,,,,,,,
ACWI/PRN,Unknown,0.987,0.24672,624,,,,,,,,
PFS/SHBI,Banks - Regional,0.8955,0.24672,624,,,,,,,,
IIM/VMO,Asset Management,0.9822,0.24672,624,,,,,,,,
CIF/JHI,Asset Management,0.9606,0.24673,624,,,,,,,,
NMZ/PFO,Asset Management,0.9829,0.24675,624,,,,,,,,
JHS/NMT,Asset Management,0.9503,0.24676,624,,,,,,,,
PEBK/RVSB,Banks - Regional,0.8974,0.24676,624,,,,,,,,
BLE/MFM,Asset Management,0.9723,0.24677,624,,,,,,,,
UNB/WBS,Banks - Regional,0.8837,0.24677,624,,,,,,,,
MYD/NOM,Asset Management,0.8426,0.24678,624,,,,,,,,
GDV/GOF,Asset Management,0.9834,0.2468,624,,,,,,,,
FOF/PCM,Asset Management,0.9349,0.24685,624,,,,,,,,
CZWI/WTFC,Banks - Regional,0.9256,0.24686,624,,,,,,,,
IIM/KTF,Asset Management,0.9381,0.24691,624,,,,,,,,
ETB/SOR,Asset Management,0.982,0.24691,624,,,,,,,,
LCNB/UVSP,Banks - Regional,0.9014,0.24694,624,,,,,,,,
GABC/LARK,Banks - Regional,0.9156,0.24697,624,,,,,,,,
ABCB/MPB,Banks - Regional,0.9562,0.247,624,,,,,,,,
BGY/EEA,Asset Management,0.9725,0.24701,624,,,,,,,,
BSRR/EBTC,Banks - Regional,0.9399,0.24702,624,,,,,,,,
CXH/MQY,Asset Management,0.9823,0.24702,624,,,,,,,,
PLBC/SFBC,Banks - Regional,0.9624,0.24705,624,,,,,,,,
FLC/NVG,Asset Management,0.9811,0.2471,624,,,,,,,,
SMBC/SMBK,Banks - Regional,0.9606,0.24711,624,,,,,,,,
CBFV/UCB,Banks - Regional,0.8304,0.24712,624,,,,,,,,
FLC/IGI,Asset Management,0.9682,0.24712,624,,,,,,,,
BFK/MGF,Asset Management,0.9213,0.24712,624,,,,,,,,
VGIT/VMBS,Unknown,0.983,0.24712,624,,,,,,,,
HBCP/MBWM,Banks - Regional,0.969,0.24713,624,,,,,,,,
CXH/IQI,Asset Management,0.9924,0.24713,624,,,,,,,,
EOT/FLC,Asset Management,0.952,0.24716,624,,,,,,,,
SFBC/WTFC,Banks - Regional,0.9442,0.24716,624,,,,,,,,
ATLO/SFNC,Banks - Regional,0.9163,0.24718,624,,,,,,,,
CADE/PLBC,Banks - Regional,0.8791,0.2472,624,,,,,,,,
FMNB/RVSB,Banks - Regional,0.8951,0.24721,624,,,,,,,,
HBAN/PNC,Banks - Regional,0.9753,0.24723,624,,,,,,,,
CXE/VBF,Asset Management,0.9158,0.24725,624,,,,,,,,
BKN/PFD,Asset Management,0.9664,0.24725,624,,,,,,,,
BRKL/EFSC,Banks - Regional,0.9018,0.24726,624,,,,,,,,
ACNB/FCBC,Banks - Regional,0.9758,0.24735,624,,,,,,,,
MUC/MYD,Asset Management,0.9831,0.24735,624,,,,,,,,
BHE/SANM,Electronic Components,0.8899,0.24736,624,,,,,,,,
IIM/PAI,Asset Management,0.9471,0.24739,624,,,,,,,,
BOTJ/EBMT,Banks - Regional,0.8939,0.24739,624,,,,,,,,
BOH/INDB,Banks - Regional,0.9554,0.24746,624,,,,,,,,
FULT/SHBI,Banks - Regional,0.8585,0.24747,624,,,,,,,,
JFR/JQC,Asset Management,0.9844,0.2475,624,,,,,,,,
CRL/RVTY,Diagnostics & Research,0.96,0.24751,624,,,,,,,,
ABT/STE,Medical Devices,0.9858,0.24751,624,,,,,,,,
FNLC/WTBA,Banks - Regional,0.9498,0.24754,624,,,,,,,,
NOM/VKQ,Asset Management,0.822,0.24759,624,,,,,,,,
EBTC/FRAF,Banks - Regional,0.9392,0.2476,624,,,,,,,,
MHD/PAI,Asset Management,0.935,0.24763,624,,,,,,,,
BOTJ/FLIC,Banks - Regional,0.8064,0.24764,624,,,,,,,,
SBCF/SNV,Banks - Regional,0.9139,0.24765,624,,,,,,,,
ESSA/MBWM,Banks - Regional,0.9381,0.24766,624,,,,,,,,
JCE/TY,Asset Management,0.9755,0.24768,624,,,,,,,,
FRA/PHD,Asset Management,0.9782,0.24769,624,,,,,,,,
SSB/WAL,Banks - Regional,0.8774,0.2477,624,,,,,,,,
FBNC/HBAN,Banks - Regional,0.9676,0.24773,624,,,,,,,,
CADE/CTBI,Banks - Regional,0.9531,0.24775,624,,,,,,,,
OIA/PNI,Asset Management,0.8068,0.24779,624,,,,,,,,
EGBN/LSBK,Banks - Regional,0.8027,0.24779,624,,,,,,,,
COLB/SBFG,Banks - Regional,0.8579,0.24782,624,,,,,,,,
CHMG/FBNC,Banks - Regional,0.9531,0.24783,624,,,,,,,,
BOH/BRKL,Banks - Regional,0.9477,0.24784,624,,,,,,,,
CCNE/HWBK,Banks - Regional,0.8905,0.24788,624,,,,,,,,
TRST/UNB,Banks - Regional,0.877,0.24789,624,,,,,,,,
FCF/TSBK,Banks - Regional,0.9668,0.2479,624,,,,,,,,
IPB/VGSH,Unknown,0.9371,0.24792,624,,,,,,,,
MIY/NXP,Asset Management,0.9498,0.24798,624,,,,,,,,
BCAL/PEBO,Banks - Regional,0.8917,0.24799,624,,,,,,,,
CATY/NEWT,Banks - Regional,0.8318,0.24801,624,,,,,,,,
NUW/PCQ,Asset Management,0.8458,0.24801,624,,,,,,,,
JHS/MIN,Asset Management,0.937,0.24802,624,,,,,,,,
CIVB/FNWD,Banks - Regional,0.9364,0.24803,624,,,,,,,,
LARK/SMBK,Banks - Regional,0.9071,0.24804,624,,,,,,,,
NAD/OIA,Asset Management,0.9715,0.24804,624,,,,,,,,
CHCO/MNSB,Banks - Regional,0.8307,0.24806,624,,,,,,,,
CBAN/FSFG,Banks - Regional,0.9675,0.24809,624,,,,,,,,
BDJ/ETO,Asset Management,0.9853,0.24812,624,,,,,,,,
FBIZ/SRCE,Banks - Regional,0.9209,0.24814,624,,,,,,,,
EOT/MUC,Asset Management,0.9564,0.24814,624,,,,,,,,
FCCO/PPBI,Banks - Regional,0.9028,0.24816,624,,,,,,,,
BOTJ/WAFD,Banks - Regional,0.9404,0.24816,624,,,,,,,,
NNY/PCK,Asset Management,0.8553,0.24817,624,,,,,,,,
IBOC/VABK,Banks - Regional,0.9015,0.24818,624,,,,,,,,
EOT/NQP,Asset Management,0.9574,0.24818,624,,,,,,,,
NKSH/OPOF,Banks - Regional,0.8275,0.2482,624,,,,,,,,
FT/WEA,Asset Management,0.9435,0.24823,624,,,,,,,,
FTCS/SMH,Unknown,0.9299,0.24824,624,,,,,,,,
BANFP/GJP,Unknown,0.9609,0.24826,624,,,,,,,,
MVF/NIM,Asset Management,0.9314,0.24827,624,,,,,,,,
FBNC/VABK,Banks - Regional,0.9596,0.24827,624,,,,,,,,
FFC/NXC,Asset Management,0.9713,0.24827,624,,,,,,,,
NMT/PMO,Asset Management,0.9399,0.24827,624,,,,,,,,
BKT/NMI,Asset Management,0.9293,0.24831,624,,,,,,,,
BUSE/OCFC,Banks - Regional,0.9382,0.24834,624,,,,,,,,
BOH/PBHC,Banks - Regional,0.8979,0.24836,624,,,,,,,,
MFM/MIN,Asset Management,0.8896,0.24837,624,,,,,,,,
FORM/TER,Semiconductor Equipment & Materials,0.9636,0.24839,624,,,,,,,,
MRKR/VXRT,Biotechnology,0.841,0.24841,624,,,,,,,,
FCF/IBOC,Banks - Regional,0.9574,0.24841,624,,,,,,,,
FMY/WEA,Asset Management,0.9415,0.24841,624,,,,,,,,
IIM/NRK,Asset Management,0.9772,0.24842,624,,,,,,,,
PLBC/WTBA,Banks - Regional,0.8601,0.24846,624,,,,,,,,
MGF/MIY,Asset Management,0.9357,0.24852,624,,,,,,,,
MYD/NXP,Asset Management,0.8994,0.24858,624,,,,,,,,
LKFN/SFBC,Banks - Regional,0.9459,0.24859,624,,,,,,,,
OCFC/WAFD,Banks - Regional,0.8942,0.2486,624,,,,,,,,
CBFV/MBCN,Banks - Regional,0.9057,0.24861,624,,,,,,,,
NUW/PNI,Asset Management,0.8747,0.24862,624,,,,,,,,
BSRR/SFST,Banks - Regional,0.8874,0.24863,624,,,,,,,,
FISI/WSFS,Banks - Regional,0.935,0.24871,624,,,,,,,,
SSB/WTBA,Banks - Regional,0.9096,0.24871,624,,,,,,,,
OCFC/SFBC,Banks - Regional,0.8023,0.24874,624,,,,,,,,
PMF/VCV,Asset Management,0.9225,0.24874,624,,,,,,,,
BKN/BTA,Asset Management,0.9652,0.24874,624,,,,,,,,
CAPR/MRKR,Biotechnology,0.9234,0.24874,624,,,,,,,,
DGX/DHR,Diagnostics & Research,0.9536,0.24875,624,,,,,,,,
FBIZ/GCBC,Banks - Regional,0.895,0.24881,624,,,,,,,,
HWBK/WSBC,Banks - Regional,0.843,0.24882,624,,,,,,,,
BSRR/SMBC,Banks - Regional,0.9202,0.24883,624,,,,,,,,
FHI/SAR,Asset Management,0.9335,0.24883,624,,,,,,,,
FNLC/RBCAA,Banks - Regional,0.914,0.24885,624,,,,,,,,
FMNB/PFBC,Banks - Regional,0.947,0.24885,624,,,,,,,,
ATLO/GSBC,Banks - Regional,0.8378,0.24886,624,,,,,,,,
EXG/NTRS,Asset Management,0.9164,0.24887,624,,,,,,,,
MGF/MQY,Asset Management,0.9438,0.24887,624,,,,,,,,
GSBC/SBFG,Banks - Regional,0.9558,0.2489,624,,,,,,,,
CMU/NIM,Asset Management,0.929,0.2489,624,,,,,,,,
COFS/INDB,Banks - Regional,0.8593,0.24891,624,,,,,,,,
BOKF/PEBK,Banks - Regional,0.9229,0.24891,624,,,,,,,,
MBWM/OVLY,Banks - Regional,0.9445,0.24893,624,,,,,,,,
AUB/SFST,Banks - Regional,0.9184,0.24894,624,,,,,,,,
ETO/ETY,Asset Management,0.9818,0.24896,624,,,,,,,,
FFBC/HBNC,Banks - Regional,0.9195,0.24896,624,,,,,,,,
CHMG/CWBC,Banks - Regional,0.9392,0.24897,624,,,,,,,,
LKFN/SHBI,Banks - Regional,0.8648,0.24897,624,,,,,,,,
BKN/NUV,Asset Management,0.9716,0.24897,624,,,,,,,,
CBFV/FXNC,Banks - Regional,0.8555,0.24898,624,,,,,,,,
BSRR/CWBC,Banks - Regional,0.9345,0.24899,624,,,,,,,,
EBTC/OPBK,Banks - Regional,0.9218,0.24905,624,,,,,,,,
SBFG/SSB,Banks - Regional,0.924,0.24905,624,,,,,,,,
NWFL/TSBK,Banks - Regional,0.9603,0.24906,624,,,,,,,,
VLY/WSFS,Banks - Regional,0.8209,0.24907,624,,,,,,,,
WINT/XOMA,Biotechnology,0.8367,0.24908,624,,,,,,,,
BOTJ/FHN,Banks - Regional,0.8481,0.24909,624,,,,,,,,
CCNE/HIFS,Banks - Regional,0.8794,0.2491,624,,,,,,,,
BANR/MTB,Banks - Regional,0.9635,0.24911,624,,,,,,,,
HPI/MYD,Asset Management,0.9131,0.24911,624,,,,,,,,
CARE/PEBK,Banks - Regional,0.861,0.24914,624,,,,,,,,
CADE/FRME,Banks - Regional,0.9433,0.24918,624,,,,,,,,
IIM/NOM,Asset Management,0.81,0.24919,624,,,,,,,,
BFK/DSM,Asset Management,0.9833,0.24919,624,,,,,,,,
CCNE/OPOF,Banks - Regional,0.8702,0.24925,624,,,,,,,,
MTB/RVSB,Banks - Regional,0.8476,0.2493,624,,,,,,,,
ONB/WSBC,Banks - Regional,0.8838,0.24931,624,,,,,,,,
PIE/PYT,Unknown,0.8082,0.24933,624,,,,,,,,
FCCO/ONB,Banks - Regional,0.9437,0.24934,624,,,,,,,,
CHMG/PFIS,Banks - Regional,0.9178,0.2494,624,,,,,,,,
LCNB/NFBK,Banks - Regional,0.8578,0.24942,624,,,,,,,,
FCF/UVSP,Banks - Regional,0.9524,0.24947,624,,,,,,,,
BCAL/CBAN,Banks - Regional,0.8833,0.24947,624,,,,,,,,
BTA/HPI,Asset Management,0.9619,0.24951,624,,,,,,,,
ASTH/SEM,Medical Care Facilities,0.8467,0.24953,624,,,,,,,,
GOVI/TVE,Unknown,0.9039,0.24954,624,,,,,,,,
ADI/MPWR,Semiconductors,0.9688,0.24955,624,,,,,,,,
BKT/PAI,Asset Management,0.9433,0.24956,624,,,,,,,,
AFB/MFM,Asset Management,0.9797,0.24957,624,,,,,,,,
FNB/PNFP,Banks - Regional,0.92,0.24959,624,,,,,,,,
BCAL/UMBF,Banks - Regional,0.8291,0.24959,624,,,,,,,,
ESSA/SRCE,Banks - Regional,0.9392,0.24961,624,,,,,,,,
JFR/VVR,Asset Management,0.9721,0.24963,624,,,,,,,,
CMU/VPV,Asset Management,0.954,0.24963,624,,,,,,,,
NXP/VGM,Asset Management,0.9325,0.24964,624,,,,,,,,
ENTG/NVMI,Semiconductor Equipment & Materials,0.8896,0.24966,624,,,,,,,,
PFD/VBF,Asset Management,0.961,0.24967,624,,,,,,,,
CMA/SHBI,Banks - Regional,0.9386,0.24967,624,,,,,,,,
NKSH/PBHC,Banks - Regional,0.8635,0.24968,624,,,,,,,,
CAC/PNC,Banks - Regional,0.9505,0.24968,624,,,,,,,,
NOM/VGM,Asset Management,0.8365,0.2497,624,,,,,,,,
ABCB/EBTC,Banks - Regional,0.9484,0.24978,624,,,,,,,,
FULT/RVSB,Banks - Regional,0.8278,0.24978,624,,,,,,,,
ACWI/SMH,Unknown,0.9583,0.24979,624,,,,,,,,
RFI/VPV,Asset Management,0.908,0.24981,624,,,,,,,,
OVBC/VABK,Banks - Regional,0.8711,0.24982,624,,,,,,,,
DCOM/TSBK,Banks - Regional,0.8332,0.24982,624,,,,,,,,
CADE/SMBC,Banks - Regional,0.9149,0.24984,624,,,,,,,,
BCAL/CIVB,Banks - Regional,0.907,0.24985,624,,,,,,,,
FCF/MBCN,Banks - Regional,0.9548,0.24986,624,,,,,,,,
ETO/TY,Asset Management,0.9901,0.24991,624,,,,,,,,
FUNC/IBCP,Banks - Regional,0.9625,0.24992,624,,,,,,,,
CCNE/PBHC,Banks - Regional,0.9026,0.24993,624,,,,,,,,
BN/EVT,Asset Management,0.9754,0.24995,624,,,,,,,,
LEO/MQT,Asset Management,0.9799,0.24996,624,,,,,,,,
BOKF/MBCN,Banks - Regional,0.9289,0.24997,624,,,,,,,,
GABC/WASH,Banks - Regional,0.8745,0.25001,624,,,,,,,,
FMNB/PLBC,Banks - Regional,0.9227,0.25003,624,,,,,,,,
MFM/NXC,Asset Management,0.9509,0.25004,624,,,,,,,,
NEA/NNY,Asset Management,0.9687,0.25007,624,,,,,,,,
MCR/PFD,Asset Management,0.9432,0.25009,624,,,,,,,,
BOTJ/LARK,Banks - Regional,0.9267,0.25009,624,,,,,,,,
NWFL/UBFO,Banks - Regional,0.9367,0.25014,624,,,,,,,,
VLY/WAL,Banks - Regional,0.894,0.25019,624,,,,,,,,
SMBC/WBS,Banks - Regional,0.9317,0.25019,624,,,,,,,,
FNWD/SBFG,Banks - Regional,0.8889,0.25021,624,,,,,,,,
BANC/INBK,Banks - Regional,0.8486,0.25021,624,,,,,,,,
BANR/FNLC,Banks - Regional,0.9414,0.25022,624,,,,,,,,
BUSE/HTBK,Banks - Regional,0.9594,0.25025,624,,,,,,,,
PBHC/SMBC,Banks - Regional,0.939,0.25026,624,,,,,,,,
CBSH/PBHC,Banks - Regional,0.9237,0.25028,624,,,,,,,,
CHMG/WNEB,Banks - Regional,0.842,0.25029,624,,,,,,,,
JPC/RQI,Asset Management,0.9515,0.25029,624,,,,,,,,
ASB/FCF,Banks - Regional,0.9591,0.25033,624,,,,,,,,
DCO/RTX,Aerospace & Defense,0.9077,0.25035,624,,,,,,,,
JCE/SOR,Asset Management,0.9925,0.25036,624,,,,,,,,
ESSA/FXNC,Banks - Regional,0.895,0.25037,624,,,,,,,,
HPI/NXJ,Asset Management,0.967,0.2504,624,,,,,,,,
CZNC/HIFS,Banks - Regional,0.9257,0.25042,624,,,,,,,,
HBAN/NECB,Banks - Regional,0.8263,0.25044,624,,,,,,,,
MUJ/NAN,Asset Management,0.9825,0.25044,624,,,,,,,,
FCF/FSFG,Banks - Regional,0.9358,0.25046,624,,,,,,,,
MIY/MUC,Asset Management,0.9673,0.25047,624,,,,,,,,
GVA/IESC,Engineering & Construction,0.8033,0.25048,624,,,,,,,,
MUE/SBI,Asset Management,0.9746,0.25048,624,,,,,,,,
HFWA/WSBC,Banks - Regional,0.9326,0.25052,624,,,,,,,,
BANFP/QQXT,Unknown,0.9749,0.25053,624,,,,,,,,
FNLC/USB,Banks - Regional,0.9088,0.25054,624,,,,,,,,
SBSI/USB,Banks - Regional,0.9461,0.25055,624,,,,,,,,
OVLY/WTFC,Banks - Regional,0.9246,0.25057,624,,,,,,,,
MPA/NNY,Asset Management,0.9618,0.25061,624,,,,,,,,
HPI/VPV,Asset Management,0.9451,0.25061,624,,,,,,,,
CADE/NRIM,Banks - Regional,0.8393,0.25061,624,,,,,,,,
BDJ/ETB,Asset Management,0.9824,0.25062,624,,,,,,,,
CATY/PKBK,Banks - Regional,0.9559,0.25062,624,,,,,,,,
ESSA/FULT,Banks - Regional,0.9314,0.25062,624,,,,,,,,
FORM/LRCX,Semiconductor Equipment & Materials,0.9434,0.25068,624,,,,,,,,
FRST/PBHC,Banks - Regional,0.8421,0.25068,624,,,,,,,,
HBNC/SFST,Banks - Regional,0.9597,0.25069,624,,,,,,,,
SLS/WINT,Biotechnology,0.8273,0.25071,624,,,,,,,,
PEBO/PLBC,Banks - Regional,0.9253,0.25071,624,,,,,,,,
BOTJ/MTB,Banks - Regional,0.9217,0.25072,624,,,,,,,,
EOT/MYN,Asset Management,0.9646,0.25073,624,,,,,,,,
GDO/OIA,Asset Management,0.973,0.25073,624,,,,,,,,
BCBP/CFR,Banks - Regional,0.9125,0.25074,624,,,,,,,,
FMNB/LARK,Banks - Regional,0.9105,0.25078,624,,,,,,,,
PWOD/SMBK,Banks - Regional,0.8373,0.25084,624,,,,,,,,
FULT/PFS,Banks - Regional,0.8959,0.25087,624,,,,,,,,
BCAL/CBSH,Banks - Regional,0.8726,0.25088,624,,,,,,,,
MCHP/TSM,Semiconductors,0.8615,0.25088,624,,,,,,,,
CHMG/WSBC,Banks - Regional,0.8851,0.25089,624,,,,,,,,
PFBC/WTBA,Banks - Regional,0.9048,0.25092,624,,,,,,,,
IBOC/PEBK,Banks - Regional,0.8879,0.25094,624,,,,,,,,
MVT/VBF,Asset Management,0.873,0.25094,624,,,,,,,,
CHRW/LSTR,Integrated Freight & Logistics,0.9097,0.25097,624,,,,,,,,
CAPR/GYRE,Biotechnology,0.8843,0.25098,624,,,,,,,,
DCO/KTOS,Aerospace & Defense,0.8454,0.25098,624,,,,,,,,
FMBH/WSFS,Banks - Regional,0.9476,0.25099,624,,,,,,,,
DGICA/HIG,Insurance - Property & Casualty,0.8982,0.25099,624,,,,,,,,
ESSA/FHN,Banks - Regional,0.8813,0.25102,624,,,,,,,,
PYN/PZC,Asset Management,0.9566,0.25103,624,,,,,,,,
PB/SBCF,Banks - Regional,0.9269,0.25103,624,,,,,,,,
BCAL/BCBP,Banks - Regional,0.8372,0.25104,624,,,,,,,,
MVT/PMF,Asset Management,0.9673,0.25107,624,,,,,,,,
MUE/NEA,Asset Management,0.9694,0.25108,624,,,,,,,,
DHF/EHI,Asset Management,0.9653,0.25114,624,,,,,,,,
GABC/UBCP,Banks - Regional,0.9461,0.25114,624,,,,,,,,
FOF/PCN,Asset Management,0.9684,0.25117,624,,,,,,,,
CBFV/OVLY,Banks - Regional,0.8993,0.25119,624,,,,,,,,
IBCP/MPB,Banks - Regional,0.9174,0.25123,624,,,,,,,,
EVN/PMM,Asset Management,0.9729,0.25125,624,,,,,,,,
FEX/SOXX,Unknown,0.9658,0.25125,624,,,,,,,,
EVN/VGM,Asset Management,0.9849,0.25128,624,,,,,,,,
LSBK/MGYR,Banks - Regional,0.9023,0.25129,624,,,,,,,,
NNY/VMO,Asset Management,0.9614,0.25129,624,,,,,,,,
CBAN/FISI,Banks - Regional,0.9179,0.2513,624,,,,,,,,
UVSP/WSFS,Banks - Regional,0.9636,0.25132,624,,,,,,,,
CWBC/FISI,Banks - Regional,0.9029,0.25136,624,,,,,,,,
BKN/NCA,Asset Management,0.9428,0.25137,624,,,,,,,,
IGI/RFI,Asset Management,0.8859,0.25139,624,,,,,,,,
CWBC/HBNC,Banks - Regional,0.9438,0.2514,624,,,,,,,,
AUB/HBNC,Banks - Regional,0.9518,0.25141,624,,,,,,,,
MBCN/NRIM,Banks - Regional,0.862,0.25145,624,,,,,,,,
FMNB/GABC,Banks - Regional,0.9804,0.25151,624,,,,,,,,
PBHC/PFBC,Banks - Regional,0.9223,0.25153,624,,,,,,,,
ATLO/COLB,Banks - Regional,0.9137,0.25153,624,,,,,,,,
CFFI/VABK,Banks - Regional,0.8953,0.25157,624,,,,,,,,
NKX/VGM,Asset Management,0.982,0.25158,624,,,,,,,,
CMU/MHF,Asset Management,0.9245,0.25159,624,,,,,,,,
ETB/ETY,Asset Management,0.9716,0.25159,624,,,,,,,,
CADE/EBTC,Banks - Regional,0.9127,0.25162,624,,,,,,,,
CARE/MGYR,Banks - Regional,0.8428,0.25163,624,,,,,,,,
NMZ/PMM,Asset Management,0.9844,0.25163,624,,,,,,,,
HFWA/HTBK,Banks - Regional,0.942,0.25164,624,,,,,,,,
CAC/CVBF,Banks - Regional,0.9446,0.25165,624,,,,,,,,
BKT/VGM,Asset Management,0.9663,0.25165,624,,,,,,,,
PWOD/TCBK,Banks - Regional,0.8045,0.25166,624,,,,,,,,
NXP/PMM,Asset Management,0.9669,0.25168,624,,,,,,,,
FUL/LIN,Specialty Chemicals,0.8812,0.2517,624,,,,,,,,
MQY/VCV,Asset Management,0.9784,0.25171,624,,,,,,,,
LEO/MYN,Asset Management,0.9819,0.25171,624,,,,,,,,
ATLO/CARE,Banks - Regional,0.8663,0.25172,624,,,,,,,,
PLBC/TFC,Banks - Regional,0.8254,0.25174,624,,,,,,,,
FTC/IPB,Unknown,0.9429,0.25176,624,,,,,,,,
FNB/UNTY,Banks - Regional,0.8724,0.25177,624,,,,,,,,
FTC/PYT,Unknown,0.9549,0.2518,624,,,,,,,,
BKT/MHN,Asset Management,0.9685,0.25184,624,,,,,,,,
AUB/SMBC,Banks - Regional,0.9402,0.25184,624,,,,,,,,
AVT/NSIT,Electronics & Computer Distribution,0.8232,0.25187,624,,,,,,,,
FFBC/PGC,Banks - Regional,0.9253,0.25188,624,,,,,,,,
KRNY/RVSB,Banks - Regional,0.8288,0.25189,624,,,,,,,,
CATY/CHMG,Banks - Regional,0.9577,0.25189,624,,,,,,,,
BCAL/CCNE,Banks - Regional,0.8724,0.25191,624,,,,,,,,
FLC/NXC,Asset Management,0.964,0.25192,624,,,,,,,,
BLE/NXP,Asset Management,0.8774,0.25192,624,,,,,,,,
PCM/STEW,Asset Management,0.9113,0.25193,624,,,,,,,,
CAC/UNTY,Banks - Regional,0.8999,0.25193,624,,,,,,,,
MMU/NEA,Asset Management,0.9335,0.25194,624,,,,,,,,
CBFV/FULT,Banks - Regional,0.9282,0.25195,624,,,,,,,,
FFC/NVG,Asset Management,0.9769,0.25195,624,,,,,,,,
LSBK/SHBI,Banks - Regional,0.8179,0.25196,624,,,,,,,,
BOTJ/WTFC,Banks - Regional,0.8702,0.25197,624,,,,,,,,
NBTB/NRIM,Banks - Regional,0.899,0.25198,624,,,,,,,,
IIM/NMT,Asset Management,0.9575,0.25198,624,,,,,,,,
HWC/SFBC,Banks - Regional,0.8726,0.25199,624,,,,,,,,
EVN/MPA,Asset Management,0.9813,0.25205,624,,,,,,,,
CCNE/MBWM,Banks - Regional,0.8975,0.25206,624,,,,,,,,
CZWI/SRCE,Banks - Regional,0.9425,0.25207,624,,,,,,,,
BME/EOS,Asset Management,0.9497,0.2521,624,,,,,,,,
BGT/HTGC,Asset Management,0.9778,0.2521,624,,,,,,,,
MIY/NQP,Asset Management,0.987,0.25211,624,,,,,,,,
ETB/RNP,Asset Management,0.9817,0.25217,624,,,,,,,,
BTA/DTF,Asset Management,0.902,0.25217,624,,,,,,,,
BHK/PFO,Asset Management,0.976,0.25219,624,,,,,,,,
NZF/VGM,Asset Management,0.9817,0.25219,624,,,,,,,,
HBCP/WSFS,Banks - Regional,0.9704,0.25222,624,,,,,,,,
BFZ/NCA,Asset Management,0.9687,0.25223,624,,,,,,,,
FFBC/FXNC,Banks - Regional,0.8717,0.25224,624,,,,,,,,
CMU/NUV,Asset Management,0.9503,0.25225,624,,,,,,,,
CWBC/UNB,Banks - Regional,0.8575,0.25229,624,,,,,,,,
CVBF/SFBC,Banks - Regional,0.9046,0.25232,624,,,,,,,,
NEWT/WAL,Banks - Regional,0.9039,0.25235,624,,,,,,,,
CSR/MAA,REIT - Residential,0.8599,0.25235,624,,,,,,,,
MFM/MHF,Asset Management,0.9489,0.25238,624,,,,,,,,
TVE/VGLT,Unknown,0.8641,0.25242,624,,,,,,,,
EVG/PHD,Asset Management,0.9828,0.25246,624,,,,,,,,
NBTB/PEBK,Banks - Regional,0.9365,0.25247,624,,,,,,,,
MVT/VTN,Asset Management,0.9639,0.25248,624,,,,,,,,
CVBF/PLBC,Banks - Regional,0.8482,0.25248,624,,,,,,,,
BKT/NXN,Asset Management,0.9291,0.25254,624,,,,,,,,
CAC/OCFC,Banks - Regional,0.8883,0.25255,624,,,,,,,,
FISI/SMBK,Banks - Regional,0.8863,0.25258,624,,,,,,,,
PUI/SHY,Unknown,0.9206,0.25262,624,,,,,,,,
FCBC/SFBC,Banks - Regional,0.9622,0.25262,624,,,,,,,,
COLB/CZWI,Banks - Regional,0.8458,0.25268,624,,,,,,,,
NEA/PAI,Asset Management,0.9708,0.2527,624,,,,,,,,
FNB/FULT,Banks - Regional,0.9323,0.25273,624,,,,,,,,
FFBC/FRAF,Banks - Regional,0.93,0.25279,624,,,,,,,,
CMU/VTN,Asset Management,0.9653,0.25279,624,,,,,,,,
IIM/MUA,Asset Management,0.9724,0.2528,624,,,,,,,,
MMT/NXN,Asset Management,0.9462,0.25283,624,,,,,,,,
BCAL/PPBI,Banks - Regional,0.8451,0.25284,624,,,,,,,,
HBAN/NEWT,Banks - Regional,0.8457,0.25286,624,,,,,,,,
HTBK/PGC,Banks - Regional,0.9574,0.25286,624,,,,,,,,
IIM/NNY,Asset Management,0.9695,0.25286,624,,,,,,,,
BOTJ/UNTY,Banks - Regional,0.8454,0.25288,624,,,,,,,,
CWBC/PBHC,Banks - Regional,0.9258,0.25288,624,,,,,,,,
FMNB/UNB,Banks - Regional,0.8094,0.25297,624,,,,,,,,
MVT/NXJ,Asset Management,0.8985,0.253,624,,,,,,,,
FNB/HTBK,Banks - Regional,0.8129,0.25303,624,,,,,,,,
BOTJ/SRCE,Banks - Regional,0.9068,0.25304,624,,,,,,,,
FNLC/SNV,Banks - Regional,0.9193,0.25305,624,,,,,,,,
LSBK/SBSI,Banks - Regional,0.8977,0.25305,624,,,,,,,,
BANR/MBCN,Banks - Regional,0.9317,0.25307,624,,,,,,,,
VABK/WNEB,Banks - Regional,0.8555,0.2531,624,,,,,,,,
NPV/NXC,Asset Management,0.8672,0.25318,624,,,,,,,,
ATLO/MNSB,Banks - Regional,0.8245,0.25318,624,,,,,,,,
HBNC/HIFS,Banks - Regional,0.9225,0.25321,624,,,,,,,,
CATY/HWBK,Banks - Regional,0.9394,0.25323,624,,,,,,,,
BCAL/ESSA,Banks - Regional,0.8957,0.25323,624,,,,,,,,
GABC/PFBC,Banks - Regional,0.9615,0.25325,624,,,,,,,,
BNY/LEO,Asset Management,0.9735,0.25325,624,,,,,,,,
IIM/MUC,Asset Management,0.9761,0.25326,624,,,,,,,,
DCOM/SBSI,Banks - Regional,0.891,0.25327,624,,,,,,,,
FFBC/FRST,Banks - Regional,0.8551,0.25327,624,,,,,,,,
PMM/VPV,Asset Management,0.9753,0.25331,624,,,,,,,,
COFS/PBHC,Banks - Regional,0.8371,0.25332,624,,,,,,,,
EBTC/IBOC,Banks - Regional,0.8684,0.25334,624,,,,,,,,
HPS/NZF,Asset Management,0.9469,0.25335,624,,,,,,,,
MEIP/TENX,Biotechnology,0.8019,0.25337,624,,,,,,,,
AX/SFBC,Banks - Regional,0.9513,0.25337,624,,,,,,,,
FNB/VABK,Banks - Regional,0.8193,0.25339,624,,,,,,,,
BYM/DTF,Asset Management,0.9497,0.2534,624,,,,,,,,
MTB/SMBC,Banks - Regional,0.9401,0.25341,624,,,,,,,,
KTN/ONEQ,Unknown,0.9148,0.25342,624,,,,,,,,
OVLY/PEBK,Banks - Regional,0.9088,0.25343,624,,,,,,,,
AROW/WASH,Banks - Regional,0.9366,0.25346,624,,,,,,,,
FULT/WSFS,Banks - Regional,0.9617,0.25349,624,,,,,,,,
ASRV/WBS,Banks - Regional,0.8242,0.2535,624,,,,,,,,
CAC/WAL,Banks - Regional,0.9317,0.25352,624,,,,,,,,
ADSK/PEGA,Software - Application,0.8827,0.25353,624,,,,,,,,
HWC/PKBK,Banks - Regional,0.8856,0.25353,624,,,,,,,,
MQY/PMM,Asset Management,0.9738,0.25355,624,,,,,,,,
DGX/IDXX,Diagnostics & Research,0.9336,0.25356,624,,,,,,,,
FCCO/FNB,Banks - Regional,0.8574,0.25356,624,,,,,,,,
BLE/GDO,Asset Management,0.9174,0.2536,624,,,,,,,,
JHS/JMM,Asset Management,0.9628,0.25361,624,,,,,,,,
COFS/HBCP,Banks - Regional,0.8893,0.25361,624,,,,,,,,
MGF/NQP,Asset Management,0.9437,0.25365,624,,,,,,,,
GLAD/JCE,Asset Management,0.9715,0.25368,624,,,,,,,,
NMT/NZF,Asset Management,0.9566,0.25368,624,,,,,,,,
MUA/MUE,Asset Management,0.9737,0.25368,624,,,,,,,,
PRN/SMH,Unknown,0.9792,0.25368,624,,,,,,,,
PFO/RFI,Asset Management,0.9228,0.25369,624,,,,,,,,
BANR/NRIM,Banks - Regional,0.8511,0.2537,624,,,,,,,,
LEO/PMX,Asset Management,0.9677,0.25373,624,,,,,,,,
CWBC/NWBI,Banks - Regional,0.9537,0.25375,624,,,,,,,,
FULT/PGC,Banks - Regional,0.905,0.25375,624,,,,,,,,
ANSS/CRM,Software - Application,0.9662,0.25376,624,,,,,,,,
HPI/NNY,Asset Management,0.9437,0.25382,624,,,,,,,,
HPS/MUA,Asset Management,0.9168,0.25383,624,,,,,,,,
FMNB/PEBK,Banks - Regional,0.9541,0.25384,624,,,,,,,,
BKT/MUC,Asset Management,0.968,0.25387,624,,,,,,,,
ATLO/PEBO,Banks - Regional,0.84,0.25387,624,,,,,,,,
AUB/SSBI,Banks - Regional,0.8473,0.25388,624,,,,,,,,
CCNE/INDB,Banks - Regional,0.9452,0.25393,624,,,,,,,,
OCFC/SBFG,Banks - Regional,0.8683,0.25394,624,,,,,,,,
FISI/WASH,Banks - Regional,0.9304,0.25397,624,,,,,,,,
RF/SMBK,Banks - Regional,0.9366,0.25398,624,,,,,,,,
FRAF/UNTY,Banks - Regional,0.9151,0.25398,624,,,,,,,,
INDB/MNSB,Banks - Regional,0.9376,0.25399,624,,,,,,,,
DCOM/IBCP,Banks - Regional,0.8203,0.25403,624,,,,,,,,
CAC/FBNC,Banks - Regional,0.9738,0.25404,624,,,,,,,,
JPC/OIA,Asset Management,0.9704,0.25405,624,,,,,,,,
FNB/PKBK,Banks - Regional,0.8222,0.25406,624,,,,,,,,
JMM/VLT,Asset Management,0.967,0.25406,624,,,,,,,,
BLW/GDO,Asset Management,0.9373,0.25407,624,,,,,,,,
CZWI/WTBA,Banks - Regional,0.9369,0.25408,624,,,,,,,,
HPI/IGI,Asset Management,0.9394,0.25409,624,,,,,,,,
ETB/UTF,Asset Management,0.9808,0.2541,624,,,,,,,,
EBTC/VABK,Banks - Regional,0.93,0.25411,624,,,,,,,,
ORRF/UNTY,Banks - Regional,0.8368,0.25412,624,,,,,,,,
HWC/MBCN,Banks - Regional,0.8554,0.25412,624,,,,,,,,
MIY/VMO,Asset Management,0.9787,0.25413,624,,,,,,,,
ONB/SSB,Banks - Regional,0.9347,0.25415,624,,,,,,,,
ETG/USA,Asset Management,0.9919,0.25418,624,,,,,,,,
BBH/PTF,Unknown,0.8286,0.25419,624,,,,,,,,
HBAN/HBNC,Banks - Regional,0.937,0.25421,624,,,,,,,,
SFNC/UNB,Banks - Regional,0.8721,0.25422,624,,,,,,,,
CHMG/FULT,Banks - Regional,0.9435,0.25425,624,,,,,,,,
GJS/IUSV,Unknown,0.9757,0.25425,624,,,,,,,,
BTZ/JHS,Asset Management,0.9653,0.25427,624,,,,,,,,
EFT/JQC,Asset Management,0.9753,0.25431,624,,,,,,,,
MVF/NUV,Asset Management,0.9438,0.25432,624,,,,,,,,
BOKF/VABK,Banks - Regional,0.9298,0.25434,624,,,,,,,,
NKSH/WSBC,Banks - Regional,0.9281,0.25435,624,,,,,,,,
DSX/NMM,Marine Shipping,0.8573,0.25436,624,,,,,,,,
SBI/VMO,Asset Management,0.9689,0.25439,624,,,,,,,,
PGC/SSB,Banks - Regional,0.8983,0.2544,624,,,,,,,,
SBFG/SFNC,Banks - Regional,0.8687,0.2544,624,,,,,,,,
CNOB/MPB,Banks - Regional,0.9209,0.2544,624,,,,,,,,
DSU/STK,Asset Management,0.971,0.25444,624,,,,,,,,
CBFV/FISI,Banks - Regional,0.8532,0.25444,624,,,,,,,,
FMN/NPV,Asset Management,0.8997,0.25446,624,,,,,,,,
BFZ/NOM,Asset Management,0.8022,0.25447,624,,,,,,,,
CZNC/SHBI,Banks - Regional,0.8546,0.25452,624,,,,,,,,
HIO/JMM,Asset Management,0.9577,0.25454,624,,,,,,,,
DSM/PMO,Asset Management,0.935,0.25455,624,,,,,,,,
CNS/FT,Asset Management,0.9672,0.25457,624,,,,,,,,
CHCO/INDB,Banks - Regional,0.801,0.25458,624,,,,,,,,
BOKF/LCNB,Banks - Regional,0.8853,0.25459,624,,,,,,,,
CATY/CBFV,Banks - Regional,0.9201,0.2546,624,,,,,,,,
CHMG/IBCP,Banks - Regional,0.9282,0.25462,624,,,,,,,,
BANR/CARE,Banks - Regional,0.8489,0.25465,624,,,,,,,,
PB/PLBC,Banks - Regional,0.907,0.25466,624,,,,,,,,
TRMK/USB,Banks - Regional,0.9163,0.25468,624,,,,,,,,
BOTJ/CBU,Banks - Regional,0.9208,0.2547,624,,,,,,,,
ONB/PEBK,Banks - Regional,0.9226,0.2547,624,,,,,,,,
EOT/VPV,Asset Management,0.9579,0.25471,624,,,,,,,,
KTH/QQEW,Unknown,0.958,0.25472,624,,,,,,,,
MHD/PCQ,Asset Management,0.9012,0.25473,624,,,,,,,,
CXH/MIN,Asset Management,0.9075,0.25476,624,,,,,,,,
MHD/NIM,Asset Management,0.9295,0.25479,624,,,,,,,,
BANR/HBCP,Banks - Regional,0.9542,0.25479,624,,,,,,,,
CADE/SNV,Banks - Regional,0.9651,0.25481,624,,,,,,,,
BOTJ/SBSI,Banks - Regional,0.9377,0.25482,624,,,,,,,,
HTBK/SBFG,Banks - Regional,0.902,0.25482,624,,,,,,,,
ONB/UNTY,Banks - Regional,0.9491,0.25483,624,,,,,,,,
EOT/MCR,Asset Management,0.9147,0.25484,624,,,,,,,,
CATY/CBAN,Banks - Regional,0.9119,0.25486,624,,,,,,,,
FMNB/HBNC,Banks - Regional,0.9534,0.25491,624,,,,,,,,
CXE/PFO,Asset Management,0.9486,0.25491,624,,,,,,,,
PB/RF,Banks - Regional,0.9378,0.25491,624,,,,,,,,
EFR/JFR,Asset Management,0.9824,0.25491,624,,,,,,,,
FNB/PEBO,Banks - Regional,0.8917,0.25493,624,,,,,,,,
HBNC/ZION,Banks - Regional,0.9471,0.25493,624,,,,,,,,
MHN/MYD,Asset Management,0.9849,0.25494,624,,,,,,,,
CRK/USEG,Oil & Gas E&P,0.9607,0.25495,624,,,,,,,,
ASB/ATLO,Banks - Regional,0.8444,0.25498,624,,,,,,,,
NKX/NXN,Asset Management,0.9717,0.25499,624,,,,,,,,
BUSE/CWBC,Banks - Regional,0.9636,0.25501,624,,,,,,,,
WABC/WSBF,Banks - Regional,0.877,0.25501,624,,,,,,,,
MMU/NXJ,Asset Management,0.9299,0.25501,624,,,,,,,,
GLAD/SPE,Asset Management,0.9819,0.2551,624,,,,,,,,
CIVB/PKBK,Banks - Regional,0.9651,0.2551,624,,,,,,,,
IGI/PMF,Asset Management,0.9042,0.25512,624,,,,,,,,
MYI/VMO,Asset Management,0.9802,0.25512,624,,,,,,,,
MYD/PNI,Asset Management,0.9174,0.25513,624,,,,,,,,
PZC/SBI,Asset Management,0.9137,0.25513,624,,,,,,,,
QGEN/TMO,Diagnostics & Research,0.9391,0.25515,624,,,,,,,,
OVBC/PEBK,Banks - Regional,0.8624,0.25516,624,,,,,,,,
NWFL/STBA,Banks - Regional,0.8957,0.25521,624,,,,,,,,
EBTC/UCB,Banks - Regional,0.9077,0.25523,624,,,,,,,,
PKBK/RVSB,Banks - Regional,0.901,0.25525,624,,,,,,,,
AVK/GAB,Asset Management,0.8287,0.25529,624,,,,,,,,
JHI/OIA,Asset Management,0.9063,0.2553,624,,,,,,,,
PFS/UNB,Banks - Regional,0.8755,0.2553,624,,,,,,,,
PFO/VBF,Asset Management,0.9704,0.25532,624,,,,,,,,
BN/FT,Asset Management,0.9789,0.25532,624,,,,,,,,
AROW/FCCO,Banks - Regional,0.9209,0.25533,624,,,,,,,,
NUV/PAI,Asset Management,0.9728,0.25536,624,,,,,,,,
AFB/KTF,Asset Management,0.9415,0.25536,624,,,,,,,,
BYM/FLC,Asset Management,0.9675,0.25536,624,,,,,,,,
MPA/MYD,Asset Management,0.9665,0.25536,624,,,,,,,,
THFF/TRMK,Banks - Regional,0.9682,0.25536,624,,,,,,,,
CZNC/DCOM,Banks - Regional,0.8754,0.25537,624,,,,,,,,
BFK/JHS,Asset Management,0.9567,0.25537,624,,,,,,,,
BCML/VABK,Banks - Regional,0.9571,0.25539,624,,,,,,,,
ORRF/QCRH,Banks - Regional,0.8175,0.25539,624,,,,,,,,
CMU/NRK,Asset Management,0.9603,0.25541,624,,,,,,,,
CCNE/PFS,Banks - Regional,0.9535,0.25542,624,,,,,,,,
FCF/HWBK,Banks - Regional,0.9462,0.25542,624,,,,,,,,
ONB/RF,Banks - Regional,0.9464,0.25543,624,,,,,,,,
ANSS/NICE,Software - Application,0.9686,0.25544,624,,,,,,,,
MYN/VCV,Asset Management,0.9804,0.25546,624,,,,,,,,
ONB/PGC,Banks - Regional,0.8727,0.25546,624,,,,,,,,
LSBK/WNEB,Banks - Regional,0.8303,0.25546,624,,,,,,,,
NZF/VCV,Asset Management,0.9733,0.25549,624,,,,,,,,
CZWI/PBHC,Banks - Regional,0.9389,0.2555,624,,,,,,,,
CTBI/DCOM,Banks - Regional,0.8508,0.25551,624,,,,,,,,
MGYR/SFNC,Banks - Regional,0.8563,0.25554,624,,,,,,,,
BUSE/FCF,Banks - Regional,0.9465,0.25555,624,,,,,,,,
BDJ/EVT,Asset Management,0.9951,0.25555,624,,,,,,,,
FULT/TOWN,Banks - Regional,0.9762,0.25559,624,,,,,,,,
NEA/NKX,Asset Management,0.978,0.25561,624,,,,,,,,
CATY/WTBA,Banks - Regional,0.9427,0.25562,624,,,,,,,,
WBS/WTBA,Banks - Regional,0.9419,0.25564,624,,,,,,,,
CAC/HBCP,Banks - Regional,0.9528,0.25565,624,,,,,,,,
BANFP/EMB,Unknown,0.8387,0.25565,624,,,,,,,,
PB/ZION,Banks - Regional,0.9357,0.25568,624,,,,,,,,
FBNC/MPB,Banks - Regional,0.9648,0.25571,624,,,,,,,,
BTA/MMU,Asset Management,0.9348,0.25572,624,,,,,,,,
CMU/NMT,Asset Management,0.9451,0.25572,624,,,,,,,,
HIO/VLT,Asset Management,0.9882,0.25574,624,,,,,,,,
WBS/WNEB,Banks - Regional,0.8893,0.25576,624,,,,,,,,
FRAF/MTB,Banks - Regional,0.9326,0.25576,624,,,,,,,,
FNLC/SBCF,Banks - Regional,0.9619,0.2558,624,,,,,,,,
MTB/OPOF,Banks - Regional,0.8568,0.25581,624,,,,,,,,
GLAD/UTF,Asset Management,0.9327,0.25581,624,,,,,,,,
FUNC/RBCAA,Banks - Regional,0.969,0.25585,624,,,,,,,,
NUV/PFO,Asset Management,0.9768,0.25586,624,,,,,,,,
IGI/IIM,Asset Management,0.962,0.25586,624,,,,,,,,
BLE/PCK,Asset Management,0.9384,0.25586,624,,,,,,,,
LEO/MVF,Asset Management,0.9795,0.25586,624,,,,,,,,
CBFV/FMAO,Banks - Regional,0.8758,0.25587,624,,,,,,,,
BRW/EVF,Asset Management,0.9508,0.25588,624,,,,,,,,
BANFP/GJO,Unknown,0.9738,0.2559,624,,,,,,,,
CNI/UNP,Railroads,0.9781,0.2559,624,,,,,,,,
HBCP/OVLY,Banks - Regional,0.9227,0.25591,624,,,,,,,,
BLW/TSI,Asset Management,0.9663,0.25591,624,,,,,,,,
BUSE/OVLY,Banks - Regional,0.8571,0.25592,624,,,,,,,,
FMN/PAI,Asset Management,0.9413,0.25598,624,,,,,,,,
ABCB/WAL,Banks - Regional,0.9265,0.25603,624,,,,,,,,
JSM/KTN,Unknown,0.9602,0.25603,624,,,,,,,,
JMM/MSD,Asset Management,0.9357,0.25603,624,,,,,,,,
DCOM/UCB,Banks - Regional,0.8832,0.25605,624,,,,,,,,
KEY/SFST,Banks - Regional,0.9474,0.25608,624,,,,,,,,
CBAT/LTBR,Electrical Equipment & Parts,0.8573,0.2561,624,,,,,,,,
COLB/FCCO,Banks - Regional,0.8507,0.25611,624,,,,,,,,
IQI/PMO,Asset Management,0.9796,0.25616,624,,,,,,,,
MHD/PYN,Asset Management,0.9263,0.25616,624,,,,,,,,
CZNC/UNTY,Banks - Regional,0.8489,0.25622,624,,,,,,,,
GDV/PCF,Asset Management,0.9804,0.25625,624,,,,,,,,
HOMB/MGYR,Banks - Regional,0.9628,0.25628,624,,,,,,,,
NBTB/VABK,Banks - Regional,0.9415,0.2563,624,,,,,,,,
BANFP/IEI,Unknown,0.8354,0.25631,624,,,,,,,,
BOH/BSRR,Banks - Regional,0.9313,0.25632,624,,,,,,,,
BUSE/WBS,Banks - Regional,0.9717,0.25637,624,,,,,,,,
CTBI/NKSH,Banks - Regional,0.8492,0.25638,624,,,,,,,,
CCNE/NKSH,Banks - Regional,0.9283,0.25645,624,,,,,,,,
HBAN/PEBO,Banks - Regional,0.9679,0.25645,624,,,,,,,,
BCBP/PBHC,Banks - Regional,0.9278,0.25646,624,,,,,,,,
ADSK/DJCO,Software - Application,0.8857,0.25646,624,,,,,,,,
MIY/NXJ,Asset Management,0.9842,0.25647,624,,,,,,,,
CXH/MUA,Asset Management,0.9823,0.25648,624,,,,,,,,
IQI/MHD,Asset Management,0.9695,0.25648,624,,,,,,,,
IIM/NPV,Asset Management,0.9159,0.2565,624,,,,,,,,
IEI/MBB,Unknown,0.9825,0.2565,624,,,,,,,,
ATLO/FRAF,Banks - Regional,0.8241,0.25651,624,,,,,,,,
BSRR/TSBK,Banks - Regional,0.9333,0.25651,624,,,,,,,,
CFR/MGYR,Banks - Regional,0.924,0.25652,624,,,,,,,,
CAC/PPBI,Banks - Regional,0.9294,0.25655,624,,,,,,,,
CWBC/SRCE,Banks - Regional,0.9371,0.25656,624,,,,,,,,
BSRR/FSFG,Banks - Regional,0.9478,0.25657,624,,,,,,,,
CADE/UNTY,Banks - Regional,0.8951,0.25657,624,,,,,,,,
MPB/MTB,Banks - Regional,0.9468,0.25657,624,,,,,,,,
TRST/TSBK,Banks - Regional,0.9097,0.25659,624,,,,,,,,
FSFG/HIFS,Banks - Regional,0.9519,0.25662,624,,,,,,,,
BFZ/IGI,Asset Management,0.9364,0.25665,624,,,,,,,,
JQC/PHD,Asset Management,0.9824,0.25666,624,,,,,,,,
DCOM/NFBK,Banks - Regional,0.9179,0.25667,624,,,,,,,,
CATY/NRIM,Banks - Regional,0.8768,0.25667,624,,,,,,,,
EVN/NVG,Asset Management,0.9683,0.25667,624,,,,,,,,
ABVC/WINT,Biotechnology,0.8491,0.2567,624,,,,,,,,
FFBC/PFS,Banks - Regional,0.9176,0.25675,624,,,,,,,,
AUB/WASH,Banks - Regional,0.8877,0.25679,624,,,,,,,,
FNLC/LKFN,Banks - Regional,0.9682,0.2568,624,,,,,,,,
FMNB/TFC,Banks - Regional,0.9419,0.25682,624,,,,,,,,
ERNA/MNKD,Biotechnology,0.8474,0.25682,624,,,,,,,,
BANFP/PPH,Unknown,0.9332,0.25683,624,,,,,,,,
MUA/VCV,Asset Management,0.9798,0.25686,624,,,,,,,,
WABC/WSBC,Banks - Regional,0.8151,0.25687,624,,,,,,,,
TRST/VABK,Banks - Regional,0.911,0.25692,624,,,,,,,,
EOT/JMM,Asset Management,0.9485,0.25693,624,,,,,,,,
PB/SMBK,Banks - Regional,0.9193,0.25694,624,,,,,,,,
BKN/IQI,Asset Management,0.9722,0.25695,624,,,,,,,,
BPOPM/IPB,Unknown,0.9763,0.25695,624,,,,,,,,
GOF/TY,Asset Management,0.9868,0.25699,624,,,,,,,,
CAC/RBCAA,Banks - Regional,0.8974,0.25701,624,,,,,,,,
PEBK/SFBC,Banks - Regional,0.9471,0.25702,624,,,,,,,,
CBFV/MGYR,Banks - Regional,0.9079,0.25702,624,,,,,,,,
KNX/ODFL,Trucking,0.9155,0.25706,624,,,,,,,,
ASB/BFIN,Banks - Regional,0.869,0.25709,624,,,,,,,,
PPBI/WSFS,Banks - Regional,0.9437,0.25711,624,,,,,,,,
BOTJ/RBCAA,Banks - Regional,0.85,0.25712,624,,,,,,,,
CSCI/ONCY,Biotechnology,0.9059,0.25712,624,,,,,,,,
NMI/PMX,Asset Management,0.9026,0.25712,624,,,,,,,,
OCFC/WNEB,Banks - Regional,0.8839,0.25714,624,,,,,,,,
MBWM/SBFG,Banks - Regional,0.9348,0.25715,624,,,,,,,,
OCFC/TRMK,Banks - Regional,0.869,0.25719,624,,,,,,,,
CBFV/SFNC,Banks - Regional,0.8005,0.25721,624,,,,,,,,
MUA/NUV,Asset Management,0.9699,0.25724,624,,,,,,,,
NAN/NIM,Asset Management,0.9738,0.25727,624,,,,,,,,
BNY/IIM,Asset Management,0.9469,0.2573,624,,,,,,,,
PEBO/RF,Banks - Regional,0.9344,0.25731,624,,,,,,,,
FMNB/MBCN,Banks - Regional,0.9427,0.25732,624,,,,,,,,
CZNC/MPB,Banks - Regional,0.9332,0.25733,624,,,,,,,,
ATLO/NKSH,Banks - Regional,0.9145,0.25737,624,,,,,,,,
MMU/PCQ,Asset Management,0.8693,0.25741,624,,,,,,,,
PCF/UTF,Asset Management,0.975,0.25742,624,,,,,,,,
FBIZ/OVLY,Banks - Regional,0.8939,0.25742,624,,,,,,,,
FCCO/FMAO,Banks - Regional,0.9082,0.25743,624,,,,,,,,
CXH/MUC,Asset Management,0.9736,0.25743,624,,,,,,,,
MHO/NVR,Residential Construction,0.9414,0.25744,624,,,,,,,,
CZNC/ISBA,Banks - Regional,0.8747,0.25745,624,,,,,,,,
MFM/PMF,Asset Management,0.9348,0.25751,624,,,,,,,,
BYM/MUA,Asset Management,0.9742,0.25753,624,,,,,,,,
CXE/NAD,Asset Management,0.9507,0.25754,624,,,,,,,,
BTA/WEA,Asset Management,0.9656,0.25755,624,,,,,,,,
BOH/FNLC,Banks - Regional,0.9154,0.25758,624,,,,,,,,
AUB/FUNC,Banks - Regional,0.8915,0.25758,624,,,,,,,,
LARK/LSBK,Banks - Regional,0.9354,0.25759,624,,,,,,,,
CAC/UNB,Banks - Regional,0.8088,0.25761,624,,,,,,,,
BSRR/FULT,Banks - Regional,0.9546,0.25762,624,,,,,,,,
FFC/PMM,Asset Management,0.9796,0.25765,624,,,,,,,,
HFWA/MGYR,Banks - Regional,0.8645,0.25766,624,,,,,,,,
MYN/PMM,Asset Management,0.9654,0.25769,624,,,,,,,,
BKN/VKQ,Asset Management,0.9728,0.25771,624,,,,,,,,
BCAL/VLY,Banks - Regional,0.8189,0.25773,624,,,,,,,,
CXE/KTF,Asset Management,0.9143,0.25774,624,,,,,,,,
CZNC/PLBC,Banks - Regional,0.8714,0.25775,624,,,,,,,,
CMU/VCV,Asset Management,0.9704,0.25776,624,,,,,,,,
BCML/UNTY,Banks - Regional,0.9127,0.25776,624,,,,,,,,
JHS/NEA,Asset Management,0.9769,0.25776,624,,,,,,,,
CIVB/FCF,Banks - Regional,0.9315,0.25777,624,,,,,,,,
HBAN/WBS,Banks - Regional,0.9666,0.25779,624,,,,,,,,
BUSE/PKBK,Banks - Regional,0.9378,0.25781,624,,,,,,,,
NAD/PFO,Asset Management,0.9811,0.25781,624,,,,,,,,
CTBI/WSFS,Banks - Regional,0.9506,0.25785,624,,,,,,,,
CTBI/EBTC,Banks - Regional,0.9399,0.25786,624,,,,,,,,
AEE/IDA,Utilities - Regulated Electric,0.9813,0.25786,624,,,,,,,,
HIFS/INDB,Banks - Regional,0.9338,0.25788,624,,,,,,,,
BOH/WAFD,Banks - Regional,0.9377,0.25789,624,,,,,,,,
MGF/PAI,Asset Management,0.9349,0.2579,624,,,,,,,,
HTBK/RVSB,Banks - Regional,0.9395,0.25791,624,,,,,,,,
FBIZ/MBWM,Banks - Regional,0.9436,0.25796,624,,,,,,,,
CMU/HPF,Asset Management,0.9039,0.25797,624,,,,,,,,
BUSE/SNV,Banks - Regional,0.9424,0.25798,624,,,,,,,,
PCK/PNI,Asset Management,0.971,0.25805,624,,,,,,,,
CATY/SSB,Banks - Regional,0.9609,0.25807,624,,,,,,,,
CZNC/UNB,Banks - Regional,0.8012,0.25813,624,,,,,,,,
PEBO/WBS,Banks - Regional,0.9603,0.25814,624,,,,,,,,
LARK/QCRH,Banks - Regional,0.8635,0.25814,624,,,,,,,,
CFFI/OSBC,Banks - Regional,0.911,0.25814,624,,,,,,,,
ESSA/HWBK,Banks - Regional,0.9403,0.25816,624,,,,,,,,
HPI/VBF,Asset Management,0.9558,0.25817,624,,,,,,,,
PYN/VCV,Asset Management,0.8531,0.25821,624,,,,,,,,
CVBF/LKFN,Banks - Regional,0.9164,0.25823,624,,,,,,,,
BANR/HBNC,Banks - Regional,0.9336,0.25824,624,,,,,,,,
OCFC/RNST,Banks - Regional,0.9403,0.25825,624,,,,,,,,
BXMX/GAIN,Asset Management,0.973,0.25826,624,,,,,,,,
NNY/PCQ,Asset Management,0.8527,0.25827,624,,,,,,,,
FISI/MBWM,Banks - Regional,0.8457,0.2583,624,,,,,,,,
ALTS/OBLG,Software - Application,0.8931,0.25832,624,,,,,,,,
FCCO/WAL,Banks - Regional,0.8769,0.25833,624,,,,,,,,
ASB/CTBI,Banks - Regional,0.9538,0.25833,624,,,,,,,,
OVLY/SBCF,Banks - Regional,0.8282,0.25836,624,,,,,,,,
MVF/VTN,Asset Management,0.9807,0.25837,624,,,,,,,,
AUB/HBAN,Banks - Regional,0.9692,0.25839,624,,,,,,,,
GJT/IUSV,Unknown,0.9678,0.25841,624,,,,,,,,
CAC/CATY,Banks - Regional,0.9491,0.25843,624,,,,,,,,
EOT/PCK,Asset Management,0.878,0.25843,624,,,,,,,,
BOH/WSBF,Banks - Regional,0.9356,0.25843,624,,,,,,,,
MPB/WTBA,Banks - Regional,0.9405,0.25844,624,,,,,,,,
EBTC/THFF,Banks - Regional,0.9594,0.25845,624,,,,,,,,
HQH/TROW,Asset Management,0.834,0.25845,624,,,,,,,,
CAC/PFBC,Banks - Regional,0.9349,0.25848,624,,,,,,,,
BHLB/NKSH,Banks - Regional,0.8586,0.2585,624,,,,,,,,
BOH/EBMT,Banks - Regional,0.9327,0.25852,624,,,,,,,,
NEA/NUW,Asset Management,0.9586,0.25854,624,,,,,,,,
CBSH/HWBK,Banks - Regional,0.9404,0.25855,624,,,,,,,,
CIVB/IBOC,Banks - Regional,0.8308,0.25855,624,,,,,,,,
IQI/NUV,Asset Management,0.9848,0.25856,624,,,,,,,,
FMN/KTF,Asset Management,0.9573,0.25856,624,,,,,,,,
NMT/NVG,Asset Management,0.9596,0.25857,624,,,,,,,,
SBSI/SHBI,Banks - Regional,0.8866,0.25857,624,,,,,,,,
NBTB/UBCP,Banks - Regional,0.924,0.25858,624,,,,,,,,
BGT/EFT,Asset Management,0.9909,0.25861,624,,,,,,,,
CIF/OIA,Asset Management,0.9377,0.25862,624,,,,,,,,
FNLC/NKSH,Banks - Regional,0.8716,0.25862,624,,,,,,,,
AUB/UNB,Banks - Regional,0.8267,0.25864,624,,,,,,,,
ATLO/TSBK,Banks - Regional,0.8068,0.25864,624,,,,,,,,
BRKL/FXNC,Banks - Regional,0.8418,0.25865,624,,,,,,,,
BANR/HFBL,Banks - Regional,0.8763,0.25865,624,,,,,,,,
EBTC/FNB,Banks - Regional,0.8607,0.25865,624,,,,,,,,
CYCC/VXRT,Biotechnology,0.9379,0.25868,624,,,,,,,,
AGD/ETO,Asset Management,0.9615,0.25868,624,,,,,,,,
BDJ/JCE,Asset Management,0.9843,0.25871,624,,,,,,,,
NMZ/NUW,Asset Management,0.9738,0.25875,624,,,,,,,,
BKN/MHN,Asset Management,0.9692,0.25878,624,,,,,,,,
DCI/ETN,Specialty Industrial Machinery,0.8981,0.25879,624,,,,,,,,
FNLC/TSBK,Banks - Regional,0.9716,0.2588,624,,,,,,,,
JBK/PDP,Unknown,0.964,0.25883,624,,,,,,,,
CMU/NXP,Asset Management,0.8893,0.25885,624,,,,,,,,
FNB/GCBC,Banks - Regional,0.8368,0.25885,624,,,,,,,,
FFBC/HWBK,Banks - Regional,0.8964,0.25886,624,,,,,,,,
BGT/JFR,Asset Management,0.9801,0.25892,624,,,,,,,,
FUNC/HBCP,Banks - Regional,0.9308,0.25892,624,,,,,,,,
ETG/SPE,Asset Management,0.9842,0.25892,624,,,,,,,,
FMNB/FSFG,Banks - Regional,0.9621,0.25893,624,,,,,,,,
IPB/SHY,Unknown,0.934,0.25894,624,,,,,,,,
PBHC/TCBK,Banks - Regional,0.9516,0.25894,624,,,,,,,,
CADE/OPOF,Banks - Regional,0.828,0.25897,624,,,,,,,,
PFS/UVSP,Banks - Regional,0.9341,0.25897,624,,,,,,,,
CBFV/SBCF,Banks - Regional,0.8503,0.25898,624,,,,,,,,
OIA/SBI,Asset Management,0.9444,0.25899,624,,,,,,,,
CBU/LSBK,Banks - Regional,0.8991,0.259,624,,,,,,,,
MUFG/UBS,Banks - Diversified,0.9214,0.25903,624,,,,,,,,
MYD/PCQ,Asset Management,0.8821,0.25903,624,,,,,,,,
BFZ/MHN,Asset Management,0.9648,0.25904,624,,,,,,,,
NAN/PAI,Asset Management,0.9692,0.25905,624,,,,,,,,
BTA/FLC,Asset Management,0.9777,0.25905,624,,,,,,,,
BFIN/CZWI,Banks - Regional,0.8452,0.25906,624,,,,,,,,
JHI/JHS,Asset Management,0.9316,0.25906,624,,,,,,,,
NCA/PYN,Asset Management,0.8413,0.25908,624,,,,,,,,
BPOPM/PYT,Unknown,0.9663,0.25909,624,,,,,,,,
EVN/MUJ,Asset Management,0.983,0.25911,624,,,,,,,,
BUSE/FNWD,Banks - Regional,0.8763,0.25912,624,,,,,,,,
LCNB/MGYR,Banks - Regional,0.9099,0.25912,624,,,,,,,,
FNWD/KRNY,Banks - Regional,0.8558,0.25916,624,,,,,,,,
CBAN/MNSB,Banks - Regional,0.9006,0.25917,624,,,,,,,,
SFBC/WSBC,Banks - Regional,0.8774,0.25918,624,,,,,,,,
MGYR/UBSI,Banks - Regional,0.9497,0.25922,624,,,,,,,,
NRIM/SMBC,Banks - Regional,0.9082,0.25925,624,,,,,,,,
EGBN/FLIC,Banks - Regional,0.9518,0.25925,624,,,,,,,,
ETB/GOF,Asset Management,0.975,0.25927,624,,,,,,,,
WEA/WIA,Asset Management,0.9139,0.25928,624,,,,,,,,
NCA/WEA,Asset Management,0.923,0.25928,624,,,,,,,,
CWBC/UNTY,Banks - Regional,0.8564,0.2593,624,,,,,,,,
NFJ/PHT,Asset Management,0.8469,0.25931,624,,,,,,,,
PFF/VGSH,Unknown,0.9076,0.25932,624,,,,,,,,
TOWN/WSFS,Banks - Regional,0.9713,0.25936,624,,,,,,,,
SIGI/TRV,Insurance - Property & Casualty,0.9373,0.25937,624,,,,,,,,
CCNE/SMBC,Banks - Regional,0.8919,0.25939,624,,,,,,,,
FMY/GDO,Asset Management,0.9095,0.25939,624,,,,,,,,
PPT/WEA,Asset Management,0.9491,0.25942,624,,,,,,,,
FRME/SMBK,Banks - Regional,0.9484,0.25943,624,,,,,,,,
HBAN/SFST,Banks - Regional,0.889,0.25946,624,,,,,,,,
THFF/WSBC,Banks - Regional,0.9182,0.25947,624,,,,,,,,
NBTB/RVSB,Banks - Regional,0.8273,0.25952,624,,,,,,,,
WABC/WSFS,Banks - Regional,0.8602,0.25953,624,,,,,,,,
OIA/PZC,Asset Management,0.8896,0.25953,624,,,,,,,,
CAC/NBTB,Banks - Regional,0.9485,0.25956,624,,,,,,,,
MHI/PFO,Asset Management,0.8682,0.25957,624,,,,,,,,
GJH/IGSB,Unknown,0.9739,0.2596,624,,,,,,,,
MGYR/SNV,Banks - Regional,0.9395,0.25961,624,,,,,,,,
BCAL/FHN,Banks - Regional,0.8463,0.25963,624,,,,,,,,
CWBC/HTBK,Banks - Regional,0.9317,0.25964,624,,,,,,,,
EVRG/LNT,Utilities - Regulated Electric,0.9829,0.25965,624,,,,,,,,
COFS/LARK,Banks - Regional,0.8405,0.25967,624,,,,,,,,
USB/UVSP,Banks - Regional,0.9302,0.25967,624,,,,,,,,
GJP/PFF,Unknown,0.8901,0.25968,624,,,,,,,,
DIOD/MPWR,Semiconductors,0.8324,0.25968,624,,,,,,,,
PFO/RQI,Asset Management,0.9182,0.25971,624,,,,,,,,
SBFG/UCB,Banks - Regional,0.9217,0.25972,624,,,,,,,,
BOTJ/CMA,Banks - Regional,0.9073,0.25972,624,,,,,,,,
MYN/NQP,Asset Management,0.9723,0.25973,624,,,,,,,,
NQP/NUW,Asset Management,0.9635,0.25974,624,,,,,,,,
FFIC/INDB,Banks - Regional,0.8024,0.25977,624,,,,,,,,
WBS/WSBC,Banks - Regional,0.9544,0.25979,624,,,,,,,,
MUA/PML,Asset Management,0.9465,0.25981,624,,,,,,,,
FRME/SNV,Banks - Regional,0.9493,0.25984,624,,,,,,,,
UCB/WSFS,Banks - Regional,0.9296,0.25988,624,,,,,,,,
BFK/NXP,Asset Management,0.8805,0.25988,624,,,,,,,,
ABCB/MGYR,Banks - Regional,0.9567,0.25991,624,,,,,,,,
FLC/JMM,Asset Management,0.9759,0.25992,624,,,,,,,,
CATY/HFBL,Banks - Regional,0.8821,0.25993,624,,,,,,,,
BNY/NAC,Asset Management,0.9669,0.25993,624,,,,,,,,
EVN/NNY,Asset Management,0.9754,0.25994,624,,,,,,,,
EGBN/KRNY,Banks - Regional,0.963,0.25994,624,,,,,,,,
FMY/NVG,Asset Management,0.8837,0.25995,624,,,,,,,,
BSRR/MTB,Banks - Regional,0.9575,0.26002,624,,,,,,,,
CADE/ZION,Banks - Regional,0.9182,0.26002,624,,,,,,,,
HPI/NMI,Asset Management,0.9213,0.26003,624,,,,,,,,
RF/ZION,Banks - Regional,0.9373,0.26014,624,,,,,,,,
MGYR/WTBA,Banks - Regional,0.9239,0.26019,624,,,,,,,,
BTA/MUC,Asset Management,0.9488,0.26023,624,,,,,,,,
A/CRL,Diagnostics & Research,0.9306,0.26026,624,,,,,,,,
CHMG/MPB,Banks - Regional,0.9429,0.26028,624,,,,,,,,
MQT/NQP,Asset Management,0.9811,0.26032,624,,,,,,,,
NZF/VBF,Asset Management,0.9786,0.26033,624,,,,,,,,
HBCP/MBCN,Banks - Regional,0.9483,0.26033,624,,,,,,,,
VCV/VMO,Asset Management,0.9838,0.26036,624,,,,,,,,
MGEE/POR,Utilities - Regulated Electric,0.9603,0.26039,624,,,,,,,,
EBTC/EWBC,Banks - Regional,0.9176,0.2604,624,,,,,,,,
CMU/PCQ,Asset Management,0.8789,0.26041,624,,,,,,,,
FLC/NMZ,Asset Management,0.9849,0.26041,624,,,,,,,,
ESSA/SBCF,Banks - Regional,0.8741,0.26042,624,,,,,,,,
DTF/MHN,Asset Management,0.9706,0.26043,624,,,,,,,,
CBAN/HWBK,Banks - Regional,0.927,0.26044,624,,,,,,,,
DJCO/FICO,Software - Application,0.8315,0.26045,624,,,,,,,,
BFZ/NUW,Asset Management,0.9648,0.26048,624,,,,,,,,
HTBK/WSBC,Banks - Regional,0.9688,0.26053,624,,,,,,,,
BSRR/SHBI,Banks - Regional,0.8627,0.26053,624,,,,,,,,
NVG/VKQ,Asset Management,0.9846,0.26054,624,,,,,,,,
BHK/FMY,Asset Management,0.9076,0.26055,624,,,,,,,,
CBFV/MNSB,Banks - Regional,0.8154,0.26056,624,,,,,,,,
MMU/MUE,Asset Management,0.9684,0.26058,624,,,,,,,,
AWP/NTRS,Asset Management,0.9451,0.26061,624,,,,,,,,
FRAF/USB,Banks - Regional,0.8971,0.26061,624,,,,,,,,
BOKF/CWBC,Banks - Regional,0.9177,0.26064,624,,,,,,,,
EHI/MCR,Asset Management,0.9814,0.26065,624,,,,,,,,
BTA/JMM,Asset Management,0.9708,0.26065,624,,,,,,,,
MIY/NUW,Asset Management,0.9658,0.26066,624,,,,,,,,
SMBC/WTBA,Banks - Regional,0.921,0.26071,624,,,,,,,,
NRK/VCV,Asset Management,0.9794,0.26072,624,,,,,,,,
FLIC/LSBK,Banks - Regional,0.8414,0.26074,624,,,,,,,,
CZWI/EWBC,Banks - Regional,0.9318,0.26076,624,,,,,,,,
CCNE/UBFO,Banks - Regional,0.9315,0.26077,624,,,,,,,,
PWOD/RBCAA,Banks - Regional,0.8035,0.26077,624,,,,,,,,
PWOD/UVSP,Banks - Regional,0.8388,0.26077,624,,,,,,,,
NCTY/SRL,Capital Markets,0.817,0.26078,624,,,,,,,,
MWA/PNR,Specialty Industrial Machinery,0.9444,0.26079,624,,,,,,,,
BMRC/CIVB,Banks - Regional,0.8505,0.26081,624,,,,,,,,
ES/XEL,Utilities - Regulated Electric,0.9613,0.26081,624,,,,,,,,
EBTC/SBCF,Banks - Regional,0.9322,0.26081,624,,,,,,,,
FUNC/PFBC,Banks - Regional,0.9478,0.26083,624,,,,,,,,
EBMT/FNWD,Banks - Regional,0.93,0.26084,624,,,,,,,,
LSBK/STBA,Banks - Regional,0.8771,0.26085,624,,,,,,,,
CZWI/HTBK,Banks - Regional,0.9316,0.2609,624,,,,,,,,
SMBC/WSFS,Banks - Regional,0.938,0.2609,624,,,,,,,,
AVT/CNXN,Electronics & Computer Distribution,0.8157,0.26091,624,,,,,,,,
NRIM/SBFG,Banks - Regional,0.816,0.26091,624,,,,,,,,
FCT/FRA,Asset Management,0.9712,0.26096,624,,,,,,,,
PML/PZC,Asset Management,0.9483,0.26097,624,,,,,,,,
KTN/SMH,Unknown,0.8163,0.26098,624,,,,,,,,
THFF/UCB,Banks - Regional,0.9084,0.261,624,,,,,,,,
NCA/PCK,Asset Management,0.8592,0.26102,624,,,,,,,,
BSRR/CHCO,Banks - Regional,0.8779,0.26104,624,,,,,,,,
MCR/NXN,Asset Management,0.9549,0.26105,624,,,,,,,,
CHCO/PBHC,Banks - Regional,0.8566,0.26105,624,,,,,,,,
FRAF/STBA,Banks - Regional,0.9305,0.26106,624,,,,,,,,
BLE/VPV,Asset Management,0.95,0.26107,624,,,,,,,,
OIA/RNP,Asset Management,0.9286,0.26107,624,,,,,,,,
MHD/VTN,Asset Management,0.9695,0.26108,624,,,,,,,,
CMU/PMF,Asset Management,0.9375,0.26108,624,,,,,,,,
ONB/TSBK,Banks - Regional,0.9376,0.26108,624,,,,,,,,
CCBG/HWBK,Banks - Regional,0.9451,0.26109,624,,,,,,,,
CZWI/GABC,Banks - Regional,0.9362,0.2611,624,,,,,,,,
CTBI/PLBC,Banks - Regional,0.9312,0.2611,624,,,,,,,,
JHS/NXN,Asset Management,0.962,0.26111,624,,,,,,,,
ECL/WDFC,Specialty Chemicals,0.9618,0.26116,624,,,,,,,,
CYCC/WINT,Biotechnology,0.9111,0.26118,624,,,,,,,,
BME/BN,Asset Management,0.9338,0.26118,624,,,,,,,,
NI/SR,Utilities - Regulated Gas,0.9568,0.26119,624,,,,,,,,
BKN/JHS,Asset Management,0.968,0.2612,624,,,,,,,,
CWBC/FRST,Banks - Regional,0.9098,0.2612,624,,,,,,,,
PCM/PHD,Asset Management,0.8872,0.26126,624,,,,,,,,
CHN/TDF,Asset Management,0.9767,0.26128,624,,,,,,,,
GBCI/PLBC,Banks - Regional,0.9046,0.26128,624,,,,,,,,
BSRR/EBMT,Banks - Regional,0.8748,0.26134,624,,,,,,,,
CBFV/SBFG,Banks - Regional,0.9299,0.26134,624,,,,,,,,
CADE/PFBC,Banks - Regional,0.9364,0.26135,624,,,,,,,,
SLAB/STM,Semiconductors,0.9472,0.26135,624,,,,,,,,
MEIP/WINT,Biotechnology,0.9023,0.26144,624,,,,,,,,
EBTC/LKFN,Banks - Regional,0.9079,0.26149,624,,,,,,,,
BSRR/CTBI,Banks - Regional,0.9549,0.26151,624,,,,,,,,
CZWI/MTB,Banks - Regional,0.9577,0.26152,624,,,,,,,,
BTA/GDO,Asset Management,0.981,0.26152,624,,,,,,,,
KTH/MBB,Unknown,0.8576,0.26154,624,,,,,,,,
AUB/PLBC,Banks - Regional,0.9063,0.26157,624,,,,,,,,
JSM/KTH,Unknown,0.9564,0.26157,624,,,,,,,,
FNLC/SSB,Banks - Regional,0.9079,0.26161,624,,,,,,,,
JMM/PFO,Asset Management,0.9707,0.26163,624,,,,,,,,
EBMT/EBTC,Banks - Regional,0.8869,0.26172,624,,,,,,,,
ASB/HBAN,Banks - Regional,0.9581,0.26177,624,,,,,,,,
NZF/PMO,Asset Management,0.9831,0.26177,624,,,,,,,,
PFO/PMO,Asset Management,0.9757,0.26179,624,,,,,,,,
FSFG/SFBC,Banks - Regional,0.954,0.26179,624,,,,,,,,
DEI/KRC,REIT - Office,0.9638,0.26182,624,,,,,,,,
CXE/NXP,Asset Management,0.8814,0.26182,624,,,,,,,,
IIM/NUV,Asset Management,0.975,0.26184,624,,,,,,,,
NKSH/PFS,Banks - Regional,0.926,0.26186,624,,,,,,,,
CTBI/WTFC,Banks - Regional,0.9652,0.26188,624,,,,,,,,
SRCE/WNEB,Banks - Regional,0.8467,0.26192,624,,,,,,,,
MUA/PMO,Asset Management,0.9603,0.26193,624,,,,,,,,
NXP/NZF,Asset Management,0.9611,0.26195,624,,,,,,,,
NAC/NUV,Asset Management,0.9702,0.26195,624,,,,,,,,
MYD/PMF,Asset Management,0.9563,0.26197,624,,,,,,,,
FMBH/SFST,Banks - Regional,0.9313,0.26197,624,,,,,,,,
CATY/CTBI,Banks - Regional,0.9725,0.26199,624,,,,,,,,
GJO/GJP,Unknown,0.9752,0.262,624,,,,,,,,
IUSV/SMH,Unknown,0.9548,0.26201,624,,,,,,,,
CADE/CIVB,Banks - Regional,0.9055,0.26203,624,,,,,,,,
LSTA/SNGX,Biotechnology,0.8994,0.26208,624,,,,,,,,
FITB/PNC,Banks - Regional,0.9874,0.26211,624,,,,,,,,
GDO/NCA,Asset Management,0.9417,0.26212,624,,,,,,,,
SFNC/WTBA,Banks - Regional,0.9322,0.26219,624,,,,,,,,
TRMK/WASH,Banks - Regional,0.8564,0.26221,624,,,,,,,,
FULT/SRCE,Banks - Regional,0.9737,0.26223,624,,,,,,,,
CCNE/MOFG,Banks - Regional,0.8992,0.26225,624,,,,,,,,
ASH/SHW,Specialty Chemicals,0.8603,0.26228,624,,,,,,,,
NKSH/OSBC,Banks - Regional,0.8676,0.26228,624,,,,,,,,
ORCL/SNPS,Software - Infrastructure,0.9477,0.26228,624,,,,,,,,
MBWM/PKBK,Banks - Regional,0.9289,0.26229,624,,,,,,,,
HWC/OVLY,Banks - Regional,0.852,0.26231,624,,,,,,,,
MMU/MPA,Asset Management,0.9464,0.26231,624,,,,,,,,
DHF/JMM,Asset Management,0.948,0.26232,624,,,,,,,,
BRKL/FISI,Banks - Regional,0.9281,0.26236,624,,,,,,,,
FRME/WASH,Banks - Regional,0.9285,0.26236,624,,,,,,,,
MFM/MUE,Asset Management,0.9785,0.26239,624,,,,,,,,
IBOC/PBHC,Banks - Regional,0.847,0.26241,624,,,,,,,,
MTB/UBFO,Banks - Regional,0.935,0.26244,624,,,,,,,,
OIA/PFD,Asset Management,0.9452,0.26244,624,,,,,,,,
IGI/NAD,Asset Management,0.9745,0.26246,624,,,,,,,,
CVBF/HWBK,Banks - Regional,0.8974,0.26249,624,,,,,,,,
BOH/GABC,Banks - Regional,0.9347,0.26249,624,,,,,,,,
KTH/PDP,Unknown,0.9612,0.26252,624,,,,,,,,
BANF/GCBC,Banks - Regional,0.9552,0.26253,624,,,,,,,,
CXE/PMF,Asset Management,0.9473,0.26253,624,,,,,,,,
DCOM/MNSB,Banks - Regional,0.8268,0.26255,624,,,,,,,,
GAIN/JCE,Asset Management,0.9787,0.26256,624,,,,,,,,
MMT/OIA,Asset Management,0.9464,0.26256,624,,,,,,,,
CIVB/HBCP,Banks - Regional,0.9481,0.26257,624,,,,,,,,
SBFG/SMBK,Banks - Regional,0.9523,0.26257,624,,,,,,,,
MGF/MPA,Asset Management,0.9239,0.26257,624,,,,,,,,
FNLC/RVSB,Banks - Regional,0.877,0.26259,624,,,,,,,,
AFB/NXP,Asset Management,0.9273,0.26264,624,,,,,,,,
BOTJ/SHBI,Banks - Regional,0.9048,0.26266,624,,,,,,,,
HTGC/VVR,Asset Management,0.981,0.26267,624,,,,,,,,
JHS/NUV,Asset Management,0.9795,0.2627,624,,,,,,,,
ABCB/FSFG,Banks - Regional,0.9371,0.26271,624,,,,,,,,
AROW/INDB,Banks - Regional,0.971,0.26271,624,,,,,,,,
BANC/FMBH,Banks - Regional,0.8457,0.26276,624,,,,,,,,
VABK/WASH,Banks - Regional,0.8327,0.26279,624,,,,,,,,
EMR/KAI,Specialty Industrial Machinery,0.9748,0.2628,624,,,,,,,,
BFZ/MYN,Asset Management,0.9709,0.2628,624,,,,,,,,
MOFG/OCFC,Banks - Regional,0.9099,0.26281,624,,,,,,,,
HPI/MHD,Asset Management,0.8862,0.26282,624,,,,,,,,
NWFL/WSBC,Banks - Regional,0.8554,0.26283,624,,,,,,,,
LEO/PMO,Asset Management,0.9525,0.26287,624,,,,,,,,
BKN/NAN,Asset Management,0.9637,0.26289,624,,,,,,,,
BFK/NMZ,Asset Management,0.959,0.26291,624,,,,,,,,
IGI/NKX,Asset Management,0.9711,0.26291,624,,,,,,,,
BSRR/PBHC,Banks - Regional,0.8881,0.26294,624,,,,,,,,
CHCO/NWFL,Banks - Regional,0.8824,0.26294,624,,,,,,,,
OVLY/SRCE,Banks - Regional,0.9446,0.26297,624,,,,,,,,
SBSI/SMBC,Banks - Regional,0.934,0.26298,624,,,,,,,,
MUE/VGM,Asset Management,0.9895,0.26299,624,,,,,,,,
ARW/SNX,Electronics & Computer Distribution,0.9613,0.26299,624,,,,,,,,
KEY/SFBC,Banks - Regional,0.9037,0.26302,624,,,,,,,,
CAC/CTBI,Banks - Regional,0.9291,0.26304,624,,,,,,,,
ASRV/LSBK,Banks - Regional,0.8637,0.26307,624,,,,,,,,
BKN/VGM,Asset Management,0.973,0.26309,624,,,,,,,,
HWBK/PFS,Banks - Regional,0.8355,0.2631,624,,,,,,,,
MBCN/SNV,Banks - Regional,0.8904,0.26314,624,,,,,,,,
CCNE/CZFS,Banks - Regional,0.8344,0.26316,624,,,,,,,,
SFNC/WAL,Banks - Regional,0.8719,0.2632,624,,,,,,,,
BXMX/EVT,Asset Management,0.9911,0.26321,624,,,,,,,,
BN/RFI,Asset Management,0.9653,0.26322,624,,,,,,,,
CMC/NUE,Steel,0.9796,0.26326,624,,,,,,,,
EOT/NCA,Asset Management,0.9587,0.26329,624,,,,,,,,
EVN/IGI,Asset Management,0.9664,0.26331,624,,,,,,,,
AUB/IBOC,Banks - Regional,0.9025,0.26333,624,,,,,,,,
BSRR/OPOF,Banks - Regional,0.8658,0.26337,624,,,,,,,,
BCAL/SFST,Banks - Regional,0.8559,0.26338,624,,,,,,,,
BOTJ/PGC,Banks - Regional,0.92,0.2634,624,,,,,,,,
CRM/INTU,Software - Application,0.9584,0.26341,624,,,,,,,,
BKT/NCA,Asset Management,0.9292,0.26342,624,,,,,,,,
BOTJ/CBSH,Banks - Regional,0.9161,0.26343,624,,,,,,,,
BOKF/OPBK,Banks - Regional,0.943,0.26344,624,,,,,,,,
CCBG/GCBC,Banks - Regional,0.9326,0.26345,624,,,,,,,,
ICLR/RVTY,Diagnostics & Research,0.9114,0.26346,624,,,,,,,,
CCNE/HBCP,Banks - Regional,0.9419,0.26346,624,,,,,,,,
PMO/VGM,Asset Management,0.9705,0.26349,624,,,,,,,,
FLIC/SFST,Banks - Regional,0.8556,0.26353,624,,,,,,,,
MPB/OVLY,Banks - Regional,0.8885,0.26355,624,,,,,,,,
ABCB/UNB,Banks - Regional,0.846,0.26355,624,,,,,,,,
BBH/PDP,Unknown,0.9111,0.26356,624,,,,,,,,
MTB/NWFL,Banks - Regional,0.8784,0.26362,624,,,,,,,,
BGT/BRW,Asset Management,0.9625,0.26363,624,,,,,,,,
ATLO/TRST,Banks - Regional,0.9092,0.26363,624,,,,,,,,
IQI/PAI,Asset Management,0.9732,0.26364,624,,,,,,,,
ASRV/SBSI,Banks - Regional,0.8545,0.26364,624,,,,,,,,
BME/DHIL,Asset Management,0.8892,0.26364,624,,,,,,,,
BCAL/FSFG,Banks - Regional,0.8824,0.26366,624,,,,,,,,
BCAL/VABK,Banks - Regional,0.9189,0.26366,624,,,,,,,,
PFS/PKBK,Banks - Regional,0.9149,0.26367,624,,,,,,,,
PFO/RNP,Asset Management,0.916,0.26369,624,,,,,,,,
BOTJ/HFWA,Banks - Regional,0.9007,0.26372,624,,,,,,,,
PFBC/WTFC,Banks - Regional,0.9755,0.26373,624,,,,,,,,
BTA/MHN,Asset Management,0.9509,0.26376,624,,,,,,,,
PLBC/SRCE,Banks - Regional,0.9479,0.26377,624,,,,,,,,
BOTJ/TRMK,Banks - Regional,0.9104,0.26377,624,,,,,,,,
EWBC/MPB,Banks - Regional,0.9113,0.26377,624,,,,,,,,
MGF/NXP,Asset Management,0.9258,0.26378,624,,,,,,,,
FFBC/NKSH,Banks - Regional,0.8842,0.26382,624,,,,,,,,
CTBI/MBCN,Banks - Regional,0.935,0.26382,624,,,,,,,,
BKN/FFC,Asset Management,0.9655,0.26382,624,,,,,,,,
PB/PFIS,Banks - Regional,0.9318,0.26383,624,,,,,,,,
CVBF/FCCO,Banks - Regional,0.9269,0.26385,624,,,,,,,,
MIY/MYD,Asset Management,0.9624,0.26386,624,,,,,,,,
CAC/SFNC,Banks - Regional,0.8861,0.26392,624,,,,,,,,
EOT/FFC,Asset Management,0.9534,0.26393,624,,,,,,,,
FRAF/PNC,Banks - Regional,0.9174,0.26393,624,,,,,,,,
FCCO/MOFG,Banks - Regional,0.8861,0.26396,624,,,,,,,,
CHCO/FSFG,Banks - Regional,0.8654,0.26399,624,,,,,,,,
ALX/FRT,REIT - Retail,0.8333,0.26403,624,,,,,,,,
BKN/VCV,Asset Management,0.9546,0.26404,624,,,,,,,,
DTF/MYN,Asset Management,0.9664,0.26405,624,,,,,,,,
CNI/NSC,Railroads,0.9704,0.26407,624,,,,,,,,
IIM/MHD,Asset Management,0.9639,0.26409,624,,,,,,,,
BANFP/FEX,Unknown,0.9682,0.26412,624,,,,,,,,
FISI/HWBK,Banks - Regional,0.8322,0.26413,624,,,,,,,,
GOF/UTF,Asset Management,0.9866,0.26413,624,,,,,,,,
CCNE/USB,Banks - Regional,0.9382,0.26415,624,,,,,,,,
IPB/SMH,Unknown,0.8312,0.26419,624,,,,,,,,
ATO/CPK,Utilities - Regulated Gas,0.9531,0.26425,624,,,,,,,,
MYN/NAC,Asset Management,0.9868,0.26429,624,,,,,,,,
NUW/PYN,Asset Management,0.8603,0.2643,624,,,,,,,,
HBCP/HIFS,Banks - Regional,0.8903,0.26431,624,,,,,,,,
MFM/MQY,Asset Management,0.9706,0.26432,624,,,,,,,,
IGA/NTRS,Asset Management,0.9013,0.26433,624,,,,,,,,
IGI/MUJ,Asset Management,0.9618,0.26434,624,,,,,,,,
RNST/SSBI,Banks - Regional,0.8036,0.26434,624,,,,,,,,
FNB/LARK,Banks - Regional,0.8103,0.26439,624,,,,,,,,
COFS/WTBA,Banks - Regional,0.8533,0.26441,624,,,,,,,,
ONB/WBS,Banks - Regional,0.9387,0.26441,624,,,,,,,,
COFS/PFBC,Banks - Regional,0.8994,0.26442,624,,,,,,,,
CCNE/CTBI,Banks - Regional,0.9136,0.26444,624,,,,,,,,
CAPR/LSTA,Biotechnology,0.8085,0.26448,624,,,,,,,,
FRME/OVLY,Banks - Regional,0.8665,0.26451,624,,,,,,,,
ALRS/WAL,Banks - Regional,0.9329,0.26452,624,,,,,,,,
MFM/NXP,Asset Management,0.9192,0.26454,624,,,,,,,,
CRH/JHX,Building Materials,0.8515,0.26456,624,,,,,,,,
MUC/PMM,Asset Management,0.9544,0.26457,624,,,,,,,,
NBTB/NWBI,Banks - Regional,0.9409,0.26457,624,,,,,,,,
MYI/NNY,Asset Management,0.9755,0.26458,624,,,,,,,,
CXE/VTN,Asset Management,0.9557,0.26458,624,,,,,,,,
FFC/GDO,Asset Management,0.9802,0.26459,624,,,,,,,,
BSRR/UNB,Banks - Regional,0.8522,0.26459,624,,,,,,,,
MFM/MQT,Asset Management,0.9747,0.2646,624,,,,,,,,
IGI/NMT,Asset Management,0.9426,0.2646,624,,,,,,,,
BN/RNP,Asset Management,0.9781,0.26462,624,,,,,,,,
OIA/RQI,Asset Management,0.9313,0.26462,624,,,,,,,,
MHD/VBF,Asset Management,0.9037,0.26463,624,,,,,,,,
FISI/NFBK,Banks - Regional,0.9261,0.26464,624,,,,,,,,
MMU/NRK,Asset Management,0.949,0.26466,624,,,,,,,,
CMU/NAD,Asset Management,0.9525,0.26466,624,,,,,,,,
MVF/NQP,Asset Management,0.9454,0.26469,624,,,,,,,,
CAC/UMBF,Banks - Regional,0.9169,0.26472,624,,,,,,,,
MHN/NEA,Asset Management,0.9668,0.26476,624,,,,,,,,
NRIM/SRCE,Banks - Regional,0.903,0.26477,624,,,,,,,,
VBF/VMO,Asset Management,0.949,0.26477,624,,,,,,,,
HBNC/MBCN,Banks - Regional,0.8775,0.26477,624,,,,,,,,
CMU/PMO,Asset Management,0.9308,0.26479,624,,,,,,,,
GJH/VCSH,Unknown,0.9805,0.26481,624,,,,,,,,
BCAL/KEY,Banks - Regional,0.8485,0.26481,624,,,,,,,,
NKSH/SFST,Banks - Regional,0.8889,0.26482,624,,,,,,,,
MYD/PFO,Asset Management,0.9571,0.26482,624,,,,,,,,
PWOD/STBA,Banks - Regional,0.8529,0.26484,624,,,,,,,,
COFS/FCBC,Banks - Regional,0.8991,0.26484,624,,,,,,,,
ESSA/FCCO,Banks - Regional,0.8951,0.26485,624,,,,,,,,
IGI/PMX,Asset Management,0.9261,0.26486,624,,,,,,,,
NVG/PMO,Asset Management,0.9831,0.26488,624,,,,,,,,
BKT/EOT,Asset Management,0.9377,0.26489,624,,,,,,,,
BOH/FMNB,Banks - Regional,0.9378,0.26489,624,,,,,,,,
HPI/NXC,Asset Management,0.9279,0.2649,624,,,,,,,,
CACI/GIB,Information Technology Services,0.9584,0.26494,624,,,,,,,,
JSM/PYT,Unknown,0.9538,0.26498,624,,,,,,,,
MYN/NUV,Asset Management,0.9674,0.26499,624,,,,,,,,
INDB/SMBK,Banks - Regional,0.8906,0.26504,624,,,,,,,,
FMN/NZF,Asset Management,0.9561,0.26505,624,,,,,,,,
CPT/SUI,REIT - Residential,0.9631,0.26506,624,,,,,,,,
DCOM/LARK,Banks - Regional,0.8799,0.26508,624,,,,,,,,
CNOB/FITB,Banks - Regional,0.892,0.26508,624,,,,,,,,
ATLO/RNST,Banks - Regional,0.9233,0.2651,624,,,,,,,,
BLW/PTY,Asset Management,0.9808,0.26511,624,,,,,,,,
COLB/EBTC,Banks - Regional,0.8487,0.26512,624,,,,,,,,
ASRV/CBAN,Banks - Regional,0.8161,0.26516,624,,,,,,,,
FMNB/PNC,Banks - Regional,0.9535,0.26517,624,,,,,,,,
MBCN/PNC,Banks - Regional,0.9228,0.26517,624,,,,,,,,
CBSH/WASH,Banks - Regional,0.8704,0.26518,624,,,,,,,,
HWC/ISBA,Banks - Regional,0.803,0.26519,624,,,,,,,,
MCN/NTRS,Asset Management,0.8287,0.2652,624,,,,,,,,
FRME/GABC,Banks - Regional,0.9759,0.2652,624,,,,,,,,
LEO/MFM,Asset Management,0.9802,0.26527,624,,,,,,,,
FMN/JHS,Asset Management,0.9549,0.26529,624,,,,,,,,
RF/SMBC,Banks - Regional,0.9732,0.2653,624,,,,,,,,
AROW/HFBL,Banks - Regional,0.9098,0.26532,624,,,,,,,,
CXH/NIM,Asset Management,0.962,0.26532,624,,,,,,,,
CBFV/CHMG,Banks - Regional,0.9159,0.26533,624,,,,,,,,
FFIC/FRST,Banks - Regional,0.9292,0.26534,624,,,,,,,,
HBNC/SNV,Banks - Regional,0.9382,0.26536,624,,,,,,,,
BHLB/RVSB,Banks - Regional,0.8102,0.26536,624,,,,,,,,
RSG/WCN,Waste Management,0.9826,0.26536,624,,,,,,,,
PIM/UTF,Asset Management,0.9286,0.26537,624,,,,,,,,
MQT/NXP,Asset Management,0.9337,0.26537,624,,,,,,,,
OZK/PBHC,Banks - Regional,0.868,0.26538,624,,,,,,,,
MGYR/TRMK,Banks - Regional,0.9154,0.26542,624,,,,,,,,
FMNB/SMBK,Banks - Regional,0.9397,0.26543,624,,,,,,,,
KTN/QQQ,Unknown,0.8993,0.26545,624,,,,,,,,
DCOM/SNV,Banks - Regional,0.9153,0.26547,624,,,,,,,,
MUA/PFO,Asset Management,0.9677,0.2655,624,,,,,,,,
ATLO/WTBA,Banks - Regional,0.8688,0.2655,624,,,,,,,,
MIY/MYN,Asset Management,0.9718,0.26552,624,,,,,,,,
LH/RVTY,Diagnostics & Research,0.9323,0.26555,624,,,,,,,,
IGI/NAC,Asset Management,0.9687,0.26558,624,,,,,,,,
BOTJ/CNOB,Banks - Regional,0.934,0.26559,624,,,,,,,,
PBHC/PEBK,Banks - Regional,0.9354,0.2656,624,,,,,,,,
NAC/NOM,Asset Management,0.8532,0.2656,624,,,,,,,,
FCT/HTGC,Asset Management,0.9497,0.26562,624,,,,,,,,
CXE/MHF,Asset Management,0.9083,0.26562,624,,,,,,,,
MBCN/WAL,Banks - Regional,0.8596,0.26565,624,,,,,,,,
CZNC/NFBK,Banks - Regional,0.8416,0.26568,624,,,,,,,,
ATLO/CBU,Banks - Regional,0.8309,0.26569,624,,,,,,,,
HPI/PMX,Asset Management,0.8385,0.26572,624,,,,,,,,
CBSH/INDB,Banks - Regional,0.9557,0.26577,624,,,,,,,,
BVFL/NEWT,Banks - Regional,0.8849,0.26578,624,,,,,,,,
CZFS/GCBC,Banks - Regional,0.8372,0.26585,624,,,,,,,,
BOTJ/HAFC,Banks - Regional,0.8275,0.26586,624,,,,,,,,
GJP/INDY,Unknown,0.9421,0.26587,624,,,,,,,,
CZWI/HBAN,Banks - Regional,0.9501,0.26592,624,,,,,,,,
MAIN/TSI,Asset Management,0.9229,0.26593,624,,,,,,,,
BKT/CXE,Asset Management,0.9553,0.26595,624,,,,,,,,
IBCP/MGYR,Banks - Regional,0.9489,0.26596,624,,,,,,,,
PAI/VKQ,Asset Management,0.9643,0.26598,624,,,,,,,,
CAC/IBOC,Banks - Regional,0.8736,0.266,624,,,,,,,,
LSBK/NWFL,Banks - Regional,0.8249,0.266,624,,,,,,,,
FFBC/NRIM,Banks - Regional,0.8418,0.266,624,,,,,,,,
UBSI/UNTY,Banks - Regional,0.8628,0.26601,624,,,,,,,,
EOT/MUJ,Asset Management,0.9638,0.26601,624,,,,,,,,
SBFG/TFC,Banks - Regional,0.9272,0.26602,624,,,,,,,,
JBHT/UPS,Integrated Freight & Logistics,0.9524,0.26602,624,,,,,,,,
HPI/NRK,Asset Management,0.9393,0.26603,624,,,,,,,,
MUE/VBF,Asset Management,0.9414,0.26607,624,,,,,,,,
FFBC/HIFS,Banks - Regional,0.852,0.26615,624,,,,,,,,
CBFV/NWFL,Banks - Regional,0.8928,0.26621,624,,,,,,,,
PPT/RJF,Asset Management,0.8061,0.26622,624,,,,,,,,
HPI/MUE,Asset Management,0.9063,0.26623,624,,,,,,,,
MRKR/TENX,Biotechnology,0.9412,0.26624,624,,,,,,,,
MBWM/PFBC,Banks - Regional,0.9798,0.26626,624,,,,,,,,
PFBC/SMBK,Banks - Regional,0.9639,0.26627,624,,,,,,,,
BOTJ/THFF,Banks - Regional,0.9252,0.26628,624,,,,,,,,
MVF/NZF,Asset Management,0.94,0.26629,624,,,,,,,,
FBNC/MGYR,Banks - Regional,0.9214,0.2663,624,,,,,,,,
BFIN/PEBK,Banks - Regional,0.8098,0.26633,624,,,,,,,,
MYD/PYN,Asset Management,0.9035,0.26639,624,,,,,,,,
BANR/HFWA,Banks - Regional,0.9037,0.26642,624,,,,,,,,
CATY/EWBC,Banks - Regional,0.9689,0.26644,624,,,,,,,,
BOH/OCFC,Banks - Regional,0.9186,0.26645,624,,,,,,,,
EBTC/LCNB,Banks - Regional,0.9219,0.26645,624,,,,,,,,
BHV/PCK,Asset Management,0.8397,0.26648,624,,,,,,,,
CHMG/PB,Banks - Regional,0.9383,0.2665,624,,,,,,,,
BLW/PHD,Asset Management,0.9816,0.26653,624,,,,,,,,
MGF/PMO,Asset Management,0.9352,0.26654,624,,,,,,,,
BSRR/FMNB,Banks - Regional,0.945,0.26654,624,,,,,,,,
BPOPM/EMB,Unknown,0.9033,0.26655,624,,,,,,,,
OSBC/WNEB,Banks - Regional,0.8474,0.26655,624,,,,,,,,
NCA/PMO,Asset Management,0.9572,0.26655,624,,,,,,,,
AIA/PYT,Unknown,0.9066,0.26657,624,,,,,,,,
FMBH/SMBC,Banks - Regional,0.9332,0.26658,624,,,,,,,,
PPT/STK,Asset Management,0.8486,0.26658,624,,,,,,,,
CXH/NOM,Asset Management,0.8163,0.26658,624,,,,,,,,
CRM/TYL,Software - Application,0.973,0.26658,624,,,,,,,,
LSBK/SFBC,Banks - Regional,0.8848,0.26658,624,,,,,,,,
BCML/LSBK,Banks - Regional,0.8671,0.26659,624,,,,,,,,
HBCP/IBCP,Banks - Regional,0.9576,0.26661,624,,,,,,,,
FBNC/SMBC,Banks - Regional,0.9544,0.26663,624,,,,,,,,
JCE/STEW,Asset Management,0.9931,0.26665,624,,,,,,,,
MUE/NAD,Asset Management,0.9801,0.2667,624,,,,,,,,
BKN/NPV,Asset Management,0.9296,0.2667,624,,,,,,,,
CHCO/CZNC,Banks - Regional,0.8431,0.26671,624,,,,,,,,
DSU/SOR,Asset Management,0.9809,0.26672,624,,,,,,,,
PIM/RVT,Asset Management,0.9077,0.26673,624,,,,,,,,
HWBK/TCBK,Banks - Regional,0.9383,0.26673,624,,,,,,,,
HWBK/RF,Banks - Regional,0.9365,0.26677,624,,,,,,,,
COFS/WBS,Banks - Regional,0.85,0.26678,624,,,,,,,,
QTEC/SOXX,Unknown,0.9842,0.26679,624,,,,,,,,
AGD/GOF,Asset Management,0.9508,0.2668,624,,,,,,,,
BCAL/NWBI,Banks - Regional,0.8773,0.26682,624,,,,,,,,
KEY/WASH,Banks - Regional,0.9261,0.26682,624,,,,,,,,
CTBI/VABK,Banks - Regional,0.9291,0.26684,624,,,,,,,,
ABCB/SNV,Banks - Regional,0.9793,0.26688,624,,,,,,,,
FNWD/FRME,Banks - Regional,0.9132,0.26691,624,,,,,,,,
BMRC/CBAN,Banks - Regional,0.8381,0.26692,624,,,,,,,,
CWBC/NKSH,Banks - Regional,0.928,0.26692,624,,,,,,,,
CXE/RFI,Asset Management,0.8147,0.26694,624,,,,,,,,
FMY/NZF,Asset Management,0.8922,0.26696,624,,,,,,,,
CZWI/FCF,Banks - Regional,0.9441,0.26698,624,,,,,,,,
CXE/MUE,Asset Management,0.964,0.26698,624,,,,,,,,
HBAN/SNV,Banks - Regional,0.9664,0.26699,624,,,,,,,,
FFC/LEO,Asset Management,0.9498,0.26699,624,,,,,,,,
CAC/GBCI,Banks - Regional,0.9605,0.26699,624,,,,,,,,
MGF/NXC,Asset Management,0.9058,0.267,624,,,,,,,,
BKT/MVT,Asset Management,0.9435,0.26701,624,,,,,,,,
ESSA/FFBC,Banks - Regional,0.9004,0.26701,624,,,,,,,,
OVLY/WTBA,Banks - Regional,0.8076,0.26702,624,,,,,,,,
EXG/USA,Asset Management,0.9909,0.26703,624,,,,,,,,
BANR/CBAN,Banks - Regional,0.9192,0.26705,624,,,,,,,,
FISI/OPOF,Banks - Regional,0.8717,0.26707,624,,,,,,,,
HWC/PB,Banks - Regional,0.8793,0.26707,624,,,,,,,,
HIX/JMM,Asset Management,0.9426,0.26709,624,,,,,,,,
MVF/VPV,Asset Management,0.9532,0.26709,624,,,,,,,,
LSBK/TSBK,Banks - Regional,0.8648,0.2671,624,,,,,,,,
JQC/VVR,Asset Management,0.9629,0.26712,624,,,,,,,,
CZWI/FNLC,Banks - Regional,0.9202,0.26716,624,,,,,,,,
BHK/MQY,Asset Management,0.9725,0.26717,624,,,,,,,,
BSRR/PKBK,Banks - Regional,0.935,0.26722,624,,,,,,,,
NIM/WEA,Asset Management,0.954,0.26723,624,,,,,,,,
AUB/PEBO,Banks - Regional,0.9755,0.26723,624,,,,,,,,
NWFL/SSBI,Banks - Regional,0.8176,0.26727,624,,,,,,,,
PEBO/UBFO,Banks - Regional,0.9456,0.26728,624,,,,,,,,
BKN/MVT,Asset Management,0.9398,0.2673,624,,,,,,,,
PYT/QQXT,Unknown,0.9633,0.2673,624,,,,,,,,
FFBC/PKBK,Banks - Regional,0.9311,0.26731,624,,,,,,,,
MPV/PDT,Asset Management,0.876,0.26732,624,,,,,,,,
CGO/RVT,Asset Management,0.969,0.26732,624,,,,,,,,
TLT/TVE,Unknown,0.8463,0.26734,624,,,,,,,,
OVLY/PFBC,Banks - Regional,0.9434,0.26737,624,,,,,,,,
CCNE/PLBC,Banks - Regional,0.8365,0.26738,624,,,,,,,,
JHS/MQT,Asset Management,0.974,0.2674,624,,,,,,,,
FRME/WBS,Banks - Regional,0.9774,0.26742,624,,,,,,,,
FTFT/SMSI,Software - Application,0.8722,0.26743,624,,,,,,,,
MUA/NIM,Asset Management,0.9565,0.26745,624,,,,,,,,
AROW/CIVB,Banks - Regional,0.9577,0.26746,624,,,,,,,,
IGI/VPV,Asset Management,0.9599,0.26748,624,,,,,,,,
FNB/RBCAA,Banks - Regional,0.8659,0.26749,624,,,,,,,,
FNLC/PGC,Banks - Regional,0.9232,0.26751,624,,,,,,,,
EMR/NPO,Specialty Industrial Machinery,0.9516,0.26751,624,,,,,,,,
CADE/SMBK,Banks - Regional,0.941,0.26751,624,,,,,,,,
HPI/NAD,Asset Management,0.9436,0.26756,624,,,,,,,,
ALRS/SSBI,Banks - Regional,0.8771,0.26757,624,,,,,,,,
MHF/MUA,Asset Management,0.9431,0.26762,624,,,,,,,,
FCCO/MNSB,Banks - Regional,0.8979,0.26762,624,,,,,,,,
BOTJ/EWBC,Banks - Regional,0.8845,0.26762,624,,,,,,,,
BRW/SAR,Asset Management,0.9247,0.26762,624,,,,,,,,
CXE/NRK,Asset Management,0.9599,0.26762,624,,,,,,,,
CTBI/PEBO,Banks - Regional,0.9675,0.26764,624,,,,,,,,
PTF/RTH,Unknown,0.9809,0.26765,624,,,,,,,,
PMF/VPV,Asset Management,0.9068,0.26766,624,,,,,,,,
IQI/NXJ,Asset Management,0.9811,0.26767,624,,,,,,,,
FCF/FRST,Banks - Regional,0.8212,0.26774,624,,,,,,,,
CCBG/OVLY,Banks - Regional,0.9504,0.26775,624,,,,,,,,
EBMT/LKFN,Banks - Regional,0.8638,0.26775,624,,,,,,,,
CFFI/SFBC,Banks - Regional,0.9226,0.26777,624,,,,,,,,
KTF/PMM,Asset Management,0.8835,0.26778,624,,,,,,,,
FNLC/RF,Banks - Regional,0.95,0.26779,624,,,,,,,,
MTR/WDS,Oil & Gas E&P,0.8038,0.26779,624,,,,,,,,
ETO/NTRS,Asset Management,0.9255,0.26781,624,,,,,,,,
MUC/VBF,Asset Management,0.9247,0.26787,624,,,,,,,,
ETO/STEW,Asset Management,0.9801,0.26788,624,,,,,,,,
MIY/NXC,Asset Management,0.9634,0.26788,624,,,,,,,,
BCAL/OPBK,Banks - Regional,0.8423,0.26788,624,,,,,,,,
CNI/CSX,Railroads,0.9763,0.2679,624,,,,,,,,
ETG/TWN,Asset Management,0.9477,0.26792,624,,,,,,,,
MBCN/WSBC,Banks - Regional,0.8523,0.26793,624,,,,,,,,
PKBK/SBFG,Banks - Regional,0.9551,0.26794,624,,,,,,,,
FCF/FUNC,Banks - Regional,0.9371,0.26797,624,,,,,,,,
MUC/MUJ,Asset Management,0.9702,0.26798,624,,,,,,,,
FRME/MOFG,Banks - Regional,0.9189,0.26798,624,,,,,,,,
EBMT/PFS,Banks - Regional,0.8784,0.26799,624,,,,,,,,
CZNC/MBWM,Banks - Regional,0.9042,0.26802,624,,,,,,,,
CIF/WIW,Asset Management,0.9344,0.26803,624,,,,,,,,
UVSP/WAFD,Banks - Regional,0.948,0.26804,624,,,,,,,,
ESSA/PFBC,Banks - Regional,0.9617,0.26804,624,,,,,,,,
CHMG/SMBK,Banks - Regional,0.9327,0.26811,624,,,,,,,,
FCCO/HWBK,Banks - Regional,0.9363,0.26817,624,,,,,,,,
CADE/OPBK,Banks - Regional,0.9315,0.26817,624,,,,,,,,
ETB/NTRS,Asset Management,0.9371,0.26819,624,,,,,,,,
ESSA/UBSI,Banks - Regional,0.8988,0.26821,624,,,,,,,,
IIM/OIA,Asset Management,0.9589,0.26824,624,,,,,,,,
ONCY/RIGL,Biotechnology,0.85,0.26827,624,,,,,,,,
AGD/STK,Asset Management,0.9721,0.26828,624,,,,,,,,
AVT/SNX,Electronics & Computer Distribution,0.8074,0.26828,624,,,,,,,,
LKFN/WASH,Banks - Regional,0.8095,0.26829,624,,,,,,,,
OSBC/VABK,Banks - Regional,0.9599,0.26831,624,,,,,,,,
BOH/SBCF,Banks - Regional,0.9519,0.26837,624,,,,,,,,
PCK/PML,Asset Management,0.928,0.26837,624,,,,,,,,
MVT/NVG,Asset Management,0.9122,0.26839,624,,,,,,,,
NXJ/NXP,Asset Management,0.9745,0.26839,624,,,,,,,,
AROW/CAC,Banks - Regional,0.9666,0.2684,624,,,,,,,,
CCNE/SFST,Banks - Regional,0.9326,0.26841,624,,,,,,,,
NKSH/VABK,Banks - Regional,0.8689,0.26841,624,,,,,,,,
JSM/USIG,Unknown,0.9502,0.26844,624,,,,,,,,
HPI/MVT,Asset Management,0.8447,0.26845,624,,,,,,,,
PCN/VLT,Asset Management,0.9768,0.26848,624,,,,,,,,
ADI/AVGO,Semiconductors,0.8722,0.2685,624,,,,,,,,
PKBK/SBSI,Banks - Regional,0.9602,0.26853,624,,,,,,,,
NBTB/SRCE,Banks - Regional,0.9782,0.26855,624,,,,,,,,
CBFV/OCFC,Banks - Regional,0.8429,0.26858,624,,,,,,,,
CFR/CZWI,Banks - Regional,0.905,0.2686,624,,,,,,,,
NMT/SBI,Asset Management,0.9434,0.26862,624,,,,,,,,
DSM/MHN,Asset Management,0.9763,0.26864,624,,,,,,,,
COLB/WAL,Banks - Regional,0.807,0.26865,624,,,,,,,,
CATY/WNEB,Banks - Regional,0.845,0.26868,624,,,,,,,,
KTH/VGIT,Unknown,0.884,0.26868,624,,,,,,,,
BANC/EBMT,Banks - Regional,0.8362,0.2687,624,,,,,,,,
EVN/PFO,Asset Management,0.9689,0.26873,624,,,,,,,,
BKT/NUW,Asset Management,0.93,0.26874,624,,,,,,,,
CCBG/FXNC,Banks - Regional,0.8977,0.26874,624,,,,,,,,
ESSA/WBS,Banks - Regional,0.8833,0.26875,624,,,,,,,,
SHBI/SRCE,Banks - Regional,0.8301,0.26878,624,,,,,,,,
CASS/UNF,Specialty Business Services,0.853,0.26883,624,,,,,,,,
MMT/PFO,Asset Management,0.9508,0.26883,624,,,,,,,,
DUK/MGEE,Utilities - Regulated Electric,0.9738,0.26884,624,,,,,,,,
BSRR/OSBC,Banks - Regional,0.9362,0.26885,624,,,,,,,,
NDSN/WTS,Specialty Industrial Machinery,0.9461,0.26886,624,,,,,,,,
MGYR/NRIM,Banks - Regional,0.8551,0.2689,624,,,,,,,,
HIFS/SBCF,Banks - Regional,0.9593,0.2689,624,,,,,,,,
BKN/MQY,Asset Management,0.9757,0.2689,624,,,,,,,,
MBCN/WTBA,Banks - Regional,0.8968,0.26895,624,,,,,,,,
CARE/OVBC,Banks - Regional,0.8647,0.26896,624,,,,,,,,
HIO/JHI,Asset Management,0.9797,0.26896,624,,,,,,,,
SBSI/TFC,Banks - Regional,0.9414,0.26897,624,,,,,,,,
ADSK/DSGX,Software - Application,0.9307,0.26899,624,,,,,,,,
BANR/CWBC,Banks - Regional,0.9297,0.269,624,,,,,,,,
MVT/NMZ,Asset Management,0.9331,0.26902,624,,,,,,,,
MBWM/PLBC,Banks - Regional,0.9508,0.26905,624,,,,,,,,
BRKL/WTBA,Banks - Regional,0.9164,0.26905,624,,,,,,,,
CADE/CBFV,Banks - Regional,0.9105,0.26907,624,,,,,,,,
BRKL/PBHC,Banks - Regional,0.8608,0.26909,624,,,,,,,,
FBIZ/NBTB,Banks - Regional,0.904,0.2691,624,,,,,,,,
HWBK/LSBK,Banks - Regional,0.855,0.26911,624,,,,,,,,
BLE/MIN,Asset Management,0.8478,0.26911,624,,,,,,,,
CXE/MPA,Asset Management,0.9436,0.26912,624,,,,,,,,
ATLO/KEY,Banks - Regional,0.8444,0.26913,624,,,,,,,,
CAC/MNSB,Banks - Regional,0.9257,0.26917,624,,,,,,,,
EBTC/PEBK,Banks - Regional,0.9372,0.26917,624,,,,,,,,
WASH/WTBA,Banks - Regional,0.9379,0.26918,624,,,,,,,,
BOTJ/CARE,Banks - Regional,0.8516,0.26923,624,,,,,,,,
JHI/PAI,Asset Management,0.9196,0.26926,624,,,,,,,,
FULT/WAFD,Banks - Regional,0.949,0.26927,624,,,,,,,,
LCNB/TOWN,Banks - Regional,0.8998,0.26928,624,,,,,,,,
BXMX/RJF,Asset Management,0.9592,0.26928,624,,,,,,,,
ATLO/CATY,Banks - Regional,0.8097,0.26929,624,,,,,,,,
FCCO/MTB,Banks - Regional,0.9471,0.26929,624,,,,,,,,
FNLC/PKBK,Banks - Regional,0.9769,0.26931,624,,,,,,,,
CCNE/TFC,Banks - Regional,0.9291,0.26931,624,,,,,,,,
DSU/GOF,Asset Management,0.9641,0.26931,624,,,,,,,,
MGF/MYN,Asset Management,0.9303,0.26933,624,,,,,,,,
SHBI/WSFS,Banks - Regional,0.8888,0.26934,624,,,,,,,,
PNFP/UMBF,Banks - Regional,0.9689,0.26935,624,,,,,,,,
DSU/EVG,Asset Management,0.9841,0.26938,624,,,,,,,,
HBNC/UCB,Banks - Regional,0.9038,0.26943,624,,,,,,,,
HBNC/WBS,Banks - Regional,0.9586,0.26943,624,,,,,,,,
CXH/MYI,Asset Management,0.9823,0.26945,624,,,,,,,,
NRK/PMO,Asset Management,0.9763,0.26945,624,,,,,,,,
EBTC/FULT,Banks - Regional,0.9393,0.26946,624,,,,,,,,
NBTB/NECB,Banks - Regional,0.8555,0.26947,624,,,,,,,,
GIB/WNS,Information Technology Services,0.8766,0.26948,624,,,,,,,,
MMU/PZC,Asset Management,0.9518,0.2695,624,,,,,,,,
PMX/PNI,Asset Management,0.9454,0.26951,624,,,,,,,,
DCOM/PFBC,Banks - Regional,0.8316,0.26953,624,,,,,,,,
BTA/NXC,Asset Management,0.9606,0.26957,624,,,,,,,,
HBNC/MGYR,Banks - Regional,0.9112,0.26959,624,,,,,,,,
MUJ/NRK,Asset Management,0.9839,0.2696,624,,,,,,,,
LEO/MGF,Asset Management,0.9204,0.26961,624,,,,,,,,
IBOC/SMBK,Banks - Regional,0.9258,0.26961,624,,,,,,,,
PGC/UCB,Banks - Regional,0.9202,0.26961,624,,,,,,,,
FSFG/SNV,Banks - Regional,0.9317,0.26963,624,,,,,,,,
BOTJ/CVBF,Banks - Regional,0.9133,0.26965,624,,,,,,,,
MYN/NCA,Asset Management,0.959,0.26966,624,,,,,,,,
FCCO/IBOC,Banks - Regional,0.8979,0.26966,624,,,,,,,,
EFSC/SMBC,Banks - Regional,0.9563,0.26966,624,,,,,,,,
FAD/IPB,Unknown,0.9498,0.26967,624,,,,,,,,
FMBH/HBNC,Banks - Regional,0.9571,0.26967,624,,,,,,,,
MQY/NOM,Asset Management,0.8174,0.26969,624,,,,,,,,
CFR/SFBC,Banks - Regional,0.9408,0.26969,624,,,,,,,,
FLC/JPC,Asset Management,0.9735,0.2697,624,,,,,,,,
ASB/FRST,Banks - Regional,0.8696,0.26972,624,,,,,,,,
CVBF/PFS,Banks - Regional,0.9248,0.26975,624,,,,,,,,
BCAL/WTBA,Banks - Regional,0.8515,0.26976,624,,,,,,,,
BNY/IGI,Asset Management,0.9217,0.2698,624,,,,,,,,
BN/ETO,Asset Management,0.9794,0.26982,624,,,,,,,,
HPS/NXN,Asset Management,0.9469,0.26985,624,,,,,,,,
NCA/PFO,Asset Management,0.9504,0.26985,624,,,,,,,,
CBFV/INDB,Banks - Regional,0.8483,0.26986,624,,,,,,,,
FCCO/HBAN,Banks - Regional,0.9512,0.26986,624,,,,,,,,
MUA/PYN,Asset Management,0.8806,0.26987,624,,,,,,,,
UNB/WASH,Banks - Regional,0.8373,0.26988,624,,,,,,,,
MVT/PML,Asset Management,0.9378,0.26991,624,,,,,,,,
LEO/NKX,Asset Management,0.9687,0.26991,624,,,,,,,,
BFZ/MYI,Asset Management,0.9798,0.26991,624,,,,,,,,
JHS/NAD,Asset Management,0.9804,0.26991,624,,,,,,,,
BRW/JFR,Asset Management,0.9747,0.26992,624,,,,,,,,
CBFV/PKBK,Banks - Regional,0.899,0.26996,624,,,,,,,,
ETJ/NIE,Asset Management,0.9866,0.26997,624,,,,,,,,
DCOM/PEBK,Banks - Regional,0.8557,0.26999,624,,,,,,,,
MHF/NMZ,Asset Management,0.9657,0.26999,624,,,,,,,,
MUC/NQP,Asset Management,0.9596,0.27003,624,,,,,,,,
BYM/EOT,Asset Management,0.968,0.27003,624,,,,,,,,
CBFV/NBTB,Banks - Regional,0.9269,0.27012,624,,,,,,,,
CHMG/FSFG,Banks - Regional,0.9271,0.27012,624,,,,,,,,
BSRR/UNTY,Banks - Regional,0.9064,0.27019,624,,,,,,,,
MHD/VPV,Asset Management,0.9485,0.27021,624,,,,,,,,
IUSV/SOXX,Unknown,0.9677,0.27021,624,,,,,,,,
BN/ETB,Asset Management,0.9666,0.27021,624,,,,,,,,
EMD/JMM,Asset Management,0.9078,0.27023,624,,,,,,,,
CCNE/FMAO,Banks - Regional,0.9143,0.27023,624,,,,,,,,
BKN/NUW,Asset Management,0.9463,0.27024,624,,,,,,,,
CADE/UBFO,Banks - Regional,0.9382,0.27024,624,,,,,,,,
MHN/PAI,Asset Management,0.9394,0.27028,624,,,,,,,,
CADE/FRST,Banks - Regional,0.8586,0.27029,624,,,,,,,,
PKBK/UCB,Banks - Regional,0.9515,0.2703,624,,,,,,,,
BFK/PYN,Asset Management,0.9229,0.27031,624,,,,,,,,
EFT/JFR,Asset Management,0.983,0.27032,624,,,,,,,,
CVBF/SBFG,Banks - Regional,0.9408,0.27035,624,,,,,,,,
CTBI/RF,Banks - Regional,0.9399,0.27035,624,,,,,,,,
CPT/ELS,REIT - Residential,0.9593,0.27038,624,,,,,,,,
HWC/PFBC,Banks - Regional,0.9219,0.27039,624,,,,,,,,
CZWI/SBSI,Banks - Regional,0.9244,0.2704,624,,,,,,,,
BOH/PEBK,Banks - Regional,0.9153,0.2704,624,,,,,,,,
CXE/LEO,Asset Management,0.9802,0.27041,624,,,,,,,,
OVLY/WBS,Banks - Regional,0.8714,0.27043,624,,,,,,,,
IGI/JHI,Asset Management,0.8966,0.27044,624,,,,,,,,
PFF/SHY,Unknown,0.9049,0.27046,624,,,,,,,,
BSRR/SNV,Banks - Regional,0.9486,0.27047,624,,,,,,,,
PMO/VMO,Asset Management,0.965,0.27048,624,,,,,,,,
BKT/NEA,Asset Management,0.9564,0.27049,624,,,,,,,,
DCOM/GABC,Banks - Regional,0.8786,0.2705,624,,,,,,,,
CHMG/PFS,Banks - Regional,0.8858,0.27051,624,,,,,,,,
FCF/SRCE,Banks - Regional,0.982,0.27053,624,,,,,,,,
AUB/CTBI,Banks - Regional,0.9513,0.27055,624,,,,,,,,
AFB/MUA,Asset Management,0.9757,0.27055,624,,,,,,,,
SFBC/SSB,Banks - Regional,0.9306,0.27057,624,,,,,,,,
CBFV/PGC,Banks - Regional,0.8588,0.2706,624,,,,,,,,
AROW/MGYR,Banks - Regional,0.8829,0.27061,624,,,,,,,,
FNWD/HBNC,Banks - Regional,0.9322,0.27065,624,,,,,,,,
EVN/MVF,Asset Management,0.9754,0.27066,624,,,,,,,,
DSM/NAD,Asset Management,0.9551,0.27073,624,,,,,,,,
FBIZ/OBT,Banks - Regional,0.9285,0.27074,624,,,,,,,,
CACC/MA,Credit Services,0.9028,0.27078,624,,,,,,,,
CII/STK,Asset Management,0.9909,0.27079,624,,,,,,,,
MPA/NKX,Asset Management,0.9787,0.27081,624,,,,,,,,
BOTJ/PB,Banks - Regional,0.9035,0.27083,624,,,,,,,,
EVN/KTF,Asset Management,0.9468,0.27084,624,,,,,,,,
IBCP/MBWM,Banks - Regional,0.9759,0.27085,624,,,,,,,,
BOTJ/OSBC,Banks - Regional,0.9157,0.27087,624,,,,,,,,
PB/SSBI,Banks - Regional,0.812,0.2709,624,,,,,,,,
NCA/OIA,Asset Management,0.9636,0.27092,624,,,,,,,,
CADE/PKBK,Banks - Regional,0.9173,0.27092,624,,,,,,,,
FCCO/THFF,Banks - Regional,0.9618,0.27093,624,,,,,,,,
CCNE/NWFL,Banks - Regional,0.9138,0.27094,624,,,,,,,,
BANR/NWFL,Banks - Regional,0.8811,0.27094,624,,,,,,,,
WABC/WAFD,Banks - Regional,0.9046,0.27094,624,,,,,,,,
NZF/VMO,Asset Management,0.9755,0.27096,624,,,,,,,,
CVBF/WTBA,Banks - Regional,0.9372,0.27098,624,,,,,,,,
MKL/TRV,Insurance - Property & Casualty,0.9631,0.27101,624,,,,,,,,
BANC/FSFG,Banks - Regional,0.8193,0.27101,624,,,,,,,,
CXH/SBI,Asset Management,0.9724,0.27103,624,,,,,,,,
ACWX/PYT,Unknown,0.9395,0.27103,624,,,,,,,,
GSBC/PKBK,Banks - Regional,0.9741,0.27105,624,,,,,,,,
FRST/OPOF,Banks - Regional,0.844,0.27109,624,,,,,,,,
PBHC/WSBC,Banks - Regional,0.9118,0.27113,624,,,,,,,,
PNFP/SBFG,Banks - Regional,0.9253,0.27114,624,,,,,,,,
ASB/PFBC,Banks - Regional,0.9388,0.27116,624,,,,,,,,
BLW/PCN,Asset Management,0.9704,0.27118,624,,,,,,,,
SBFG/SMBC,Banks - Regional,0.9319,0.27118,624,,,,,,,,
HBCP/TOWN,Banks - Regional,0.9799,0.27119,624,,,,,,,,
FISI/UNB,Banks - Regional,0.854,0.2712,624,,,,,,,,
CZWI/WNEB,Banks - Regional,0.8908,0.2712,624,,,,,,,,
CSCI/MRKR,Biotechnology,0.8059,0.27123,624,,,,,,,,
HBCP/UNB,Banks - Regional,0.8524,0.27124,624,,,,,,,,
MGF/NAD,Asset Management,0.9467,0.27124,624,,,,,,,,
BDJ/RJF,Asset Management,0.9635,0.27124,624,,,,,,,,
VLY/WSBF,Banks - Regional,0.8092,0.27128,624,,,,,,,,
NZF/PAI,Asset Management,0.9789,0.27131,624,,,,,,,,
CFFI/OVLY,Banks - Regional,0.9132,0.27132,624,,,,,,,,
RNST/SMBK,Banks - Regional,0.8882,0.27133,624,,,,,,,,
IGI/VTN,Asset Management,0.9403,0.27134,624,,,,,,,,
CZNC/LARK,Banks - Regional,0.903,0.27134,624,,,,,,,,
FTCS/SOXX,Unknown,0.9572,0.27135,624,,,,,,,,
BTA/MHD,Asset Management,0.9351,0.27135,624,,,,,,,,
FCF/PKBK,Banks - Regional,0.9624,0.27137,624,,,,,,,,
ASB/BSRR,Banks - Regional,0.9392,0.27137,624,,,,,,,,
CXE/PCQ,Asset Management,0.908,0.27138,624,,,,,,,,
IFN/JCE,Asset Management,0.9602,0.27138,624,,,,,,,,
COLB/HIFS,Banks - Regional,0.8163,0.2714,624,,,,,,,,
CVBF/HFBL,Banks - Regional,0.9131,0.27142,624,,,,,,,,
MFM/NIM,Asset Management,0.9524,0.27145,624,,,,,,,,
GJH/IGIB,Unknown,0.9505,0.27145,624,,,,,,,,
FMNB/MBWM,Banks - Regional,0.9377,0.27146,624,,,,,,,,
FUND/RJF,Asset Management,0.9668,0.27148,624,,,,,,,,
BRW/JQC,Asset Management,0.9725,0.27148,624,,,,,,,,
PPG/WDFC,Specialty Chemicals,0.888,0.2715,624,,,,,,,,
BTA/JHS,Asset Management,0.973,0.27159,624,,,,,,,,
FNLC/LCNB,Banks - Regional,0.9047,0.27159,624,,,,,,,,
MQT/PAI,Asset Management,0.957,0.2716,624,,,,,,,,
CTBI/FRME,Banks - Regional,0.9441,0.27164,624,,,,,,,,
PB/TRMK,Banks - Regional,0.9478,0.27167,624,,,,,,,,
OPOF/SMBK,Banks - Regional,0.8763,0.27167,624,,,,,,,,
FMN/PMM,Asset Management,0.955,0.2717,624,,,,,,,,
HIFS/PFS,Banks - Regional,0.8876,0.27174,624,,,,,,,,
BLE/MIY,Asset Management,0.9472,0.27174,624,,,,,,,,
FUNC/INDB,Banks - Regional,0.8024,0.27177,624,,,,,,,,
CMU/IGI,Asset Management,0.9609,0.2718,624,,,,,,,,
FRME/HBCP,Banks - Regional,0.963,0.27182,624,,,,,,,,
FFIC/FISI,Banks - Regional,0.9008,0.27183,624,,,,,,,,
GSBC/UNTY,Banks - Regional,0.9186,0.27183,624,,,,,,,,
DDT/GJH,Unknown,0.9536,0.27184,624,,,,,,,,
FUN/HAS,Leisure,0.8404,0.27186,624,,,,,,,,
ATLO/CADE,Banks - Regional,0.8118,0.27186,624,,,,,,,,
DHF/HIX,Asset Management,0.9543,0.27186,624,,,,,,,,
MYN/PAI,Asset Management,0.9464,0.27186,624,,,,,,,,
MGYR/NWBI,Banks - Regional,0.9299,0.27188,624,,,,,,,,
CAC/CNOB,Banks - Regional,0.9262,0.27189,624,,,,,,,,
PFIS/SMBC,Banks - Regional,0.9363,0.27191,624,,,,,,,,
BSRR/OCFC,Banks - Regional,0.8825,0.27192,624,,,,,,,,
MOFG/WSBC,Banks - Regional,0.9476,0.27194,624,,,,,,,,
PPT/SPE,Asset Management,0.8756,0.27196,624,,,,,,,,
CENT/CENTA,Packaged Foods,0.9967,0.27196,624,,,,,,,,
FMN/MMU,Asset Management,0.9666,0.27197,624,,,,,,,,
BOH/MOFG,Banks - Regional,0.92,0.27204,624,,,,,,,,
CATY/MNSB,Banks - Regional,0.8907,0.27204,624,,,,,,,,
BANFP/VGIT,Unknown,0.8225,0.27205,624,,,,,,,,
DTF/NXN,Asset Management,0.9164,0.27207,624,,,,,,,,
ETO/ETW,Asset Management,0.981,0.27209,624,,,,,,,,
ATLO/BFIN,Banks - Regional,0.8182,0.27209,624,,,,,,,,
BPOPM/KTN,Unknown,0.9784,0.2721,624,,,,,,,,
CAC/ISBA,Banks - Regional,0.8566,0.2721,624,,,,,,,,
HPI/MHF,Asset Management,0.9653,0.2721,624,,,,,,,,
HPF/IGI,Asset Management,0.9289,0.27212,624,,,,,,,,
EBMT/UBCP,Banks - Regional,0.877,0.27214,624,,,,,,,,
SMBK/WBS,Banks - Regional,0.9472,0.27218,624,,,,,,,,
FNB/HAFC,Banks - Regional,0.8127,0.27221,624,,,,,,,,
FNB/WSFS,Banks - Regional,0.883,0.27224,624,,,,,,,,
FCF/OPBK,Banks - Regional,0.9521,0.27225,624,,,,,,,,
SBFG/UNTY,Banks - Regional,0.9082,0.27227,624,,,,,,,,
CWBC/WSBC,Banks - Regional,0.931,0.2723,624,,,,,,,,
CIVB/FFIC,Banks - Regional,0.8354,0.27232,624,,,,,,,,
PFBC/UNTY,Banks - Regional,0.9693,0.27232,624,,,,,,,,
CTBI/SSB,Banks - Regional,0.9566,0.27233,624,,,,,,,,
BRKR/SYK,Medical Devices,0.897,0.27235,624,,,,,,,,
BCAL/SSB,Banks - Regional,0.8259,0.27236,624,,,,,,,,
CNOB/CZWI,Banks - Regional,0.9448,0.27237,624,,,,,,,,
EBTC/PB,Banks - Regional,0.9325,0.27237,624,,,,,,,,
BKT/MYI,Asset Management,0.9439,0.27237,624,,,,,,,,
HWBK/SNV,Banks - Regional,0.9046,0.27237,624,,,,,,,,
GOOG/GOOGL,Internet Content & Information,0.9999,0.27238,624,,,,,,,,
HBAN/WSBC,Banks - Regional,0.9122,0.27238,624,,,,,,,,
FNLC/IBOC,Banks - Regional,0.9112,0.27238,624,,,,,,,,
IIM/MYI,Asset Management,0.986,0.27241,624,,,,,,,,
BANR/PKBK,Banks - Regional,0.9389,0.27241,624,,,,,,,,
BOKF/WSBC,Banks - Regional,0.8934,0.27243,624,,,,,,,,
EBTC/USB,Banks - Regional,0.9237,0.27246,624,,,,,,,,
AGD/PCM,Asset Management,0.8843,0.27247,624,,,,,,,,
AUB/PB,Banks - Regional,0.9626,0.2725,624,,,,,,,,
MOFG/UCB,Banks - Regional,0.8257,0.27251,624,,,,,,,,
IGI/PCQ,Asset Management,0.8465,0.27255,624,,,,,,,,
VCV/VPV,Asset Management,0.9757,0.27255,624,,,,,,,,
SMBK/UCB,Banks - Regional,0.9399,0.27257,624,,,,,,,,
FNB/OZK,Banks - Regional,0.9293,0.2726,624,,,,,,,,
CCNE/FLIC,Banks - Regional,0.8106,0.27261,624,,,,,,,,
MUA/PZC,Asset Management,0.931,0.27261,624,,,,,,,,
GAM/SPE,Asset Management,0.9862,0.27263,624,,,,,,,,
PBHC/SRCE,Banks - Regional,0.9195,0.27268,624,,,,,,,,
NUW/PNF,Asset Management,0.9029,0.27268,624,,,,,,,,
BOTJ/FITB,Banks - Regional,0.8735,0.27271,624,,,,,,,,
ASRV/BCBP,Banks - Regional,0.8248,0.27271,624,,,,,,,,
PFS/SFST,Banks - Regional,0.9449,0.27273,624,,,,,,,,
OCFC/WBS,Banks - Regional,0.9134,0.27273,624,,,,,,,,
CIF/WIA,Asset Management,0.9374,0.27277,624,,,,,,,,
BOTJ/RF,Banks - Regional,0.8692,0.27277,624,,,,,,,,
FNLC/OVLY,Banks - Regional,0.9109,0.27278,624,,,,,,,,
MBWM/SMBK,Banks - Regional,0.9488,0.27278,624,,,,,,,,
MUE/NIM,Asset Management,0.9544,0.27279,624,,,,,,,,
IGSB/VGSH,Unknown,0.9901,0.27279,624,,,,,,,,
TFC/WASH,Banks - Regional,0.9285,0.2728,624,,,,,,,,
BANC/SBCF,Banks - Regional,0.8465,0.2728,624,,,,,,,,
NMT/NQP,Asset Management,0.952,0.27282,624,,,,,,,,
BOTJ/TCBK,Banks - Regional,0.9149,0.27285,624,,,,,,,,
MIY/NIM,Asset Management,0.9761,0.27285,624,,,,,,,,
NAN/NQP,Asset Management,0.9845,0.27291,624,,,,,,,,
ESSA/ORRF,Banks - Regional,0.831,0.27292,624,,,,,,,,
EMB/TVE,Unknown,0.96,0.27292,624,,,,,,,,
ACHV/WINT,Biotechnology,0.85,0.27294,624,,,,,,,,
MOFG/PEBK,Banks - Regional,0.8803,0.27295,624,,,,,,,,
MYI/PMM,Asset Management,0.9732,0.27295,624,,,,,,,,
EVT/SPXX,Asset Management,0.9904,0.27297,624,,,,,,,,
FISI/FMNB,Banks - Regional,0.8909,0.27298,624,,,,,,,,
MHD/NMZ,Asset Management,0.9548,0.27298,624,,,,,,,,
CHMG/RVSB,Banks - Regional,0.8433,0.27299,624,,,,,,,,
PB/TCBK,Banks - Regional,0.955,0.27299,624,,,,,,,,
HFWA/OVBC,Banks - Regional,0.9021,0.273,624,,,,,,,,
FRAF/HBCP,Banks - Regional,0.9616,0.273,624,,,,,,,,
CZWI/PEBK,Banks - Regional,0.9398,0.27303,624,,,,,,,,
BRKL/SMBK,Banks - Regional,0.8586,0.27305,624,,,,,,,,
NBTB/SFST,Banks - Regional,0.8497,0.27305,624,,,,,,,,
INDB/UNTY,Banks - Regional,0.8161,0.27307,624,,,,,,,,
FCCO/RBCAA,Banks - Regional,0.907,0.27311,624,,,,,,,,
DCOM/PPBI,Banks - Regional,0.9212,0.27314,624,,,,,,,,
CWBC/NBTB,Banks - Regional,0.9265,0.27316,624,,,,,,,,
CADE/MBWM,Banks - Regional,0.9401,0.27317,624,,,,,,,,
OPOF/WNEB,Banks - Regional,0.8823,0.27317,624,,,,,,,,
HPI/MMU,Asset Management,0.9098,0.27319,624,,,,,,,,
BFK/NAZ,Asset Management,0.9524,0.27321,624,,,,,,,,
FITB/HIFS,Banks - Regional,0.9112,0.27321,624,,,,,,,,
NWFL/OSBC,Banks - Regional,0.9336,0.27322,624,,,,,,,,
MCR/NUV,Asset Management,0.959,0.27323,624,,,,,,,,
CZWI/SBFG,Banks - Regional,0.939,0.27323,624,,,,,,,,
AUB/NRIM,Banks - Regional,0.8109,0.27323,624,,,,,,,,
IBOC/UBFO,Banks - Regional,0.8919,0.27328,624,,,,,,,,
BUSE/FFIC,Banks - Regional,0.8462,0.27328,624,,,,,,,,
TVE/VGSH,Unknown,0.8741,0.27332,624,,,,,,,,
PFF/USIG,Unknown,0.9675,0.27333,624,,,,,,,,
BOKF/HIFS,Banks - Regional,0.8875,0.27333,624,,,,,,,,
PCK/PZC,Asset Management,0.9578,0.27333,624,,,,,,,,
FBIZ/FNB,Banks - Regional,0.9378,0.27339,624,,,,,,,,
EBTC/WSBC,Banks - Regional,0.9261,0.2734,624,,,,,,,,
GABC/QCRH,Banks - Regional,0.9544,0.27346,624,,,,,,,,
BCAL/MBCN,Banks - Regional,0.9011,0.27347,624,,,,,,,,
PCQ/PNF,Asset Management,0.9531,0.27349,624,,,,,,,,
EFSC/SMBK,Banks - Regional,0.9662,0.27349,624,,,,,,,,
ASB/SRCE,Banks - Regional,0.9528,0.27354,624,,,,,,,,
MMU/NOM,Asset Management,0.8283,0.27355,624,,,,,,,,
PEBO/WASH,Banks - Regional,0.8493,0.27359,624,,,,,,,,
BLIN/VHC,Software - Infrastructure,0.8077,0.27359,624,,,,,,,,
CCBG/VABK,Banks - Regional,0.9172,0.27359,624,,,,,,,,
BFZ/MHF,Asset Management,0.9313,0.2736,624,,,,,,,,
ACM/STN,Engineering & Construction,0.9672,0.27363,624,,,,,,,,
OSBC/SFBC,Banks - Regional,0.952,0.27363,624,,,,,,,,
COFS/HFBL,Banks - Regional,0.809,0.27368,624,,,,,,,,
PNFP/SFST,Banks - Regional,0.8635,0.27369,624,,,,,,,,
MGYR/SBFG,Banks - Regional,0.9386,0.27379,624,,,,,,,,
CWBC/KEY,Banks - Regional,0.9293,0.27382,624,,,,,,,,
ESSA/WTBA,Banks - Regional,0.8494,0.27384,624,,,,,,,,
RCS/TSI,Asset Management,0.8669,0.27385,624,,,,,,,,
CTBI/FSFG,Banks - Regional,0.9201,0.27389,624,,,,,,,,
ATLO/FBNC,Banks - Regional,0.8015,0.27393,624,,,,,,,,
DSM/NNY,Asset Management,0.9571,0.27394,624,,,,,,,,
ETY/SOR,Asset Management,0.9871,0.27394,624,,,,,,,,
CCNE/FRME,Banks - Regional,0.9624,0.27395,624,,,,,,,,
MQY/NNY,Asset Management,0.9724,0.27396,624,,,,,,,,
MGF/MHD,Asset Management,0.8899,0.27397,624,,,,,,,,
CVBF/PEBK,Banks - Regional,0.9346,0.27399,624,,,,,,,,
CVBF/CZWI,Banks - Regional,0.9141,0.274,624,,,,,,,,
INDB/SHBI,Banks - Regional,0.9038,0.27402,624,,,,,,,,
BOH/MPB,Banks - Regional,0.9238,0.27403,624,,,,,,,,
FNLC/WAFD,Banks - Regional,0.9655,0.27403,624,,,,,,,,
FRAF/MNSB,Banks - Regional,0.9305,0.27403,624,,,,,,,,
BOTJ/QCRH,Banks - Regional,0.8966,0.27405,624,,,,,,,,
BN/ETV,Asset Management,0.969,0.27406,624,,,,,,,,
ACM/FIX,Engineering & Construction,0.893,0.27407,624,,,,,,,,
CMU/KTF,Asset Management,0.9285,0.27407,624,,,,,,,,
CNXN/NSIT,Electronics & Computer Distribution,0.9234,0.27407,624,,,,,,,,
PLBC/RF,Banks - Regional,0.9719,0.27411,624,,,,,,,,
AWF/DHF,Asset Management,0.9746,0.27412,624,,,,,,,,
IQI/MMU,Asset Management,0.9661,0.27413,624,,,,,,,,
BRKL/BSRR,Banks - Regional,0.8867,0.27414,624,,,,,,,,
FCCO/LKFN,Banks - Regional,0.8951,0.27415,624,,,,,,,,
BANR/WNEB,Banks - Regional,0.8484,0.27415,624,,,,,,,,
FLC/OIA,Asset Management,0.9694,0.27416,624,,,,,,,,
SFNC/SNV,Banks - Regional,0.8948,0.27417,624,,,,,,,,
MFM/VCV,Asset Management,0.98,0.27418,624,,,,,,,,
FRST/WASH,Banks - Regional,0.9436,0.27418,624,,,,,,,,
EOT/JHI,Asset Management,0.8678,0.27418,624,,,,,,,,
EVN/FLC,Asset Management,0.9679,0.27424,624,,,,,,,,
BCAL/LCNB,Banks - Regional,0.8177,0.27424,624,,,,,,,,
CYCC/MEIP,Biotechnology,0.8135,0.27427,624,,,,,,,,
MVF/NCA,Asset Management,0.9582,0.27427,624,,,,,,,,
PNF/VBF,Asset Management,0.8105,0.27427,624,,,,,,,,
FBIZ/SMBC,Banks - Regional,0.9308,0.27428,624,,,,,,,,
ESSA/RBCAA,Banks - Regional,0.9368,0.27428,624,,,,,,,,
CWBC/SBSI,Banks - Regional,0.9472,0.27428,624,,,,,,,,
ASB/HBNC,Banks - Regional,0.9265,0.27428,624,,,,,,,,
CPRX/VRTX,Biotechnology,0.9165,0.27435,624,,,,,,,,
GCV/TROW,Asset Management,0.9517,0.27435,624,,,,,,,,
HBCP/SFST,Banks - Regional,0.8868,0.27436,624,,,,,,,,
PUI/VCSH,Unknown,0.9654,0.27436,624,,,,,,,,
DSM/VBF,Asset Management,0.9099,0.27436,624,,,,,,,,
IBOC/MBCN,Banks - Regional,0.9262,0.27437,624,,,,,,,,
CAC/QCRH,Banks - Regional,0.927,0.27443,624,,,,,,,,
NBTB/WAFD,Banks - Regional,0.9556,0.27443,624,,,,,,,,
BSRR/FRME,Banks - Regional,0.9591,0.27444,624,,,,,,,,
PFIS/UNTY,Banks - Regional,0.8906,0.27445,624,,,,,,,,
FISI/SHBI,Banks - Regional,0.8702,0.27447,624,,,,,,,,
CARE/CCNE,Banks - Regional,0.9032,0.27448,624,,,,,,,,
NCA/PNI,Asset Management,0.857,0.27449,624,,,,,,,,
BOTJ/FCBC,Banks - Regional,0.8666,0.2745,624,,,,,,,,
HFWA/MPB,Banks - Regional,0.9437,0.27451,624,,,,,,,,
MYN/NIM,Asset Management,0.9583,0.27454,624,,,,,,,,
OCFC/UCB,Banks - Regional,0.8242,0.27455,624,,,,,,,,
CRM/DSGX,Software - Application,0.957,0.27457,624,,,,,,,,
BKN/VPV,Asset Management,0.9597,0.27457,624,,,,,,,,
FCCO/SSBI,Banks - Regional,0.8147,0.27461,624,,,,,,,,
NVG/NXN,Asset Management,0.9646,0.27462,624,,,,,,,,
MCR/NXC,Asset Management,0.9348,0.27463,624,,,,,,,,
CXE/HPS,Asset Management,0.8681,0.27464,624,,,,,,,,
CGAU/SA,Gold,0.8522,0.27465,624,,,,,,,,
HBAN/HBCP,Banks - Regional,0.9657,0.2747,624,,,,,,,,
BKT/MVF,Asset Management,0.9456,0.27473,624,,,,,,,,
CCK/SLGN,Packaging & Containers,0.9009,0.27474,624,,,,,,,,
PEBO/PFIS,Banks - Regional,0.9322,0.27478,624,,,,,,,,
MLM/VMC,Building Materials,0.9907,0.27479,624,,,,,,,,
LEO/PCK,Asset Management,0.9319,0.27481,624,,,,,,,,
FNLC/GCBC,Banks - Regional,0.8792,0.27486,624,,,,,,,,
QQXT/SMH,Unknown,0.9273,0.27487,624,,,,,,,,
MPB/RVSB,Banks - Regional,0.9165,0.27488,624,,,,,,,,
COFS/MBWM,Banks - Regional,0.921,0.27489,624,,,,,,,,
EBTC/NEWT,Banks - Regional,0.8317,0.27489,624,,,,,,,,
CHCO/FCCO,Banks - Regional,0.8945,0.2749,624,,,,,,,,
EOD/FOF,Asset Management,0.9654,0.2749,624,,,,,,,,
NWFL/PNC,Banks - Regional,0.8612,0.27494,624,,,,,,,,
FULT/OVLY,Banks - Regional,0.8935,0.27495,624,,,,,,,,
BCAL/SFBC,Banks - Regional,0.8884,0.27495,624,,,,,,,,
FMNB/WSFS,Banks - Regional,0.9586,0.27495,624,,,,,,,,
BFK/MFM,Asset Management,0.9723,0.27496,624,,,,,,,,
MYN/VBF,Asset Management,0.9406,0.27497,624,,,,,,,,
NQP/NZF,Asset Management,0.9852,0.27499,624,,,,,,,,
JHS/OIA,Asset Management,0.9569,0.27501,624,,,,,,,,
PCN/TY,Asset Management,0.9831,0.27503,624,,,,,,,,
ADSK/NICE,Software - Application,0.9522,0.27504,624,,,,,,,,
CADE/CATY,Banks - Regional,0.9488,0.27504,624,,,,,,,,
BFIN/RVSB,Banks - Regional,0.8248,0.27508,624,,,,,,,,
HTBK/SMBC,Banks - Regional,0.8504,0.27509,624,,,,,,,,
CVBF/CWBC,Banks - Regional,0.929,0.27512,624,,,,,,,,
PCM/SPXX,Asset Management,0.9361,0.27512,624,,,,,,,,
CHMG/MBCN,Banks - Regional,0.9485,0.27512,624,,,,,,,,
BANF/PLBC,Banks - Regional,0.9651,0.27513,624,,,,,,,,
CVBF/EBTC,Banks - Regional,0.9265,0.27513,624,,,,,,,,
BANR/CAC,Banks - Regional,0.939,0.27514,624,,,,,,,,
EBTC/HWC,Banks - Regional,0.8743,0.27516,624,,,,,,,,
FFBC/GCBC,Banks - Regional,0.8365,0.27518,624,,,,,,,,
SBCF/SHBI,Banks - Regional,0.9287,0.27519,624,,,,,,,,
CHY/TROW,Asset Management,0.9216,0.27519,624,,,,,,,,
CHMG/PKBK,Banks - Regional,0.9516,0.2752,624,,,,,,,,
NMM/SB,Marine Shipping,0.8059,0.2752,624,,,,,,,,
KTF/PAI,Asset Management,0.8777,0.27521,624,,,,,,,,
FLS/GHM,Specialty Industrial Machinery,0.8143,0.27522,624,,,,,,,,
CHI/RMT,Asset Management,0.9883,0.27522,624,,,,,,,,
BOH/FLIC,Banks - Regional,0.8505,0.27522,624,,,,,,,,
GJP/IMCV,Unknown,0.9469,0.27525,624,,,,,,,,
FNB/WTBA,Banks - Regional,0.8208,0.27526,624,,,,,,,,
ARCC/RJF,Asset Management,0.9846,0.27527,624,,,,,,,,
EFSC/MNSB,Banks - Regional,0.9195,0.27527,624,,,,,,,,
NXC/VCV,Asset Management,0.9606,0.27527,624,,,,,,,,
CMA/CZWI,Banks - Regional,0.9151,0.27528,624,,,,,,,,
CZWI/PPBI,Banks - Regional,0.9117,0.27528,624,,,,,,,,
NWFL/SRCE,Banks - Regional,0.9174,0.27529,624,,,,,,,,
INDB/WTBA,Banks - Regional,0.9437,0.27529,624,,,,,,,,
MMU/NAZ,Asset Management,0.9346,0.2753,624,,,,,,,,
FMBH/SNV,Banks - Regional,0.9354,0.27531,624,,,,,,,,
BCAL/GABC,Banks - Regional,0.8967,0.27532,624,,,,,,,,
OPOF/SHBI,Banks - Regional,0.8584,0.27535,624,,,,,,,,
FAST/POOL,Industrial Distribution,0.9037,0.27536,624,,,,,,,,
BHK/NXC,Asset Management,0.9558,0.27536,624,,,,,,,,
HFWA/SBFG,Banks - Regional,0.9244,0.27537,624,,,,,,,,
GJO/PFM,Unknown,0.9811,0.27542,624,,,,,,,,
CHI/CHY,Asset Management,0.9972,0.27542,624,,,,,,,,
GSBC/LARK,Banks - Regional,0.9029,0.27545,624,,,,,,,,
DCO/HEI,Aerospace & Defense,0.9326,0.27548,624,,,,,,,,
NCA/SBI,Asset Management,0.9707,0.27548,624,,,,,,,,
BKT/NIM,Asset Management,0.9363,0.2755,624,,,,,,,,
CCNE/OVBC,Banks - Regional,0.9004,0.27551,624,,,,,,,,
CBFV/WSBC,Banks - Regional,0.8719,0.27552,624,,,,,,,,
FCCO/WAFD,Banks - Regional,0.9501,0.27552,624,,,,,,,,
NAZ/SBI,Asset Management,0.9623,0.27553,624,,,,,,,,
BANF/UNTY,Banks - Regional,0.9683,0.27554,624,,,,,,,,
CZFS/NWFL,Banks - Regional,0.8805,0.27554,624,,,,,,,,
PB/WSFS,Banks - Regional,0.9408,0.27555,624,,,,,,,,
MHN/NQP,Asset Management,0.9658,0.27559,624,,,,,,,,
FRA/HTGC,Asset Management,0.9809,0.2756,624,,,,,,,,
NVG/PFO,Asset Management,0.9799,0.27562,624,,,,,,,,
CTBI/EFSC,Banks - Regional,0.9591,0.27563,624,,,,,,,,
FISI/KRNY,Banks - Regional,0.8272,0.27563,624,,,,,,,,
EBTC/HWBK,Banks - Regional,0.9178,0.27564,624,,,,,,,,
INDB/TSBK,Banks - Regional,0.9266,0.27565,624,,,,,,,,
GJR/SHV,Unknown,0.9398,0.27565,624,,,,,,,,
CHMG/FCF,Banks - Regional,0.9655,0.27565,624,,,,,,,,
FLIC/PFS,Banks - Regional,0.8786,0.27567,624,,,,,,,,
ASB/FBNC,Banks - Regional,0.9246,0.27573,624,,,,,,,,
GJH/VGSH,Unknown,0.9501,0.27574,624,,,,,,,,
CASS/PRSU,Specialty Business Services,0.8265,0.27576,624,,,,,,,,
BLE/CMU,Asset Management,0.9722,0.27576,624,,,,,,,,
EOT/MIN,Asset Management,0.8733,0.27577,624,,,,,,,,
CZWI/SSB,Banks - Regional,0.9469,0.27577,624,,,,,,,,
SNV/WAL,Banks - Regional,0.9329,0.27581,624,,,,,,,,
IBCP/PEBO,Banks - Regional,0.9467,0.27583,624,,,,,,,,
NBTB/PFBC,Banks - Regional,0.9729,0.27583,624,,,,,,,,
DCOM/EBMT,Banks - Regional,0.8705,0.27583,624,,,,,,,,
BVFL/HWBK,Banks - Regional,0.832,0.27583,624,,,,,,,,
DCOM/KEY,Banks - Regional,0.9244,0.27586,624,,,,,,,,
DIOD/UMC,Semiconductors,0.9294,0.27589,624,,,,,,,,
CVBF/UBCP,Banks - Regional,0.8914,0.27589,624,,,,,,,,
PMX/PZC,Asset Management,0.9624,0.27591,624,,,,,,,,
DHF/PFN,Asset Management,0.963,0.27592,624,,,,,,,,
COFS/FFBC,Banks - Regional,0.8351,0.27596,624,,,,,,,,
FCCO/SSB,Banks - Regional,0.9348,0.27599,624,,,,,,,,
OCFC/WSFS,Banks - Regional,0.9142,0.276,624,,,,,,,,
ETO/JCE,Asset Management,0.9831,0.27601,624,,,,,,,,
BKN/MGF,Asset Management,0.9332,0.27602,624,,,,,,,,
AUB/OPOF,Banks - Regional,0.8262,0.27602,624,,,,,,,,
CXH/VMO,Asset Management,0.9852,0.27603,624,,,,,,,,
HTGC/SPE,Asset Management,0.9708,0.27604,624,,,,,,,,
BTA/MYN,Asset Management,0.961,0.27604,624,,,,,,,,
CHCO/CZWI,Banks - Regional,0.843,0.27605,624,,,,,,,,
BRKL/UNB,Banks - Regional,0.8708,0.27605,624,,,,,,,,
LEO/MYI,Asset Management,0.9702,0.27606,624,,,,,,,,
CRM/ROP,Software - Application,0.9689,0.27607,624,,,,,,,,
CXE/PMO,Asset Management,0.9329,0.2761,624,,,,,,,,
BYM/NVG,Asset Management,0.9772,0.27612,624,,,,,,,,
HWBK/NWFL,Banks - Regional,0.9037,0.27612,624,,,,,,,,
EVN/JHS,Asset Management,0.9615,0.27613,624,,,,,,,,
NIM/VTN,Asset Management,0.9307,0.27614,624,,,,,,,,
BOKF/WTFC,Banks - Regional,0.97,0.27614,624,,,,,,,,
LCNB/SMBK,Banks - Regional,0.8865,0.27615,624,,,,,,,,
JHS/MHN,Asset Management,0.9567,0.27615,624,,,,,,,,
CVBF/FMAO,Banks - Regional,0.8797,0.27617,624,,,,,,,,
BYM/CXE,Asset Management,0.9569,0.27617,624,,,,,,,,
PSTV/WINT,Biotechnology,0.8519,0.27617,624,,,,,,,,
IBOC/RBCAA,Banks - Regional,0.9757,0.2762,624,,,,,,,,
AUB/OCFC,Banks - Regional,0.8916,0.27621,624,,,,,,,,
ATLO/PROV,Banks - Regional,0.871,0.27624,624,,,,,,,,
CAC/PGC,Banks - Regional,0.9375,0.27626,624,,,,,,,,
NOV/OIS,Oil & Gas Equipment & Services,0.9662,0.27627,624,,,,,,,,
EFSC/HTBK,Banks - Regional,0.9296,0.27627,624,,,,,,,,
BOTJ/RVSB,Banks - Regional,0.9063,0.27628,624,,,,,,,,
RVT/TWN,Asset Management,0.9335,0.27629,624,,,,,,,,
MBCN/UNTY,Banks - Regional,0.9232,0.2763,624,,,,,,,,
CADE/FBNC,Banks - Regional,0.928,0.27637,624,,,,,,,,
EVN/MMU,Asset Management,0.9683,0.27637,624,,,,,,,,
INDB/WBS,Banks - Regional,0.9234,0.27638,624,,,,,,,,
THFF/TSBK,Banks - Regional,0.9449,0.27639,624,,,,,,,,
CBFV/STBA,Banks - Regional,0.937,0.2764,624,,,,,,,,
PEBK/PLBC,Banks - Regional,0.9063,0.27642,624,,,,,,,,
GJP/JBK,Unknown,0.9301,0.27646,624,,,,,,,,
NWFL/ONB,Banks - Regional,0.8861,0.27648,624,,,,,,,,
TRMK/UNTY,Banks - Regional,0.9129,0.27651,624,,,,,,,,
THFF/WNEB,Banks - Regional,0.8756,0.27651,624,,,,,,,,
BBH/PTH,Unknown,0.9218,0.27652,624,,,,,,,,
CXE/MIN,Asset Management,0.8479,0.27655,624,,,,,,,,
CHCO/OVLY,Banks - Regional,0.9695,0.27656,624,,,,,,,,
HWC/UVSP,Banks - Regional,0.9178,0.27656,624,,,,,,,,
FBIZ/PLBC,Banks - Regional,0.9147,0.27656,624,,,,,,,,
BCAL/SSBI,Banks - Regional,0.8267,0.27657,624,,,,,,,,
CATY/QCRH,Banks - Regional,0.9657,0.27658,624,,,,,,,,
G/WNS,Information Technology Services,0.9562,0.27658,624,,,,,,,,
OVBC/STBA,Banks - Regional,0.8641,0.27661,624,,,,,,,,
GDV/RMT,Asset Management,0.9862,0.27662,624,,,,,,,,
CVBF/THFF,Banks - Regional,0.9421,0.27663,624,,,,,,,,
BOKF/CMA,Banks - Regional,0.8946,0.27668,624,,,,,,,,
BANC/ZION,Banks - Regional,0.8213,0.27669,624,,,,,,,,
NAD/NXP,Asset Management,0.9592,0.2767,624,,,,,,,,
GOF/PCF,Asset Management,0.9816,0.27671,624,,,,,,,,
BBH/PEZ,Unknown,0.8965,0.27672,624,,,,,,,,
CWBC/PGC,Banks - Regional,0.9407,0.27672,624,,,,,,,,
SMBC/WTFC,Banks - Regional,0.9584,0.27674,624,,,,,,,,
BGT/VVR,Asset Management,0.9887,0.27678,624,,,,,,,,
IIM/NAZ,Asset Management,0.9657,0.27679,624,,,,,,,,
ASRV/BMRC,Banks - Regional,0.8792,0.2768,624,,,,,,,,
CBAN/CHCO,Banks - Regional,0.8243,0.27681,624,,,,,,,,
DCOM/WAL,Banks - Regional,0.884,0.27682,624,,,,,,,,
PEBK/WSBC,Banks - Regional,0.9293,0.27684,624,,,,,,,,
SBFG/TOWN,Banks - Regional,0.9472,0.27686,624,,,,,,,,
COLB/MOFG,Banks - Regional,0.8818,0.27686,624,,,,,,,,
BSRR/SRCE,Banks - Regional,0.9545,0.27688,624,,,,,,,,
FRME/HBAN,Banks - Regional,0.9662,0.27688,624,,,,,,,,
CBAN/FNWD,Banks - Regional,0.9248,0.27688,624,,,,,,,,
CXH/NKX,Asset Management,0.9828,0.27689,624,,,,,,,,
BUSE/HWC,Banks - Regional,0.8653,0.2769,624,,,,,,,,
EBTC/FHN,Banks - Regional,0.8642,0.27691,624,,,,,,,,
MGYR/SFBC,Banks - Regional,0.9589,0.27692,624,,,,,,,,
NBTB/PLBC,Banks - Regional,0.9489,0.27692,624,,,,,,,,
DSGX/MANH,Software - Application,0.9576,0.27693,624,,,,,,,,
BKT/NMT,Asset Management,0.9555,0.27694,624,,,,,,,,
MGYR/PB,Banks - Regional,0.9333,0.27695,624,,,,,,,,
BANC/DCOM,Banks - Regional,0.8814,0.27698,624,,,,,,,,
FCCO/NRIM,Banks - Regional,0.8269,0.27699,624,,,,,,,,
EBTC/MTB,Banks - Regional,0.9368,0.277,624,,,,,,,,
BTZ/FMY,Asset Management,0.9366,0.27702,624,,,,,,,,
CMU/VMO,Asset Management,0.9653,0.27703,624,,,,,,,,
HTGC/STEW,Asset Management,0.9664,0.27704,624,,,,,,,,
FDBC/OVBC,Banks - Regional,0.8111,0.27707,624,,,,,,,,
BRKL/MGYR,Banks - Regional,0.8275,0.27707,624,,,,,,,,
BOKF/NKSH,Banks - Regional,0.8489,0.27708,624,,,,,,,,
BCAL/ONB,Banks - Regional,0.8582,0.27708,624,,,,,,,,
CWBC/FBNC,Banks - Regional,0.9485,0.27709,624,,,,,,,,
HPI/NUV,Asset Management,0.9365,0.2771,624,,,,,,,,
BKT/FMN,Asset Management,0.9619,0.27711,624,,,,,,,,
COFS/FCF,Banks - Regional,0.893,0.27712,624,,,,,,,,
DCOM/HWBK,Banks - Regional,0.8183,0.27718,624,,,,,,,,
BFZ/MCR,Asset Management,0.876,0.27719,624,,,,,,,,
MYD/PCK,Asset Management,0.9168,0.27719,624,,,,,,,,
PMM/SBI,Asset Management,0.9448,0.27719,624,,,,,,,,
RBCAA/VABK,Banks - Regional,0.9172,0.2772,624,,,,,,,,
AOD/GOF,Asset Management,0.9633,0.27725,624,,,,,,,,
AUB/OPBK,Banks - Regional,0.9375,0.27725,624,,,,,,,,
GABC/SFST,Banks - Regional,0.9214,0.27726,624,,,,,,,,
CMU/NEA,Asset Management,0.9474,0.27728,624,,,,,,,,
GDO/NMZ,Asset Management,0.9729,0.27729,624,,,,,,,,
SAR/SPXX,Asset Management,0.9794,0.27729,624,,,,,,,,
CWBC/INDB,Banks - Regional,0.9347,0.2773,624,,,,,,,,
INDB/PEBK,Banks - Regional,0.9221,0.27732,624,,,,,,,,
BANR/RVSB,Banks - Regional,0.8502,0.27737,624,,,,,,,,
BCAL/BOH,Banks - Regional,0.8365,0.27739,624,,,,,,,,
MVT/PCK,Asset Management,0.9471,0.27742,624,,,,,,,,
FBIZ/SFBC,Banks - Regional,0.9177,0.27742,624,,,,,,,,
CWBC/RBCAA,Banks - Regional,0.861,0.27743,624,,,,,,,,
ATLO/PB,Banks - Regional,0.8052,0.27743,624,,,,,,,,
NBTB/PFS,Banks - Regional,0.8696,0.27743,624,,,,,,,,
FMY/NNY,Asset Management,0.8592,0.27746,624,,,,,,,,
CXE/MQT,Asset Management,0.9563,0.27749,624,,,,,,,,
BBH/KTN,Unknown,0.9534,0.27749,624,,,,,,,,
CCBG/CHCO,Banks - Regional,0.9737,0.2775,624,,,,,,,,
UCB/VLY,Banks - Regional,0.8787,0.27751,624,,,,,,,,
FBIZ/HBCP,Banks - Regional,0.8896,0.27756,624,,,,,,,,
EWBC/SFBC,Banks - Regional,0.953,0.27757,624,,,,,,,,
NAN/NNY,Asset Management,0.9761,0.27757,624,,,,,,,,
EBTC/TOWN,Banks - Regional,0.9572,0.27759,624,,,,,,,,
BANC/EBTC,Banks - Regional,0.8486,0.2776,624,,,,,,,,
ABEO/ORKA,Biotechnology,0.9294,0.2776,624,,,,,,,,
AGD/IFN,Asset Management,0.9548,0.27765,624,,,,,,,,
CAE/WWD,Aerospace & Defense,0.8132,0.27765,624,,,,,,,,
ASB/CBAN,Banks - Regional,0.8953,0.27768,624,,,,,,,,
DCOM/PNFP,Banks - Regional,0.8751,0.27768,624,,,,,,,,
INDB/SMBC,Banks - Regional,0.8804,0.27769,624,,,,,,,,
CHCO/GCBC,Banks - Regional,0.946,0.27769,624,,,,,,,,
NAC/PMO,Asset Management,0.959,0.27769,624,,,,,,,,
WABC/WTBA,Banks - Regional,0.8617,0.27771,624,,,,,,,,
FUNC/ORRF,Banks - Regional,0.8175,0.27771,624,,,,,,,,
CTBI/OPBK,Banks - Regional,0.9541,0.27771,624,,,,,,,,
OIA/VKQ,Asset Management,0.9601,0.27772,624,,,,,,,,
NRIM/VABK,Banks - Regional,0.8331,0.27772,624,,,,,,,,
MGF/NNY,Asset Management,0.9268,0.27772,624,,,,,,,,
CHI/TWN,Asset Management,0.9477,0.27773,624,,,,,,,,
NIM/PNF,Asset Management,0.8399,0.27774,624,,,,,,,,
CATY/ESSA,Banks - Regional,0.9383,0.27774,624,,,,,,,,
BCAL/FITB,Banks - Regional,0.8557,0.27775,624,,,,,,,,
BYM/NCA,Asset Management,0.9625,0.27777,624,,,,,,,,
FMAO/LSBK,Banks - Regional,0.8624,0.27777,624,,,,,,,,
JHI/MHF,Asset Management,0.9265,0.27778,624,,,,,,,,
OVLY/PLBC,Banks - Regional,0.9677,0.27781,624,,,,,,,,
MUJ/VMO,Asset Management,0.9814,0.27783,624,,,,,,,,
PBHC/WTBA,Banks - Regional,0.9394,0.27783,624,,,,,,,,
BOH/HBNC,Banks - Regional,0.968,0.27786,624,,,,,,,,
DSM/MUC,Asset Management,0.9771,0.27788,624,,,,,,,,
ASRV/DCOM,Banks - Regional,0.8302,0.27788,624,,,,,,,,
BFK/GDO,Asset Management,0.9213,0.27789,624,,,,,,,,
FFC/NEA,Asset Management,0.9756,0.27789,624,,,,,,,,
FCCO/FMBH,Banks - Regional,0.9393,0.27793,624,,,,,,,,
BFIN/BUSE,Banks - Regional,0.8642,0.27799,624,,,,,,,,
ESSA/GCBC,Banks - Regional,0.9301,0.27799,624,,,,,,,,
HTBK/PEBK,Banks - Regional,0.9229,0.27801,624,,,,,,,,
POWI/TXN,Semiconductors,0.9364,0.27802,624,,,,,,,,
BME/ETJ,Asset Management,0.9555,0.27803,624,,,,,,,,
FITB/WTBA,Banks - Regional,0.8963,0.27803,624,,,,,,,,
DTF/MIN,Asset Management,0.8313,0.27804,624,,,,,,,,
BRKL/FRST,Banks - Regional,0.9347,0.27805,624,,,,,,,,
FULT/PFBC,Banks - Regional,0.9673,0.27806,624,,,,,,,,
WABC/WBS,Banks - Regional,0.8533,0.27806,624,,,,,,,,
ASB/MBCN,Banks - Regional,0.8917,0.27807,624,,,,,,,,
FCCO/FMNB,Banks - Regional,0.9611,0.27808,624,,,,,,,,
ALV/LEA,Auto Parts,0.8505,0.27809,624,,,,,,,,
CHMG/HBAN,Banks - Regional,0.9497,0.2781,624,,,,,,,,
LEO/NUW,Asset Management,0.9695,0.27812,624,,,,,,,,
NEWT/SFBC,Banks - Regional,0.85,0.27814,624,,,,,,,,
BCML/HWBK,Banks - Regional,0.9276,0.27814,624,,,,,,,,
EOD/TWN,Asset Management,0.9593,0.27815,624,,,,,,,,
FFIC/HBNC,Banks - Regional,0.8785,0.27815,624,,,,,,,,
GABC/HBCP,Banks - Regional,0.9601,0.27818,624,,,,,,,,
IAE/RMT,Asset Management,0.8663,0.2782,624,,,,,,,,
FMN/GDO,Asset Management,0.9313,0.2782,624,,,,,,,,
HWBK/OPOF,Banks - Regional,0.8272,0.27822,624,,,,,,,,
BRW/MAIN,Asset Management,0.9673,0.27823,624,,,,,,,,
PFN/TY,Asset Management,0.9863,0.27823,624,,,,,,,,
BFZ/MVT,Asset Management,0.9558,0.27826,624,,,,,,,,
INDB/MPB,Banks - Regional,0.9427,0.27826,624,,,,,,,,
NWFL/SBCF,Banks - Regional,0.8956,0.27827,624,,,,,,,,
CQP/EPD,Oil & Gas Midstream,0.9139,0.27828,624,,,,,,,,
CRK/OVV,Oil & Gas E&P,0.9162,0.27829,624,,,,,,,,
GABC/PBHC,Banks - Regional,0.9356,0.27829,624,,,,,,,,
MGF/NUW,Asset Management,0.9019,0.27831,624,,,,,,,,
NAN/NKX,Asset Management,0.988,0.27831,624,,,,,,,,
FFBC/WBS,Banks - Regional,0.9718,0.27834,624,,,,,,,,
MMU/NQP,Asset Management,0.9377,0.27836,624,,,,,,,,
FULT/SSB,Banks - Regional,0.9539,0.27836,624,,,,,,,,
MIN/NIM,Asset Management,0.9397,0.27838,624,,,,,,,,
CXE/NAN,Asset Management,0.9638,0.2784,624,,,,,,,,
MGF/NAN,Asset Management,0.9415,0.27842,624,,,,,,,,
ARCC/GLAD,Asset Management,0.9845,0.27842,624,,,,,,,,
MGYR/USB,Banks - Regional,0.9056,0.27843,624,,,,,,,,
NZF/VPV,Asset Management,0.977,0.27844,624,,,,,,,,
NUV/OIA,Asset Management,0.9711,0.27845,624,,,,,,,,
NKX/NUV,Asset Management,0.9772,0.27845,624,,,,,,,,
AGCO/OSK,Farm & Heavy Construction Machinery,0.8893,0.27845,624,,,,,,,,
SNV/WTBA,Banks - Regional,0.9214,0.2785,624,,,,,,,,
EBTC/SFNC,Banks - Regional,0.8924,0.27857,624,,,,,,,,
PMO/SBI,Asset Management,0.9404,0.27859,624,,,,,,,,
MFM/PCQ,Asset Management,0.8731,0.2786,624,,,,,,,,
PYT/RTH,Unknown,0.9523,0.2786,624,,,,,,,,
BTA/HPF,Asset Management,0.9609,0.27866,624,,,,,,,,
IGI/PZC,Asset Management,0.9032,0.27871,624,,,,,,,,
PDP/PYT,Unknown,0.9649,0.27872,624,,,,,,,,
FXNC/RVSB,Banks - Regional,0.8393,0.27874,624,,,,,,,,
BNY/NAD,Asset Management,0.9333,0.27875,624,,,,,,,,
CVBF/OVBC,Banks - Regional,0.8235,0.27876,624,,,,,,,,
GLAD/RJF,Asset Management,0.9806,0.2788,624,,,,,,,,
PCF/PCM,Asset Management,0.9537,0.27881,624,,,,,,,,
NXN/RFI,Asset Management,0.9156,0.27881,624,,,,,,,,
PIM/WEA,Asset Management,0.9441,0.27881,624,,,,,,,,
BANC/OPOF,Banks - Regional,0.8095,0.27881,624,,,,,,,,
BTA/PMF,Asset Management,0.8885,0.27882,624,,,,,,,,
CSPI/IT,Information Technology Services,0.8536,0.27882,624,,,,,,,,
JBK/PTF,Unknown,0.9075,0.27882,624,,,,,,,,
MUC/NUV,Asset Management,0.9598,0.27883,624,,,,,,,,
MRKR/RIGL,Biotechnology,0.8174,0.27884,624,,,,,,,,
BKN/MAV,Asset Management,0.8262,0.27884,624,,,,,,,,
NKSH/TSBK,Banks - Regional,0.8797,0.27885,624,,,,,,,,
GDO/NXN,Asset Management,0.9683,0.27886,624,,,,,,,,
BMRC/OVBC,Banks - Regional,0.8136,0.27886,624,,,,,,,,
DCOM/FMNB,Banks - Regional,0.8744,0.27887,624,,,,,,,,
GABC/PNFP,Banks - Regional,0.9485,0.27887,624,,,,,,,,
AFB/FFC,Asset Management,0.9641,0.27889,624,,,,,,,,
COLB/UNB,Banks - Regional,0.8571,0.27891,624,,,,,,,,
CBFV/FNB,Banks - Regional,0.8495,0.27894,624,,,,,,,,
KEY/MGYR,Banks - Regional,0.8982,0.27895,624,,,,,,,,
NWFL/WASH,Banks - Regional,0.8067,0.27897,624,,,,,,,,
HBAN/HIFS,Banks - Regional,0.9142,0.27898,624,,,,,,,,
SBCF/WTBA,Banks - Regional,0.9586,0.27899,624,,,,,,,,
BCAL/OVLY,Banks - Regional,0.8819,0.279,624,,,,,,,,
CTBI/PFS,Banks - Regional,0.8707,0.279,624,,,,,,,,
PTF/PYT,Unknown,0.9097,0.27903,624,,,,,,,,
IAE/JHI,Asset Management,0.8827,0.27905,624,,,,,,,,
CBFV/UBFO,Banks - Regional,0.937,0.27907,624,,,,,,,,
CBFV/PEBO,Banks - Regional,0.9268,0.27908,624,,,,,,,,
MIN/NXC,Asset Management,0.8956,0.2791,624,,,,,,,,
BANR/HBAN,Banks - Regional,0.9667,0.27911,624,,,,,,,,
BCAL/STBA,Banks - Regional,0.8629,0.27913,624,,,,,,,,
KEY/WSFS,Banks - Regional,0.9403,0.27914,624,,,,,,,,
CZNC/SBSI,Banks - Regional,0.9592,0.27914,624,,,,,,,,
SRCE/UBFO,Banks - Regional,0.944,0.27916,624,,,,,,,,
AUB/FITB,Banks - Regional,0.9213,0.27917,624,,,,,,,,
BUSE/SSBI,Banks - Regional,0.8106,0.27917,624,,,,,,,,
BANR/FRME,Banks - Regional,0.9586,0.27918,624,,,,,,,,
IIM/NKX,Asset Management,0.9846,0.27919,624,,,,,,,,
FLO/GIS,Packaged Foods,0.9164,0.27921,624,,,,,,,,
FCBC/MNSB,Banks - Regional,0.8561,0.27922,624,,,,,,,,
MUC/NEA,Asset Management,0.9581,0.27922,624,,,,,,,,
CADE/CNOB,Banks - Regional,0.9065,0.27922,624,,,,,,,,
IBOC/PKBK,Banks - Regional,0.8976,0.27925,624,,,,,,,,
GCBC/OVLY,Banks - Regional,0.9318,0.27925,624,,,,,,,,
GDO/NXC,Asset Management,0.9523,0.27925,624,,,,,,,,
MHF/MUE,Asset Management,0.9405,0.27926,624,,,,,,,,
SFBC/SSBI,Banks - Regional,0.8257,0.27928,624,,,,,,,,
CCNE/HTBK,Banks - Regional,0.941,0.27932,624,,,,,,,,
PB/PKBK,Banks - Regional,0.9376,0.27935,624,,,,,,,,
MFM/NUV,Asset Management,0.9679,0.27936,624,,,,,,,,
HPI/MIY,Asset Management,0.9414,0.27938,624,,,,,,,,
HBNC/SFBC,Banks - Regional,0.9098,0.27941,624,,,,,,,,
IIM/MMU,Asset Management,0.9624,0.27944,624,,,,,,,,
MIY/VBF,Asset Management,0.9686,0.27944,624,,,,,,,,
IEUS/SCZ,Unknown,0.9966,0.27944,624,,,,,,,,
HBNC/SMBK,Banks - Regional,0.9161,0.27949,624,,,,,,,,
FISI/SFNC,Banks - Regional,0.9532,0.27954,624,,,,,,,,
KTN/SOXX,Unknown,0.8584,0.27955,624,,,,,,,,
HPF/NXN,Asset Management,0.9513,0.27957,624,,,,,,,,
BOH/CCNE,Banks - Regional,0.9494,0.27958,624,,,,,,,,
CCBG/FSFG,Banks - Regional,0.8866,0.27958,624,,,,,,,,
ONB/UBFO,Banks - Regional,0.9253,0.27961,624,,,,,,,,
IGI/VMO,Asset Management,0.9616,0.27963,624,,,,,,,,
SRE/UTL,Utilities - Diversified,0.9528,0.27963,624,,,,,,,,
AUB/PKBK,Banks - Regional,0.9601,0.27964,624,,,,,,,,
DTF/MQY,Asset Management,0.9525,0.27967,624,,,,,,,,
DVY/KTN,Unknown,0.9449,0.27967,624,,,,,,,,
FNLC/HBAN,Banks - Regional,0.9547,0.27967,624,,,,,,,,
FUNC/PFIS,Banks - Regional,0.8735,0.27968,624,,,,,,,,
FRME/HTBK,Banks - Regional,0.953,0.27968,624,,,,,,,,
PNFP/WBS,Banks - Regional,0.9375,0.27968,624,,,,,,,,
BVFL/PBHC,Banks - Regional,0.8405,0.27971,624,,,,,,,,
GAB/SOR,Asset Management,0.9643,0.27973,624,,,,,,,,
BDJ/NTRS,Asset Management,0.9161,0.27973,624,,,,,,,,
RGCO/UGI,Utilities - Regulated Gas,0.8238,0.27974,624,,,,,,,,
PFBC/PGC,Banks - Regional,0.8818,0.27977,624,,,,,,,,
MMT/PAI,Asset Management,0.9503,0.27979,624,,,,,,,,
SHBI/UCB,Banks - Regional,0.9429,0.27981,624,,,,,,,,
CHMG/MGYR,Banks - Regional,0.9264,0.27983,624,,,,,,,,
NAD/NNY,Asset Management,0.9767,0.27985,624,,,,,,,,
EBTC/RF,Banks - Regional,0.9057,0.27988,624,,,,,,,,
DIOD/MRVL,Semiconductors,0.8355,0.27994,624,,,,,,,,
CAC/SSBI,Banks - Regional,0.8352,0.27996,624,,,,,,,,
NIM/NPV,Asset Management,0.9169,0.27997,624,,,,,,,,
HWC/UMBF,Banks - Regional,0.9225,0.27997,624,,,,,,,,
HTBK/INDB,Banks - Regional,0.9144,0.27998,624,,,,,,,,
BSRR/ZION,Banks - Regional,0.9245,0.27998,624,,,,,,,,
MVF/NAZ,Asset Management,0.9559,0.27998,624,,,,,,,,
FFBC/FRME,Banks - Regional,0.9494,0.28,624,,,,,,,,
MTB/UVSP,Banks - Regional,0.9557,0.28,624,,,,,,,,
BNY/NMI,Asset Management,0.9351,0.28002,624,,,,,,,,
ASB/FFBC,Banks - Regional,0.9735,0.28005,624,,,,,,,,
CWBC/SMBK,Banks - Regional,0.9279,0.28007,624,,,,,,,,
CBFV/PFS,Banks - Regional,0.8504,0.28007,624,,,,,,,,
KF/PCM,Asset Management,0.8134,0.28009,624,,,,,,,,
FHN/SSB,Banks - Regional,0.8608,0.2801,624,,,,,,,,
PBHC/WTFC,Banks - Regional,0.8832,0.2801,624,,,,,,,,
HOPE/PGC,Banks - Regional,0.8458,0.2801,624,,,,,,,,
PCM/RVT,Asset Management,0.9433,0.2801,624,,,,,,,,
BTZ/PFO,Asset Management,0.9666,0.28013,624,,,,,,,,
HPF/PDT,Asset Management,0.9828,0.28015,624,,,,,,,,
IGI/JLS,Asset Management,0.9055,0.28017,624,,,,,,,,
EFSC/FSFG,Banks - Regional,0.9563,0.28018,624,,,,,,,,
NEWT/WSBF,Banks - Regional,0.9121,0.2802,624,,,,,,,,
FNLC/PB,Banks - Regional,0.9403,0.28021,624,,,,,,,,
NMZ/VCV,Asset Management,0.9797,0.28022,624,,,,,,,,
CCBG/SFBC,Banks - Regional,0.9455,0.28023,624,,,,,,,,
KTF/MHD,Asset Management,0.9566,0.28024,624,,,,,,,,
ASB/FNWD,Banks - Regional,0.8005,0.28025,624,,,,,,,,
PLBC/SMBK,Banks - Regional,0.9284,0.28026,624,,,,,,,,
EBTC/WAL,Banks - Regional,0.9081,0.28026,624,,,,,,,,
FBNC/FSFG,Banks - Regional,0.9652,0.28026,624,,,,,,,,
FMNB/LKFN,Banks - Regional,0.9475,0.28028,624,,,,,,,,
BNY/MYD,Asset Management,0.9679,0.28029,624,,,,,,,,
FUNC/PEBO,Banks - Regional,0.9112,0.2803,624,,,,,,,,
MGF/MHN,Asset Management,0.9337,0.28032,624,,,,,,,,
GBLI/HMN,Insurance - Property & Casualty,0.8009,0.28036,624,,,,,,,,
FCEL/LTBR,Electrical Equipment & Parts,0.839,0.2804,624,,,,,,,,
OBT/PLBC,Banks - Regional,0.9388,0.28041,624,,,,,,,,
CBSH/UVSP,Banks - Regional,0.9174,0.28042,624,,,,,,,,
MGF/VPV,Asset Management,0.9367,0.28044,624,,,,,,,,
AOD/ETO,Asset Management,0.9739,0.28046,624,,,,,,,,
FMY/VKQ,Asset Management,0.8683,0.28047,624,,,,,,,,
IQI/MUC,Asset Management,0.9759,0.28048,624,,,,,,,,
PYN/SBI,Asset Management,0.8452,0.28048,624,,,,,,,,
FCBC/HFBL,Banks - Regional,0.8031,0.28048,624,,,,,,,,
BYM/PFO,Asset Management,0.9678,0.28049,624,,,,,,,,
BKT/CMU,Asset Management,0.9472,0.2805,624,,,,,,,,
CAC/PFIS,Banks - Regional,0.9016,0.2805,624,,,,,,,,
KTN/VCLT,Unknown,0.9251,0.2805,624,,,,,,,,
MVF/PAI,Asset Management,0.9264,0.28053,624,,,,,,,,
CACI/IT,Information Technology Services,0.9505,0.28054,624,,,,,,,,
FLIC/OPOF,Banks - Regional,0.8035,0.28056,624,,,,,,,,
MTB/UNTY,Banks - Regional,0.925,0.28059,624,,,,,,,,
BANR/OPOF,Banks - Regional,0.8598,0.2806,624,,,,,,,,
CBAN/CZNC,Banks - Regional,0.9272,0.2806,624,,,,,,,,
FFC/NMZ,Asset Management,0.9858,0.28061,624,,,,,,,,
MGYR/SHBI,Banks - Regional,0.8488,0.28062,624,,,,,,,,
BFK/FLC,Asset Management,0.9376,0.28065,624,,,,,,,,
FITB/OVLY,Banks - Regional,0.8858,0.28069,624,,,,,,,,
GJP/IJT,Unknown,0.9456,0.28072,624,,,,,,,,
CVBF/RVSB,Banks - Regional,0.9022,0.28074,624,,,,,,,,
FNLC/VLY,Banks - Regional,0.842,0.28075,624,,,,,,,,
COFS/OBT,Banks - Regional,0.8301,0.28075,624,,,,,,,,
JBK/PFF,Unknown,0.9691,0.28076,624,,,,,,,,
ALNT/DSWL,Electronic Components,0.8173,0.28077,624,,,,,,,,
CBAN/SBCF,Banks - Regional,0.9525,0.28078,624,,,,,,,,
MYI/NAD,Asset Management,0.9868,0.28078,624,,,,,,,,
ONB/OPOF,Banks - Regional,0.8245,0.2808,624,,,,,,,,
EBTC/GABC,Banks - Regional,0.9535,0.28081,624,,,,,,,,
MVF/NRK,Asset Management,0.9554,0.28082,624,,,,,,,,
ONEQ/PYT,Unknown,0.9398,0.28082,624,,,,,,,,
FMNB/FUNC,Banks - Regional,0.8842,0.28083,624,,,,,,,,
MQT/SBI,Asset Management,0.9709,0.28083,624,,,,,,,,
AUB/CCNE,Banks - Regional,0.9502,0.28084,624,,,,,,,,
AFB/PFO,Asset Management,0.9642,0.28084,624,,,,,,,,
ONB/UVSP,Banks - Regional,0.941,0.28086,624,,,,,,,,
OPOF/PKBK,Banks - Regional,0.8558,0.28087,624,,,,,,,,
FMY/MHF,Asset Management,0.9341,0.28091,624,,,,,,,,
INDB/OPOF,Banks - Regional,0.8462,0.28092,624,,,,,,,,
FLL/GDEN,Resorts & Casinos,0.8072,0.28092,624,,,,,,,,
KBH/MHO,Residential Construction,0.974,0.28094,624,,,,,,,,
FNLC/NWFL,Banks - Regional,0.9265,0.28095,624,,,,,,,,
CAC/PNFP,Banks - Regional,0.9255,0.28095,624,,,,,,,,
BNY/KTF,Asset Management,0.9476,0.28096,624,,,,,,,,
BYM/MFM,Asset Management,0.9765,0.28099,624,,,,,,,,
OVLY/ZION,Banks - Regional,0.8154,0.28099,624,,,,,,,,
DSM/NXJ,Asset Management,0.9304,0.28102,624,,,,,,,,
FMN/VTN,Asset Management,0.9718,0.28103,624,,,,,,,,
FBNC/HWBK,Banks - Regional,0.9413,0.28104,624,,,,,,,,
SBFG/UMBF,Banks - Regional,0.8996,0.28107,624,,,,,,,,
HBNC/SMBC,Banks - Regional,0.9015,0.28112,624,,,,,,,,
ESSA/QCRH,Banks - Regional,0.946,0.28112,624,,,,,,,,
HPS/NVG,Asset Management,0.9372,0.28113,624,,,,,,,,
MBWM/QCRH,Banks - Regional,0.9774,0.28113,624,,,,,,,,
DSM/FLC,Asset Management,0.9318,0.28115,624,,,,,,,,
PB/WBS,Banks - Regional,0.9369,0.28117,624,,,,,,,,
CCBG/PNC,Banks - Regional,0.9275,0.28119,624,,,,,,,,
PB/PEBK,Banks - Regional,0.9308,0.28121,624,,,,,,,,
IAE/PFL,Asset Management,0.8554,0.28123,624,,,,,,,,
HPI/PMO,Asset Management,0.9464,0.28123,624,,,,,,,,
ESSA/PNFP,Banks - Regional,0.9214,0.28123,624,,,,,,,,
CBSH/SHBI,Banks - Regional,0.8889,0.28124,624,,,,,,,,
SMBK/THFF,Banks - Regional,0.9519,0.28124,624,,,,,,,,
NDSN/ROK,Specialty Industrial Machinery,0.9818,0.28124,624,,,,,,,,
FSFG/WAL,Banks - Regional,0.9416,0.28124,624,,,,,,,,
ACIW/EEFT,Software - Infrastructure,0.8008,0.28125,624,,,,,,,,
EBTC/PNFP,Banks - Regional,0.933,0.28125,624,,,,,,,,
BLW/JHI,Asset Management,0.9585,0.28128,624,,,,,,,,
DCOM/LCNB,Banks - Regional,0.8587,0.2813,624,,,,,,,,
GDO/HIO,Asset Management,0.9574,0.28132,624,,,,,,,,
BLE/MCR,Asset Management,0.8668,0.28134,624,,,,,,,,
PNI/VTN,Asset Management,0.8861,0.28134,624,,,,,,,,
CAC/COLB,Banks - Regional,0.8722,0.28135,624,,,,,,,,
ADBE/CRM,Software - Application,0.9573,0.28135,624,,,,,,,,
SBI/VKQ,Asset Management,0.9629,0.28137,624,,,,,,,,
CCNE/LKFN,Banks - Regional,0.8598,0.28138,624,,,,,,,,
BUSE/WAL,Banks - Regional,0.8737,0.2814,624,,,,,,,,
CADE/SFST,Banks - Regional,0.8567,0.2814,624,,,,,,,,
MTB/WSBC,Banks - Regional,0.9296,0.28142,624,,,,,,,,
NKSH/PGC,Banks - Regional,0.9167,0.28143,624,,,,,,,,
COFS/GCBC,Banks - Regional,0.8104,0.28144,624,,,,,,,,
INDB/NFBK,Banks - Regional,0.8319,0.28144,624,,,,,,,,
HBNC/INDB,Banks - Regional,0.9503,0.28146,624,,,,,,,,
CZNC/HBNC,Banks - Regional,0.9457,0.28147,624,,,,,,,,
HPS/MHD,Asset Management,0.8591,0.28152,624,,,,,,,,
FLC/MUA,Asset Management,0.962,0.28155,624,,,,,,,,
AUB/EBTC,Banks - Regional,0.9412,0.28157,624,,,,,,,,
INDB/PGC,Banks - Regional,0.9193,0.28158,624,,,,,,,,
BRKL/FFIC,Banks - Regional,0.8813,0.28158,624,,,,,,,,
AFB/CXE,Asset Management,0.9655,0.28159,624,,,,,,,,
JRS/NTRS,Asset Management,0.9334,0.28159,624,,,,,,,,
MPA/NAC,Asset Management,0.9715,0.2816,624,,,,,,,,
BANC/PPBI,Banks - Regional,0.9107,0.28162,624,,,,,,,,
FCT/JQC,Asset Management,0.9848,0.28162,624,,,,,,,,
CP/UNP,Railroads,0.9807,0.28162,624,,,,,,,,
CCNE/UNB,Banks - Regional,0.8674,0.28163,624,,,,,,,,
DTF/PAI,Asset Management,0.903,0.28165,624,,,,,,,,
GLAD/VVR,Asset Management,0.9587,0.28166,624,,,,,,,,
BKN/MMU,Asset Management,0.9287,0.28168,624,,,,,,,,
CIVB/FFBC,Banks - Regional,0.9301,0.28168,624,,,,,,,,
CWBC/FRME,Banks - Regional,0.9707,0.28169,624,,,,,,,,
BYM/GDO,Asset Management,0.9583,0.28173,624,,,,,,,,
PEBO/SRCE,Banks - Regional,0.9729,0.28173,624,,,,,,,,
FFBC/RBCAA,Banks - Regional,0.9086,0.28174,624,,,,,,,,
IIM/VTN,Asset Management,0.9643,0.28175,624,,,,,,,,
HWC/PEBK,Banks - Regional,0.8495,0.28179,624,,,,,,,,
CAC/GSBC,Banks - Regional,0.959,0.2818,624,,,,,,,,
FRME/INDB,Banks - Regional,0.962,0.2818,624,,,,,,,,
PEBO/SMBK,Banks - Regional,0.9417,0.28184,624,,,,,,,,
MVT/PZC,Asset Management,0.9638,0.28184,624,,,,,,,,
MBCN/USB,Banks - Regional,0.8559,0.28184,624,,,,,,,,
NNY/WEA,Asset Management,0.9416,0.28187,624,,,,,,,,
NKSH/UNB,Banks - Regional,0.8613,0.28188,624,,,,,,,,
CAC/CARE,Banks - Regional,0.8234,0.28189,624,,,,,,,,
MHN/NRK,Asset Management,0.9771,0.28191,624,,,,,,,,
PFS/WAFD,Banks - Regional,0.9337,0.28192,624,,,,,,,,
BTA/PYN,Asset Management,0.805,0.28192,624,,,,,,,,
FBIZ/SBSI,Banks - Regional,0.8313,0.28193,624,,,,,,,,
CCBG/PKBK,Banks - Regional,0.9312,0.28195,624,,,,,,,,
ONB/PKBK,Banks - Regional,0.9229,0.28195,624,,,,,,,,
IBCP/UNTY,Banks - Regional,0.9541,0.28195,624,,,,,,,,
CCBG/PLBC,Banks - Regional,0.9705,0.28198,624,,,,,,,,
DSM/NEA,Asset Management,0.9464,0.28198,624,,,,,,,,
VCSH/VGSH,Unknown,0.9715,0.28199,624,,,,,,,,
FRAF/PFBC,Banks - Regional,0.9395,0.28199,624,,,,,,,,
GABC/WTBA,Banks - Regional,0.9518,0.282,624,,,,,,,,
FISI/WAL,Banks - Regional,0.8903,0.28201,624,,,,,,,,
CIVB/USB,Banks - Regional,0.9423,0.28205,624,,,,,,,,
GSBC/PFIS,Banks - Regional,0.9394,0.28207,624,,,,,,,,
FMNB/PBHC,Banks - Regional,0.9323,0.28208,624,,,,,,,,
CIVB/PBHC,Banks - Regional,0.9371,0.28212,624,,,,,,,,
CXH/NEA,Asset Management,0.9751,0.28215,624,,,,,,,,
BUSE/FMNB,Banks - Regional,0.9513,0.28217,624,,,,,,,,
BUSE/FULT,Banks - Regional,0.9479,0.28218,624,,,,,,,,
L/MKL,Insurance - Property & Casualty,0.8618,0.28218,624,,,,,,,,
HBAN/MBCN,Banks - Regional,0.9348,0.28219,624,,,,,,,,
MIN/NXP,Asset Management,0.9642,0.2822,624,,,,,,,,
EBTC/FITB,Banks - Regional,0.8961,0.28221,624,,,,,,,,
BKN/NNY,Asset Management,0.9472,0.28221,624,,,,,,,,
PIM/STK,Asset Management,0.8553,0.28221,624,,,,,,,,
BCAL/OPOF,Banks - Regional,0.8172,0.28222,624,,,,,,,,
FBNC/SNV,Banks - Regional,0.9405,0.28223,624,,,,,,,,
PNI/VPV,Asset Management,0.8249,0.28223,624,,,,,,,,
BNY/IQI,Asset Management,0.9506,0.28227,624,,,,,,,,
BOKF/UNTY,Banks - Regional,0.9393,0.28227,624,,,,,,,,
FRAF/PBHC,Banks - Regional,0.9257,0.28229,624,,,,,,,,
FISI/UVSP,Banks - Regional,0.9422,0.28231,624,,,,,,,,
FNB/FNLC,Banks - Regional,0.8467,0.28232,624,,,,,,,,
ABCB/SFST,Banks - Regional,0.888,0.28237,624,,,,,,,,
BSRR/ONB,Banks - Regional,0.9576,0.28239,624,,,,,,,,
AFB/NZF,Asset Management,0.9745,0.2824,624,,,,,,,,
PTY/VLT,Asset Management,0.9804,0.28242,624,,,,,,,,
BFZ/NUV,Asset Management,0.9384,0.28242,624,,,,,,,,
MTB/PEBO,Banks - Regional,0.9582,0.28243,624,,,,,,,,
MYD/WEA,Asset Management,0.9146,0.28244,624,,,,,,,,
BLK/NIE,Asset Management,0.9894,0.28244,624,,,,,,,,
MTB/OPBK,Banks - Regional,0.952,0.28244,624,,,,,,,,
CIEN/ZBRA,Communication Equipment,0.8987,0.28245,624,,,,,,,,
LARK/WSBF,Banks - Regional,0.9297,0.28248,624,,,,,,,,
MGF/PMM,Asset Management,0.9385,0.28251,624,,,,,,,,
ENB/GLP,Oil & Gas Midstream,0.8148,0.28252,624,,,,,,,,
GJR/IUSV,Unknown,0.9736,0.28252,624,,,,,,,,
BANFP/PTF,Unknown,0.9207,0.28253,624,,,,,,,,
GAB/STEW,Asset Management,0.9659,0.28255,624,,,,,,,,
PIM/STEW,Asset Management,0.8987,0.28258,624,,,,,,,,
NIM/PMF,Asset Management,0.8886,0.2826,624,,,,,,,,
CTBI/HBAN,Banks - Regional,0.9694,0.28261,624,,,,,,,,
FULT/HFBL,Banks - Regional,0.819,0.28263,624,,,,,,,,
MTB/TSBK,Banks - Regional,0.9244,0.28263,624,,,,,,,,
NBTB/OPBK,Banks - Regional,0.9212,0.28264,624,,,,,,,,
MYN/NKX,Asset Management,0.9726,0.28265,624,,,,,,,,
CBSH/OPOF,Banks - Regional,0.8128,0.28266,624,,,,,,,,
CMU/NVG,Asset Management,0.9531,0.28267,624,,,,,,,,
ONB/PFIS,Banks - Regional,0.9093,0.28268,624,,,,,,,,
FLC/NAD,Asset Management,0.9836,0.28271,624,,,,,,,,
MYN/VKQ,Asset Management,0.9851,0.28271,624,,,,,,,,
MQT/PFO,Asset Management,0.9702,0.28272,624,,,,,,,,
ICL/MOS,Agricultural Inputs,0.911,0.28279,624,,,,,,,,
HIO/OIA,Asset Management,0.9143,0.28279,624,,,,,,,,
DCOM/LKFN,Banks - Regional,0.8201,0.28279,624,,,,,,,,
PIM/USA,Asset Management,0.897,0.28281,624,,,,,,,,
NNY/NXJ,Asset Management,0.9683,0.28281,624,,,,,,,,
GJP/IGSB,Unknown,0.9518,0.28283,624,,,,,,,,
MPB/SMBC,Banks - Regional,0.942,0.28285,624,,,,,,,,
MHF/WEA,Asset Management,0.9545,0.28285,624,,,,,,,,
EOT/PDT,Asset Management,0.9311,0.2829,624,,,,,,,,
BYM/NZF,Asset Management,0.9771,0.28291,624,,,,,,,,
BSRR/OPBK,Banks - Regional,0.9217,0.28292,624,,,,,,,,
MOFG/PKBK,Banks - Regional,0.8416,0.28292,624,,,,,,,,
GJP/PTH,Unknown,0.891,0.28293,624,,,,,,,,
FCF/OPOF,Banks - Regional,0.83,0.28296,624,,,,,,,,
BKN/GDO,Asset Management,0.9469,0.28297,624,,,,,,,,
CWBC/RNST,Banks - Regional,0.9178,0.28298,624,,,,,,,,
BVFL/INDB,Banks - Regional,0.865,0.28298,624,,,,,,,,
CZWI/KEY,Banks - Regional,0.939,0.28301,624,,,,,,,,
MBB/VGIT,Unknown,0.9845,0.28301,624,,,,,,,,
BSRR/WSBC,Banks - Regional,0.9127,0.28302,624,,,,,,,,
COFS/HBAN,Banks - Regional,0.9124,0.28303,624,,,,,,,,
MHN/NCA,Asset Management,0.9545,0.28303,624,,,,,,,,
CWBC/PFBC,Banks - Regional,0.919,0.28306,624,,,,,,,,
FFBC/UVSP,Banks - Regional,0.9558,0.28307,624,,,,,,,,
FMN/MHD,Asset Management,0.9766,0.28312,624,,,,,,,,
BOTJ/PLBC,Banks - Regional,0.8473,0.28314,624,,,,,,,,
TRST/WNEB,Banks - Regional,0.8735,0.28315,624,,,,,,,,
HAFC/OPOF,Banks - Regional,0.8252,0.28316,624,,,,,,,,
ES/WEC,Utilities - Regulated Electric,0.951,0.28321,624,,,,,,,,
MUE/NQP,Asset Management,0.9672,0.28322,624,,,,,,,,
ABCB/PBHC,Banks - Regional,0.92,0.2833,624,,,,,,,,
FOF/SPE,Asset Management,0.9843,0.28332,624,,,,,,,,
BUSE/PGC,Banks - Regional,0.9378,0.28332,624,,,,,,,,
CHMG/MBWM,Banks - Regional,0.9566,0.28333,624,,,,,,,,
FBIZ/PKBK,Banks - Regional,0.845,0.28334,624,,,,,,,,
CBSH/MNSB,Banks - Regional,0.9084,0.28334,624,,,,,,,,
ASRV/FLIC,Banks - Regional,0.8703,0.28337,624,,,,,,,,
LSBK/TRMK,Banks - Regional,0.8905,0.28338,624,,,,,,,,
CIVB/INDB,Banks - Regional,0.968,0.28338,624,,,,,,,,
PYT/USIG,Unknown,0.9344,0.28339,624,,,,,,,,
EGBN/SFST,Banks - Regional,0.8302,0.2834,624,,,,,,,,
SSBI/WSBC,Banks - Regional,0.8001,0.28342,624,,,,,,,,
FCF/GCBC,Banks - Regional,0.8906,0.28342,624,,,,,,,,
ASB/TSBK,Banks - Regional,0.918,0.28343,624,,,,,,,,
CHCO/SBFG,Banks - Regional,0.8867,0.28343,624,,,,,,,,
HWKN/LIN,Specialty Chemicals,0.8811,0.28343,624,,,,,,,,
BRKL/EBMT,Banks - Regional,0.9229,0.28344,624,,,,,,,,
AVB/ESS,REIT - Residential,0.9848,0.28345,624,,,,,,,,
AB/CSWC,Asset Management,0.9392,0.28347,624,,,,,,,,
CBFV/HFWA,Banks - Regional,0.8674,0.28351,624,,,,,,,,
FUND/TWN,Asset Management,0.9357,0.28352,624,,,,,,,,
FULT/OPBK,Banks - Regional,0.9294,0.28353,624,,,,,,,,
CAF/JEQ,Asset Management,0.8235,0.28355,624,,,,,,,,
NXC/WEA,Asset Management,0.934,0.28358,624,,,,,,,,
FBIZ/PNC,Banks - Regional,0.8877,0.28361,624,,,,,,,,
CADE/FMBH,Banks - Regional,0.9075,0.28362,624,,,,,,,,
JLS/TSI,Asset Management,0.9458,0.28364,624,,,,,,,,
HPF/MFM,Asset Management,0.9319,0.28365,624,,,,,,,,
BME/CSWC,Asset Management,0.9136,0.28367,624,,,,,,,,
KTF/NMT,Asset Management,0.9169,0.28368,624,,,,,,,,
COFS/FFIN,Banks - Regional,0.8574,0.28368,624,,,,,,,,
HQH/TY,Asset Management,0.9064,0.28368,624,,,,,,,,
KTF/MUA,Asset Management,0.9309,0.28368,624,,,,,,,,
NBTB/UVSP,Banks - Regional,0.9378,0.2837,624,,,,,,,,
PEBO/PFBC,Banks - Regional,0.9561,0.28374,624,,,,,,,,
CXH/FMY,Asset Management,0.8663,0.28375,624,,,,,,,,
PIZ/PYT,Unknown,0.9367,0.28376,624,,,,,,,,
BKN/DTF,Asset Management,0.9403,0.28376,624,,,,,,,,
FMY/OIA,Asset Management,0.8809,0.28383,624,,,,,,,,
AX/LSBK,Banks - Regional,0.8186,0.28384,624,,,,,,,,
DSU/PCN,Asset Management,0.9377,0.28384,624,,,,,,,,
MPA/MYI,Asset Management,0.9829,0.28385,624,,,,,,,,
CATY/TSBK,Banks - Regional,0.9526,0.28389,624,,,,,,,,
DHF/LGI,Asset Management,0.9536,0.28393,624,,,,,,,,
BOTJ/VLY,Banks - Regional,0.8227,0.28398,624,,,,,,,,
IGI/MHD,Asset Management,0.9541,0.28399,624,,,,,,,,
BANR/SSBI,Banks - Regional,0.8184,0.28403,624,,,,,,,,
BANC/PBHC,Banks - Regional,0.8329,0.28403,624,,,,,,,,
MHF/NAC,Asset Management,0.9402,0.28407,624,,,,,,,,
TRMK/WSBC,Banks - Regional,0.9071,0.28408,624,,,,,,,,
CAC/CFFI,Banks - Regional,0.8691,0.28408,624,,,,,,,,
FMY/NRK,Asset Management,0.8891,0.2841,624,,,,,,,,
BKT/PMX,Asset Management,0.9441,0.2841,624,,,,,,,,
SMBK/UNTY,Banks - Regional,0.9375,0.28413,624,,,,,,,,
BOE/USA,Asset Management,0.983,0.2842,624,,,,,,,,
CATY/RVSB,Banks - Regional,0.8494,0.28423,624,,,,,,,,
CFFI/NRIM,Banks - Regional,0.8899,0.28426,624,,,,,,,,
BTA/JHI,Asset Management,0.9365,0.28427,624,,,,,,,,
CTO/OLP,REIT - Diversified,0.9422,0.28429,624,,,,,,,,
FNLC/WSBF,Banks - Regional,0.9485,0.28431,624,,,,,,,,
MIN/MQY,Asset Management,0.9169,0.28432,624,,,,,,,,
EMD/JHS,Asset Management,0.8998,0.28436,624,,,,,,,,
AUB/UNTY,Banks - Regional,0.8884,0.28436,624,,,,,,,,
FISI/HIFS,Banks - Regional,0.868,0.28436,624,,,,,,,,
EMR/FELE,Specialty Industrial Machinery,0.9663,0.28439,624,,,,,,,,
FNWD/PPBI,Banks - Regional,0.9334,0.28439,624,,,,,,,,
MIY/VCV,Asset Management,0.9712,0.28441,624,,,,,,,,
TCBK/TSBK,Banks - Regional,0.9597,0.28441,624,,,,,,,,
PEBK/PNC,Banks - Regional,0.9104,0.28442,624,,,,,,,,
CZWI/THFF,Banks - Regional,0.9499,0.28442,624,,,,,,,,
EMD/NMI,Asset Management,0.8698,0.28443,624,,,,,,,,
RNST/WAL,Banks - Regional,0.8485,0.28444,624,,,,,,,,
MBCN/MGYR,Banks - Regional,0.9382,0.28445,624,,,,,,,,
CBFV/THFF,Banks - Regional,0.933,0.28447,624,,,,,,,,
CNS/WEA,Asset Management,0.9075,0.28448,624,,,,,,,,
NCA/NIM,Asset Management,0.9617,0.28449,624,,,,,,,,
ATLO/OVBC,Banks - Regional,0.8327,0.2845,624,,,,,,,,
VBF/VCV,Asset Management,0.9498,0.28451,624,,,,,,,,
BOTJ/CTBI,Banks - Regional,0.9002,0.28451,624,,,,,,,,
OPBK/UNTY,Banks - Regional,0.9249,0.28455,624,,,,,,,,
KTN/PYT,Unknown,0.9779,0.28456,624,,,,,,,,
AROW/SFST,Banks - Regional,0.957,0.28457,624,,,,,,,,
COFS/RBCAA,Banks - Regional,0.9034,0.28457,624,,,,,,,,
BCAL/WAL,Banks - Regional,0.8349,0.28458,624,,,,,,,,
NBTB/QCRH,Banks - Regional,0.9687,0.28459,624,,,,,,,,
CZWI/HWC,Banks - Regional,0.8906,0.28459,624,,,,,,,,
BOH/OPOF,Banks - Regional,0.8658,0.28459,624,,,,,,,,
PEBO/RVSB,Banks - Regional,0.8563,0.2846,624,,,,,,,,
MGYR/PNFP,Banks - Regional,0.9506,0.28461,624,,,,,,,,
IQI/MYN,Asset Management,0.9845,0.28463,624,,,,,,,,
CACC/V,Credit Services,0.9125,0.28463,624,,,,,,,,
ANSS/DSGX,Software - Application,0.9337,0.28465,624,,,,,,,,
FLC/PAI,Asset Management,0.9735,0.28465,624,,,,,,,,
ASB/OVBC,Banks - Regional,0.8223,0.28467,624,,,,,,,,
IRD/SNGX,Biotechnology,0.8867,0.28467,624,,,,,,,,
NZF/RFI,Asset Management,0.9273,0.28467,624,,,,,,,,
TSI/WEA,Asset Management,0.9694,0.28468,624,,,,,,,,
MOFG/SFBC,Banks - Regional,0.8378,0.28469,624,,,,,,,,
CWBC/IBOC,Banks - Regional,0.8557,0.28469,624,,,,,,,,
EFR/FCT,Asset Management,0.9813,0.2847,624,,,,,,,,
CRH/MLM,Building Materials,0.9501,0.2847,624,,,,,,,,
BSRR/MNSB,Banks - Regional,0.8475,0.28471,624,,,,,,,,
PSTV/TENX,Biotechnology,0.8347,0.28472,624,,,,,,,,
VABK/WBS,Banks - Regional,0.941,0.28472,624,,,,,,,,
LFUS/TEL,Electronic Components,0.9605,0.28473,624,,,,,,,,
MBCN/PBHC,Banks - Regional,0.9287,0.28474,624,,,,,,,,
HPI/NEA,Asset Management,0.9353,0.28475,624,,,,,,,,
HMN/THG,Insurance - Property & Casualty,0.9114,0.28479,624,,,,,,,,
MFM/PNI,Asset Management,0.8865,0.28481,624,,,,,,,,
ONB/SHBI,Banks - Regional,0.8215,0.28482,624,,,,,,,,
RF/UMBF,Banks - Regional,0.9579,0.28482,624,,,,,,,,
PAG/RUSHB,Auto & Truck Dealerships,0.9769,0.28483,624,,,,,,,,
FRAF/VABK,Banks - Regional,0.9651,0.28485,624,,,,,,,,
MBWM/PGC,Banks - Regional,0.8596,0.28489,624,,,,,,,,
BKN/NKX,Asset Management,0.9629,0.28489,624,,,,,,,,
AUB/PEBK,Banks - Regional,0.9664,0.2849,624,,,,,,,,
FMNB/HIFS,Banks - Regional,0.9504,0.2849,624,,,,,,,,
BME/GAIN,Asset Management,0.9257,0.28492,624,,,,,,,,
AUB/MBWM,Banks - Regional,0.9485,0.28493,624,,,,,,,,
NZF/PFO,Asset Management,0.98,0.28494,624,,,,,,,,
BKN/MVF,Asset Management,0.9472,0.28494,624,,,,,,,,
NMZ/NUV,Asset Management,0.9843,0.28495,624,,,,,,,,
AWP/PCM,Asset Management,0.9407,0.28495,624,,,,,,,,
TNC/WTS,Specialty Industrial Machinery,0.8433,0.28496,624,,,,,,,,
NDSN/SXI,Specialty Industrial Machinery,0.82,0.28497,624,,,,,,,,
FNLC/UCB,Banks - Regional,0.939,0.28498,624,,,,,,,,
IBCP/OVLY,Banks - Regional,0.9234,0.285,624,,,,,,,,
ASB/FRAF,Banks - Regional,0.9105,0.28501,624,,,,,,,,
PCF/RJF,Asset Management,0.9187,0.28503,624,,,,,,,,
ONB/OPBK,Banks - Regional,0.9352,0.28504,624,,,,,,,,
MUE/VCV,Asset Management,0.979,0.28504,624,,,,,,,,
CAC/FITB,Banks - Regional,0.9181,0.28505,624,,,,,,,,
GABC/USB,Banks - Regional,0.9278,0.28507,624,,,,,,,,
BTA/MIN,Asset Management,0.9392,0.28508,624,,,,,,,,
FLC/NZF,Asset Management,0.9804,0.28511,624,,,,,,,,
GLAD/SPXX,Asset Management,0.9584,0.28511,624,,,,,,,,
LKFN/SBFG,Banks - Regional,0.9152,0.28512,624,,,,,,,,
PGC/SRCE,Banks - Regional,0.8946,0.28514,624,,,,,,,,
PDT/RNP,Asset Management,0.9608,0.28515,624,,,,,,,,
KTF/LEO,Asset Management,0.9395,0.28515,624,,,,,,,,
CXE/JHS,Asset Management,0.9495,0.28516,624,,,,,,,,
CATY/WAL,Banks - Regional,0.9295,0.28517,624,,,,,,,,
CZWI/TOWN,Banks - Regional,0.9521,0.28518,624,,,,,,,,
DHF/OIA,Asset Management,0.902,0.28518,624,,,,,,,,
FBNC/UBFO,Banks - Regional,0.9391,0.28519,624,,,,,,,,
BFK/PCK,Asset Management,0.9335,0.2852,624,,,,,,,,
MOFG/MTB,Banks - Regional,0.897,0.2852,624,,,,,,,,
MPB/RF,Banks - Regional,0.9227,0.2852,624,,,,,,,,
SMBC/THFF,Banks - Regional,0.9468,0.2852,624,,,,,,,,
BOTJ/GSBC,Banks - Regional,0.9298,0.28521,624,,,,,,,,
BANF/NRIM,Banks - Regional,0.9481,0.28522,624,,,,,,,,
PWOD/UNTY,Banks - Regional,0.8121,0.28522,624,,,,,,,,
AFB/EOT,Asset Management,0.9684,0.28525,624,,,,,,,,
PCN/WEA,Asset Management,0.975,0.28526,624,,,,,,,,
BSRR/NWFL,Banks - Regional,0.892,0.28528,624,,,,,,,,
CNOB/TFC,Banks - Regional,0.946,0.28528,624,,,,,,,,
NTRS/PCF,Asset Management,0.9316,0.28528,624,,,,,,,,
CTBI/WBS,Banks - Regional,0.9403,0.28529,624,,,,,,,,
BANC/WSFS,Banks - Regional,0.8753,0.2853,624,,,,,,,,
FNLC/UVSP,Banks - Regional,0.9294,0.2853,624,,,,,,,,
ASB/OPBK,Banks - Regional,0.9266,0.28531,624,,,,,,,,
OSBC/TSBK,Banks - Regional,0.9702,0.28532,624,,,,,,,,
ASB/CATY,Banks - Regional,0.9636,0.28534,624,,,,,,,,
PWOD/WSFS,Banks - Regional,0.8351,0.28534,624,,,,,,,,
EVN/FFC,Asset Management,0.973,0.28537,624,,,,,,,,
CBFV/CZWI,Banks - Regional,0.9227,0.28538,624,,,,,,,,
HPI/IQI,Asset Management,0.9404,0.28539,624,,,,,,,,
CZNC/FSFG,Banks - Regional,0.9302,0.28544,624,,,,,,,,
FMNB/SSBI,Banks - Regional,0.8713,0.28544,624,,,,,,,,
CBFV/MOFG,Banks - Regional,0.838,0.28545,624,,,,,,,,
NBTB/WNEB,Banks - Regional,0.8208,0.28545,624,,,,,,,,
JHS/NIM,Asset Management,0.9635,0.28545,624,,,,,,,,
MUJ/NQP,Asset Management,0.9879,0.28546,624,,,,,,,,
CTBI/TOWN,Banks - Regional,0.9614,0.28547,624,,,,,,,,
CAC/FFBC,Banks - Regional,0.9324,0.28549,624,,,,,,,,
OCFC/PEBK,Banks - Regional,0.8836,0.28549,624,,,,,,,,
CZNC/NWFL,Banks - Regional,0.9133,0.28549,624,,,,,,,,
HFWA/INDB,Banks - Regional,0.9579,0.2855,624,,,,,,,,
PYT/VCSH,Unknown,0.9696,0.28551,624,,,,,,,,
CSCI/GYRE,Biotechnology,0.8821,0.28551,624,,,,,,,,
BCAL/CBFV,Banks - Regional,0.8483,0.28555,624,,,,,,,,
AUB/DCOM,Banks - Regional,0.8875,0.28556,624,,,,,,,,
ASRV/EGBN,Banks - Regional,0.8633,0.28557,624,,,,,,,,
PWOD/WBS,Banks - Regional,0.8216,0.28559,624,,,,,,,,
BANR/MNSB,Banks - Regional,0.881,0.28562,624,,,,,,,,
KTF/MYN,Asset Management,0.9528,0.28563,624,,,,,,,,
MHD/PFO,Asset Management,0.9406,0.28567,624,,,,,,,,
CAC/WSBF,Banks - Regional,0.9407,0.2857,624,,,,,,,,
KTF/MHF,Asset Management,0.8976,0.28572,624,,,,,,,,
HPI/MPV,Asset Management,0.9099,0.28572,624,,,,,,,,
BCML/UBFO,Banks - Regional,0.9726,0.28572,624,,,,,,,,
BME/ETV,Asset Management,0.9824,0.28574,624,,,,,,,,
SHEL/SU,Oil & Gas Integrated,0.902,0.28575,624,,,,,,,,
EBMT/WTBA,Banks - Regional,0.9223,0.28576,624,,,,,,,,
DHF/PCF,Asset Management,0.966,0.28576,624,,,,,,,,
ASRV/HOPE,Banks - Regional,0.8291,0.28577,624,,,,,,,,
CSCI/SONN,Biotechnology,0.8224,0.28577,624,,,,,,,,
NAD/VMO,Asset Management,0.9834,0.28578,624,,,,,,,,
FNLC/TFC,Banks - Regional,0.9122,0.28578,624,,,,,,,,
FMBH/UMBF,Banks - Regional,0.9225,0.2858,624,,,,,,,,
NKSH/PFBC,Banks - Regional,0.8121,0.28581,624,,,,,,,,
ASRV/CARE,Banks - Regional,0.8339,0.28582,624,,,,,,,,
ASRV/AUB,Banks - Regional,0.8303,0.28583,624,,,,,,,,
NNY/NVG,Asset Management,0.967,0.28583,624,,,,,,,,
BSRR/CIVB,Banks - Regional,0.9415,0.28585,624,,,,,,,,
CADE/RVSB,Banks - Regional,0.833,0.28588,624,,,,,,,,
FMNB/MGYR,Banks - Regional,0.9313,0.2859,624,,,,,,,,
GJH/GJR,Unknown,0.9163,0.28591,624,,,,,,,,
NEWT/SBCF,Banks - Regional,0.9241,0.28592,624,,,,,,,,
FISI/PEBK,Banks - Regional,0.8767,0.28592,624,,,,,,,,
FNB/OSBC,Banks - Regional,0.855,0.28593,624,,,,,,,,
CCBG/PBHC,Banks - Regional,0.881,0.28594,624,,,,,,,,
FRME/SBCF,Banks - Regional,0.9678,0.28595,624,,,,,,,,
AUB/WBS,Banks - Regional,0.9681,0.28598,624,,,,,,,,
PAI/PFD,Asset Management,0.9626,0.286,624,,,,,,,,
GCBC/UNTY,Banks - Regional,0.9075,0.28601,624,,,,,,,,
DSU/FRA,Asset Management,0.9884,0.28603,624,,,,,,,,
NKX/VCV,Asset Management,0.9858,0.28605,624,,,,,,,,
GAB/LGI,Asset Management,0.9761,0.28605,624,,,,,,,,
HPI/MYI,Asset Management,0.9322,0.28607,624,,,,,,,,
BGR/PEO,Asset Management,0.9081,0.28609,624,,,,,,,,
BOTJ/PEBK,Banks - Regional,0.9301,0.28609,624,,,,,,,,
LKFN/PKBK,Banks - Regional,0.9512,0.28614,624,,,,,,,,
COP/DMLP,Oil & Gas E&P,0.953,0.28617,624,,,,,,,,
MHI/WEA,Asset Management,0.8207,0.28618,624,,,,,,,,
PB/WTBA,Banks - Regional,0.9223,0.28618,624,,,,,,,,
CWBC/FNLC,Banks - Regional,0.9515,0.28621,624,,,,,,,,
MPA/VBF,Asset Management,0.9622,0.28622,624,,,,,,,,
BTA/MYI,Asset Management,0.9741,0.28623,624,,,,,,,,
ASB/PKBK,Banks - Regional,0.9149,0.28625,624,,,,,,,,
NRIM/PEBK,Banks - Regional,0.8049,0.28625,624,,,,,,,,
DCOM/VLY,Banks - Regional,0.8773,0.28625,624,,,,,,,,
FHN/SMBK,Banks - Regional,0.9021,0.28626,624,,,,,,,,
GAB/PNNT,Asset Management,0.8952,0.28626,624,,,,,,,,
FMBH/WBS,Banks - Regional,0.9478,0.28627,624,,,,,,,,
AGD/QQQX,Asset Management,0.9536,0.28629,624,,,,,,,,
CMU/MVF,Asset Management,0.9715,0.2863,624,,,,,,,,
GLAD/MAIN,Asset Management,0.9744,0.2863,624,,,,,,,,
BFIN/HBCP,Banks - Regional,0.8187,0.28631,624,,,,,,,,
NRIM/ONB,Banks - Regional,0.9113,0.28632,624,,,,,,,,
PLBC/TBBK,Banks - Regional,0.8098,0.28632,624,,,,,,,,
MGYR/OSBC,Banks - Regional,0.9461,0.28634,624,,,,,,,,
CBU/CZWI,Banks - Regional,0.8812,0.28634,624,,,,,,,,
PFIS/USB,Banks - Regional,0.8888,0.28634,624,,,,,,,,
QQEW/SOXX,Unknown,0.9736,0.28636,624,,,,,,,,
JMM/MUA,Asset Management,0.9485,0.28638,624,,,,,,,,
NMT/NXN,Asset Management,0.9305,0.28639,624,,,,,,,,
DSU/PHD,Asset Management,0.9852,0.28643,624,,,,,,,,
FLO/SJM,Packaged Foods,0.9073,0.28644,624,,,,,,,,
FHN/OPOF,Banks - Regional,0.8336,0.28649,624,,,,,,,,
OCFC/UNB,Banks - Regional,0.9115,0.2865,624,,,,,,,,
LARK/UMBF,Banks - Regional,0.8495,0.28652,624,,,,,,,,
GABC/PLBC,Banks - Regional,0.9317,0.28653,624,,,,,,,,
GLAD/PIM,Asset Management,0.8466,0.28654,624,,,,,,,,
MPA/VPV,Asset Management,0.9763,0.28655,624,,,,,,,,
GDO/NAD,Asset Management,0.9734,0.28655,624,,,,,,,,
FFBC/OPBK,Banks - Regional,0.9041,0.28658,624,,,,,,,,
HTBK/WTFC,Banks - Regional,0.8305,0.28658,624,,,,,,,,
CBFV/EWBC,Banks - Regional,0.8875,0.2866,624,,,,,,,,
EBMT/SFNC,Banks - Regional,0.8772,0.2866,624,,,,,,,,
GJP/PFI,Unknown,0.9375,0.28661,624,,,,,,,,
ONB/VABK,Banks - Regional,0.9206,0.28662,624,,,,,,,,
DCOM/FFBC,Banks - Regional,0.8866,0.28662,624,,,,,,,,
NAN/NCA,Asset Management,0.9657,0.28663,624,,,,,,,,
MGF/NMI,Asset Management,0.9097,0.28664,624,,,,,,,,
BANR/EFSC,Banks - Regional,0.9566,0.28664,624,,,,,,,,
HIFS/WASH,Banks - Regional,0.8935,0.28668,624,,,,,,,,
DCOM/FULT,Banks - Regional,0.883,0.28668,624,,,,,,,,
FULT/HBNC,Banks - Regional,0.9215,0.28669,624,,,,,,,,
FDBC/INDB,Banks - Regional,0.9079,0.2867,624,,,,,,,,
COFS/OVLY,Banks - Regional,0.8998,0.28671,624,,,,,,,,
PTY/WEA,Asset Management,0.9667,0.28672,624,,,,,,,,
IGI/RQI,Asset Management,0.879,0.28672,624,,,,,,,,
AROW/SMBC,Banks - Regional,0.8922,0.28675,624,,,,,,,,
GJR/PYT,Unknown,0.9227,0.28677,624,,,,,,,,
INDB/OCFC,Banks - Regional,0.9018,0.28677,624,,,,,,,,
AUB/MNSB,Banks - Regional,0.9123,0.28681,624,,,,,,,,
HBNC/MOFG,Banks - Regional,0.9315,0.28681,624,,,,,,,,
NEA/PFO,Asset Management,0.9763,0.28683,624,,,,,,,,
BKT/EVN,Asset Management,0.9499,0.28685,624,,,,,,,,
HYT/MMT,Asset Management,0.9829,0.28685,624,,,,,,,,
HPF/NVG,Asset Management,0.9425,0.28686,624,,,,,,,,
FFIC/KRNY,Banks - Regional,0.9253,0.28686,624,,,,,,,,
JLS/RCS,Asset Management,0.9462,0.28687,624,,,,,,,,
FULT/TSBK,Banks - Regional,0.9333,0.28688,624,,,,,,,,
ASRV/BOTJ,Banks - Regional,0.8191,0.2869,624,,,,,,,,
LARK/NFBK,Banks - Regional,0.8545,0.2869,624,,,,,,,,
ABCB/SMBC,Banks - Regional,0.9529,0.28691,624,,,,,,,,
FMNB/UNTY,Banks - Regional,0.8939,0.28695,624,,,,,,,,
FRAF/INDB,Banks - Regional,0.928,0.28696,624,,,,,,,,
CIF/EVG,Asset Management,0.8899,0.28696,624,,,,,,,,
BKT/NKX,Asset Management,0.9445,0.28696,624,,,,,,,,
ONB/PWOD,Banks - Regional,0.8722,0.28697,624,,,,,,,,
EBTC/TFC,Banks - Regional,0.9079,0.28698,624,,,,,,,,
FNLC/NBTB,Banks - Regional,0.9648,0.28699,624,,,,,,,,
ABEO/ONCY,Biotechnology,0.8408,0.287,624,,,,,,,,
CXE/CXH,Asset Management,0.976,0.28701,624,,,,,,,,
CADE/OVBC,Banks - Regional,0.8029,0.28702,624,,,,,,,,
BRW/HTGC,Asset Management,0.9266,0.28703,624,,,,,,,,
DTF/NQP,Asset Management,0.9226,0.28703,624,,,,,,,,
FMBH/USB,Banks - Regional,0.9309,0.28706,624,,,,,,,,
AROW/SBSI,Banks - Regional,0.9485,0.28707,624,,,,,,,,
RNST/SFST,Banks - Regional,0.9079,0.28709,624,,,,,,,,
HBNC/PLBC,Banks - Regional,0.8282,0.2871,624,,,,,,,,
BHLB/FRST,Banks - Regional,0.853,0.28711,624,,,,,,,,
ASRV/KEY,Banks - Regional,0.8445,0.28713,624,,,,,,,,
PCM/WEA,Asset Management,0.9468,0.28713,624,,,,,,,,
CSX/UNP,Railroads,0.9862,0.28714,624,,,,,,,,
PFBC/SSBI,Banks - Regional,0.8064,0.28714,624,,,,,,,,
MHN/PMO,Asset Management,0.9507,0.28715,624,,,,,,,,
FRAF/GSBC,Banks - Regional,0.9639,0.28716,624,,,,,,,,
MPV/RCS,Asset Management,0.8915,0.28717,624,,,,,,,,
BFZ/OIA,Asset Management,0.9279,0.28718,624,,,,,,,,
MFIC/TWN,Asset Management,0.8923,0.28719,624,,,,,,,,
BFK/CMU,Asset Management,0.9688,0.28723,624,,,,,,,,
MHF/MQY,Asset Management,0.9505,0.28724,624,,,,,,,,
AGD/CHY,Asset Management,0.9605,0.28728,624,,,,,,,,
BPOPM/JBK,Unknown,0.9817,0.28729,624,,,,,,,,
BOKF/GCBC,Banks - Regional,0.8853,0.2873,624,,,,,,,,
CATY/INDB,Banks - Regional,0.9041,0.28731,624,,,,,,,,
PYT/VCIT,Unknown,0.9463,0.28731,624,,,,,,,,
FBIZ/PEBK,Banks - Regional,0.8508,0.28731,624,,,,,,,,
HBAN/UCB,Banks - Regional,0.9345,0.28732,624,,,,,,,,
BANR/CIVB,Banks - Regional,0.9314,0.28732,624,,,,,,,,
ATLO/EBMT,Banks - Regional,0.8291,0.28732,624,,,,,,,,
MYD/VTN,Asset Management,0.977,0.28735,624,,,,,,,,
FNB/NBTB,Banks - Regional,0.8861,0.28735,624,,,,,,,,
DTF/MVF,Asset Management,0.966,0.2874,624,,,,,,,,
BANR/TSBK,Banks - Regional,0.9323,0.28743,624,,,,,,,,
BYM/PMX,Asset Management,0.9351,0.28743,624,,,,,,,,
EOT/VTN,Asset Management,0.9531,0.28745,624,,,,,,,,
MXF/PTMN,Asset Management,0.8661,0.28745,624,,,,,,,,
ETB/HTGC,Asset Management,0.9167,0.28745,624,,,,,,,,
CZWI/QCRH,Banks - Regional,0.9307,0.28745,624,,,,,,,,
CTBI/MOFG,Banks - Regional,0.8776,0.28745,624,,,,,,,,
MBWM/NRIM,Banks - Regional,0.9218,0.28748,624,,,,,,,,
ENTG/LRCX,Semiconductor Equipment & Materials,0.9557,0.28748,624,,,,,,,,
CZWI/MOFG,Banks - Regional,0.9293,0.28748,624,,,,,,,,
ASRV/MNSB,Banks - Regional,0.8377,0.2875,624,,,,,,,,
MVF/NEA,Asset Management,0.9408,0.2875,624,,,,,,,,
CIVB/WTBA,Banks - Regional,0.9592,0.2875,624,,,,,,,,
ASRV/PB,Banks - Regional,0.8079,0.2875,624,,,,,,,,
COLB/OCFC,Banks - Regional,0.9371,0.28751,624,,,,,,,,
QCRH/SSB,Banks - Regional,0.9333,0.28751,624,,,,,,,,
HWBK/SFBC,Banks - Regional,0.9606,0.28751,624,,,,,,,,
MGF/NXN,Asset Management,0.9179,0.28752,624,,,,,,,,
KEY/PLBC,Banks - Regional,0.8431,0.28752,624,,,,,,,,
SBCF/SMBC,Banks - Regional,0.9165,0.28753,624,,,,,,,,
NVG/VCV,Asset Management,0.9681,0.28755,624,,,,,,,,
BOKF/PGC,Banks - Regional,0.9122,0.28755,624,,,,,,,,
PFM/SHV,Unknown,0.924,0.28756,624,,,,,,,,
BDJ/BXMX,Asset Management,0.9916,0.28757,624,,,,,,,,
FUNC/OVLY,Banks - Regional,0.9156,0.28757,624,,,,,,,,
CBFV/WAFD,Banks - Regional,0.9022,0.28757,624,,,,,,,,
CHMG/WBS,Banks - Regional,0.9351,0.2876,624,,,,,,,,
PB/UCB,Banks - Regional,0.916,0.2876,624,,,,,,,,
HWBK/SBFG,Banks - Regional,0.9553,0.28761,624,,,,,,,,
NRK/NXC,Asset Management,0.9571,0.28762,624,,,,,,,,
FHN/PGC,Banks - Regional,0.891,0.28762,624,,,,,,,,
CCNE/CHMG,Banks - Regional,0.9217,0.28763,624,,,,,,,,
IPB/SOXX,Unknown,0.8714,0.28764,624,,,,,,,,
MGF/NCA,Asset Management,0.8997,0.28764,624,,,,,,,,
PMF/VTN,Asset Management,0.9251,0.28766,624,,,,,,,,
CWBC/HBAN,Banks - Regional,0.9375,0.28768,624,,,,,,,,
PRN/SOXX,Unknown,0.9794,0.28769,624,,,,,,,,
FMBH/WAL,Banks - Regional,0.9429,0.28771,624,,,,,,,,
ONB/THFF,Banks - Regional,0.9602,0.28773,624,,,,,,,,
KTF/NIM,Asset Management,0.8908,0.28774,624,,,,,,,,
IGIB/KTH,Unknown,0.9535,0.28774,624,,,,,,,,
CCBG/CZFS,Banks - Regional,0.8843,0.28775,624,,,,,,,,
HFWA/OCFC,Banks - Regional,0.9338,0.28775,624,,,,,,,,
IFN/STK,Asset Management,0.9718,0.28776,624,,,,,,,,
HOPE/MOFG,Banks - Regional,0.917,0.28777,624,,,,,,,,
CBAN/RBCAA,Banks - Regional,0.8732,0.28777,624,,,,,,,,
MUJ/VGM,Asset Management,0.9842,0.28779,624,,,,,,,,
CADE/PFS,Banks - Regional,0.8767,0.28781,624,,,,,,,,
PNF/PNI,Asset Management,0.9614,0.28781,624,,,,,,,,
BFZ/KTF,Asset Management,0.9713,0.28782,624,,,,,,,,
AEP/CMS,Utilities - Regulated Electric,0.9954,0.28782,624,,,,,,,,
FRA/VVR,Asset Management,0.9872,0.28783,624,,,,,,,,
MUJ/MYN,Asset Management,0.9754,0.28784,624,,,,,,,,
MOFG/TRMK,Banks - Regional,0.8756,0.28784,624,,,,,,,,
IGI/PCK,Asset Management,0.8492,0.28785,624,,,,,,,,
OZK/SFBC,Banks - Regional,0.8529,0.28786,624,,,,,,,,
CZNC/FULT,Banks - Regional,0.8973,0.28789,624,,,,,,,,
ESSA/NWBI,Banks - Regional,0.87,0.2879,624,,,,,,,,
EXG/RVT,Asset Management,0.9922,0.2879,624,,,,,,,,
MIN/NXN,Asset Management,0.9295,0.28792,624,,,,,,,,
IPB/PTF,Unknown,0.8955,0.28794,624,,,,,,,,
COFS/IBOC,Banks - Regional,0.8942,0.28796,624,,,,,,,,
NMI/PMF,Asset Management,0.908,0.28796,624,,,,,,,,
CHCO/CZFS,Banks - Regional,0.8556,0.28799,624,,,,,,,,
CATY/FCF,Banks - Regional,0.9829,0.28799,624,,,,,,,,
PEBK/UVSP,Banks - Regional,0.9276,0.28799,624,,,,,,,,
BSRR/RVSB,Banks - Regional,0.8694,0.288,624,,,,,,,,
ASRV/FRST,Banks - Regional,0.8885,0.28801,624,,,,,,,,
PRGO/RMTI,Drug Manufacturers - Specialty & Generic,0.8326,0.28801,624,,,,,,,,
SBSI/WSBF,Banks - Regional,0.9751,0.28802,624,,,,,,,,
ACHV/ONCY,Biotechnology,0.9191,0.28802,624,,,,,,,,
DCOM/QCRH,Banks - Regional,0.8303,0.28803,624,,,,,,,,
BLE/WEA,Asset Management,0.8907,0.28805,624,,,,,,,,
PCQ/PMM,Asset Management,0.8408,0.28808,624,,,,,,,,
AROW/DCOM,Banks - Regional,0.9141,0.28808,624,,,,,,,,
INDB/LARK,Banks - Regional,0.8942,0.28811,624,,,,,,,,
CAC/WNEB,Banks - Regional,0.8495,0.28811,624,,,,,,,,
ASB/BRKL,Banks - Regional,0.8726,0.28811,624,,,,,,,,
VLY/ZION,Banks - Regional,0.9072,0.28813,624,,,,,,,,
MUJ/NAD,Asset Management,0.9914,0.28816,624,,,,,,,,
BOH/IBCP,Banks - Regional,0.8606,0.28816,624,,,,,,,,
EBMT/GBCI,Banks - Regional,0.9151,0.28818,624,,,,,,,,
BANFP/IJT,Unknown,0.9624,0.28824,624,,,,,,,,
JBLU/LUV,Airlines,0.8215,0.28824,624,,,,,,,,
OPOF/PGC,Banks - Regional,0.8843,0.28825,624,,,,,,,,
EBTC/WNEB,Banks - Regional,0.8684,0.28827,624,,,,,,,,
FMNB/VLY,Banks - Regional,0.8378,0.28828,624,,,,,,,,
MPB/PNC,Banks - Regional,0.9284,0.28829,624,,,,,,,,
OVLY/PEBO,Banks - Regional,0.9256,0.28829,624,,,,,,,,
SNGX/VXRT,Biotechnology,0.8591,0.2883,624,,,,,,,,
IIM/MHI,Asset Management,0.9044,0.2883,624,,,,,,,,
MUC/NIM,Asset Management,0.9475,0.2883,624,,,,,,,,
BFK/NVG,Asset Management,0.9517,0.28831,624,,,,,,,,
CWBC/CZFS,Banks - Regional,0.867,0.28833,624,,,,,,,,
IQI/MVT,Asset Management,0.9537,0.28833,624,,,,,,,,
HYT/WIA,Asset Management,0.9109,0.28835,624,,,,,,,,
CTBI/SNV,Banks - Regional,0.9479,0.28836,624,,,,,,,,
PNFP/SNV,Banks - Regional,0.9603,0.28837,624,,,,,,,,
BANR/GCBC,Banks - Regional,0.833,0.28837,624,,,,,,,,
BMRA/QDEL,Medical Devices,0.8447,0.28837,624,,,,,,,,
BFK/PMF,Asset Management,0.9679,0.28838,624,,,,,,,,
BNY/NAN,Asset Management,0.9517,0.2884,624,,,,,,,,
FFA/STK,Asset Management,0.9905,0.28841,624,,,,,,,,
BRC/NSSC,Security & Protection Services,0.8856,0.28842,624,,,,,,,,
EBTC/PPBI,Banks - Regional,0.9138,0.28844,624,,,,,,,,
FITB/MPB,Banks - Regional,0.8967,0.28848,624,,,,,,,,
FOF/PCF,Asset Management,0.9818,0.28848,624,,,,,,,,
CAC/EFSC,Banks - Regional,0.9689,0.28849,624,,,,,,,,
JSM/PFF,Unknown,0.971,0.28849,624,,,,,,,,
BCBP/CVBF,Banks - Regional,0.906,0.28851,624,,,,,,,,
THFF/WAFD,Banks - Regional,0.9447,0.28856,624,,,,,,,,
OVLY/UBFO,Banks - Regional,0.9085,0.28858,624,,,,,,,,
CFFI/MBWM,Banks - Regional,0.943,0.28862,624,,,,,,,,
DSM/MPA,Asset Management,0.9552,0.28864,624,,,,,,,,
CIF/PCM,Asset Management,0.9364,0.28867,624,,,,,,,,
CFFN/FNWD,Banks - Regional,0.8656,0.28872,624,,,,,,,,
COFS/SMBK,Banks - Regional,0.8781,0.28874,624,,,,,,,,
FFBC/UBCP,Banks - Regional,0.8643,0.28875,624,,,,,,,,
NAD/NMZ,Asset Management,0.9927,0.28877,624,,,,,,,,
PCK/PYN,Asset Management,0.9627,0.28878,624,,,,,,,,
FHI/GDL,Asset Management,0.933,0.28881,624,,,,,,,,
CFFI/CTBI,Banks - Regional,0.9494,0.28886,624,,,,,,,,
EVRG/POR,Utilities - Regulated Electric,0.9762,0.28887,624,,,,,,,,
PGC/WAFD,Banks - Regional,0.9432,0.28887,624,,,,,,,,
EBMT/WSFS,Banks - Regional,0.8872,0.28888,624,,,,,,,,
FUNC/LSBK,Banks - Regional,0.8026,0.28889,624,,,,,,,,
PML/PYN,Asset Management,0.9352,0.2889,624,,,,,,,,
AOD/FFA,Asset Management,0.9814,0.28891,624,,,,,,,,
HPI/MUJ,Asset Management,0.9393,0.28894,624,,,,,,,,
CPK/RGCO,Utilities - Regulated Gas,0.8471,0.28896,624,,,,,,,,
FRST/USB,Banks - Regional,0.928,0.28897,624,,,,,,,,
ABM/DLHC,Specialty Business Services,0.8071,0.28899,624,,,,,,,,
BOTJ/GBCI,Banks - Regional,0.9111,0.289,624,,,,,,,,
BNY/DTF,Asset Management,0.9654,0.28901,624,,,,,,,,
GABC/LKFN,Banks - Regional,0.9618,0.28902,624,,,,,,,,
PNF/PZC,Asset Management,0.9676,0.28905,624,,,,,,,,
HBAN/TSBK,Banks - Regional,0.9506,0.28906,624,,,,,,,,
CXE/VCV,Asset Management,0.9617,0.28907,624,,,,,,,,
EBTC/FUNC,Banks - Regional,0.8759,0.28909,624,,,,,,,,
INDB/UNB,Banks - Regional,0.8025,0.28909,624,,,,,,,,
FUND/HTGC,Asset Management,0.944,0.28911,624,,,,,,,,
HPF/MUA,Asset Management,0.9285,0.28916,624,,,,,,,,
EMD/OIA,Asset Management,0.861,0.28916,624,,,,,,,,
KAI/PH,Specialty Industrial Machinery,0.9828,0.28917,624,,,,,,,,
FNWD/PKBK,Banks - Regional,0.8711,0.28919,624,,,,,,,,
SBI/VGM,Asset Management,0.9697,0.2892,624,,,,,,,,
HTO/YORW,Utilities - Regulated Water,0.9612,0.28921,624,,,,,,,,
GJP/PRFZ,Unknown,0.9499,0.28922,624,,,,,,,,
IGI/PFO,Asset Management,0.9697,0.28923,624,,,,,,,,
EBTC/OVBC,Banks - Regional,0.8405,0.28924,624,,,,,,,,
LEO/NAD,Asset Management,0.9679,0.28926,624,,,,,,,,
MQY/NAZ,Asset Management,0.9614,0.28928,624,,,,,,,,
MGYR/SBSI,Banks - Regional,0.9333,0.28928,624,,,,,,,,
ETO/PCM,Asset Management,0.9466,0.28928,624,,,,,,,,
CCNE/VABK,Banks - Regional,0.9301,0.28928,624,,,,,,,,
UCB/UNTY,Banks - Regional,0.8697,0.28931,624,,,,,,,,
DSU/HYT,Asset Management,0.9767,0.28931,624,,,,,,,,
PML/PMM,Asset Management,0.9218,0.28932,624,,,,,,,,
HBNC/MTB,Banks - Regional,0.9452,0.28935,624,,,,,,,,
FMN/NXP,Asset Management,0.9039,0.28935,624,,,,,,,,
DHIL/GAIN,Asset Management,0.8182,0.28935,624,,,,,,,,
MT/PKX,Steel,0.8023,0.28936,624,,,,,,,,
ONCY/SONN,Biotechnology,0.8952,0.28936,624,,,,,,,,
MUA/NKX,Asset Management,0.9805,0.28936,624,,,,,,,,
HWBK/WBS,Banks - Regional,0.9045,0.28936,624,,,,,,,,
UCB/WSBC,Banks - Regional,0.8679,0.28937,624,,,,,,,,
BBH/JBK,Unknown,0.94,0.28937,624,,,,,,,,
CHMG/USB,Banks - Regional,0.8884,0.28938,624,,,,,,,,
FNB/TOWN,Banks - Regional,0.8892,0.28939,624,,,,,,,,
ESSA/FUNC,Banks - Regional,0.9244,0.2894,624,,,,,,,,
BLE/FLC,Asset Management,0.932,0.28941,624,,,,,,,,
OVBC/WASH,Banks - Regional,0.8391,0.28945,624,,,,,,,,
ESSA/SNV,Banks - Regional,0.8883,0.28945,624,,,,,,,,
AGYS/FICO,Software - Application,0.9275,0.28946,624,,,,,,,,
MYI/PAI,Asset Management,0.9558,0.28947,624,,,,,,,,
EOT/MSD,Asset Management,0.8621,0.2895,624,,,,,,,,
GDO/NIM,Asset Management,0.9662,0.28951,624,,,,,,,,
FCF/FRME,Banks - Regional,0.9562,0.28951,624,,,,,,,,
CZNC/MOFG,Banks - Regional,0.8881,0.28952,624,,,,,,,,
GDO/PFD,Asset Management,0.9665,0.28953,624,,,,,,,,
ONB/SRCE,Banks - Regional,0.9714,0.28954,624,,,,,,,,
ONB/WTBA,Banks - Regional,0.8912,0.28956,624,,,,,,,,
FCF/WTFC,Banks - Regional,0.9691,0.28958,624,,,,,,,,
FDBC/LSBK,Banks - Regional,0.8112,0.28959,624,,,,,,,,
BOKF/SHBI,Banks - Regional,0.8483,0.28959,624,,,,,,,,
HFWA/TCBK,Banks - Regional,0.9129,0.2896,624,,,,,,,,
FBNC/RVSB,Banks - Regional,0.8888,0.28961,624,,,,,,,,
CIVB/FNLC,Banks - Regional,0.9571,0.28964,624,,,,,,,,
NMT/NPV,Asset Management,0.9402,0.28964,624,,,,,,,,
BNY/PMM,Asset Management,0.9134,0.28964,624,,,,,,,,
GJO/IUSV,Unknown,0.976,0.28969,624,,,,,,,,
NKSH/WASH,Banks - Regional,0.8949,0.28969,624,,,,,,,,
IGI/MMU,Asset Management,0.9519,0.28969,624,,,,,,,,
CWBC/WTFC,Banks - Regional,0.8831,0.28972,624,,,,,,,,
GJR/QQQ,Unknown,0.961,0.28973,624,,,,,,,,
NNY/PFD,Asset Management,0.9504,0.28977,624,,,,,,,,
CBU/SFBC,Banks - Regional,0.9203,0.28978,624,,,,,,,,
MCR/NAD,Asset Management,0.957,0.28979,624,,,,,,,,
ASB/UNTY,Banks - Regional,0.8925,0.28979,624,,,,,,,,
CCNE/FBNC,Banks - Regional,0.9409,0.28979,624,,,,,,,,
BOH/SHBI,Banks - Regional,0.8981,0.28981,624,,,,,,,,
CBFV/OPOF,Banks - Regional,0.8625,0.28983,624,,,,,,,,
SBFG/ZION,Banks - Regional,0.9263,0.28986,624,,,,,,,,
BANC/CAC,Banks - Regional,0.8368,0.28986,624,,,,,,,,
PWOD/WTFC,Banks - Regional,0.8063,0.28986,624,,,,,,,,
NVG/PAI,Asset Management,0.9754,0.28988,624,,,,,,,,
PEBK/WTFC,Banks - Regional,0.9059,0.28989,624,,,,,,,,
PLBC/WAL,Banks - Regional,0.876,0.2899,624,,,,,,,,
IBB/PTH,Unknown,0.9126,0.28993,624,,,,,,,,
LCNB/WAFD,Banks - Regional,0.9196,0.28993,624,,,,,,,,
VCLT/VMBS,Unknown,0.9795,0.28995,624,,,,,,,,
HIX/IGI,Asset Management,0.9063,0.28995,624,,,,,,,,
IGD/TWN,Asset Management,0.8988,0.28995,624,,,,,,,,
GRX/RFI,Asset Management,0.9713,0.28997,624,,,,,,,,
VKQ/VPV,Asset Management,0.9815,0.28999,624,,,,,,,,
CCBG/MNSB,Banks - Regional,0.8726,0.28999,624,,,,,,,,
JMM/NRK,Asset Management,0.953,0.29004,624,,,,,,,,
BOH/SMBK,Banks - Regional,0.8979,0.29004,624,,,,,,,,
INVX/OII,Oil & Gas Equipment & Services,0.8829,0.29004,624,,,,,,,,
FUNC/PLBC,Banks - Regional,0.9365,0.29005,624,,,,,,,,
BANFP/PSL,Unknown,0.9724,0.29005,624,,,,,,,,
BKT/MYN,Asset Management,0.9694,0.29005,624,,,,,,,,
CAC/ESSA,Banks - Regional,0.8999,0.29008,624,,,,,,,,
ASRV/OVBC,Banks - Regional,0.8011,0.29008,624,,,,,,,,
NKSH/SHBI,Banks - Regional,0.8235,0.29009,624,,,,,,,,
AUB/PFS,Banks - Regional,0.9312,0.2901,624,,,,,,,,
DCI/EMR,Specialty Industrial Machinery,0.9581,0.29011,624,,,,,,,,
SFNC/WASH,Banks - Regional,0.9506,0.29012,624,,,,,,,,
PDP/QQXT,Unknown,0.9891,0.29013,624,,,,,,,,
ETW/RJF,Asset Management,0.9064,0.29013,624,,,,,,,,
CVBF/GABC,Banks - Regional,0.9469,0.29013,624,,,,,,,,
RVSB/WNEB,Banks - Regional,0.8629,0.29017,624,,,,,,,,
CAC/OPBK,Banks - Regional,0.9065,0.29018,624,,,,,,,,
JMM/NIM,Asset Management,0.9564,0.29019,624,,,,,,,,
DSU/FOF,Asset Management,0.9811,0.29021,624,,,,,,,,
FNB/FUNC,Banks - Regional,0.8622,0.29022,624,,,,,,,,
BCAL/GBCI,Banks - Regional,0.868,0.29025,624,,,,,,,,
BFIN/SNV,Banks - Regional,0.8358,0.29025,624,,,,,,,,
BANR/HIFS,Banks - Regional,0.8946,0.29027,624,,,,,,,,
FMY/IQI,Asset Management,0.8734,0.2903,624,,,,,,,,
FMNB/SFNC,Banks - Regional,0.8789,0.2903,624,,,,,,,,
CSQ/FOF,Asset Management,0.9892,0.29032,624,,,,,,,,
IIM/NXP,Asset Management,0.9326,0.29033,624,,,,,,,,
INDB/SSBI,Banks - Regional,0.8627,0.29033,624,,,,,,,,
FTI/NPKI,Oil & Gas Equipment & Services,0.8314,0.29034,624,,,,,,,,
UBCP/VLY,Banks - Regional,0.8338,0.29034,624,,,,,,,,
MGF/NVG,Asset Management,0.9471,0.29035,624,,,,,,,,
FNWD/WTBA,Banks - Regional,0.9158,0.29036,624,,,,,,,,
AVK/KF,Asset Management,0.8756,0.29038,624,,,,,,,,
CCBG/FCNCA,Banks - Regional,0.8603,0.29039,624,,,,,,,,
COFS/STBA,Banks - Regional,0.8557,0.29039,624,,,,,,,,
ASRV/SBFG,Banks - Regional,0.8053,0.2904,624,,,,,,,,
THFF/WBS,Banks - Regional,0.9548,0.2904,624,,,,,,,,
PMM/PNF,Asset Management,0.8651,0.2904,624,,,,,,,,
BLE/FFC,Asset Management,0.9407,0.29041,624,,,,,,,,
MFM/MYN,Asset Management,0.9761,0.29042,624,,,,,,,,
BOH/NEWT,Banks - Regional,0.8482,0.29042,624,,,,,,,,
MCR/PFO,Asset Management,0.9604,0.29042,624,,,,,,,,
HFBL/PFS,Banks - Regional,0.9051,0.29043,624,,,,,,,,
ALNT/CTS,Electronic Components,0.8538,0.29044,624,,,,,,,,
PMF/PMO,Asset Management,0.8963,0.29046,624,,,,,,,,
CADE/WNEB,Banks - Regional,0.8457,0.29046,624,,,,,,,,
CTBI/OPOF,Banks - Regional,0.8305,0.2905,624,,,,,,,,
NCA/PFD,Asset Management,0.9373,0.29051,624,,,,,,,,
FLC/RFI,Asset Management,0.9421,0.29051,624,,,,,,,,
CZNC/VABK,Banks - Regional,0.9222,0.29054,624,,,,,,,,
MGYR/NFBK,Banks - Regional,0.8082,0.29054,624,,,,,,,,
PNC/PNFP,Banks - Regional,0.9674,0.29055,624,,,,,,,,
CADE/HFWA,Banks - Regional,0.8812,0.29057,624,,,,,,,,
TSI/VLT,Asset Management,0.9653,0.29057,624,,,,,,,,
ESSA/TCBK,Banks - Regional,0.9395,0.29057,624,,,,,,,,
NAD/SBI,Asset Management,0.9643,0.29058,624,,,,,,,,
BRKL/MOFG,Banks - Regional,0.8642,0.29059,624,,,,,,,,
AZTA/COO,Medical Instruments & Supplies,0.8798,0.29061,624,,,,,,,,
CWBC/OVLY,Banks - Regional,0.871,0.29062,624,,,,,,,,
PBHC/WBS,Banks - Regional,0.9231,0.29063,624,,,,,,,,
PFIS/TFC,Banks - Regional,0.8609,0.29063,624,,,,,,,,
THFF/UVSP,Banks - Regional,0.9605,0.29064,624,,,,,,,,
FMN/NVG,Asset Management,0.9543,0.29065,624,,,,,,,,
IQI/KTF,Asset Management,0.9295,0.29065,624,,,,,,,,
PEBK/UNTY,Banks - Regional,0.886,0.29067,624,,,,,,,,
JPC/VBF,Asset Management,0.9555,0.29069,624,,,,,,,,
CBFV/TCBK,Banks - Regional,0.869,0.29069,624,,,,,,,,
FCCO/NBTB,Banks - Regional,0.9532,0.2907,624,,,,,,,,
CWT/MSEX,Utilities - Regulated Water,0.9648,0.29071,624,,,,,,,,
ESSA/FMNB,Banks - Regional,0.8992,0.29071,624,,,,,,,,
BSRR/FXNC,Banks - Regional,0.8876,0.29074,624,,,,,,,,
SLAB/UMC,Semiconductors,0.861,0.29078,624,,,,,,,,
KBH/PHM,Residential Construction,0.983,0.29081,624,,,,,,,,
SBCF/SMBK,Banks - Regional,0.9143,0.29081,624,,,,,,,,
CFR/SBFG,Banks - Regional,0.9096,0.29083,624,,,,,,,,
CXE/NOM,Asset Management,0.8325,0.29085,624,,,,,,,,
NNY/PYN,Asset Management,0.8398,0.29086,624,,,,,,,,
LPX/OC,Building Products & Equipment,0.9546,0.29086,624,,,,,,,,
NBTB/PFIS,Banks - Regional,0.9188,0.29087,624,,,,,,,,
CAF/TDF,Asset Management,0.8838,0.29088,624,,,,,,,,
EXPD/LSTR,Integrated Freight & Logistics,0.9786,0.2909,624,,,,,,,,
IDA/NEE,Utilities - Regulated Electric,0.9343,0.29091,624,,,,,,,,
BTA/HPS,Asset Management,0.9581,0.29091,624,,,,,,,,
LNT/NEE,Utilities - Regulated Electric,0.97,0.29093,624,,,,,,,,
EBMT/UVSP,Banks - Regional,0.8715,0.29096,624,,,,,,,,
FCCO/PNFP,Banks - Regional,0.9191,0.29099,624,,,,,,,,
CXE/NXJ,Asset Management,0.9332,0.29101,624,,,,,,,,
NKSH/TCBK,Banks - Regional,0.8632,0.29101,624,,,,,,,,
CFFI/CZFS,Banks - Regional,0.8751,0.29102,624,,,,,,,,
ONB/SBCF,Banks - Regional,0.8989,0.29103,624,,,,,,,,
BANR/CHCO,Banks - Regional,0.8962,0.29104,624,,,,,,,,
HFWA/OSBC,Banks - Regional,0.9109,0.29104,624,,,,,,,,
FRAF/HWBK,Banks - Regional,0.9501,0.29105,624,,,,,,,,
EOT/RQI,Asset Management,0.8744,0.29105,624,,,,,,,,
MBCN/OSBC,Banks - Regional,0.951,0.29108,624,,,,,,,,
RPM/WDFC,Specialty Chemicals,0.9441,0.29109,624,,,,,,,,
MOFG/USB,Banks - Regional,0.9277,0.29109,624,,,,,,,,
HBNC/WSFS,Banks - Regional,0.9633,0.29112,624,,,,,,,,
CAC/HWC,Banks - Regional,0.879,0.29112,624,,,,,,,,
PWOD/QCRH,Banks - Regional,0.809,0.29112,624,,,,,,,,
BSRR/DCOM,Banks - Regional,0.8876,0.29112,624,,,,,,,,
EVRG/WEC,Utilities - Regulated Electric,0.9738,0.29113,624,,,,,,,,
BRT/CPT,REIT - Residential,0.9286,0.29113,624,,,,,,,,
MIY/MVF,Asset Management,0.9508,0.29114,624,,,,,,,,
FNLC/ONB,Banks - Regional,0.9344,0.29114,624,,,,,,,,
DCOM/SRCE,Banks - Regional,0.8409,0.29117,624,,,,,,,,
CADE/SSB,Banks - Regional,0.9581,0.29117,624,,,,,,,,
JMM/NMZ,Asset Management,0.9692,0.29121,624,,,,,,,,
PFF/VMBS,Unknown,0.9098,0.29122,624,,,,,,,,
HWBK/SSB,Banks - Regional,0.8987,0.29124,624,,,,,,,,
CHY/QQQX,Asset Management,0.9732,0.29125,624,,,,,,,,
COFS/HIFS,Banks - Regional,0.8257,0.29127,624,,,,,,,,
MHN/MIY,Asset Management,0.9665,0.29127,624,,,,,,,,
HBAN/IBOC,Banks - Regional,0.9425,0.29127,624,,,,,,,,
OVLY/PFIS,Banks - Regional,0.8787,0.29128,624,,,,,,,,
MBWM/RBCAA,Banks - Regional,0.964,0.29129,624,,,,,,,,
FFC/PMO,Asset Management,0.9797,0.29129,624,,,,,,,,
DSGX/FICO,Software - Application,0.8986,0.29131,624,,,,,,,,
FRST/UVSP,Banks - Regional,0.8754,0.29133,624,,,,,,,,
NAZ/NKX,Asset Management,0.9678,0.29135,624,,,,,,,,
IQI/MUE,Asset Management,0.9843,0.29135,624,,,,,,,,
SBFG/TRMK,Banks - Regional,0.9392,0.29136,624,,,,,,,,
BCAL/GSBC,Banks - Regional,0.9031,0.29138,624,,,,,,,,
CTBI/UVSP,Banks - Regional,0.9473,0.29138,624,,,,,,,,
MOFG/PFBC,Banks - Regional,0.8271,0.29141,624,,,,,,,,
PSEC/SPXX,Asset Management,0.8749,0.29142,624,,,,,,,,
PRN/PYT,Unknown,0.9165,0.29142,624,,,,,,,,
CFR/CMA,Banks - Regional,0.889,0.29149,624,,,,,,,,
KTF/VPV,Asset Management,0.9198,0.2915,624,,,,,,,,
BFZ/MMT,Asset Management,0.87,0.2915,624,,,,,,,,
IBCP/WSBC,Banks - Regional,0.8655,0.29151,624,,,,,,,,
AUB/UBFO,Banks - Regional,0.9374,0.29153,624,,,,,,,,
FISI/TOWN,Banks - Regional,0.8988,0.29155,624,,,,,,,,
QQXT/SOXX,Unknown,0.9579,0.29156,624,,,,,,,,
GAB/GLAD,Asset Management,0.9399,0.29158,624,,,,,,,,
TRMK/WNEB,Banks - Regional,0.8672,0.29158,624,,,,,,,,
OIA/PDT,Asset Management,0.9639,0.29159,624,,,,,,,,
PFF/VCSH,Unknown,0.9728,0.29163,624,,,,,,,,
MVT/PFO,Asset Management,0.9165,0.29165,624,,,,,,,,
ALX/BFS,REIT - Retail,0.8133,0.29166,624,,,,,,,,
BKD/SNDA,Medical Care Facilities,0.8738,0.29167,624,,,,,,,,
DSGX/TYL,Software - Application,0.97,0.29168,624,,,,,,,,
FBNC/WBS,Banks - Regional,0.9566,0.2917,624,,,,,,,,
HWBK/MBWM,Banks - Regional,0.9479,0.29171,624,,,,,,,,
MVF/NVG,Asset Management,0.9334,0.29172,624,,,,,,,,
COFS/HBNC,Banks - Regional,0.8319,0.29173,624,,,,,,,,
CAC/LCNB,Banks - Regional,0.8966,0.29173,624,,,,,,,,
GDV/USA,Asset Management,0.9764,0.29176,624,,,,,,,,
KEY/MPB,Banks - Regional,0.9289,0.29177,624,,,,,,,,
FLC/WEA,Asset Management,0.9711,0.29177,624,,,,,,,,
PB/PGC,Banks - Regional,0.9087,0.29182,624,,,,,,,,
QQEW/SMH,Unknown,0.9456,0.29187,624,,,,,,,,
PAI/VGM,Asset Management,0.9618,0.29189,624,,,,,,,,
DTF/NAN,Asset Management,0.9494,0.29189,624,,,,,,,,
FCCO/SBCF,Banks - Regional,0.9265,0.2919,624,,,,,,,,
FFC/NNY,Asset Management,0.9658,0.29195,624,,,,,,,,
HTBK/PFBC,Banks - Regional,0.8544,0.29196,624,,,,,,,,
SSD/UFPI,Lumber & Wood Production,0.984,0.29198,624,,,,,,,,
MCN/UTF,Asset Management,0.9437,0.29199,624,,,,,,,,
FRME/PFBC,Banks - Regional,0.9375,0.29201,624,,,,,,,,
BBH/IPB,Unknown,0.9533,0.29201,624,,,,,,,,
HIO/TSI,Asset Management,0.9653,0.29201,624,,,,,,,,
AUB/FRST,Banks - Regional,0.8914,0.29202,624,,,,,,,,
ARW/TAIT,Electronics & Computer Distribution,0.8814,0.29203,624,,,,,,,,
NBTB/RBCAA,Banks - Regional,0.9531,0.29203,624,,,,,,,,
SFST/WSFS,Banks - Regional,0.9274,0.29204,624,,,,,,,,
BCBP/SHBI,Banks - Regional,0.8795,0.29204,624,,,,,,,,
COLB/RNST,Banks - Regional,0.927,0.2921,624,,,,,,,,
ETB/ETO,Asset Management,0.9825,0.2921,624,,,,,,,,
FMY/JMM,Asset Management,0.9178,0.29216,624,,,,,,,,
CFR/SSBI,Banks - Regional,0.843,0.29217,624,,,,,,,,
ESSA/MBCN,Banks - Regional,0.937,0.2922,624,,,,,,,,
LARK/WASH,Banks - Regional,0.8824,0.29221,624,,,,,,,,
MQT/NPV,Asset Management,0.9209,0.29222,624,,,,,,,,
DTF/NEA,Asset Management,0.9238,0.29222,624,,,,,,,,
CSPI/GIB,Information Technology Services,0.8018,0.29223,624,,,,,,,,
CCNE/WTBA,Banks - Regional,0.9236,0.29224,624,,,,,,,,
ASRV/NWBI,Banks - Regional,0.8368,0.29227,624,,,,,,,,
CHCO/IBCP,Banks - Regional,0.9508,0.29227,624,,,,,,,,
FISI/WTBA,Banks - Regional,0.9326,0.29228,624,,,,,,,,
EBTC/MOFG,Banks - Regional,0.9034,0.29229,624,,,,,,,,
MUE/VKQ,Asset Management,0.9841,0.29231,624,,,,,,,,
NMZ/PMO,Asset Management,0.9827,0.29231,624,,,,,,,,
FNLC/PFIS,Banks - Regional,0.9263,0.29232,624,,,,,,,,
SBSI/UBCP,Banks - Regional,0.9257,0.29235,624,,,,,,,,
KEY/PBHC,Banks - Regional,0.9047,0.29237,624,,,,,,,,
NMZ/NVG,Asset Management,0.9861,0.29238,624,,,,,,,,
GJH/VCIT,Unknown,0.9489,0.29239,624,,,,,,,,
BDJ/GLAD,Asset Management,0.9598,0.2924,624,,,,,,,,
MYI/NIM,Asset Management,0.9725,0.2924,624,,,,,,,,
NRIM/OBT,Banks - Regional,0.9454,0.29241,624,,,,,,,,
HWC/SRCE,Banks - Regional,0.9083,0.29241,624,,,,,,,,
MFIC/PNNT,Asset Management,0.9615,0.29243,624,,,,,,,,
LARK/PFS,Banks - Regional,0.8819,0.29245,624,,,,,,,,
PCM/RJF,Asset Management,0.8448,0.29247,624,,,,,,,,
COFS/WTFC,Banks - Regional,0.8497,0.29247,624,,,,,,,,
CATY/HWC,Banks - Regional,0.907,0.29247,624,,,,,,,,
ANSS/ROP,Software - Application,0.9621,0.29248,624,,,,,,,,
FRAF/WTBA,Banks - Regional,0.9171,0.29248,624,,,,,,,,
BANFP/PFI,Unknown,0.9423,0.29255,624,,,,,,,,
BFC/COFS,Banks - Regional,0.9234,0.29258,624,,,,,,,,
CWBC/WNEB,Banks - Regional,0.8698,0.2926,624,,,,,,,,
EQR/UDR,REIT - Residential,0.9871,0.2926,624,,,,,,,,
INDB/WSBF,Banks - Regional,0.9487,0.29261,624,,,,,,,,
KF/PCF,Asset Management,0.8157,0.29261,624,,,,,,,,
GAIN/SAR,Asset Management,0.98,0.29261,624,,,,,,,,
MUA/NRK,Asset Management,0.9759,0.29262,624,,,,,,,,
CHI/NFJ,Asset Management,0.9808,0.29263,624,,,,,,,,
HPS/RNP,Asset Management,0.9818,0.29263,624,,,,,,,,
AGD/USA,Asset Management,0.9748,0.29263,624,,,,,,,,
GAM/STEW,Asset Management,0.9848,0.29265,624,,,,,,,,
CTBI/MTB,Banks - Regional,0.966,0.29265,624,,,,,,,,
ACM/MYRG,Engineering & Construction,0.9616,0.29265,624,,,,,,,,
BHLB/OPOF,Banks - Regional,0.81,0.29267,624,,,,,,,,
BRKL/SNV,Banks - Regional,0.882,0.29267,624,,,,,,,,
FBNC/SBFG,Banks - Regional,0.9529,0.29267,624,,,,,,,,
CWBC/TFC,Banks - Regional,0.916,0.2927,624,,,,,,,,
AUB/CBAN,Banks - Regional,0.9351,0.29274,624,,,,,,,,
CHMG/FNLC,Banks - Regional,0.9551,0.29275,624,,,,,,,,
IBOC/SBCF,Banks - Regional,0.834,0.29276,624,,,,,,,,
IIM/PMF,Asset Management,0.9301,0.29276,624,,,,,,,,
BOH/EGBN,Banks - Regional,0.8065,0.29278,624,,,,,,,,
LSBK/TCBK,Banks - Regional,0.8593,0.29279,624,,,,,,,,
CBFV/UVSP,Banks - Regional,0.9088,0.29279,624,,,,,,,,
OCFC/SRCE,Banks - Regional,0.8377,0.29279,624,,,,,,,,
FULT/MBCN,Banks - Regional,0.9156,0.2928,624,,,,,,,,
CCBG/MGYR,Banks - Regional,0.9079,0.29282,624,,,,,,,,
DSM/JHS,Asset Management,0.9461,0.29283,624,,,,,,,,
BANC/SNV,Banks - Regional,0.8436,0.29283,624,,,,,,,,
ARCC/BXMX,Asset Management,0.9704,0.29286,624,,,,,,,,
EVT/RFI,Asset Management,0.9848,0.29286,624,,,,,,,,
MHF/MMT,Asset Management,0.9577,0.29287,624,,,,,,,,
NEA/NZF,Asset Management,0.9923,0.29288,624,,,,,,,,
LEO/NIM,Asset Management,0.9442,0.29288,624,,,,,,,,
DSU/IFN,Asset Management,0.9546,0.2929,624,,,,,,,,
PLAB/TER,Semiconductor Equipment & Materials,0.8082,0.29294,624,,,,,,,,
AUB/BOH,Banks - Regional,0.9399,0.29294,624,,,,,,,,
EOT/WEA,Asset Management,0.9238,0.29295,624,,,,,,,,
HIFS/HTBK,Banks - Regional,0.8495,0.29295,624,,,,,,,,
ABCB/HBCP,Banks - Regional,0.9759,0.29296,624,,,,,,,,
GSBC/MBCN,Banks - Regional,0.9614,0.29297,624,,,,,,,,
FHI/MCN,Asset Management,0.9385,0.29298,624,,,,,,,,
MPA/SBI,Asset Management,0.9658,0.29298,624,,,,,,,,
RNST/SBFG,Banks - Regional,0.8944,0.29301,624,,,,,,,,
FFBC/FUNC,Banks - Regional,0.8974,0.29301,624,,,,,,,,
INDB/UBCP,Banks - Regional,0.8937,0.29302,624,,,,,,,,
PGC/WNEB,Banks - Regional,0.8861,0.29302,624,,,,,,,,
HIFS/WAL,Banks - Regional,0.9521,0.29303,624,,,,,,,,
FFIC/WBS,Banks - Regional,0.8304,0.29303,624,,,,,,,,
BCAL/FRAF,Banks - Regional,0.9068,0.29306,624,,,,,,,,
HFWA/IBCP,Banks - Regional,0.8408,0.29306,624,,,,,,,,
CGAU/IAG,Gold,0.8114,0.29307,624,,,,,,,,
BOTJ/HOMB,Banks - Regional,0.9123,0.29308,624,,,,,,,,
BSRR/CARE,Banks - Regional,0.849,0.29308,624,,,,,,,,
EBMT/FNLC,Banks - Regional,0.902,0.29309,624,,,,,,,,
RBCAA/UBFO,Banks - Regional,0.9093,0.29309,624,,,,,,,,
PB/THFF,Banks - Regional,0.9425,0.2931,624,,,,,,,,
MYD/NVG,Asset Management,0.9563,0.2931,624,,,,,,,,
MVF/OIA,Asset Management,0.9343,0.29311,624,,,,,,,,
FCF/WNEB,Banks - Regional,0.8504,0.29314,624,,,,,,,,
MTB/SMBK,Banks - Regional,0.9498,0.29317,624,,,,,,,,
NAD/NAZ,Asset Management,0.9609,0.29317,624,,,,,,,,
PB/PFS,Banks - Regional,0.8969,0.29318,624,,,,,,,,
MBCN/QCRH,Banks - Regional,0.945,0.29318,624,,,,,,,,
EVT/SAR,Asset Management,0.9783,0.29321,624,,,,,,,,
EBMT/FULT,Banks - Regional,0.8197,0.29325,624,,,,,,,,
PPL/TXNM,Utilities - Regulated Electric,0.899,0.29326,624,,,,,,,,
DCOM/HAFC,Banks - Regional,0.8708,0.29326,624,,,,,,,,
AUB/HBCP,Banks - Regional,0.9557,0.2933,624,,,,,,,,
BPOPM/IUSV,Unknown,0.9267,0.29331,624,,,,,,,,
FNLC/FXNC,Banks - Regional,0.8956,0.29332,624,,,,,,,,
HWBK/TRMK,Banks - Regional,0.9245,0.29332,624,,,,,,,,
BYM/OIA,Asset Management,0.9635,0.29333,624,,,,,,,,
CWBC/UMBF,Banks - Regional,0.8718,0.29333,624,,,,,,,,
OCFC/TCBK,Banks - Regional,0.8415,0.29335,624,,,,,,,,
MYD/PZC,Asset Management,0.9523,0.29336,624,,,,,,,,
AUB/SMBK,Banks - Regional,0.943,0.29337,624,,,,,,,,
CHCO/PKBK,Banks - Regional,0.9044,0.29338,624,,,,,,,,
PFO/VGM,Asset Management,0.9679,0.29338,624,,,,,,,,
NMI/WEA,Asset Management,0.917,0.29339,624,,,,,,,,
FELE/PH,Specialty Industrial Machinery,0.9238,0.2934,624,,,,,,,,
CADE/CHMG,Banks - Regional,0.9076,0.29342,624,,,,,,,,
ETG/SOR,Asset Management,0.9867,0.29343,624,,,,,,,,
EBMT/TFC,Banks - Regional,0.936,0.29349,624,,,,,,,,
MTB/UNB,Banks - Regional,0.8241,0.29349,624,,,,,,,,
INDB/RVSB,Banks - Regional,0.928,0.2935,624,,,,,,,,
FNLC/UMBF,Banks - Regional,0.9104,0.29351,624,,,,,,,,
EBTC/HBAN,Banks - Regional,0.9452,0.29352,624,,,,,,,,
GDO/NUV,Asset Management,0.9753,0.29352,624,,,,,,,,
MCR/OIA,Asset Management,0.9592,0.29353,624,,,,,,,,
MTB/WASH,Banks - Regional,0.8523,0.29353,624,,,,,,,,
DHF/EVG,Asset Management,0.9659,0.29353,624,,,,,,,,
CXE/IIM,Asset Management,0.9473,0.29354,624,,,,,,,,
SBSI/WTBA,Banks - Regional,0.9714,0.29354,624,,,,,,,,
MCR/MYI,Asset Management,0.9336,0.29354,624,,,,,,,,
IPB/PFM,Unknown,0.9435,0.29355,624,,,,,,,,
BFIN/WBS,Banks - Regional,0.841,0.29357,624,,,,,,,,
INDB/RBCAA,Banks - Regional,0.8116,0.29358,624,,,,,,,,
BKT/MGF,Asset Management,0.9509,0.29358,624,,,,,,,,
EWBC/FCCO,Banks - Regional,0.9092,0.29359,624,,,,,,,,
ALRS/AX,Banks - Regional,0.8703,0.29359,624,,,,,,,,
GIB/IT,Information Technology Services,0.9254,0.2936,624,,,,,,,,
CSPI/FI,Information Technology Services,0.8596,0.2936,624,,,,,,,,
FISI/HFBL,Banks - Regional,0.8468,0.2936,624,,,,,,,,
BOH/ESSA,Banks - Regional,0.8268,0.29361,624,,,,,,,,
MOFG/NFBK,Banks - Regional,0.9312,0.29363,624,,,,,,,,
CBSH/HIFS,Banks - Regional,0.9544,0.29364,624,,,,,,,,
GJR/PSL,Unknown,0.9457,0.29365,624,,,,,,,,
FLC/NEA,Asset Management,0.9781,0.29367,624,,,,,,,,
BFZ/GDO,Asset Management,0.9041,0.29367,624,,,,,,,,
MBCN/WTFC,Banks - Regional,0.9152,0.29372,624,,,,,,,,
EFSC/HBCP,Banks - Regional,0.9806,0.29372,624,,,,,,,,
EVN/MUE,Asset Management,0.9837,0.29373,624,,,,,,,,
BFK/PFD,Asset Management,0.9524,0.29373,624,,,,,,,,
DCOM/VABK,Banks - Regional,0.8407,0.29374,624,,,,,,,,
FCCO/FRST,Banks - Regional,0.8732,0.29376,624,,,,,,,,
CADE/TFC,Banks - Regional,0.9029,0.29381,624,,,,,,,,
OIA/VLT,Asset Management,0.9292,0.29381,624,,,,,,,,
MFM/PFO,Asset Management,0.9655,0.29381,624,,,,,,,,
PEBO/WTFC,Banks - Regional,0.9354,0.29381,624,,,,,,,,
BKT/LEO,Asset Management,0.9662,0.29384,624,,,,,,,,
BKN/NVG,Asset Management,0.9697,0.2939,624,,,,,,,,
AZZ/RELX,Specialty Business Services,0.8371,0.29391,624,,,,,,,,
MVT/NPV,Asset Management,0.8389,0.29392,624,,,,,,,,
FTCS/KTN,Unknown,0.9565,0.29393,624,,,,,,,,
RSG/WM,Waste Management,0.9906,0.29397,624,,,,,,,,
NBTB/NEWT,Banks - Regional,0.8024,0.29397,624,,,,,,,,
PWOD/SNV,Banks - Regional,0.8108,0.29398,624,,,,,,,,
PWOD/RNST,Banks - Regional,0.8253,0.29398,624,,,,,,,,
BHLB/PGC,Banks - Regional,0.8622,0.29399,624,,,,,,,,
BKN/NMT,Asset Management,0.9522,0.29399,624,,,,,,,,
AUB/CBFV,Banks - Regional,0.9099,0.294,624,,,,,,,,
AVNT/EMN,Specialty Chemicals,0.961,0.294,624,,,,,,,,
CZWI/SMBC,Banks - Regional,0.9284,0.294,624,,,,,,,,
MVT/NAZ,Asset Management,0.9406,0.29401,624,,,,,,,,
LEO/MQY,Asset Management,0.9752,0.29402,624,,,,,,,,
HBAN/UNTY,Banks - Regional,0.9391,0.29403,624,,,,,,,,
EVRG/MGEE,Utilities - Regulated Electric,0.9797,0.29404,624,,,,,,,,
BUSE/UVSP,Banks - Regional,0.9434,0.29404,624,,,,,,,,
PFO/VKQ,Asset Management,0.9683,0.29405,624,,,,,,,,
AB/ETV,Asset Management,0.9464,0.29405,624,,,,,,,,
IUSG/PYT,Unknown,0.9417,0.29406,624,,,,,,,,
GABC/RNST,Banks - Regional,0.8974,0.29407,624,,,,,,,,
CBFV/NWBI,Banks - Regional,0.9143,0.29408,624,,,,,,,,
CTBI/GCBC,Banks - Regional,0.8683,0.2941,624,,,,,,,,
NMI/PNI,Asset Management,0.8566,0.29416,624,,,,,,,,
IGI/MVT,Asset Management,0.9306,0.29417,624,,,,,,,,
FCF/FXNC,Banks - Regional,0.896,0.29418,624,,,,,,,,
CNS/UTF,Asset Management,0.9622,0.29418,624,,,,,,,,
GJR/IUSG,Unknown,0.9593,0.29419,624,,,,,,,,
CWBC/RVSB,Banks - Regional,0.9179,0.29422,624,,,,,,,,
DSU/HTGC,Asset Management,0.9746,0.29422,624,,,,,,,,
BANR/BVFL,Banks - Regional,0.8052,0.29423,624,,,,,,,,
CIVB/SBSI,Banks - Regional,0.9537,0.29425,624,,,,,,,,
SU/TTE,Oil & Gas Integrated,0.8034,0.29426,624,,,,,,,,
JMM/NMI,Asset Management,0.9407,0.29427,624,,,,,,,,
BBAR/GGAL,Banks - Regional,0.8561,0.29428,624,,,,,,,,
NCA/PZC,Asset Management,0.9245,0.29432,624,,,,,,,,
ETN/KAI,Specialty Industrial Machinery,0.9725,0.29433,624,,,,,,,,
OVLY/SBSI,Banks - Regional,0.8444,0.29433,624,,,,,,,,
DHF/PHD,Asset Management,0.9669,0.29435,624,,,,,,,,
CHMG/WASH,Banks - Regional,0.813,0.29436,624,,,,,,,,
GJR/QQXT,Unknown,0.9535,0.29438,624,,,,,,,,
BFIN/CBFV,Banks - Regional,0.8257,0.29439,624,,,,,,,,
CZFS/MTB,Banks - Regional,0.8591,0.2944,624,,,,,,,,
NWFL/WBS,Banks - Regional,0.8928,0.29444,624,,,,,,,,
AROW/PPBI,Banks - Regional,0.9354,0.29446,624,,,,,,,,
FXNC/UNTY,Banks - Regional,0.903,0.29446,624,,,,,,,,
PEBO/SMBC,Banks - Regional,0.9441,0.29448,624,,,,,,,,
FITB/SBFG,Banks - Regional,0.9006,0.29448,624,,,,,,,,
CXH/MVT,Asset Management,0.9605,0.29449,624,,,,,,,,
BHK/FFC,Asset Management,0.9785,0.29449,624,,,,,,,,
HFWA/NWFL,Banks - Regional,0.9119,0.29449,624,,,,,,,,
CAC/FFIN,Banks - Regional,0.9347,0.29453,624,,,,,,,,
GAB/NFJ,Asset Management,0.9829,0.29453,624,,,,,,,,
CWBC/WSBF,Banks - Regional,0.9323,0.29453,624,,,,,,,,
CVBF/MBWM,Banks - Regional,0.8897,0.29454,624,,,,,,,,
BRW/MCN,Asset Management,0.8972,0.29455,624,,,,,,,,
HPI/NUW,Asset Management,0.9318,0.29457,624,,,,,,,,
PBHC/UNTY,Banks - Regional,0.8753,0.29458,624,,,,,,,,
CZWI/FMBH,Banks - Regional,0.9327,0.29461,624,,,,,,,,
BHV/PYN,Asset Management,0.845,0.29464,624,,,,,,,,
ASB/CHMG,Banks - Regional,0.9188,0.29467,624,,,,,,,,
HIFS/LKFN,Banks - Regional,0.9494,0.29467,624,,,,,,,,
CCNE/MBCN,Banks - Regional,0.8799,0.29469,624,,,,,,,,
PBHC/SBCF,Banks - Regional,0.9274,0.29469,624,,,,,,,,
GOF/TSI,Asset Management,0.9621,0.29471,624,,,,,,,,
SFST/WAL,Banks - Regional,0.9108,0.29471,624,,,,,,,,
ATLO/FMAO,Banks - Regional,0.8096,0.29473,624,,,,,,,,
BOTJ/PEBO,Banks - Regional,0.9177,0.29473,624,,,,,,,,
CADE/VABK,Banks - Regional,0.9142,0.29474,624,,,,,,,,
EOT/MMT,Asset Management,0.9018,0.29475,624,,,,,,,,
EOT/GDO,Asset Management,0.9483,0.29476,624,,,,,,,,
FFC/NKX,Asset Management,0.9756,0.29476,624,,,,,,,,
SBFG/SRCE,Banks - Regional,0.9454,0.29479,624,,,,,,,,
MFM/MHN,Asset Management,0.9726,0.29479,624,,,,,,,,
ESSA/NRIM,Banks - Regional,0.9164,0.29479,624,,,,,,,,
NRK/NXP,Asset Management,0.956,0.2948,624,,,,,,,,
CHMG/WTFC,Banks - Regional,0.9397,0.29481,624,,,,,,,,
CMS/MGEE,Utilities - Regulated Electric,0.9845,0.29483,624,,,,,,,,
HWC/IBCP,Banks - Regional,0.8884,0.29485,624,,,,,,,,
NWFL/WTFC,Banks - Regional,0.8446,0.29485,624,,,,,,,,
PMO/PMX,Asset Management,0.9131,0.29487,624,,,,,,,,
FHI/IGA,Asset Management,0.9471,0.29487,624,,,,,,,,
NOM/PMX,Asset Management,0.8459,0.29489,624,,,,,,,,
JRS/PFO,Asset Management,0.9189,0.2949,624,,,,,,,,
JNPR/MSI,Communication Equipment,0.8131,0.2949,624,,,,,,,,
NBR/PDS,Oil & Gas Drilling,0.9292,0.29493,624,,,,,,,,
NVG/VMO,Asset Management,0.9739,0.29496,624,,,,,,,,
CRH/VMC,Building Materials,0.9417,0.29497,624,,,,,,,,
BLE/NZF,Asset Management,0.9447,0.29498,624,,,,,,,,
MGYR/OPBK,Banks - Regional,0.9435,0.29499,624,,,,,,,,
CIVB/FRME,Banks - Regional,0.9786,0.29503,624,,,,,,,,
LEO/PMF,Asset Management,0.9611,0.29503,624,,,,,,,,
FBNC/NRIM,Banks - Regional,0.8353,0.29504,624,,,,,,,,
FRST/WNEB,Banks - Regional,0.8545,0.29508,624,,,,,,,,
HWBK/WAFD,Banks - Regional,0.9183,0.29514,624,,,,,,,,
PKBK/SFBC,Banks - Regional,0.9566,0.29515,624,,,,,,,,
PB/PEBO,Banks - Regional,0.9629,0.29518,624,,,,,,,,
HIFS/WBS,Banks - Regional,0.9005,0.29518,624,,,,,,,,
MIN/NNY,Asset Management,0.9043,0.29519,624,,,,,,,,
CHY/TWN,Asset Management,0.9385,0.29519,624,,,,,,,,
FFC/RNP,Asset Management,0.9254,0.2952,624,,,,,,,,
BFK/CXE,Asset Management,0.9746,0.2952,624,,,,,,,,
PKBK/USB,Banks - Regional,0.9145,0.29521,624,,,,,,,,
BFK/NZF,Asset Management,0.9521,0.29524,624,,,,,,,,
IGD/SAR,Asset Management,0.9535,0.29528,624,,,,,,,,
KTF/NRK,Asset Management,0.9142,0.29529,624,,,,,,,,
PSTV/SONN,Biotechnology,0.8429,0.2953,624,,,,,,,,
GABC/PNC,Banks - Regional,0.9636,0.2953,624,,,,,,,,
ESSA/ONB,Banks - Regional,0.9238,0.29531,624,,,,,,,,
CMU/MPA,Asset Management,0.9467,0.29531,624,,,,,,,,
CATY/CHCO,Banks - Regional,0.9287,0.29532,624,,,,,,,,
MGYR/SBCF,Banks - Regional,0.8968,0.29536,624,,,,,,,,
IBCP/PBHC,Banks - Regional,0.8815,0.29537,624,,,,,,,,
PAI/VPV,Asset Management,0.9552,0.29537,624,,,,,,,,
BANR/ESSA,Banks - Regional,0.9086,0.29538,624,,,,,,,,
DDT/PSL,Unknown,0.9754,0.2954,624,,,,,,,,
JHS/MYI,Asset Management,0.9628,0.29541,624,,,,,,,,
MCHP/POWI,Semiconductors,0.952,0.29542,624,,,,,,,,
BKN/PMM,Asset Management,0.9693,0.29545,624,,,,,,,,
ELS/SUI,REIT - Residential,0.9846,0.29545,624,,,,,,,,
AWF/PCM,Asset Management,0.9296,0.29549,624,,,,,,,,
FOF/GDV,Asset Management,0.987,0.29551,624,,,,,,,,
LSTA/VXRT,Biotechnology,0.9368,0.29551,624,,,,,,,,
COLB/SHBI,Banks - Regional,0.8362,0.29553,624,,,,,,,,
PHD/TY,Asset Management,0.9543,0.29553,624,,,,,,,,
EWBC/PGC,Banks - Regional,0.8632,0.29553,624,,,,,,,,
BKT/VCV,Asset Management,0.9512,0.29555,624,,,,,,,,
BLW/FMY,Asset Management,0.9544,0.29555,624,,,,,,,,
ASB/FRME,Banks - Regional,0.9488,0.29556,624,,,,,,,,
LCNB/OCFC,Banks - Regional,0.8949,0.29556,624,,,,,,,,
MGF/VCV,Asset Management,0.9242,0.29557,624,,,,,,,,
AGCO/ALG,Farm & Heavy Construction Machinery,0.9129,0.29559,624,,,,,,,,
FTC/KTN,Unknown,0.9344,0.29562,624,,,,,,,,
IBM/INOD,Information Technology Services,0.8506,0.29564,624,,,,,,,,
BKT/MHF,Asset Management,0.9018,0.29566,624,,,,,,,,
PBHC/RNST,Banks - Regional,0.8861,0.29567,624,,,,,,,,
JMM/RFI,Asset Management,0.9478,0.29569,624,,,,,,,,
NOM/PYN,Asset Management,0.8856,0.29571,624,,,,,,,,
BXMX/NTRS,Asset Management,0.9117,0.29572,624,,,,,,,,
MIY/PFO,Asset Management,0.9731,0.29573,624,,,,,,,,
HPI/IIM,Asset Management,0.9309,0.29573,624,,,,,,,,
CCNE/TRMK,Banks - Regional,0.9487,0.29574,624,,,,,,,,
GBLI/MKL,Insurance - Property & Casualty,0.8416,0.29575,624,,,,,,,,
FNLC/TCBK,Banks - Regional,0.9752,0.29575,624,,,,,,,,
ETO/PCN,Asset Management,0.9674,0.29577,624,,,,,,,,
KTF/PFO,Asset Management,0.8917,0.29582,624,,,,,,,,
NUV/WEA,Asset Management,0.9544,0.29583,624,,,,,,,,
HWC/WSFS,Banks - Regional,0.8767,0.29584,624,,,,,,,,
FAB/INDY,Unknown,0.9559,0.29584,624,,,,,,,,
AMGN/LLY,Drug Manufacturers - General,0.8441,0.29585,624,,,,,,,,
ABEO/CYCC,Biotechnology,0.9159,0.29586,624,,,,,,,,
PEBO/SHBI,Banks - Regional,0.84,0.29586,624,,,,,,,,
CHMG/VABK,Banks - Regional,0.9522,0.29589,624,,,,,,,,
CTBI/UMBF,Banks - Regional,0.9443,0.2959,624,,,,,,,,
EWBC/PLBC,Banks - Regional,0.945,0.29591,624,,,,,,,,
BSRR/SSB,Banks - Regional,0.9332,0.29592,624,,,,,,,,
BOE/SPE,Asset Management,0.9828,0.29593,624,,,,,,,,
MIY/MVT,Asset Management,0.9297,0.29594,624,,,,,,,,
BANR/UNTY,Banks - Regional,0.9104,0.29594,624,,,,,,,,
BANF/SFBC,Banks - Regional,0.9255,0.29595,624,,,,,,,,
GSBC/MNSB,Banks - Regional,0.9361,0.29597,624,,,,,,,,
MCI/RQI,Asset Management,0.8829,0.29599,624,,,,,,,,
FNLC/WNEB,Banks - Regional,0.8044,0.296,624,,,,,,,,
CFFI/PEBK,Banks - Regional,0.894,0.29601,624,,,,,,,,
CAC/FRAF,Banks - Regional,0.9506,0.29601,624,,,,,,,,
GDO/NVG,Asset Management,0.9751,0.29601,624,,,,,,,,
PFBC/SNV,Banks - Regional,0.9479,0.29602,624,,,,,,,,
BKN/MUE,Asset Management,0.9716,0.29602,624,,,,,,,,
NXP/OIA,Asset Management,0.9566,0.29602,624,,,,,,,,
BDJ/BN,Asset Management,0.9714,0.29602,624,,,,,,,,
COFS/PEBK,Banks - Regional,0.9,0.29604,624,,,,,,,,
ALRS/LSBK,Banks - Regional,0.8796,0.29607,624,,,,,,,,
FFBC/PFBC,Banks - Regional,0.9455,0.29608,624,,,,,,,,
JBK/QQEW,Unknown,0.9575,0.29611,624,,,,,,,,
CWBC/SFST,Banks - Regional,0.9303,0.29611,624,,,,,,,,
ONB/PNFP,Banks - Regional,0.9482,0.29611,624,,,,,,,,
PFIS/SSBI,Banks - Regional,0.8426,0.29611,624,,,,,,,,
LSBK/OSBC,Banks - Regional,0.8568,0.29612,624,,,,,,,,
LCNB/MOFG,Banks - Regional,0.9177,0.29614,624,,,,,,,,
GDL/GLAD,Asset Management,0.9244,0.29614,624,,,,,,,,
GDO/PCN,Asset Management,0.97,0.29617,624,,,,,,,,
GAM/GOF,Asset Management,0.9568,0.29618,624,,,,,,,,
LEO/VMO,Asset Management,0.9807,0.29622,624,,,,,,,,
BSRR/SBCF,Banks - Regional,0.9151,0.29622,624,,,,,,,,
BOH/CWBC,Banks - Regional,0.9365,0.29622,624,,,,,,,,
NNY/PNI,Asset Management,0.8495,0.29623,624,,,,,,,,
BANC/EGBN,Banks - Regional,0.822,0.29623,624,,,,,,,,
FMN/OIA,Asset Management,0.9397,0.29624,624,,,,,,,,
FOF/GAM,Asset Management,0.9752,0.29625,624,,,,,,,,
CBFV/TOWN,Banks - Regional,0.935,0.29628,624,,,,,,,,
CTBI/HWBK,Banks - Regional,0.9443,0.2963,624,,,,,,,,
DTF/NKX,Asset Management,0.9389,0.29631,624,,,,,,,,
FRAF/MBWM,Banks - Regional,0.9363,0.29635,624,,,,,,,,
NKSH/TRST,Banks - Regional,0.9186,0.29636,624,,,,,,,,
DTF/MPA,Asset Management,0.9293,0.29636,624,,,,,,,,
IBOC/NWFL,Banks - Regional,0.8551,0.29637,624,,,,,,,,
HYT/PCF,Asset Management,0.9793,0.29637,624,,,,,,,,
EOT/FMN,Asset Management,0.9611,0.29638,624,,,,,,,,
FNLC/ZIONP,Banks - Regional,0.8893,0.2964,624,,,,,,,,
MCN/SAR,Asset Management,0.9624,0.2964,624,,,,,,,,
NTRS/RVT,Asset Management,0.9213,0.2964,624,,,,,,,,
FBIZ/WTFC,Banks - Regional,0.9307,0.29642,624,,,,,,,,
PFS/SMBK,Banks - Regional,0.8931,0.29644,624,,,,,,,,
PBHC/THFF,Banks - Regional,0.9304,0.29646,624,,,,,,,,
KTN/RTH,Unknown,0.9345,0.29648,624,,,,,,,,
NKSH/SBFG,Banks - Regional,0.8609,0.29648,624,,,,,,,,
FMNB/INDB,Banks - Regional,0.9548,0.2965,624,,,,,,,,
CWBC/WSFS,Banks - Regional,0.96,0.29652,624,,,,,,,,
ONB/SFST,Banks - Regional,0.836,0.29652,624,,,,,,,,
OVLY/VABK,Banks - Regional,0.9318,0.29653,624,,,,,,,,
COFS/HWBK,Banks - Regional,0.9329,0.29654,624,,,,,,,,
NRK/NVG,Asset Management,0.9864,0.29655,624,,,,,,,,
FMBH/HIFS,Banks - Regional,0.9348,0.29656,624,,,,,,,,
BOTJ/HWC,Banks - Regional,0.8236,0.29657,624,,,,,,,,
MHF/NPV,Asset Management,0.8991,0.29658,624,,,,,,,,
CAC/CFR,Banks - Regional,0.9301,0.29658,624,,,,,,,,
NTRS/TY,Asset Management,0.9391,0.2966,624,,,,,,,,
BPOPM/DVY,Unknown,0.9471,0.29662,624,,,,,,,,
MBCN/SFST,Banks - Regional,0.8428,0.29663,624,,,,,,,,
CBFV/OPBK,Banks - Regional,0.9017,0.29664,624,,,,,,,,
CZWI/INDB,Banks - Regional,0.888,0.29666,624,,,,,,,,
FISI/PKBK,Banks - Regional,0.8792,0.29666,624,,,,,,,,
CBFV/OBT,Banks - Regional,0.803,0.29669,624,,,,,,,,
AVK/CGO,Asset Management,0.8619,0.29672,624,,,,,,,,
CAC/RF,Banks - Regional,0.9249,0.29673,624,,,,,,,,
BSET/HOFT,"Furnishings, Fixtures & Appliances",0.8087,0.29675,624,,,,,,,,
FI/IT,Information Technology Services,0.9139,0.29676,624,,,,,,,,
JPC/NZF,Asset Management,0.9591,0.29676,624,,,,,,,,
CMU/NOM,Asset Management,0.8197,0.29676,624,,,,,,,,
BANR/INDB,Banks - Regional,0.9095,0.29677,624,,,,,,,,
CIVB/SMBK,Banks - Regional,0.9374,0.29678,624,,,,,,,,
BGT/GAM,Asset Management,0.982,0.29678,624,,,,,,,,
CFFI/FCBC,Banks - Regional,0.9217,0.29678,624,,,,,,,,
FRME/WSFS,Banks - Regional,0.9816,0.2968,624,,,,,,,,
CBSH/PKBK,Banks - Regional,0.9583,0.2968,624,,,,,,,,
PBHC/SFST,Banks - Regional,0.9044,0.29682,624,,,,,,,,
AB/GRX,Asset Management,0.9306,0.29682,624,,,,,,,,
CHMG/ZION,Banks - Regional,0.9188,0.29683,624,,,,,,,,
NEWT/PPBI,Banks - Regional,0.8575,0.29684,624,,,,,,,,
ABM/CBZ,Specialty Business Services,0.8587,0.29684,624,,,,,,,,
HBAN/HFWA,Banks - Regional,0.8942,0.29686,624,,,,,,,,
NIM/PMX,Asset Management,0.8921,0.29687,624,,,,,,,,
FLIC/PPBI,Banks - Regional,0.8846,0.29689,624,,,,,,,,
DSM/MQY,Asset Management,0.9617,0.29692,624,,,,,,,,
GDV/TWN,Asset Management,0.9091,0.29692,624,,,,,,,,
JHS/PMO,Asset Management,0.974,0.29693,624,,,,,,,,
IIM/MAV,Asset Management,0.836,0.29694,624,,,,,,,,
ATLO/HOMB,Banks - Regional,0.8055,0.29694,624,,,,,,,,
BANR/CZNC,Banks - Regional,0.9257,0.29695,624,,,,,,,,
CIF/PTY,Asset Management,0.9354,0.29697,624,,,,,,,,
ORRF/WTFC,Banks - Regional,0.8436,0.29698,624,,,,,,,,
HTBK/WASH,Banks - Regional,0.9383,0.29698,624,,,,,,,,
FFBC/FMNB,Banks - Regional,0.9275,0.29699,624,,,,,,,,
MFM/MUC,Asset Management,0.9677,0.29699,624,,,,,,,,
HBAN/OPBK,Banks - Regional,0.9534,0.29699,624,,,,,,,,
INDB/OVBC,Banks - Regional,0.8471,0.297,624,,,,,,,,
PCF/PFN,Asset Management,0.9812,0.297,624,,,,,,,,
BNY/MMU,Asset Management,0.9503,0.29701,624,,,,,,,,
AFB/NPV,Asset Management,0.9271,0.29704,624,,,,,,,,
PNC/SSBI,Banks - Regional,0.8146,0.29704,624,,,,,,,,
PFS/PGC,Banks - Regional,0.9636,0.29705,624,,,,,,,,
ESSA/FCNCA,Banks - Regional,0.8444,0.29706,624,,,,,,,,
PTY/USA,Asset Management,0.968,0.29706,624,,,,,,,,
CHMG/GCBC,Banks - Regional,0.8882,0.29707,624,,,,,,,,
TRMK/WAFD,Banks - Regional,0.9449,0.29708,624,,,,,,,,
COLB/PPBI,Banks - Regional,0.9417,0.29709,624,,,,,,,,
LEO/MIY,Asset Management,0.9634,0.29709,624,,,,,,,,
JMM/NNY,Asset Management,0.9553,0.29712,624,,,,,,,,
SAR/STEW,Asset Management,0.9785,0.29712,624,,,,,,,,
FBIZ/UNTY,Banks - Regional,0.9344,0.29713,624,,,,,,,,
PFS/WNEB,Banks - Regional,0.8879,0.29715,624,,,,,,,,
GJP/SWZ,Unknown,0.941,0.29718,624,,,,,,,,
CSCI/VXRT,Biotechnology,0.8424,0.29718,624,,,,,,,,
MGYR/ONB,Banks - Regional,0.9333,0.29719,624,,,,,,,,
CXE/NEA,Asset Management,0.9494,0.29719,624,,,,,,,,
MANH/ROP,Software - Application,0.9212,0.29721,624,,,,,,,,
FBIZ/WTBA,Banks - Regional,0.8078,0.29722,624,,,,,,,,
FCCO/RVSB,Banks - Regional,0.9029,0.29722,624,,,,,,,,
OZK/PNFP,Banks - Regional,0.9114,0.29723,624,,,,,,,,
FCF/FISI,Banks - Regional,0.8781,0.29723,624,,,,,,,,
BGT/STK,Asset Management,0.9579,0.29726,624,,,,,,,,
KEY/TFC,Banks - Regional,0.9806,0.29727,624,,,,,,,,
CBFV/ONB,Banks - Regional,0.9262,0.29728,624,,,,,,,,
MUA/VGM,Asset Management,0.9784,0.2973,624,,,,,,,,
GJP/VCSH,Unknown,0.9363,0.29731,624,,,,,,,,
FRAF/HBAN,Banks - Regional,0.9429,0.29732,624,,,,,,,,
CXE/PNI,Asset Management,0.9169,0.29734,624,,,,,,,,
EGBN/WASH,Banks - Regional,0.8988,0.29734,624,,,,,,,,
CHCO/EBTC,Banks - Regional,0.8607,0.29736,624,,,,,,,,
BHK/OIA,Asset Management,0.96,0.29736,624,,,,,,,,
MMU/VPV,Asset Management,0.9456,0.29738,624,,,,,,,,
CGO/GCV,Asset Management,0.9436,0.2974,624,,,,,,,,
BTZ/EHI,Asset Management,0.9821,0.29742,624,,,,,,,,
PFBC/WAL,Banks - Regional,0.9158,0.29742,624,,,,,,,,
CADE/PNC,Banks - Regional,0.9207,0.29742,624,,,,,,,,
HWBK/IBCP,Banks - Regional,0.9501,0.29743,624,,,,,,,,
WBS/WSFS,Banks - Regional,0.9789,0.29745,624,,,,,,,,
JHS/WEA,Asset Management,0.9662,0.29746,624,,,,,,,,
DSM/PMF,Asset Management,0.9607,0.29747,624,,,,,,,,
CVBF/FRME,Banks - Regional,0.9633,0.29747,624,,,,,,,,
BKN/BKT,Asset Management,0.9593,0.29747,624,,,,,,,,
CHMG/CIVB,Banks - Regional,0.9205,0.29748,624,,,,,,,,
LEO/MHF,Asset Management,0.913,0.29749,624,,,,,,,,
BPOPM/FTCS,Unknown,0.9595,0.2975,624,,,,,,,,
AKR/FRT,REIT - Retail,0.8297,0.29751,624,,,,,,,,
CFR/OVLY,Banks - Regional,0.8973,0.29751,624,,,,,,,,
DSM/PNF,Asset Management,0.9535,0.29752,624,,,,,,,,
CCBG/HFBL,Banks - Regional,0.8186,0.29754,624,,,,,,,,
HSII/RHI,Staffing & Employment Services,0.8326,0.29755,624,,,,,,,,
NBTB/OBT,Banks - Regional,0.8831,0.29755,624,,,,,,,,
BFK/NPV,Asset Management,0.8923,0.29757,624,,,,,,,,
NKSH/PEBO,Banks - Regional,0.8844,0.29759,624,,,,,,,,
ABCB/PPBI,Banks - Regional,0.9093,0.29761,624,,,,,,,,
COFS/SBFG,Banks - Regional,0.9197,0.29761,624,,,,,,,,
PEBK/VABK,Banks - Regional,0.954,0.29762,624,,,,,,,,
NCA/VMO,Asset Management,0.9478,0.29762,624,,,,,,,,
DTF/NAD,Asset Management,0.9357,0.29768,624,,,,,,,,
BOKF/CFFI,Banks - Regional,0.9212,0.29769,624,,,,,,,,
TROW/WIA,Asset Management,0.9456,0.29769,624,,,,,,,,
COHR/MKSI,Scientific & Technical Instruments,0.8661,0.2977,624,,,,,,,,
CZWI/MBWM,Banks - Regional,0.9303,0.2977,624,,,,,,,,
MAV/MHI,Asset Management,0.9634,0.29771,624,,,,,,,,
GABC/NEWT,Banks - Regional,0.8779,0.29771,624,,,,,,,,
EHI/PAI,Asset Management,0.9489,0.29772,624,,,,,,,,
EXG/JCE,Asset Management,0.987,0.29772,624,,,,,,,,
SBSI/SSBI,Banks - Regional,0.903,0.29773,624,,,,,,,,
FCCO/VABK,Banks - Regional,0.9652,0.29773,624,,,,,,,,
CIVB/PEBK,Banks - Regional,0.9479,0.29774,624,,,,,,,,
EWBC/HBAN,Banks - Regional,0.9694,0.29775,624,,,,,,,,
HIX/MMT,Asset Management,0.9679,0.29777,624,,,,,,,,
EVT/PCN,Asset Management,0.9666,0.29783,624,,,,,,,,
NAC/SBI,Asset Management,0.9807,0.29785,624,,,,,,,,
THFF/VABK,Banks - Regional,0.9304,0.29787,624,,,,,,,,
JFR/PSEC,Asset Management,0.8358,0.29789,624,,,,,,,,
HWC/VABK,Banks - Regional,0.8673,0.29791,624,,,,,,,,
LKFN/PFS,Banks - Regional,0.8382,0.29791,624,,,,,,,,
HWC/PEBO,Banks - Regional,0.8889,0.29794,624,,,,,,,,
BRKL/PKBK,Banks - Regional,0.8979,0.29794,624,,,,,,,,
MBCN/MOFG,Banks - Regional,0.8169,0.29794,624,,,,,,,,
CBU/GABC,Banks - Regional,0.9623,0.29798,624,,,,,,,,
CCBG/PEBK,Banks - Regional,0.8909,0.29799,624,,,,,,,,
BYM/MCR,Asset Management,0.9323,0.298,624,,,,,,,,
BANC/FNWD,Banks - Regional,0.829,0.298,624,,,,,,,,
BFK/MCR,Asset Management,0.8719,0.29801,624,,,,,,,,
CIVB/MBWM,Banks - Regional,0.8937,0.29802,624,,,,,,,,
BOH/HIFS,Banks - Regional,0.9027,0.29805,624,,,,,,,,
BLK/QQQX,Asset Management,0.9774,0.29807,624,,,,,,,,
FNB/QCRH,Banks - Regional,0.9071,0.29809,624,,,,,,,,
FISI/SNV,Banks - Regional,0.9207,0.29809,624,,,,,,,,
NAN/VTN,Asset Management,0.9754,0.29809,624,,,,,,,,
PFI/PTF,Unknown,0.9579,0.29811,624,,,,,,,,
FBIZ/MBCN,Banks - Regional,0.9018,0.29812,624,,,,,,,,
JBK/ONEQ,Unknown,0.933,0.29812,624,,,,,,,,
CCBG/TFC,Banks - Regional,0.8015,0.29813,624,,,,,,,,
ACWX/IPB,Unknown,0.9216,0.29814,624,,,,,,,,
CWBC/SHBI,Banks - Regional,0.8834,0.29815,624,,,,,,,,
FNB/OPBK,Banks - Regional,0.8903,0.29815,624,,,,,,,,
ARCC/GAM,Asset Management,0.9792,0.29816,624,,,,,,,,
CTBI/FBNC,Banks - Regional,0.9327,0.29818,624,,,,,,,,
BHK/BKT,Asset Management,0.9554,0.29818,624,,,,,,,,
CADE/MBCN,Banks - Regional,0.8904,0.2982,624,,,,,,,,
FMNB/PNFP,Banks - Regional,0.9287,0.29821,624,,,,,,,,
NXC/PCQ,Asset Management,0.8201,0.29821,624,,,,,,,,
CCNE/EBTC,Banks - Regional,0.9337,0.29822,624,,,,,,,,
PIE/SCZ,Unknown,0.8662,0.29822,624,,,,,,,,
CBSH/CHCO,Banks - Regional,0.8899,0.29822,624,,,,,,,,
CMU/FMY,Asset Management,0.8149,0.29824,624,,,,,,,,
HBCP/VABK,Banks - Regional,0.9628,0.29825,624,,,,,,,,
IBB/PEZ,Unknown,0.8824,0.29826,624,,,,,,,,
MGF/MUJ,Asset Management,0.927,0.29827,624,,,,,,,,
RVSB/SRCE,Banks - Regional,0.8356,0.29827,624,,,,,,,,
RVSB/WSBC,Banks - Regional,0.9074,0.29831,624,,,,,,,,
ETV/GOF,Asset Management,0.9824,0.29832,624,,,,,,,,
IQI/MUJ,Asset Management,0.985,0.29832,624,,,,,,,,
CHMG/FXNC,Banks - Regional,0.8856,0.29832,624,,,,,,,,
AAON/TT,Building Products & Equipment,0.9787,0.29835,624,,,,,,,,
CZWI/PGC,Banks - Regional,0.9347,0.29836,624,,,,,,,,
MGYR/SYBT,Banks - Regional,0.9153,0.29836,624,,,,,,,,
CBZ/TRNS,Specialty Business Services,0.9544,0.29837,624,,,,,,,,
PEBO/VABK,Banks - Regional,0.949,0.29838,624,,,,,,,,
LGI/RVT,Asset Management,0.992,0.29842,624,,,,,,,,
MVF/PMF,Asset Management,0.9528,0.29843,624,,,,,,,,
BCML/FDBC,Banks - Regional,0.8802,0.29845,624,,,,,,,,
HAFC/PGC,Banks - Regional,0.8665,0.29849,624,,,,,,,,
FNB/FRAF,Banks - Regional,0.8171,0.29849,624,,,,,,,,
EWBC/PBHC,Banks - Regional,0.9007,0.2985,624,,,,,,,,
AGD/NFJ,Asset Management,0.9412,0.29851,624,,,,,,,,
HFWA/RVSB,Banks - Regional,0.939,0.29852,624,,,,,,,,
CZNC/SFST,Banks - Regional,0.934,0.29852,624,,,,,,,,
CFFI/LSBK,Banks - Regional,0.8163,0.29853,624,,,,,,,,
AAXJ/IPB,Unknown,0.8895,0.29853,624,,,,,,,,
NTRS/SOR,Asset Management,0.8948,0.29855,624,,,,,,,,
KTH/PTF,Unknown,0.9042,0.29855,624,,,,,,,,
AGD/CHI,Asset Management,0.9641,0.29855,624,,,,,,,,
CBAN/INDB,Banks - Regional,0.9473,0.29856,624,,,,,,,,
PYT/SCZ,Unknown,0.9593,0.29856,624,,,,,,,,
BFK/OIA,Asset Management,0.9286,0.29856,624,,,,,,,,
FMY/HYT,Asset Management,0.9545,0.29857,624,,,,,,,,
PCF/STEW,Asset Management,0.9653,0.29858,624,,,,,,,,
BMRC/SBCF,Banks - Regional,0.8317,0.29859,624,,,,,,,,
KTF/MUC,Asset Management,0.9557,0.2986,624,,,,,,,,
CXH/WEA,Asset Management,0.9382,0.2986,624,,,,,,,,
IRD/LSTA,Biotechnology,0.8676,0.29861,624,,,,,,,,
RBCAA/SBFG,Banks - Regional,0.9015,0.29862,624,,,,,,,,
GDO/KTF,Asset Management,0.8558,0.29863,624,,,,,,,,
CCBG/FUNC,Banks - Regional,0.9317,0.29865,624,,,,,,,,
IGI/JRS,Asset Management,0.8732,0.29867,624,,,,,,,,
CWBC/TCBK,Banks - Regional,0.9385,0.29867,624,,,,,,,,
BOKF/HTBK,Banks - Regional,0.8734,0.29868,624,,,,,,,,
BNY/EOT,Asset Management,0.9331,0.29869,624,,,,,,,,
BGT/EVG,Asset Management,0.9709,0.29869,624,,,,,,,,
FUNC/SRCE,Banks - Regional,0.9451,0.29871,624,,,,,,,,
BANR/NEWT,Banks - Regional,0.8057,0.29872,624,,,,,,,,
EVG/JMM,Asset Management,0.9261,0.29872,624,,,,,,,,
BANR/CATY,Banks - Regional,0.9709,0.29877,624,,,,,,,,
AUB/BRKL,Banks - Regional,0.8922,0.29877,624,,,,,,,,
ELS/MAA,REIT - Residential,0.9649,0.29879,624,,,,,,,,
FT/RNP,Asset Management,0.99,0.2988,624,,,,,,,,
GCBC/OSBC,Banks - Regional,0.8848,0.2988,624,,,,,,,,
MYN/PMO,Asset Management,0.9579,0.29881,624,,,,,,,,
KTF/NNY,Asset Management,0.9101,0.29883,624,,,,,,,,
MIY/NAZ,Asset Management,0.9614,0.29888,624,,,,,,,,
COFS/FNLC,Banks - Regional,0.8935,0.2989,624,,,,,,,,
LARK/SBCF,Banks - Regional,0.8906,0.29892,624,,,,,,,,
CATY/FMBH,Banks - Regional,0.9361,0.29893,624,,,,,,,,
GABC/SMBK,Banks - Regional,0.9505,0.29894,624,,,,,,,,
NBTB/PGC,Banks - Regional,0.8816,0.29894,624,,,,,,,,
GJP/JSM,Unknown,0.9032,0.29895,624,,,,,,,,
BUSE/CADE,Banks - Regional,0.9349,0.29896,624,,,,,,,,
TSBK/WASH,Banks - Regional,0.8347,0.29897,624,,,,,,,,
BLK/EOS,Asset Management,0.989,0.29898,624,,,,,,,,
CBFV/FBNC,Banks - Regional,0.8999,0.29901,624,,,,,,,,
ESSA/LARK,Banks - Regional,0.8121,0.29902,624,,,,,,,,
NMI/PZC,Asset Management,0.9129,0.29902,624,,,,,,,,
BN/JCE,Asset Management,0.9797,0.29903,624,,,,,,,,
CATY/VABK,Banks - Regional,0.9378,0.29904,624,,,,,,,,
CBSH/SFST,Banks - Regional,0.9178,0.29904,624,,,,,,,,
FRPH/JLL,Real Estate Services,0.8155,0.29904,624,,,,,,,,
ETN/NPO,Specialty Industrial Machinery,0.9626,0.29905,624,,,,,,,,
HPS/MMU,Asset Management,0.8843,0.29905,624,,,,,,,,
HTD/JRS,Asset Management,0.9624,0.29906,624,,,,,,,,
FRME/PLBC,Banks - Regional,0.8869,0.29908,624,,,,,,,,
CIF/GDO,Asset Management,0.9714,0.29909,624,,,,,,,,
MGF/NZF,Asset Management,0.9396,0.29911,624,,,,,,,,
CWBC/PEBO,Banks - Regional,0.955,0.29912,624,,,,,,,,
HWBK/LKFN,Banks - Regional,0.9241,0.29912,624,,,,,,,,
KMB/UL,Household & Personal Products,0.945,0.29914,624,,,,,,,,
PEBK/PGC,Banks - Regional,0.9198,0.29917,624,,,,,,,,
CZWI/SFNC,Banks - Regional,0.9019,0.29918,624,,,,,,,,
FFBC/UBFO,Banks - Regional,0.9333,0.29918,624,,,,,,,,
CTBI/HWC,Banks - Regional,0.9035,0.29918,624,,,,,,,,
LSBK/QCRH,Banks - Regional,0.8339,0.29919,624,,,,,,,,
EBTC/WAFD,Banks - Regional,0.9371,0.29921,624,,,,,,,,
HBCP/SNV,Banks - Regional,0.9582,0.29921,624,,,,,,,,
CCNE/WSBC,Banks - Regional,0.9376,0.29922,624,,,,,,,,
IGI/PYN,Asset Management,0.8317,0.29923,624,,,,,,,,
EGBN/FISI,Banks - Regional,0.8243,0.29924,624,,,,,,,,
AAXJ/PYT,Unknown,0.8918,0.29926,624,,,,,,,,
VPV/VTN,Asset Management,0.966,0.29927,624,,,,,,,,
BCAL/PNFP,Banks - Regional,0.8458,0.29927,624,,,,,,,,
CVBF/HIFS,Banks - Regional,0.9062,0.29929,624,,,,,,,,
EXG/TWN,Asset Management,0.9376,0.2993,624,,,,,,,,
JRS/MAIN,Asset Management,0.8969,0.2993,624,,,,,,,,
IIM/MGF,Asset Management,0.9241,0.29934,624,,,,,,,,
BANC/BRKL,Banks - Regional,0.8715,0.29934,624,,,,,,,,
HWBK/SMBC,Banks - Regional,0.9476,0.29936,624,,,,,,,,
FISI/IBCP,Banks - Regional,0.8452,0.2994,624,,,,,,,,
NFBK/PBHC,Banks - Regional,0.8262,0.29943,624,,,,,,,,
ICE/MSCI,Financial Data & Stock Exchanges,0.9521,0.29946,624,,,,,,,,
KTF/MCR,Asset Management,0.8153,0.29947,624,,,,,,,,
NWFL/SBFG,Banks - Regional,0.915,0.29948,624,,,,,,,,
AUB/NKSH,Banks - Regional,0.9073,0.29951,624,,,,,,,,
IBCP/SHBI,Banks - Regional,0.8111,0.29952,624,,,,,,,,
FNB/PFS,Banks - Regional,0.8077,0.29952,624,,,,,,,,
BCAL/UBCP,Banks - Regional,0.8908,0.29952,624,,,,,,,,
FELE/SXI,Specialty Industrial Machinery,0.8773,0.29952,624,,,,,,,,
GJH/SHY,Unknown,0.9465,0.29953,624,,,,,,,,
MIY/PAI,Asset Management,0.9607,0.29956,624,,,,,,,,
BMRC/EGBN,Banks - Regional,0.8146,0.29956,624,,,,,,,,
FMAO/PBHC,Banks - Regional,0.8618,0.29957,624,,,,,,,,
CMU/PNI,Asset Management,0.9056,0.29957,624,,,,,,,,
MIY/NNY,Asset Management,0.9676,0.29958,624,,,,,,,,
HOMB/LSBK,Banks - Regional,0.8758,0.29959,624,,,,,,,,
OPOF/TOWN,Banks - Regional,0.8791,0.29959,624,,,,,,,,
JMM/VPV,Asset Management,0.9528,0.29961,624,,,,,,,,
CFFI/SRCE,Banks - Regional,0.9348,0.29961,624,,,,,,,,
CATY/CWBC,Banks - Regional,0.9412,0.29963,624,,,,,,,,
DSM/MHF,Asset Management,0.9056,0.29963,624,,,,,,,,
FMN/MUE,Asset Management,0.9833,0.29963,624,,,,,,,,
CVBF/NEWT,Banks - Regional,0.8365,0.29965,624,,,,,,,,
GDO/MQY,Asset Management,0.9575,0.29966,624,,,,,,,,
GDO/HYT,Asset Management,0.9438,0.29968,624,,,,,,,,
LCNB/PBHC,Banks - Regional,0.9037,0.29969,624,,,,,,,,
AIRT/HON,Conglomerates,0.8514,0.29969,624,,,,,,,,
MCR/PMM,Asset Management,0.9667,0.29969,624,,,,,,,,
FSFG/INDB,Banks - Regional,0.9416,0.29972,624,,,,,,,,
HPI/PDT,Asset Management,0.9809,0.29973,624,,,,,,,,
NAD/PNF,Asset Management,0.8682,0.29973,624,,,,,,,,
IUSG/KTN,Unknown,0.9176,0.29974,624,,,,,,,,
FORM/NVMI,Semiconductor Equipment & Materials,0.8848,0.29975,624,,,,,,,,
CVBF/IBCP,Banks - Regional,0.8728,0.29976,624,,,,,,,,
BSRR/OVLY,Banks - Regional,0.8677,0.29976,624,,,,,,,,
AWF/TSI,Asset Management,0.9666,0.29977,624,,,,,,,,
CADE/MOFG,Banks - Regional,0.8728,0.29979,624,,,,,,,,
CZWI/PNC,Banks - Regional,0.9137,0.29981,624,,,,,,,,
BANC/FCCO,Banks - Regional,0.8262,0.29984,624,,,,,,,,
NBTB/OVLY,Banks - Regional,0.9271,0.29984,624,,,,,,,,
BOTJ/OPOF,Banks - Regional,0.8876,0.29986,624,,,,,,,,
DTF/MQT,Asset Management,0.9537,0.29987,624,,,,,,,,
OVLY/RF,Banks - Regional,0.9268,0.29987,624,,,,,,,,
ASRV/CZWI,Banks - Regional,0.8141,0.29988,624,,,,,,,,
JCE/USA,Asset Management,0.9832,0.29989,624,,,,,,,,
NKSH/SRCE,Banks - Regional,0.8554,0.29989,624,,,,,,,,
GDO/MUA,Asset Management,0.9514,0.29989,624,,,,,,,,
DJCO/MNDO,Software - Application,0.8837,0.29989,624,,,,,,,,
LCNB/SRCE,Banks - Regional,0.893,0.29991,624,,,,,,,,
SRCE/WBS,Banks - Regional,0.9511,0.29996,624,,,,,,,,
CVBF/FNLC,Banks - Regional,0.9428,0.29997,624,,,,,,,,
TFC/USB,Banks - Regional,0.9688,0.29998,624,,,,,,,,
GBCI/SBFG,Banks - Regional,0.9407,0.29999,624,,,,,,,,
GDO/MHI,Asset Management,0.8294,0.29999,624,,,,,,,,
MPB/SBFG,Banks - Regional,0.9605,0.29999,624,,,,,,,,
MTB/WNEB,Banks - Regional,0.8679,0.3,624,,,,,,,,
IBOC/PFIS,Banks - Regional,0.8835,0.3,624,,,,,,,,
SMBC/TOWN,Banks - Regional,0.9609,0.30004,624,,,,,,,,
BTA/MMT,Asset Management,0.9623,0.30004,624,,,,,,,,
HBAN/SBCF,Banks - Regional,0.9359,0.30005,624,,,,,,,,
CBSH/WSFS,Banks - Regional,0.9312,0.30005,624,,,,,,,,
JCE/SPXX,Asset Management,0.989,0.30005,624,,,,,,,,
B/HMY,Gold,0.8175,0.30006,624,,,,,,,,
CSCI/PSTV,Biotechnology,0.8334,0.30007,624,,,,,,,,
MBWM/PEBO,Banks - Regional,0.9651,0.30007,624,,,,,,,,
HIO/IGI,Asset Management,0.898,0.30008,624,,,,,,,,
GRC/WTS,Specialty Industrial Machinery,0.8351,0.30009,624,,,,,,,,
HIFS/NEWT,Banks - Regional,0.9453,0.30012,624,,,,,,,,
DDT/DVY,Unknown,0.9872,0.30012,624,,,,,,,,
CZNC/EFSC,Banks - Regional,0.9427,0.30016,624,,,,,,,,
JHI/PMM,Asset Management,0.9299,0.30019,624,,,,,,,,
AROW/CBAN,Banks - Regional,0.9521,0.3002,624,,,,,,,,
LEO/VKQ,Asset Management,0.9783,0.3002,624,,,,,,,,
HMN/STC,Insurance - Property & Casualty,0.8558,0.30022,624,,,,,,,,
LSBK/MBCN,Banks - Regional,0.8291,0.30022,624,,,,,,,,
HBAN/PKBK,Banks - Regional,0.9561,0.30023,624,,,,,,,,
BBH/RTH,Unknown,0.8811,0.30023,624,,,,,,,,
PCQ/PNI,Asset Management,0.9182,0.30023,624,,,,,,,,
CNK/RDI,Entertainment,0.8281,0.30024,624,,,,,,,,
PCN/USA,Asset Management,0.9506,0.30024,624,,,,,,,,
FBNC/UVSP,Banks - Regional,0.9471,0.30025,624,,,,,,,,
PHD/VLT,Asset Management,0.9707,0.30025,624,,,,,,,,
GLAD/HTGC,Asset Management,0.9773,0.30026,624,,,,,,,,
EBTC/WSBF,Banks - Regional,0.9206,0.30026,624,,,,,,,,
HPF/MHF,Asset Management,0.9644,0.30028,624,,,,,,,,
NQP/VBF,Asset Management,0.9791,0.30028,624,,,,,,,,
FTI/HLX,Oil & Gas Equipment & Services,0.8873,0.3003,624,,,,,,,,
ESSA/SSB,Banks - Regional,0.8731,0.30031,624,,,,,,,,
MQY/NXP,Asset Management,0.9388,0.30032,624,,,,,,,,
PLBC/VABK,Banks - Regional,0.93,0.30032,624,,,,,,,,
CAC/CASH,Banks - Regional,0.8791,0.30034,624,,,,,,,,
ESSA/IBCP,Banks - Regional,0.9318,0.30037,624,,,,,,,,
PFIS/WAFD,Banks - Regional,0.9139,0.30038,624,,,,,,,,
NMT/NNY,Asset Management,0.937,0.30039,624,,,,,,,,
MNKD/PALI,Biotechnology,0.9038,0.30039,624,,,,,,,,
EMD/EOT,Asset Management,0.8556,0.3004,624,,,,,,,,
FCCO/PKBK,Banks - Regional,0.9497,0.30041,624,,,,,,,,
CFR/EBTC,Banks - Regional,0.9201,0.30042,624,,,,,,,,
DCOM/UBCP,Banks - Regional,0.8023,0.30045,624,,,,,,,,
JMM/NAN,Asset Management,0.9555,0.30046,624,,,,,,,,
BNY/MQT,Asset Management,0.9564,0.30048,624,,,,,,,,
CGO/TROW,Asset Management,0.9384,0.30048,624,,,,,,,,
COFS/CZWI,Banks - Regional,0.8333,0.30048,624,,,,,,,,
HPF/VPV,Asset Management,0.9399,0.30048,624,,,,,,,,
PNC/SMBC,Banks - Regional,0.9701,0.30049,624,,,,,,,,
CRT/NRT,Oil & Gas E&P,0.8502,0.30049,624,,,,,,,,
CAC/PEBK,Banks - Regional,0.9377,0.30051,624,,,,,,,,
GOF/PCM,Asset Management,0.953,0.30052,624,,,,,,,,
CBU/MGYR,Banks - Regional,0.8814,0.30052,624,,,,,,,,
MQT/NRK,Asset Management,0.981,0.30054,624,,,,,,,,
FMY/PMO,Asset Management,0.8818,0.30054,624,,,,,,,,
RNP/RQI,Asset Management,0.9935,0.30054,624,,,,,,,,
PPT/STEW,Asset Management,0.895,0.30057,624,,,,,,,,
CHCO/FUNC,Banks - Regional,0.95,0.30058,624,,,,,,,,
NUW/PML,Asset Management,0.9202,0.30059,624,,,,,,,,
CBU/PPBI,Banks - Regional,0.9187,0.3006,624,,,,,,,,
MUA/PCK,Asset Management,0.8849,0.3006,624,,,,,,,,
ESSA/PLBC,Banks - Regional,0.9599,0.3006,624,,,,,,,,
HMN/SIGI,Insurance - Property & Casualty,0.83,0.30062,624,,,,,,,,
BOKF/PEBO,Banks - Regional,0.9537,0.30062,624,,,,,,,,
COLB/GABC,Banks - Regional,0.8489,0.30062,624,,,,,,,,
BP/TTE,Oil & Gas Integrated,0.8572,0.30063,624,,,,,,,,
GJR/SMH,Unknown,0.9408,0.30066,624,,,,,,,,
ASRV/FMAO,Banks - Regional,0.8076,0.30067,624,,,,,,,,
CBRE/CIGI,Real Estate Services,0.9667,0.3007,624,,,,,,,,
BUSE/HWBK,Banks - Regional,0.8759,0.3007,624,,,,,,,,
GABC/PEBK,Banks - Regional,0.9482,0.3007,624,,,,,,,,
FMNB/FNLC,Banks - Regional,0.9817,0.3007,624,,,,,,,,
MBCN/WBS,Banks - Regional,0.9088,0.30071,624,,,,,,,,
BCAL/FCBC,Banks - Regional,0.8845,0.30072,624,,,,,,,,
LGI/TWN,Asset Management,0.9467,0.30072,624,,,,,,,,
SBSI/UNTY,Banks - Regional,0.8539,0.30074,624,,,,,,,,
OCFC/PKBK,Banks - Regional,0.8536,0.30075,624,,,,,,,,
JRS/PFD,Asset Management,0.877,0.30076,624,,,,,,,,
BANC/SFNC,Banks - Regional,0.8802,0.3008,624,,,,,,,,
BOH/NFBK,Banks - Regional,0.8988,0.30083,624,,,,,,,,
ONCY/PSTV,Biotechnology,0.8927,0.30088,624,,,,,,,,
CBFV/RF,Banks - Regional,0.8686,0.30089,624,,,,,,,,
FFA/GOF,Asset Management,0.9795,0.30089,624,,,,,,,,
CHMG/FITB,Banks - Regional,0.9296,0.30093,624,,,,,,,,
FUNC/NRIM,Banks - Regional,0.9486,0.30095,624,,,,,,,,
CADE/CMA,Banks - Regional,0.8864,0.30096,624,,,,,,,,
CNS/WIA,Asset Management,0.9105,0.30096,624,,,,,,,,
FULT/THFF,Banks - Regional,0.9627,0.30096,624,,,,,,,,
BFK/MIN,Asset Management,0.852,0.30096,624,,,,,,,,
CHCO/SBCF,Banks - Regional,0.8302,0.30096,624,,,,,,,,
WNEB/WTFC,Banks - Regional,0.8358,0.30099,624,,,,,,,,
BKT/MUE,Asset Management,0.9578,0.301,624,,,,,,,,
CHI/GOF,Asset Management,0.9687,0.301,624,,,,,,,,
PKBK/UVSP,Banks - Regional,0.9362,0.30101,624,,,,,,,,
CAF/CHN,Asset Management,0.8928,0.30103,624,,,,,,,,
IIM/NCA,Asset Management,0.9677,0.30103,624,,,,,,,,
IFF/SXT,Specialty Chemicals,0.824,0.30104,624,,,,,,,,
BN/FOF,Asset Management,0.9819,0.30104,624,,,,,,,,
BHK/WEA,Asset Management,0.9732,0.30104,624,,,,,,,,
HMN/WTM,Insurance - Property & Casualty,0.8012,0.30104,624,,,,,,,,
CZNC/NBTB,Banks - Regional,0.9113,0.30105,624,,,,,,,,
GRC/TNC,Specialty Industrial Machinery,0.8896,0.30106,624,,,,,,,,
DHF/TSI,Asset Management,0.9409,0.30106,624,,,,,,,,
KTH/QQXT,Unknown,0.9662,0.30107,624,,,,,,,,
MPA/NXP,Asset Management,0.9404,0.30107,624,,,,,,,,
SSBI/WASH,Banks - Regional,0.8335,0.30108,624,,,,,,,,
PNFP/SMBC,Banks - Regional,0.9664,0.30108,624,,,,,,,,
BTA/MCR,Asset Management,0.9681,0.3011,624,,,,,,,,
CVBF/CZNC,Banks - Regional,0.9394,0.3011,624,,,,,,,,
IGI/JEQ,Asset Management,0.9153,0.30111,624,,,,,,,,
ESSA/USB,Banks - Regional,0.8062,0.30112,624,,,,,,,,
DSGX/PAYX,Software - Application,0.9805,0.30113,624,,,,,,,,
FNWD/SFBC,Banks - Regional,0.8122,0.30114,624,,,,,,,,
ACHV/TENX,Biotechnology,0.827,0.30115,624,,,,,,,,
EBTC/UBCP,Banks - Regional,0.8999,0.30115,624,,,,,,,,
CLB/OIS,Oil & Gas Equipment & Services,0.9394,0.30116,624,,,,,,,,
AUB/FMNB,Banks - Regional,0.9677,0.30116,624,,,,,,,,
CATY/EFSC,Banks - Regional,0.9689,0.30116,624,,,,,,,,
MTB/SHBI,Banks - Regional,0.8618,0.3012,624,,,,,,,,
CATY/OCFC,Banks - Regional,0.8463,0.30121,624,,,,,,,,
PKBK/PLBC,Banks - Regional,0.9342,0.30121,624,,,,,,,,
PSEC/RJF,Asset Management,0.8503,0.30123,624,,,,,,,,
IGF/KTN,Unknown,0.9364,0.30127,624,,,,,,,,
AUB/NWBI,Banks - Regional,0.9597,0.30127,624,,,,,,,,
GDV/LGI,Asset Management,0.9789,0.30128,624,,,,,,,,
FISI/TSBK,Banks - Regional,0.835,0.3013,624,,,,,,,,
SBFG/WSFS,Banks - Regional,0.9525,0.3013,624,,,,,,,,
BOH/LKFN,Banks - Regional,0.8712,0.30131,624,,,,,,,,
HWBK/RBCAA,Banks - Regional,0.9486,0.30132,624,,,,,,,,
FRME/MBCN,Banks - Regional,0.9251,0.30132,624,,,,,,,,
MSD/NXN,Asset Management,0.8977,0.30133,624,,,,,,,,
CAC/TSBK,Banks - Regional,0.9489,0.30137,624,,,,,,,,
PWOD/ZIONP,Banks - Regional,0.8322,0.30138,624,,,,,,,,
HBNC/PFS,Banks - Regional,0.9602,0.30139,624,,,,,,,,
HWBK/PFBC,Banks - Regional,0.9492,0.30143,624,,,,,,,,
BFK/NXJ,Asset Management,0.9302,0.30143,624,,,,,,,,
PEBK/PFS,Banks - Regional,0.9133,0.30144,624,,,,,,,,
CZNC/NWBI,Banks - Regional,0.9388,0.30144,624,,,,,,,,
GAB/UTF,Asset Management,0.9705,0.30144,624,,,,,,,,
CBFV/HOMB,Banks - Regional,0.8781,0.30146,624,,,,,,,,
HTBK/SFBC,Banks - Regional,0.8625,0.30146,624,,,,,,,,
JHI/MMT,Asset Management,0.9755,0.30146,624,,,,,,,,
HWBK/RNST,Banks - Regional,0.8127,0.30147,624,,,,,,,,
MUA/PNF,Asset Management,0.92,0.30148,624,,,,,,,,
BOKF/CBFV,Banks - Regional,0.9095,0.30149,624,,,,,,,,
NFBK/SFST,Banks - Regional,0.8907,0.3015,624,,,,,,,,
BKT/MUA,Asset Management,0.9479,0.3015,624,,,,,,,,
JBK/QQXT,Unknown,0.9624,0.30151,624,,,,,,,,
CATY/MBWM,Banks - Regional,0.9717,0.30151,624,,,,,,,,
UBCP/UNTY,Banks - Regional,0.9126,0.30155,624,,,,,,,,
EBTC/VLY,Banks - Regional,0.8392,0.30155,624,,,,,,,,
BNY/NCA,Asset Management,0.9213,0.30157,624,,,,,,,,
AUB/MBCN,Banks - Regional,0.9348,0.30157,624,,,,,,,,
BOTJ/CBFV,Banks - Regional,0.8862,0.30157,624,,,,,,,,
BCE/TLK,Telecom Services,0.8826,0.30158,624,,,,,,,,
MPA/OIA,Asset Management,0.9643,0.30162,624,,,,,,,,
CCBG/MPB,Banks - Regional,0.9041,0.30162,624,,,,,,,,
CCNE/PNC,Banks - Regional,0.8857,0.30162,624,,,,,,,,
PROV/ZIONP,Banks - Regional,0.8413,0.30162,624,,,,,,,,
BTA/FMY,Asset Management,0.9001,0.30163,624,,,,,,,,
EVG/MMT,Asset Management,0.9567,0.30167,624,,,,,,,,
IQI/SBI,Asset Management,0.9676,0.30168,624,,,,,,,,
CBSH/MPB,Banks - Regional,0.939,0.30169,624,,,,,,,,
MYN/NRK,Asset Management,0.9796,0.3017,624,,,,,,,,
CZNC/SBCF,Banks - Regional,0.9503,0.30172,624,,,,,,,,
CTBI/PEBK,Banks - Regional,0.94,0.30174,624,,,,,,,,
NKSH/TRMK,Banks - Regional,0.8649,0.30176,624,,,,,,,,
MNSB/RBCAA,Banks - Regional,0.8147,0.30178,624,,,,,,,,
EMB/KTH,Unknown,0.9046,0.30178,624,,,,,,,,
MHF/NCA,Asset Management,0.9424,0.30178,624,,,,,,,,
CBFV/FBIZ,Banks - Regional,0.8485,0.30182,624,,,,,,,,
FFC/PCQ,Asset Management,0.8407,0.30183,624,,,,,,,,
BSRR/CATY,Banks - Regional,0.9403,0.30184,624,,,,,,,,
BANC/KEY,Banks - Regional,0.8498,0.30184,624,,,,,,,,
GABC/KEY,Banks - Regional,0.9399,0.30186,624,,,,,,,,
BFIN/WNEB,Banks - Regional,0.8802,0.30187,624,,,,,,,,
MMU/NVG,Asset Management,0.9334,0.30187,624,,,,,,,,
GJP/USIG,Unknown,0.8539,0.30188,624,,,,,,,,
PMM/RFI,Asset Management,0.9346,0.3019,624,,,,,,,,
BFK/BHK,Asset Management,0.9356,0.3019,624,,,,,,,,
MGYR/WAL,Banks - Regional,0.8878,0.30191,624,,,,,,,,
BND/KTH,Unknown,0.9139,0.30193,624,,,,,,,,
EOT/NAZ,Asset Management,0.9225,0.30194,624,,,,,,,,
TRMK/TSBK,Banks - Regional,0.9236,0.30194,624,,,,,,,,
ORRF/RBCAA,Banks - Regional,0.8185,0.30194,624,,,,,,,,
CPT/UMH,REIT - Residential,0.9756,0.30195,624,,,,,,,,
AIA/IPB,Unknown,0.9133,0.30198,624,,,,,,,,
BHK/BLE,Asset Management,0.9323,0.30199,624,,,,,,,,
FCCO/USB,Banks - Regional,0.9163,0.30201,624,,,,,,,,
BXMX/JCE,Asset Management,0.9889,0.30201,624,,,,,,,,
CZWI/WAL,Banks - Regional,0.9099,0.30201,624,,,,,,,,
FMAO/OVBC,Banks - Regional,0.9204,0.30201,624,,,,,,,,
MRKR/PSTV,Biotechnology,0.88,0.30203,624,,,,,,,,
FNX/INDY,Unknown,0.9652,0.30203,624,,,,,,,,
CCNE/IBOC,Banks - Regional,0.8274,0.30203,624,,,,,,,,
NBTB/OSBC,Banks - Regional,0.9562,0.30206,624,,,,,,,,
SNV/UVSP,Banks - Regional,0.969,0.30206,624,,,,,,,,
HBNC/KEY,Banks - Regional,0.9634,0.30208,624,,,,,,,,
FISI/TFC,Banks - Regional,0.9211,0.30209,624,,,,,,,,
PFO/PML,Asset Management,0.9244,0.3021,624,,,,,,,,
ONB/RBCAA,Banks - Regional,0.9489,0.3021,624,,,,,,,,
BSRR/WAL,Banks - Regional,0.8955,0.3021,624,,,,,,,,
FNLC/WAL,Banks - Regional,0.9203,0.30211,624,,,,,,,,
CCNE/FITB,Banks - Regional,0.8515,0.30213,624,,,,,,,,
FNWD/SFST,Banks - Regional,0.9596,0.30214,624,,,,,,,,
INDB/PPBI,Banks - Regional,0.9338,0.30214,624,,,,,,,,
BANFP/FTA,Unknown,0.9635,0.30214,624,,,,,,,,
CTBI/ESSA,Banks - Regional,0.9225,0.30215,624,,,,,,,,
SFBC/TCBK,Banks - Regional,0.9549,0.30216,624,,,,,,,,
ETB/SPE,Asset Management,0.9576,0.30216,624,,,,,,,,
GABC/SHBI,Banks - Regional,0.8813,0.30217,624,,,,,,,,
BANC/UVSP,Banks - Regional,0.8464,0.30218,624,,,,,,,,
BHLB/EBTC,Banks - Regional,0.8005,0.30219,624,,,,,,,,
MBCN/UVSP,Banks - Regional,0.8832,0.3022,624,,,,,,,,
BKT/BNY,Asset Management,0.9472,0.3022,624,,,,,,,,
EBMT/HBNC,Banks - Regional,0.926,0.3022,624,,,,,,,,
FTA/INDY,Unknown,0.9571,0.30221,624,,,,,,,,
FCT/FFA,Asset Management,0.9682,0.30221,624,,,,,,,,
MCR/TSI,Asset Management,0.9718,0.30222,624,,,,,,,,
NAD/PMX,Asset Management,0.9235,0.30222,624,,,,,,,,
JSM/VCIT,Unknown,0.9527,0.30223,624,,,,,,,,
MPA/PAI,Asset Management,0.9543,0.30223,624,,,,,,,,
NWFL/PFBC,Banks - Regional,0.8899,0.30224,624,,,,,,,,
GOF/SPE,Asset Management,0.9687,0.30225,624,,,,,,,,
FUNC/QCRH,Banks - Regional,0.952,0.30227,624,,,,,,,,
LEO/VCV,Asset Management,0.969,0.3023,624,,,,,,,,
REG/SPG,REIT - Retail,0.8692,0.30231,624,,,,,,,,
AB/USA,Asset Management,0.9721,0.30232,624,,,,,,,,
EPD/GLP,Oil & Gas Midstream,0.9055,0.30232,624,,,,,,,,
BCAL/FMNB,Banks - Regional,0.8997,0.30233,624,,,,,,,,
IBCP/UBFO,Banks - Regional,0.9383,0.30234,624,,,,,,,,
FBNC/OPBK,Banks - Regional,0.9229,0.30235,624,,,,,,,,
CXE/HPF,Asset Management,0.8888,0.30236,624,,,,,,,,
PPT/TY,Asset Management,0.9399,0.30238,624,,,,,,,,
BANC/HBNC,Banks - Regional,0.8844,0.30239,624,,,,,,,,
CHMG/SMBC,Banks - Regional,0.9554,0.30241,624,,,,,,,,
SBCF/UNTY,Banks - Regional,0.8486,0.30242,624,,,,,,,,
BANR/VABK,Banks - Regional,0.9258,0.30242,624,,,,,,,,
BKN/MYN,Asset Management,0.9713,0.30243,624,,,,,,,,
PPBI/WAL,Banks - Regional,0.8986,0.30244,624,,,,,,,,
CARE/CZNC,Banks - Regional,0.8532,0.30244,624,,,,,,,,
HWBK/SBCF,Banks - Regional,0.8968,0.30245,624,,,,,,,,
SSB/TOWN,Banks - Regional,0.9355,0.3025,624,,,,,,,,
SOR/STK,Asset Management,0.9673,0.3025,624,,,,,,,,
BOKF/PFBC,Banks - Regional,0.9645,0.30254,624,,,,,,,,
SMBK/WAL,Banks - Regional,0.9036,0.30254,624,,,,,,,,
MTRN/RIO,Other Industrial Metals & Mining,0.9272,0.30255,624,,,,,,,,
FBNC/GCBC,Banks - Regional,0.8423,0.30257,624,,,,,,,,
MFM/RFI,Asset Management,0.8707,0.30259,624,,,,,,,,
CAC/NFBK,Banks - Regional,0.8191,0.3026,624,,,,,,,,
ACHV/MRKR,Biotechnology,0.8489,0.3026,624,,,,,,,,
ATLO/OSBC,Banks - Regional,0.8057,0.30264,624,,,,,,,,
BYM/MIN,Asset Management,0.9167,0.30265,624,,,,,,,,
AGD/OIA,Asset Management,0.8283,0.30266,624,,,,,,,,
FULT/QCRH,Banks - Regional,0.9664,0.30266,624,,,,,,,,
CXT/NPO,Specialty Industrial Machinery,0.9666,0.3027,624,,,,,,,,
ETG/NTRS,Asset Management,0.9025,0.3027,624,,,,,,,,
LCNB/MNSB,Banks - Regional,0.8523,0.30271,624,,,,,,,,
GT/MPAA,Auto Parts,0.8499,0.30271,624,,,,,,,,
LKFN/PLBC,Banks - Regional,0.9494,0.30272,624,,,,,,,,
FCF/MNSB,Banks - Regional,0.8943,0.30273,624,,,,,,,,
MUE/VMO,Asset Management,0.9859,0.30275,624,,,,,,,,
BFIN/FCCO,Banks - Regional,0.8298,0.30276,624,,,,,,,,
JHI/VLT,Asset Management,0.9712,0.30279,624,,,,,,,,
NCA/NXP,Asset Management,0.9286,0.30279,624,,,,,,,,
CVBF/SFST,Banks - Regional,0.9242,0.3028,624,,,,,,,,
FISI/RVSB,Banks - Regional,0.8774,0.30283,624,,,,,,,,
HPS/IGI,Asset Management,0.9216,0.30284,624,,,,,,,,
MOFG/UVSP,Banks - Regional,0.912,0.30284,624,,,,,,,,
ONCY/VXRT,Biotechnology,0.8183,0.30286,624,,,,,,,,
BUSE/HIFS,Banks - Regional,0.8752,0.30286,624,,,,,,,,
FFC/MQT,Asset Management,0.9725,0.30287,624,,,,,,,,
GOF/USA,Asset Management,0.979,0.30287,624,,,,,,,,
IIM/WEA,Asset Management,0.9303,0.30288,624,,,,,,,,
BOTJ/NEWT,Banks - Regional,0.8445,0.30289,624,,,,,,,,
HWBK/NEWT,Banks - Regional,0.8179,0.30293,624,,,,,,,,
COLB/HTBK,Banks - Regional,0.9096,0.30293,624,,,,,,,,
FFC/MIY,Asset Management,0.9745,0.30293,624,,,,,,,,
GEL/PAA,Oil & Gas Midstream,0.8741,0.30293,624,,,,,,,,
MBCN/ONB,Banks - Regional,0.92,0.30295,624,,,,,,,,
FBNC/FXNC,Banks - Regional,0.9352,0.30296,624,,,,,,,,
DTF/MIY,Asset Management,0.9323,0.30297,624,,,,,,,,
CZWI/RNST,Banks - Regional,0.9281,0.30297,624,,,,,,,,
FRST/FULT,Banks - Regional,0.8365,0.30297,624,,,,,,,,
NMI/NMZ,Asset Management,0.9621,0.303,624,,,,,,,,
DIOD/STM,Semiconductors,0.9608,0.303,624,,,,,,,,
CBSH/DCOM,Banks - Regional,0.8641,0.30301,624,,,,,,,,
CCBG/MTB,Banks - Regional,0.8999,0.30309,624,,,,,,,,
NWBI/OPOF,Banks - Regional,0.8695,0.3031,624,,,,,,,,
COLB/FRME,Banks - Regional,0.9048,0.30311,624,,,,,,,,
DCOM/KRNY,Banks - Regional,0.8192,0.30312,624,,,,,,,,
UBFO/UNTY,Banks - Regional,0.9064,0.30313,624,,,,,,,,
DSM/VTN,Asset Management,0.9653,0.30313,624,,,,,,,,
CACC/FCFS,Credit Services,0.8496,0.30314,624,,,,,,,,
FITB/GABC,Banks - Regional,0.9373,0.30316,624,,,,,,,,
CHMG/HBNC,Banks - Regional,0.9087,0.30316,624,,,,,,,,
IBCP/MNSB,Banks - Regional,0.8167,0.30322,624,,,,,,,,
BCBP/PGC,Banks - Regional,0.916,0.30322,624,,,,,,,,
FRAF/HTBK,Banks - Regional,0.897,0.30322,624,,,,,,,,
MBWM/USB,Banks - Regional,0.8851,0.30323,624,,,,,,,,
KFRC/RHI,Staffing & Employment Services,0.9341,0.30324,624,,,,,,,,
FUNC/TSBK,Banks - Regional,0.9014,0.30325,624,,,,,,,,
BVFL/GBCI,Banks - Regional,0.8902,0.30327,624,,,,,,,,
NAC/VBF,Asset Management,0.9379,0.30328,624,,,,,,,,
PCQ/PMF,Asset Management,0.9338,0.30328,624,,,,,,,,
LARK/PBHC,Banks - Regional,0.917,0.30328,624,,,,,,,,
CWBC/GABC,Banks - Regional,0.9498,0.3033,624,,,,,,,,
CADE/WTBA,Banks - Regional,0.8971,0.30333,624,,,,,,,,
NKSH/RVSB,Banks - Regional,0.8869,0.30334,624,,,,,,,,
HBCP/PEBO,Banks - Regional,0.966,0.30337,624,,,,,,,,
BKN/PMF,Asset Management,0.9305,0.30338,624,,,,,,,,
IPB/QQXT,Unknown,0.958,0.30341,624,,,,,,,,
KWR/WDFC,Specialty Chemicals,0.9055,0.30343,624,,,,,,,,
CCBG/NECB,Banks - Regional,0.9065,0.30345,624,,,,,,,,
DSM/MYI,Asset Management,0.9617,0.30347,624,,,,,,,,
AVA/UTL,Utilities - Diversified,0.9381,0.30348,624,,,,,,,,
PB/WAFD,Banks - Regional,0.948,0.30348,624,,,,,,,,
IBCP/WNEB,Banks - Regional,0.8141,0.30348,624,,,,,,,,
EVT/PCM,Asset Management,0.9551,0.30349,624,,,,,,,,
FCBC/RBCAA,Banks - Regional,0.9794,0.30349,624,,,,,,,,
PB/UNTY,Banks - Regional,0.8989,0.3035,624,,,,,,,,
NCA/VKQ,Asset Management,0.9503,0.3035,624,,,,,,,,
FNB/SNV,Banks - Regional,0.8989,0.30352,624,,,,,,,,
BME/CHI,Asset Management,0.9456,0.30352,624,,,,,,,,
FCF/OVBC,Banks - Regional,0.8055,0.30353,624,,,,,,,,
CCNE/SBSI,Banks - Regional,0.9197,0.30355,624,,,,,,,,
NBTB/TCBK,Banks - Regional,0.9623,0.30356,624,,,,,,,,
NAZ/NMT,Asset Management,0.9611,0.30362,624,,,,,,,,
HPF/MMU,Asset Management,0.901,0.30362,624,,,,,,,,
CVBF/ESSA,Banks - Regional,0.8716,0.30364,624,,,,,,,,
BUSE/CVBF,Banks - Regional,0.9269,0.30364,624,,,,,,,,
COLB/HBNC,Banks - Regional,0.9154,0.30365,624,,,,,,,,
FSFG/SBFG,Banks - Regional,0.9637,0.30365,624,,,,,,,,
EVG/WEA,Asset Management,0.9278,0.30368,624,,,,,,,,
CSQ/TSI,Asset Management,0.9318,0.30368,624,,,,,,,,
OVLY/TSBK,Banks - Regional,0.9486,0.30371,624,,,,,,,,
BTA/NKX,Asset Management,0.9711,0.30371,624,,,,,,,,
FRST/WSBF,Banks - Regional,0.8789,0.30371,624,,,,,,,,
NWE/PPL,Utilities - Regulated Electric,0.9139,0.30374,624,,,,,,,,
PEBK/SSBI,Banks - Regional,0.8329,0.30375,624,,,,,,,,
FBNC/WSFS,Banks - Regional,0.9522,0.30375,624,,,,,,,,
AROW/PBHC,Banks - Regional,0.905,0.30376,624,,,,,,,,
TRST/WSBC,Banks - Regional,0.9526,0.30377,624,,,,,,,,
IBB/PTF,Unknown,0.8028,0.30377,624,,,,,,,,
CTBI/TCBK,Banks - Regional,0.9408,0.30378,624,,,,,,,,
RELX/TRI,Specialty Business Services,0.9653,0.30379,624,,,,,,,,
PPH/SMH,Unknown,0.8893,0.3038,624,,,,,,,,
EMD/NUW,Asset Management,0.8489,0.3038,624,,,,,,,,
FRME/IBCP,Banks - Regional,0.9184,0.30384,624,,,,,,,,
BUSE/WTBA,Banks - Regional,0.9297,0.30385,624,,,,,,,,
CXE/NQP,Asset Management,0.9377,0.30387,624,,,,,,,,
DHF/TY,Asset Management,0.9598,0.30389,624,,,,,,,,
JHI/VGM,Asset Management,0.8979,0.30389,624,,,,,,,,
MBCN/OBT,Banks - Regional,0.8881,0.3039,624,,,,,,,,
TRST/WASH,Banks - Regional,0.9052,0.30393,624,,,,,,,,
BANR/FBNC,Banks - Regional,0.9413,0.30395,624,,,,,,,,
BLE/NXJ,Asset Management,0.9233,0.30395,624,,,,,,,,
GABC/PFS,Banks - Regional,0.8997,0.30397,624,,,,,,,,
ESSA/NWFL,Banks - Regional,0.8773,0.30397,624,,,,,,,,
ESSA/MPB,Banks - Regional,0.8985,0.30398,624,,,,,,,,
FXNC/WBS,Banks - Regional,0.8759,0.30398,624,,,,,,,,
BCAL/CBU,Banks - Regional,0.8466,0.30399,624,,,,,,,,
CBFV/TRST,Banks - Regional,0.8922,0.304,624,,,,,,,,
DDT/GJR,Unknown,0.9574,0.30401,624,,,,,,,,
MUC/NPV,Asset Management,0.8993,0.30402,624,,,,,,,,
CHMG/TRMK,Banks - Regional,0.9281,0.30402,624,,,,,,,,
BOKF/FFBC,Banks - Regional,0.9605,0.30404,624,,,,,,,,
HPS/KTF,Asset Management,0.8308,0.30405,624,,,,,,,,
INDB/SNV,Banks - Regional,0.8697,0.30407,624,,,,,,,,
CCNE/DCOM,Banks - Regional,0.9106,0.30407,624,,,,,,,,
ACHV/GYRE,Biotechnology,0.8476,0.30409,624,,,,,,,,
NSC/UNP,Railroads,0.986,0.30409,624,,,,,,,,
IBCP/NRIM,Banks - Regional,0.9254,0.3041,624,,,,,,,,
COFS/PNC,Banks - Regional,0.8954,0.3041,624,,,,,,,,
CVBF/TCBK,Banks - Regional,0.9543,0.30411,624,,,,,,,,
FUNC/MTB,Banks - Regional,0.9221,0.30411,624,,,,,,,,
BANC/FLIC,Banks - Regional,0.8397,0.30413,624,,,,,,,,
FBIZ/HBAN,Banks - Regional,0.9034,0.30415,624,,,,,,,,
PB/SBSI,Banks - Regional,0.9475,0.30416,624,,,,,,,,
HPI/NQP,Asset Management,0.9525,0.30418,624,,,,,,,,
HPI/VCV,Asset Management,0.9339,0.30419,624,,,,,,,,
NOM/PNI,Asset Management,0.8876,0.3042,624,,,,,,,,
BHLB/CARE,Banks - Regional,0.9002,0.3042,624,,,,,,,,
GJP/IBB,Unknown,0.8167,0.3042,624,,,,,,,,
BOTJ/LKFN,Banks - Regional,0.8746,0.3042,624,,,,,,,,
FISI/PFS,Banks - Regional,0.9509,0.30422,624,,,,,,,,
BANR/GSBC,Banks - Regional,0.9576,0.30423,624,,,,,,,,
BUSE/SFNC,Banks - Regional,0.9203,0.30426,624,,,,,,,,
HIFS/PNFP,Banks - Regional,0.9074,0.30427,624,,,,,,,,
BOKF/HWBK,Banks - Regional,0.912,0.30428,624,,,,,,,,
ASB/CAC,Banks - Regional,0.915,0.3043,624,,,,,,,,
ASB/HFWA,Banks - Regional,0.8932,0.30432,624,,,,,,,,
BFK/PFO,Asset Management,0.9468,0.30435,624,,,,,,,,
ABCB/RNST,Banks - Regional,0.9299,0.30436,624,,,,,,,,
FFBC/NBTB,Banks - Regional,0.9527,0.30438,624,,,,,,,,
CHMG/UVSP,Banks - Regional,0.9192,0.30438,624,,,,,,,,
BOH/CZNC,Banks - Regional,0.9299,0.30441,624,,,,,,,,
AUB/KEY,Banks - Regional,0.9448,0.30443,624,,,,,,,,
EWBC/NEWT,Banks - Regional,0.8054,0.30445,624,,,,,,,,
CXE/MHN,Asset Management,0.9626,0.30447,624,,,,,,,,
UNTY/WTFC,Banks - Regional,0.9694,0.30449,624,,,,,,,,
FFC/VGM,Asset Management,0.965,0.30449,624,,,,,,,,
MPB/TRST,Banks - Regional,0.9395,0.30449,624,,,,,,,,
OVLY/PKBK,Banks - Regional,0.8985,0.30451,624,,,,,,,,
INDY/PRFZ,Unknown,0.9566,0.30451,624,,,,,,,,
ONB/PNC,Banks - Regional,0.9483,0.30451,624,,,,,,,,
CHMG/SBFG,Banks - Regional,0.9294,0.30452,624,,,,,,,,
FNWD/PEBK,Banks - Regional,0.8681,0.30452,624,,,,,,,,
HPI/NXP,Asset Management,0.9481,0.30453,624,,,,,,,,
IQI/MYI,Asset Management,0.9845,0.30454,624,,,,,,,,
CMU/NXC,Asset Management,0.9302,0.30455,624,,,,,,,,
MHN/NPV,Asset Management,0.9132,0.30455,624,,,,,,,,
GDL/SAR,Asset Management,0.9444,0.30455,624,,,,,,,,
BCAL/FMAO,Banks - Regional,0.872,0.30457,624,,,,,,,,
ITT/WTS,Specialty Industrial Machinery,0.9733,0.30459,624,,,,,,,,
NEU/RPM,Specialty Chemicals,0.8067,0.3046,624,,,,,,,,
MPB/SNV,Banks - Regional,0.9418,0.30461,624,,,,,,,,
HWC/PLBC,Banks - Regional,0.8853,0.30463,624,,,,,,,,
NXN/RNP,Asset Management,0.9144,0.30464,624,,,,,,,,
HBNC/PEBK,Banks - Regional,0.9296,0.30464,624,,,,,,,,
HBNC/HWBK,Banks - Regional,0.8842,0.30464,624,,,,,,,,
GABC/HBAN,Banks - Regional,0.97,0.30465,624,,,,,,,,
PNQI/PYT,Unknown,0.9379,0.30467,624,,,,,,,,
BKN/PAI,Asset Management,0.9364,0.30468,624,,,,,,,,
KTN/PTF,Unknown,0.8799,0.30471,624,,,,,,,,
CAC/CADE,Banks - Regional,0.9191,0.30473,624,,,,,,,,
ETB/GAB,Asset Management,0.9556,0.30477,624,,,,,,,,
JMM/PFD,Asset Management,0.9444,0.30477,624,,,,,,,,
FCF/MTB,Banks - Regional,0.9632,0.3048,624,,,,,,,,
HIX/OIA,Asset Management,0.9124,0.30481,624,,,,,,,,
FCF/HIFS,Banks - Regional,0.9004,0.30481,624,,,,,,,,
CARE/FNWD,Banks - Regional,0.8255,0.30483,624,,,,,,,,
FMY/NXN,Asset Management,0.8891,0.30484,624,,,,,,,,
MPB/TCBK,Banks - Regional,0.9617,0.30485,624,,,,,,,,
EBMT/LSBK,Banks - Regional,0.8843,0.30486,624,,,,,,,,
ESSA/PFIS,Banks - Regional,0.8941,0.30488,624,,,,,,,,
VLY/WBS,Banks - Regional,0.8464,0.30488,624,,,,,,,,
FFC/OIA,Asset Management,0.9693,0.3049,624,,,,,,,,
GRC/PNR,Specialty Industrial Machinery,0.8661,0.30491,624,,,,,,,,
CFFI/HTBK,Banks - Regional,0.8275,0.30491,624,,,,,,,,
IBCP/SSB,Banks - Regional,0.9492,0.30491,624,,,,,,,,
PLBC/ZION,Banks - Regional,0.8823,0.30492,624,,,,,,,,
BUSE/FXNC,Banks - Regional,0.8482,0.30494,624,,,,,,,,
HOPE/ISBA,Banks - Regional,0.8134,0.30498,624,,,,,,,,
ACWI/KTN,Unknown,0.9318,0.30499,624,,,,,,,,
CNC/HUM,Healthcare Plans,0.9509,0.30501,624,,,,,,,,
LCNB/MPB,Banks - Regional,0.9025,0.30503,624,,,,,,,,
HPI/MPA,Asset Management,0.9371,0.30504,624,,,,,,,,
BHK/EOT,Asset Management,0.9439,0.30505,624,,,,,,,,
CADE/RF,Banks - Regional,0.9075,0.30507,624,,,,,,,,
GSBC/OBT,Banks - Regional,0.8483,0.30507,624,,,,,,,,
AGD/PFL,Asset Management,0.9282,0.30507,624,,,,,,,,
PWOD/THFF,Banks - Regional,0.8493,0.30508,624,,,,,,,,
DSM/IGI,Asset Management,0.955,0.30509,624,,,,,,,,
ETB/MAIN,Asset Management,0.9541,0.30511,624,,,,,,,,
CAF/JOF,Asset Management,0.8491,0.30513,624,,,,,,,,
CARE/WNEB,Banks - Regional,0.8808,0.30513,624,,,,,,,,
CATY/OPOF,Banks - Regional,0.8327,0.30514,624,,,,,,,,
HQH/NTRS,Asset Management,0.8778,0.30515,624,,,,,,,,
LGI/RMT,Asset Management,0.9886,0.30517,624,,,,,,,,
EIX/PPL,Utilities - Regulated Electric,0.9213,0.30518,624,,,,,,,,
RF/SHBI,Banks - Regional,0.8561,0.30522,624,,,,,,,,
RFI/SOR,Asset Management,0.9554,0.30522,624,,,,,,,,
SSB/WASH,Banks - Regional,0.8301,0.30522,624,,,,,,,,
BSRR/FMBH,Banks - Regional,0.9437,0.30523,624,,,,,,,,
LCNB/SFST,Banks - Regional,0.8807,0.30524,624,,,,,,,,
ETB/FT,Asset Management,0.978,0.30525,624,,,,,,,,
PFBC/SBFG,Banks - Regional,0.9389,0.30526,624,,,,,,,,
BRKL/MNSB,Banks - Regional,0.8835,0.30526,624,,,,,,,,
GDL/MAIN,Asset Management,0.9612,0.30528,624,,,,,,,,
OPOF/PFS,Banks - Regional,0.8733,0.30529,624,,,,,,,,
CADE/EBMT,Banks - Regional,0.8199,0.3053,624,,,,,,,,
AROW/FRME,Banks - Regional,0.9586,0.3053,624,,,,,,,,
BMRC/RVSB,Banks - Regional,0.8726,0.30532,624,,,,,,,,
DHF/FOF,Asset Management,0.9665,0.30532,624,,,,,,,,
NNY/VPV,Asset Management,0.9667,0.30534,624,,,,,,,,
OVBC/WSBC,Banks - Regional,0.8681,0.30534,624,,,,,,,,
BCAL/HIFS,Banks - Regional,0.8651,0.30535,624,,,,,,,,
LSTA/ONCY,Biotechnology,0.8028,0.30536,624,,,,,,,,
NQP/NXP,Asset Management,0.9644,0.30536,624,,,,,,,,
DSU/EFR,Asset Management,0.9902,0.30539,624,,,,,,,,
NEWT/WASH,Banks - Regional,0.837,0.30539,624,,,,,,,,
HFWA/PLBC,Banks - Regional,0.8052,0.30539,624,,,,,,,,
FLC/RQI,Asset Management,0.9367,0.30542,624,,,,,,,,
DHF/GLAD,Asset Management,0.9062,0.30543,624,,,,,,,,
GSBC/MOFG,Banks - Regional,0.8716,0.30543,624,,,,,,,,
MBWM/UVSP,Banks - Regional,0.9243,0.30546,624,,,,,,,,
GCBC/SMBC,Banks - Regional,0.9145,0.30547,624,,,,,,,,
NAD/PYN,Asset Management,0.8381,0.30547,624,,,,,,,,
BANR/CHMG,Banks - Regional,0.931,0.30549,624,,,,,,,,
GDO/MVT,Asset Management,0.8814,0.30552,624,,,,,,,,
HPI/MVF,Asset Management,0.8894,0.30552,624,,,,,,,,
TSBK/VABK,Banks - Regional,0.9769,0.30553,624,,,,,,,,
HMN/MKL,Insurance - Property & Casualty,0.9054,0.30555,624,,,,,,,,
EGBN/PFS,Banks - Regional,0.8419,0.30556,624,,,,,,,,
BANR/THFF,Banks - Regional,0.9503,0.30556,624,,,,,,,,
BANR/SHBI,Banks - Regional,0.8709,0.30558,624,,,,,,,,
DSM/SBI,Asset Management,0.9568,0.30559,624,,,,,,,,
FBNC/SMBK,Banks - Regional,0.9481,0.30561,624,,,,,,,,
HFBL/HTBK,Banks - Regional,0.872,0.30563,624,,,,,,,,
BANR/CCNE,Banks - Regional,0.9225,0.30567,624,,,,,,,,
GAM/VVR,Asset Management,0.9775,0.30567,624,,,,,,,,
FLC/IIM,Asset Management,0.9654,0.30568,624,,,,,,,,
HBAN/NWFL,Banks - Regional,0.894,0.3057,624,,,,,,,,
FUNC/FXNC,Banks - Regional,0.8784,0.3057,624,,,,,,,,
BDJ/PCN,Asset Management,0.9523,0.30571,624,,,,,,,,
JQC/PCM,Asset Management,0.9038,0.30571,624,,,,,,,,
NBTB/WSFS,Banks - Regional,0.9476,0.30574,624,,,,,,,,
HWBK/NECB,Banks - Regional,0.8488,0.30575,624,,,,,,,,
MUC/NCA,Asset Management,0.9567,0.30576,624,,,,,,,,
PB/UBCP,Banks - Regional,0.8939,0.30578,624,,,,,,,,
EMD/VTN,Asset Management,0.8858,0.30579,624,,,,,,,,
PIM/TY,Asset Management,0.941,0.3058,624,,,,,,,,
DDT/PFM,Unknown,0.9819,0.3058,624,,,,,,,,
CBFV/PFIS,Banks - Regional,0.8639,0.30581,624,,,,,,,,
OVLY/UNTY,Banks - Regional,0.9367,0.30582,624,,,,,,,,
ESSA/PB,Banks - Regional,0.8875,0.30582,624,,,,,,,,
MBWM/WTFC,Banks - Regional,0.9646,0.30582,624,,,,,,,,
NEA/NXJ,Asset Management,0.9846,0.30582,624,,,,,,,,
BSRR/RNST,Banks - Regional,0.9056,0.30583,624,,,,,,,,
AUB/EFSC,Banks - Regional,0.9669,0.30584,624,,,,,,,,
GSBC/MPB,Banks - Regional,0.9523,0.30585,624,,,,,,,,
EVN/PAI,Asset Management,0.9518,0.30585,624,,,,,,,,
COHU/LRCX,Semiconductor Equipment & Materials,0.8236,0.30585,624,,,,,,,,
JHI/NQP,Asset Management,0.9307,0.30587,624,,,,,,,,
FTA/GJS,Unknown,0.9695,0.30589,624,,,,,,,,
MHN/NAZ,Asset Management,0.9618,0.30589,624,,,,,,,,
CYCC/TENX,Biotechnology,0.9015,0.30589,624,,,,,,,,
FFBC/FMAO,Banks - Regional,0.8678,0.30591,624,,,,,,,,
HWBK/SHBI,Banks - Regional,0.8503,0.30595,624,,,,,,,,
BRKL/INDB,Banks - Regional,0.9396,0.30596,624,,,,,,,,
MQY/VMO,Asset Management,0.9819,0.30601,624,,,,,,,,
ASRV/HIFS,Banks - Regional,0.8008,0.30601,624,,,,,,,,
BPOPM/SHV,Unknown,0.8064,0.30603,624,,,,,,,,
CATY/COFS,Banks - Regional,0.8921,0.30604,624,,,,,,,,
IBCP/VABK,Banks - Regional,0.9297,0.30605,624,,,,,,,,
PAI/PFO,Asset Management,0.9739,0.30607,624,,,,,,,,
BOTJ/CASH,Banks - Regional,0.8442,0.30608,624,,,,,,,,
JHI/NAD,Asset Management,0.9183,0.3061,624,,,,,,,,
ONB/QCRH,Banks - Regional,0.9546,0.30613,624,,,,,,,,
FFC/NAD,Asset Management,0.9839,0.30614,624,,,,,,,,
FRAF/OVLY,Banks - Regional,0.9139,0.30614,624,,,,,,,,
IBOC/PFBC,Banks - Regional,0.9719,0.30617,624,,,,,,,,
FRAF/PLBC,Banks - Regional,0.9235,0.30617,624,,,,,,,,
STBA/UNTY,Banks - Regional,0.8842,0.30618,624,,,,,,,,
BSRR/MBWM,Banks - Regional,0.9417,0.30619,624,,,,,,,,
AN/PAG,Auto & Truck Dealerships,0.9815,0.3062,624,,,,,,,,
CBFV/CWBC,Banks - Regional,0.9033,0.3062,624,,,,,,,,
FBNC/PLBC,Banks - Regional,0.9348,0.30621,624,,,,,,,,
EFSC/SFST,Banks - Regional,0.9119,0.30621,624,,,,,,,,
BRKL/HBCP,Banks - Regional,0.8702,0.30622,624,,,,,,,,
FRAF/SMBK,Banks - Regional,0.9462,0.30623,624,,,,,,,,
CAC/SSB,Banks - Regional,0.8976,0.30623,624,,,,,,,,
EBMT/HIFS,Banks - Regional,0.9309,0.30625,624,,,,,,,,
IAE/PFN,Asset Management,0.8456,0.30626,624,,,,,,,,
CADE/HIFS,Banks - Regional,0.842,0.30627,624,,,,,,,,
LSBK/WAFD,Banks - Regional,0.8848,0.30632,624,,,,,,,,
ETY/USA,Asset Management,0.9879,0.30634,624,,,,,,,,
PNC/WASH,Banks - Regional,0.8083,0.30634,624,,,,,,,,
MHF/NAZ,Asset Management,0.9271,0.30634,624,,,,,,,,
FBNC/OPOF,Banks - Regional,0.8425,0.30635,624,,,,,,,,
RBA/TRNS,Specialty Business Services,0.9083,0.30636,624,,,,,,,,
CBSH/FCCO,Banks - Regional,0.9248,0.30637,624,,,,,,,,
BSRR/SMBK,Banks - Regional,0.9425,0.30639,624,,,,,,,,
COLB/PGC,Banks - Regional,0.8833,0.30639,624,,,,,,,,
CVBF/SMBK,Banks - Regional,0.915,0.3064,624,,,,,,,,
MIY/NKX,Asset Management,0.9799,0.30643,624,,,,,,,,
CXE/MSD,Asset Management,0.8579,0.30643,624,,,,,,,,
AUB/FFBC,Banks - Regional,0.952,0.30645,624,,,,,,,,
BFC/GCBC,Banks - Regional,0.9201,0.30645,624,,,,,,,,
FCNCA/SFBC,Banks - Regional,0.8162,0.30662,624,,,,,,,,
CHI/TROW,Asset Management,0.9141,0.30663,624,,,,,,,,
LBTYB/VOD,Telecom Services,0.8807,0.30663,624,,,,,,,,
CXH/FFC,Asset Management,0.962,0.30664,624,,,,,,,,
NMT/PCK,Asset Management,0.8752,0.30666,624,,,,,,,,
CCNE/SMBK,Banks - Regional,0.9124,0.30668,624,,,,,,,,
EXG/GCV,Asset Management,0.9206,0.30669,624,,,,,,,,
HFWA/VABK,Banks - Regional,0.9183,0.30671,624,,,,,,,,
CADE/MNSB,Banks - Regional,0.8201,0.30671,624,,,,,,,,
EHI/VBF,Asset Management,0.9673,0.30672,624,,,,,,,,
CMU/MQY,Asset Management,0.9528,0.30672,624,,,,,,,,
AUB/CHCO,Banks - Regional,0.8919,0.30672,624,,,,,,,,
BSRR/UVSP,Banks - Regional,0.9543,0.30672,624,,,,,,,,
MGF/NXJ,Asset Management,0.9345,0.30674,624,,,,,,,,
BHLB/HBNC,Banks - Regional,0.8291,0.30675,624,,,,,,,,
JHI/VBF,Asset Management,0.9462,0.30677,624,,,,,,,,
MCR/MIN,Asset Management,0.967,0.30678,624,,,,,,,,
HTD/RFI,Asset Management,0.9717,0.30678,624,,,,,,,,
IPB/VMBS,Unknown,0.9013,0.30679,624,,,,,,,,
HBNC/SBCF,Banks - Regional,0.955,0.30682,624,,,,,,,,
FMN/NAZ,Asset Management,0.9585,0.30682,624,,,,,,,,
IPB/PFI,Unknown,0.9491,0.30682,624,,,,,,,,
BGT/CSWC,Asset Management,0.9633,0.30684,624,,,,,,,,
PKBK/VABK,Banks - Regional,0.9578,0.30685,624,,,,,,,,
GJR/ONEQ,Unknown,0.9567,0.30686,624,,,,,,,,
BOH/HWBK,Banks - Regional,0.8725,0.30687,624,,,,,,,,
OVBC/UBFO,Banks - Regional,0.8867,0.30687,624,,,,,,,,
FMNB/WAL,Banks - Regional,0.9285,0.3069,624,,,,,,,,
VCV/VTN,Asset Management,0.9739,0.30693,624,,,,,,,,
ESSA/TOWN,Banks - Regional,0.9326,0.30693,624,,,,,,,,
CWBC/SMBC,Banks - Regional,0.9155,0.30694,624,,,,,,,,
JHI/MUJ,Asset Management,0.9194,0.30694,624,,,,,,,,
AGD/PPT,Asset Management,0.8731,0.30696,624,,,,,,,,
CMU/RFI,Asset Management,0.8249,0.30697,624,,,,,,,,
GCBC/SRCE,Banks - Regional,0.8943,0.30698,624,,,,,,,,
CHMG/LCNB,Banks - Regional,0.8894,0.30701,624,,,,,,,,
MGF/VMO,Asset Management,0.9405,0.30702,624,,,,,,,,
BRKL/WNEB,Banks - Regional,0.8736,0.30703,624,,,,,,,,
ETG/JCE,Asset Management,0.9896,0.30704,624,,,,,,,,
LSBK/TRST,Banks - Regional,0.9067,0.30705,624,,,,,,,,
BGT/SOR,Asset Management,0.9678,0.30706,624,,,,,,,,
FBNC/PBHC,Banks - Regional,0.9216,0.30707,624,,,,,,,,
KLIC/TER,Semiconductor Equipment & Materials,0.9474,0.30709,624,,,,,,,,
NICE/ROP,Software - Application,0.9109,0.30709,624,,,,,,,,
JPC/NVG,Asset Management,0.9505,0.30711,624,,,,,,,,
NMT/VBF,Asset Management,0.9291,0.30715,624,,,,,,,,
PBHC/SSB,Banks - Regional,0.9125,0.30716,624,,,,,,,,
FUNC/WTFC,Banks - Regional,0.9458,0.30718,624,,,,,,,,
HTGC/JCE,Asset Management,0.9681,0.30719,624,,,,,,,,
MPA/MQY,Asset Management,0.9788,0.30721,624,,,,,,,,
ACWI/IPB,Unknown,0.9399,0.30722,624,,,,,,,,
BANR/FRAF,Banks - Regional,0.9298,0.30722,624,,,,,,,,
CHCO/MBCN,Banks - Regional,0.9461,0.30723,624,,,,,,,,
AX/EWBC,Banks - Regional,0.9739,0.30724,624,,,,,,,,
GBCI/HWBK,Banks - Regional,0.9287,0.30724,624,,,,,,,,
FFIC/WSBF,Banks - Regional,0.8017,0.30724,624,,,,,,,,
CVBF/DCOM,Banks - Regional,0.9021,0.30726,624,,,,,,,,
BANR/HAFC,Banks - Regional,0.8523,0.30729,624,,,,,,,,
PYT/VGSH,Unknown,0.9253,0.30729,624,,,,,,,,
FFC/PAI,Asset Management,0.9728,0.30731,624,,,,,,,,
ASB/MNSB,Banks - Regional,0.8374,0.30731,624,,,,,,,,
FMBH/FMNB,Banks - Regional,0.9655,0.30734,624,,,,,,,,
JQC/VLT,Asset Management,0.9758,0.30736,624,,,,,,,,
BCAL/SBSI,Banks - Regional,0.8691,0.3074,624,,,,,,,,
ATO/NI,Utilities - Regulated Gas,0.9861,0.30742,624,,,,,,,,
BOTJ/CHMG,Banks - Regional,0.89,0.30744,624,,,,,,,,
HOMB/SSBI,Banks - Regional,0.8069,0.30746,624,,,,,,,,
CVBF/PFIS,Banks - Regional,0.9207,0.30748,624,,,,,,,,
CFFI/FFBC,Banks - Regional,0.9033,0.30748,624,,,,,,,,
GDO/PMM,Asset Management,0.9796,0.30748,624,,,,,,,,
DCOM/WAFD,Banks - Regional,0.8945,0.3075,624,,,,,,,,
PCM/SOR,Asset Management,0.9189,0.30757,624,,,,,,,,
ETG/GCV,Asset Management,0.9094,0.30758,624,,,,,,,,
BOTJ/ESSA,Banks - Regional,0.8508,0.30759,624,,,,,,,,
PCF/TSI,Asset Management,0.9515,0.30762,624,,,,,,,,
JMM/PMM,Asset Management,0.9661,0.30762,624,,,,,,,,
BLE/DSM,Asset Management,0.982,0.30763,624,,,,,,,,
LCNB/WSBC,Banks - Regional,0.9127,0.30763,624,,,,,,,,
FUNC/GCBC,Banks - Regional,0.8579,0.30765,624,,,,,,,,
GDO/NNY,Asset Management,0.9595,0.3077,624,,,,,,,,
ARCC/MAIN,Asset Management,0.9788,0.30772,624,,,,,,,,
AN/GPI,Auto & Truck Dealerships,0.9651,0.30773,624,,,,,,,,
GLAD/NTRS,Asset Management,0.8291,0.30773,624,,,,,,,,
MBWM/MTB,Banks - Regional,0.9505,0.30774,624,,,,,,,,
ESSA/PEBK,Banks - Regional,0.8983,0.30774,624,,,,,,,,
SFNC/SMBK,Banks - Regional,0.8537,0.30775,624,,,,,,,,
IGI/MVF,Asset Management,0.9476,0.30775,624,,,,,,,,
MNSB/PBHC,Banks - Regional,0.9194,0.30775,624,,,,,,,,
JHS/JPC,Asset Management,0.9434,0.30776,624,,,,,,,,
FNLC/FRST,Banks - Regional,0.8343,0.30778,624,,,,,,,,
NAD/NAN,Asset Management,0.9893,0.3078,624,,,,,,,,
AROW/HBNC,Banks - Regional,0.9535,0.30781,624,,,,,,,,
SBFG/SFST,Banks - Regional,0.9123,0.30781,624,,,,,,,,
CFFI/PLBC,Banks - Regional,0.9072,0.30784,624,,,,,,,,
CMU/EVN,Asset Management,0.956,0.30786,624,,,,,,,,
COFS/USB,Banks - Regional,0.8505,0.30788,624,,,,,,,,
BOKF/CZFS,Banks - Regional,0.8704,0.30789,624,,,,,,,,
CHMG/OPBK,Banks - Regional,0.9317,0.3079,624,,,,,,,,
FRAF/FUNC,Banks - Regional,0.9019,0.30793,624,,,,,,,,
EXG/SOR,Asset Management,0.9852,0.30794,624,,,,,,,,
NQP/SBI,Asset Management,0.9584,0.30794,624,,,,,,,,
NPV/VMO,Asset Management,0.9339,0.30795,624,,,,,,,,
PEBO/UNTY,Banks - Regional,0.9119,0.30798,624,,,,,,,,
PCM/STK,Asset Management,0.8862,0.30798,624,,,,,,,,
BGT/CII,Asset Management,0.9579,0.30798,624,,,,,,,,
FDBC/NWFL,Banks - Regional,0.9482,0.30805,624,,,,,,,,
FFBC/OVBC,Banks - Regional,0.8393,0.30805,624,,,,,,,,
CWBC/NWFL,Banks - Regional,0.9262,0.30807,624,,,,,,,,
CXH/NAD,Asset Management,0.9812,0.30808,624,,,,,,,,
HWBK/NWBI,Banks - Regional,0.8989,0.30808,624,,,,,,,,
CXH/JHS,Asset Management,0.9673,0.30809,624,,,,,,,,
LCNB/OPOF,Banks - Regional,0.8308,0.30809,624,,,,,,,,
NRIM/SSB,Banks - Regional,0.8288,0.30809,624,,,,,,,,
PEBO/PGC,Banks - Regional,0.9164,0.3081,624,,,,,,,,
HAFC/HTBK,Banks - Regional,0.8725,0.3081,624,,,,,,,,
HMY/KGC,Gold,0.8993,0.30811,624,,,,,,,,
MIN/NMI,Asset Management,0.8885,0.30814,624,,,,,,,,
CZNC/PGC,Banks - Regional,0.9245,0.30814,624,,,,,,,,
BKN/NRK,Asset Management,0.9674,0.30816,624,,,,,,,,
HMN/MCY,Insurance - Property & Casualty,0.826,0.30816,624,,,,,,,,
BKT/MIN,Asset Management,0.8897,0.30817,624,,,,,,,,
HPI/NAN,Asset Management,0.9384,0.30818,624,,,,,,,,
MUE/NRK,Asset Management,0.9739,0.30821,624,,,,,,,,
MAV/MUC,Asset Management,0.8796,0.30821,624,,,,,,,,
SFBC/UVSP,Banks - Regional,0.9282,0.30823,624,,,,,,,,
DSM/FMN,Asset Management,0.9745,0.30825,624,,,,,,,,
BPOPM/PEY,Unknown,0.9567,0.30825,624,,,,,,,,
PFM/SMH,Unknown,0.951,0.30827,624,,,,,,,,
BSRR/EFSC,Banks - Regional,0.9599,0.30827,624,,,,,,,,
EBTC/FMAO,Banks - Regional,0.8754,0.30829,624,,,,,,,,
CADE/FXNC,Banks - Regional,0.8545,0.3083,624,,,,,,,,
DSM/MIY,Asset Management,0.9524,0.3083,624,,,,,,,,
DTF/NXP,Asset Management,0.8419,0.3083,624,,,,,,,,
MYI/OIA,Asset Management,0.9684,0.30832,624,,,,,,,,
LCNB/PFS,Banks - Regional,0.9079,0.30833,624,,,,,,,,
GJR/SOXX,Unknown,0.953,0.30834,624,,,,,,,,
PZC/VBF,Asset Management,0.8329,0.30834,624,,,,,,,,
BKT/NRK,Asset Management,0.9569,0.30834,624,,,,,,,,
BKN/MHD,Asset Management,0.9476,0.30836,624,,,,,,,,
FNLC/FULT,Banks - Regional,0.9379,0.30836,624,,,,,,,,
BTO/SPXX,Asset Management,0.9639,0.30836,624,,,,,,,,
ASB/WTFC,Banks - Regional,0.9532,0.30837,624,,,,,,,,
BXMX/SOR,Asset Management,0.9908,0.30837,624,,,,,,,,
AVK/PHT,Asset Management,0.8114,0.30839,624,,,,,,,,
PFIS/WSBC,Banks - Regional,0.8874,0.30841,624,,,,,,,,
ADP/DSGX,Software - Application,0.9797,0.30842,624,,,,,,,,
NVMI/TER,Semiconductor Equipment & Materials,0.8783,0.30842,624,,,,,,,,
MOFG/PGC,Banks - Regional,0.9189,0.30843,624,,,,,,,,
BANR/CZFS,Banks - Regional,0.898,0.30844,624,,,,,,,,
LKFN/WSBF,Banks - Regional,0.9272,0.30846,624,,,,,,,,
FLC/PMO,Asset Management,0.9802,0.30849,624,,,,,,,,
NQP/NXC,Asset Management,0.9644,0.3085,624,,,,,,,,
CATY/SBCF,Banks - Regional,0.9304,0.3085,624,,,,,,,,
FBIZ/VABK,Banks - Regional,0.8377,0.30851,624,,,,,,,,
BCAL/FUNC,Banks - Regional,0.826,0.30851,624,,,,,,,,
CATY/PNFP,Banks - Regional,0.9731,0.30851,624,,,,,,,,
DSM/PML,Asset Management,0.9596,0.30853,624,,,,,,,,
NBTB/TOWN,Banks - Regional,0.973,0.30854,624,,,,,,,,
GLAD/PPT,Asset Management,0.8391,0.30855,624,,,,,,,,
KLIC/LRCX,Semiconductor Equipment & Materials,0.9139,0.30855,624,,,,,,,,
EFSC/OPBK,Banks - Regional,0.928,0.30856,624,,,,,,,,
FDBC/PLBC,Banks - Regional,0.8646,0.3086,624,,,,,,,,
FFC/MUE,Asset Management,0.9596,0.30861,624,,,,,,,,
CMU/SBI,Asset Management,0.9458,0.30863,624,,,,,,,,
GJR/IPB,Unknown,0.8916,0.30864,624,,,,,,,,
PFIS/WASH,Banks - Regional,0.8234,0.30865,624,,,,,,,,
CADE/UCB,Banks - Regional,0.9238,0.30865,624,,,,,,,,
JCE/NTRS,Asset Management,0.8859,0.30866,624,,,,,,,,
COHU/TER,Semiconductor Equipment & Materials,0.8926,0.30867,624,,,,,,,,
MUE/PFO,Asset Management,0.9603,0.30868,624,,,,,,,,
IBCP/IBOC,Banks - Regional,0.967,0.30869,624,,,,,,,,
COLB/DCOM,Banks - Regional,0.9017,0.3087,624,,,,,,,,
ABCB/SMBK,Banks - Regional,0.9674,0.30871,624,,,,,,,,
MBB/VMBS,Unknown,0.999,0.30873,624,,,,,,,,
BSRR/PNC,Banks - Regional,0.9242,0.30873,624,,,,,,,,
BDJ/GAIN,Asset Management,0.9792,0.30874,624,,,,,,,,
MCR/MQT,Asset Management,0.929,0.30874,624,,,,,,,,
CPRT/CTAS,Specialty Business Services,0.9849,0.30875,624,,,,,,,,
CFR/SHBI,Banks - Regional,0.8724,0.30876,624,,,,,,,,
CVBF/PFBC,Banks - Regional,0.9024,0.30878,624,,,,,,,,
MGF/MVT,Asset Management,0.8705,0.30878,624,,,,,,,,
EFSC/SHBI,Banks - Regional,0.8922,0.30878,624,,,,,,,,
CHRW/JBHT,Integrated Freight & Logistics,0.9003,0.30881,624,,,,,,,,
IGA/RJF,Asset Management,0.9601,0.30882,624,,,,,,,,
CAC/CZFS,Banks - Regional,0.8735,0.30884,624,,,,,,,,
CDNS/ROP,Software - Application,0.9265,0.30884,624,,,,,,,,
FITB/PLBC,Banks - Regional,0.9471,0.30884,624,,,,,,,,
ADSK/OTEX,Software - Application,0.8694,0.30885,624,,,,,,,,
IPB/PNQI,Unknown,0.9443,0.30885,624,,,,,,,,
CZNC/USB,Banks - Regional,0.9359,0.30885,624,,,,,,,,
FISI/FULT,Banks - Regional,0.8951,0.30886,624,,,,,,,,
JHS/NAN,Asset Management,0.9708,0.30887,624,,,,,,,,
ICLR/TMO,Diagnostics & Research,0.9675,0.30887,624,,,,,,,,
HPI/PZC,Asset Management,0.8111,0.30888,624,,,,,,,,
EBMT/UCB,Banks - Regional,0.868,0.30888,624,,,,,,,,
MBCN/SFBC,Banks - Regional,0.959,0.30889,624,,,,,,,,
MGIC/TTGT,Information Technology Services,0.8975,0.30892,624,,,,,,,,
CXH/MHD,Asset Management,0.9755,0.30893,624,,,,,,,,
CATY/FRAF,Banks - Regional,0.9427,0.30896,624,,,,,,,,
BME/NIE,Asset Management,0.9531,0.30898,624,,,,,,,,
ASB/HIFS,Banks - Regional,0.8447,0.30899,624,,,,,,,,
FISI/MPB,Banks - Regional,0.8916,0.309,624,,,,,,,,
CMS/ES,Utilities - Regulated Electric,0.9417,0.309,624,,,,,,,,
CHMG/PEBO,Banks - Regional,0.9602,0.30901,624,,,,,,,,
ESSA/HFWA,Banks - Regional,0.8201,0.30901,624,,,,,,,,
AROW/NEWT,Banks - Regional,0.8787,0.30903,624,,,,,,,,
DHF/HYT,Asset Management,0.9717,0.30903,624,,,,,,,,
OSBC/UNB,Banks - Regional,0.8213,0.30904,624,,,,,,,,
MCR/PMO,Asset Management,0.9666,0.30905,624,,,,,,,,
CRL/ICLR,Diagnostics & Research,0.8954,0.30905,624,,,,,,,,
SAR/SCD,Asset Management,0.933,0.30905,624,,,,,,,,
NTRS/SPE,Asset Management,0.874,0.30906,624,,,,,,,,
CMA/WASH,Banks - Regional,0.921,0.30906,624,,,,,,,,
CARE/MTB,Banks - Regional,0.8703,0.30911,624,,,,,,,,
CATY/UVSP,Banks - Regional,0.9499,0.30911,624,,,,,,,,
CFFI/CIVB,Banks - Regional,0.8489,0.30911,624,,,,,,,,
FNB/FRME,Banks - Regional,0.8544,0.30914,624,,,,,,,,
IGF/PYZ,Unknown,0.9527,0.30915,624,,,,,,,,
NEWT/SFST,Banks - Regional,0.8995,0.30915,624,,,,,,,,
PPT/USA,Asset Management,0.8922,0.30916,624,,,,,,,,
IBCP/INDB,Banks - Regional,0.8378,0.30918,624,,,,,,,,
CATY/FBNC,Banks - Regional,0.953,0.30919,624,,,,,,,,
CNOB/PNC,Banks - Regional,0.9062,0.30924,624,,,,,,,,
PCF/TWN,Asset Management,0.8991,0.30925,624,,,,,,,,
EBTC/FMBH,Banks - Regional,0.9347,0.30925,624,,,,,,,,
WTRG/YORW,Utilities - Regulated Water,0.9742,0.30925,624,,,,,,,,
PIM/RMT,Asset Management,0.8886,0.30926,624,,,,,,,,
SRCE/WTFC,Banks - Regional,0.9636,0.30926,624,,,,,,,,
CTBI/IBOC,Banks - Regional,0.9583,0.30928,624,,,,,,,,
AB/NTRS,Asset Management,0.8786,0.30928,624,,,,,,,,
FMNB/FRME,Banks - Regional,0.9745,0.30928,624,,,,,,,,
MBCN/NKSH,Banks - Regional,0.8278,0.30929,624,,,,,,,,
MMU/WEA,Asset Management,0.8895,0.3093,624,,,,,,,,
CPK/NI,Utilities - Regulated Gas,0.9388,0.30931,624,,,,,,,,
JHI/NZF,Asset Management,0.9297,0.30933,624,,,,,,,,
CMA/OPBK,Banks - Regional,0.868,0.30934,624,,,,,,,,
EMD/JHI,Asset Management,0.9253,0.30935,624,,,,,,,,
CCNE/LARK,Banks - Regional,0.8635,0.30936,624,,,,,,,,
GABC/OPOF,Banks - Regional,0.8448,0.30939,624,,,,,,,,
CZNC/PEBK,Banks - Regional,0.9366,0.30939,624,,,,,,,,
CXH/NXP,Asset Management,0.9324,0.30939,624,,,,,,,,
PBHC/UCB,Banks - Regional,0.9063,0.30939,624,,,,,,,,
CCL/CUK,Travel Services,0.9955,0.3094,624,,,,,,,,
MHD/RFI,Asset Management,0.8069,0.30941,624,,,,,,,,
PFI/PYT,Unknown,0.9564,0.30941,624,,,,,,,,
MHO/TOL,Residential Construction,0.987,0.30941,624,,,,,,,,
BOE/GOF,Asset Management,0.9713,0.30942,624,,,,,,,,
AUB/RVSB,Banks - Regional,0.8816,0.30945,624,,,,,,,,
GSBC/NWFL,Banks - Regional,0.9296,0.30946,624,,,,,,,,
NWFL/PBHC,Banks - Regional,0.8725,0.30947,624,,,,,,,,
BHLB/CCNE,Banks - Regional,0.8377,0.30947,624,,,,,,,,
MGYR/TRST,Banks - Regional,0.8897,0.30948,624,,,,,,,,
HWBK/PNC,Banks - Regional,0.9434,0.30949,624,,,,,,,,
ARKR/CBRL,Restaurants,0.8282,0.30949,624,,,,,,,,
IGI/NAZ,Asset Management,0.9202,0.30951,624,,,,,,,,
CZWI/FNB,Banks - Regional,0.8967,0.30951,624,,,,,,,,
BFZ/PAI,Asset Management,0.907,0.30951,624,,,,,,,,
UVSP/WSBF,Banks - Regional,0.8944,0.30951,624,,,,,,,,
BGT/SAR,Asset Management,0.9381,0.30952,624,,,,,,,,
PCM/QQQX,Asset Management,0.9565,0.30953,624,,,,,,,,
EVN/MQY,Asset Management,0.986,0.30956,624,,,,,,,,
GABC/WBS,Banks - Regional,0.9478,0.30958,624,,,,,,,,
CCBG/FDBC,Banks - Regional,0.8505,0.30959,624,,,,,,,,
BFK/BFZ,Asset Management,0.9481,0.30963,624,,,,,,,,
FFBC/ISBA,Banks - Regional,0.8723,0.30966,624,,,,,,,,
EBTC/PNC,Banks - Regional,0.9207,0.30966,624,,,,,,,,
HBNC/PKBK,Banks - Regional,0.9353,0.30966,624,,,,,,,,
KTN/QQXT,Unknown,0.9523,0.30966,624,,,,,,,,
WASH/WSFS,Banks - Regional,0.8997,0.30969,624,,,,,,,,
BCAL/TRST,Banks - Regional,0.8466,0.3097,624,,,,,,,,
FRAF/PFS,Banks - Regional,0.8986,0.30973,624,,,,,,,,
BANR/OCFC,Banks - Regional,0.8594,0.30973,624,,,,,,,,
CSQ/PTY,Asset Management,0.9635,0.30973,624,,,,,,,,
BANC/HIFS,Banks - Regional,0.8204,0.30974,624,,,,,,,,
MUJ/NXC,Asset Management,0.965,0.30975,624,,,,,,,,
ACHV/SONN,Biotechnology,0.888,0.30978,624,,,,,,,,
LCNB/PPBI,Banks - Regional,0.9087,0.30979,624,,,,,,,,
HFWA/OPOF,Banks - Regional,0.8791,0.3098,624,,,,,,,,
NWFL/RF,Banks - Regional,0.8698,0.3098,624,,,,,,,,
EOS/ETJ,Asset Management,0.989,0.3098,624,,,,,,,,
FFC/MQY,Asset Management,0.9693,0.30981,624,,,,,,,,
BLW/VLT,Asset Management,0.9882,0.30984,624,,,,,,,,
PEBO/ZION,Banks - Regional,0.9193,0.30985,624,,,,,,,,
ASG/TROW,Asset Management,0.9705,0.30986,624,,,,,,,,
NEWT/WBS,Banks - Regional,0.8244,0.30986,624,,,,,,,,
JMM/KTF,Asset Management,0.8716,0.3099,624,,,,,,,,
HBAN/INDB,Banks - Regional,0.9096,0.30991,624,,,,,,,,
NRK/NZF,Asset Management,0.9887,0.30995,624,,,,,,,,
GDO/NMI,Asset Management,0.9324,0.30996,624,,,,,,,,
MHI/NXC,Asset Management,0.8654,0.30999,624,,,,,,,,
MBWM/NBTB,Banks - Regional,0.9716,0.31,624,,,,,,,,
BPOPM/USIG,Unknown,0.9426,0.31002,624,,,,,,,,
GRX/UTF,Asset Management,0.9697,0.31003,624,,,,,,,,
DSM/NIM,Asset Management,0.9259,0.31003,624,,,,,,,,
FBNC/WASH,Banks - Regional,0.8695,0.31006,624,,,,,,,,
CAC/WTFC,Banks - Regional,0.8954,0.31006,624,,,,,,,,
SFST/VLY,Banks - Regional,0.8901,0.31012,624,,,,,,,,
BRKL/UBCP,Banks - Regional,0.8128,0.31016,624,,,,,,,,
MMT/PCN,Asset Management,0.9796,0.31017,624,,,,,,,,
IBOC/WSFS,Banks - Regional,0.8918,0.31017,624,,,,,,,,
CATY/FMAO,Banks - Regional,0.845,0.31017,624,,,,,,,,
FCF/HTBK,Banks - Regional,0.888,0.31018,624,,,,,,,,
MGF/MUE,Asset Management,0.9214,0.31019,624,,,,,,,,
BRKL/FCF,Banks - Regional,0.8534,0.3102,624,,,,,,,,
OVLY/SNV,Banks - Regional,0.8535,0.3102,624,,,,,,,,
GAIN/MAIN,Asset Management,0.9632,0.3102,624,,,,,,,,
MOFG/WASH,Banks - Regional,0.9085,0.31022,624,,,,,,,,
FFC/JRS,Asset Management,0.9222,0.31023,624,,,,,,,,
MOFG/WAFD,Banks - Regional,0.8824,0.31024,624,,,,,,,,
NXC/RFI,Asset Management,0.8959,0.31025,624,,,,,,,,
FULT/PLBC,Banks - Regional,0.913,0.31026,624,,,,,,,,
ASRV/FISI,Banks - Regional,0.847,0.31027,624,,,,,,,,
PMF/PNF,Asset Management,0.9596,0.31028,624,,,,,,,,
BLW/CIF,Asset Management,0.9126,0.3103,624,,,,,,,,
FISI/HBNC,Banks - Regional,0.9546,0.31034,624,,,,,,,,
CFFI/TRMK,Banks - Regional,0.885,0.31034,624,,,,,,,,
BLW/BTZ,Asset Management,0.9672,0.31036,624,,,,,,,,
CTBI/WNEB,Banks - Regional,0.8396,0.3104,624,,,,,,,,
OCFC/SSB,Banks - Regional,0.8511,0.31044,624,,,,,,,,
LSBK/NBTB,Banks - Regional,0.8522,0.31045,624,,,,,,,,
HIO/PHT,Asset Management,0.8052,0.31045,624,,,,,,,,
ALV/MGA,Auto Parts,0.8076,0.31045,624,,,,,,,,
JMM/MHF,Asset Management,0.9649,0.31048,624,,,,,,,,
MCR/NXP,Asset Management,0.9824,0.31049,624,,,,,,,,
CTBI/FISI,Banks - Regional,0.8724,0.31051,624,,,,,,,,
LARK/SFNC,Banks - Regional,0.8914,0.31053,624,,,,,,,,
FULT/WASH,Banks - Regional,0.817,0.31054,624,,,,,,,,
LCNB/SSB,Banks - Regional,0.9205,0.31055,624,,,,,,,,
DCOM/WBS,Banks - Regional,0.9152,0.31055,624,,,,,,,,
BOKF/RVSB,Banks - Regional,0.8075,0.31056,624,,,,,,,,
BNY/BTA,Asset Management,0.9017,0.31058,624,,,,,,,,
HTGC/SOR,Asset Management,0.9586,0.31059,624,,,,,,,,
MVT/NXP,Asset Management,0.8315,0.31059,624,,,,,,,,
LCNB/NBTB,Banks - Regional,0.8738,0.31061,624,,,,,,,,
ASB/TOWN,Banks - Regional,0.9552,0.31061,624,,,,,,,,
DCO/WWD,Aerospace & Defense,0.9299,0.31061,624,,,,,,,,
CCNE/KEY,Banks - Regional,0.9276,0.31061,624,,,,,,,,
BANR/SSB,Banks - Regional,0.9574,0.31062,624,,,,,,,,
LCNB/SBSI,Banks - Regional,0.9115,0.31063,624,,,,,,,,
HPI/MQY,Asset Management,0.9153,0.31064,624,,,,,,,,
CZFS/PEBK,Banks - Regional,0.8838,0.31068,624,,,,,,,,
FUNC/MPB,Banks - Regional,0.8749,0.31068,624,,,,,,,,
JMM/MHI,Asset Management,0.8193,0.31069,624,,,,,,,,
MYD/PNF,Asset Management,0.9345,0.3107,624,,,,,,,,
CIVB/FCCO,Banks - Regional,0.9629,0.31072,624,,,,,,,,
HWBK/PGC,Banks - Regional,0.8487,0.31074,624,,,,,,,,
CMA/EBTC,Banks - Regional,0.9065,0.31074,624,,,,,,,,
NRIM/WTFC,Banks - Regional,0.9339,0.31075,624,,,,,,,,
GABC/WSBF,Banks - Regional,0.9521,0.31075,624,,,,,,,,
FCCO/OVLY,Banks - Regional,0.9083,0.31076,624,,,,,,,,
KTH/PFM,Unknown,0.9567,0.31077,624,,,,,,,,
SHBI/SMBC,Banks - Regional,0.8593,0.31078,624,,,,,,,,
ONB/ZION,Banks - Regional,0.9201,0.31078,624,,,,,,,,
FBIZ/FCCO,Banks - Regional,0.852,0.31078,624,,,,,,,,
GCBC/TSBK,Banks - Regional,0.8855,0.31079,624,,,,,,,,
KTF/MPA,Asset Management,0.9224,0.3108,624,,,,,,,,
PBHC/PPBI,Banks - Regional,0.8952,0.3108,624,,,,,,,,
FRME/SMBC,Banks - Regional,0.9307,0.3108,624,,,,,,,,
LSBK/MNSB,Banks - Regional,0.8243,0.31081,624,,,,,,,,
MYN/NEA,Asset Management,0.969,0.31081,624,,,,,,,,
CAE/DCO,Aerospace & Defense,0.8603,0.31082,624,,,,,,,,
BANR/BSRR,Banks - Regional,0.9399,0.31083,624,,,,,,,,
HTGC/PNNT,Asset Management,0.9572,0.31083,624,,,,,,,,
CMA/PKBK,Banks - Regional,0.9134,0.31085,624,,,,,,,,
CCNE/UBCP,Banks - Regional,0.8521,0.31085,624,,,,,,,,
FISI/PPBI,Banks - Regional,0.9232,0.31085,624,,,,,,,,
FRME/HIFS,Banks - Regional,0.9231,0.31086,624,,,,,,,,
NSYS/STE,Medical Devices,0.8058,0.31087,624,,,,,,,,
FDBC/FMAO,Banks - Regional,0.8523,0.31087,624,,,,,,,,
JMM/NZF,Asset Management,0.9667,0.31087,624,,,,,,,,
CAC/SRCE,Banks - Regional,0.9377,0.31088,624,,,,,,,,
NMZ/PCQ,Asset Management,0.853,0.3109,624,,,,,,,,
SBSI/UMBF,Banks - Regional,0.9027,0.31092,624,,,,,,,,
MUA/VKQ,Asset Management,0.9763,0.31092,624,,,,,,,,
BUSE/PNFP,Banks - Regional,0.9022,0.31093,624,,,,,,,,
CADE/FUNC,Banks - Regional,0.9112,0.31093,624,,,,,,,,
CTBI/TRMK,Banks - Regional,0.9552,0.31103,624,,,,,,,,
ACWI/BANFP,Unknown,0.9575,0.31103,624,,,,,,,,
EVN/MGF,Asset Management,0.9248,0.31104,624,,,,,,,,
ETB/SAR,Asset Management,0.9597,0.31104,624,,,,,,,,
CAF/IGI,Asset Management,0.8489,0.31105,624,,,,,,,,
AUB/INDB,Banks - Regional,0.9302,0.31107,624,,,,,,,,
MFIC/SCD,Asset Management,0.929,0.31107,624,,,,,,,,
MMU/NXP,Asset Management,0.8761,0.31108,624,,,,,,,,
BOTJ/FRAF,Banks - Regional,0.929,0.31109,624,,,,,,,,
IBCP/PLBC,Banks - Regional,0.9356,0.3111,624,,,,,,,,
MSD/VTN,Asset Management,0.8779,0.31111,624,,,,,,,,
DGX/ICLR,Diagnostics & Research,0.9238,0.31112,624,,,,,,,,
AGD/RVT,Asset Management,0.9667,0.31112,624,,,,,,,,
HPI/NMZ,Asset Management,0.9534,0.31112,624,,,,,,,,
FITB/SMBC,Banks - Regional,0.9629,0.31116,624,,,,,,,,
MTB/PFBC,Banks - Regional,0.9487,0.31116,624,,,,,,,,
COFS/ESSA,Banks - Regional,0.8855,0.31117,624,,,,,,,,
HWBK/SRCE,Banks - Regional,0.9467,0.31117,624,,,,,,,,
CZNC/UVSP,Banks - Regional,0.9045,0.31121,624,,,,,,,,
BKN/OIA,Asset Management,0.9392,0.31123,624,,,,,,,,
NAC/VGM,Asset Management,0.983,0.31123,624,,,,,,,,
EHI/JHI,Asset Management,0.976,0.31125,624,,,,,,,,
FHN/MBCN,Banks - Regional,0.8334,0.31125,624,,,,,,,,
ARCC/CSWC,Asset Management,0.9832,0.31126,624,,,,,,,,
IGR/NTRS,Asset Management,0.9094,0.31127,624,,,,,,,,
CZFS/UBFO,Banks - Regional,0.8228,0.31127,624,,,,,,,,
KEY/PGC,Banks - Regional,0.93,0.31128,624,,,,,,,,
BOKF/CADE,Banks - Regional,0.9294,0.31128,624,,,,,,,,
ENB/WMB,Oil & Gas Midstream,0.8766,0.31129,624,,,,,,,,
DRH/SHO,REIT - Hotel & Motel,0.8423,0.31129,624,,,,,,,,
FFC/NZF,Asset Management,0.9763,0.3113,624,,,,,,,,
NZF/SBI,Asset Management,0.9402,0.3113,624,,,,,,,,
AMT/CCI,REIT - Specialty,0.971,0.31135,624,,,,,,,,
CZWI/SBCF,Banks - Regional,0.9107,0.31136,624,,,,,,,,
FFC/MUA,Asset Management,0.9652,0.31137,624,,,,,,,,
JBK/QQQ,Unknown,0.9194,0.3114,624,,,,,,,,
AIT/GWW,Industrial Distribution,0.9878,0.31141,624,,,,,,,,
CCM/MD,Medical Care Facilities,0.8065,0.31142,624,,,,,,,,
BRKL/NEWT,Banks - Regional,0.8293,0.31142,624,,,,,,,,
JMM/VCV,Asset Management,0.9468,0.31142,624,,,,,,,,
BOH/RNST,Banks - Regional,0.9317,0.31143,624,,,,,,,,
BUSE/FRAF,Banks - Regional,0.937,0.31146,624,,,,,,,,
FNLC/KEY,Banks - Regional,0.9183,0.31146,624,,,,,,,,
NAZ/NPV,Asset Management,0.9193,0.31146,624,,,,,,,,
GDL/SOR,Asset Management,0.9775,0.31146,624,,,,,,,,
AUB/GABC,Banks - Regional,0.9652,0.31147,624,,,,,,,,
PB/VABK,Banks - Regional,0.9168,0.31149,624,,,,,,,,
SHY/VCSH,Unknown,0.9695,0.31152,624,,,,,,,,
GNTX/MLR,Auto Parts,0.8376,0.31152,624,,,,,,,,
GJS/PKW,Unknown,0.9663,0.31152,624,,,,,,,,
HWBK/NRIM,Banks - Regional,0.8969,0.31154,624,,,,,,,,
TRMK/UBCP,Banks - Regional,0.8791,0.31156,624,,,,,,,,
HWBK/THFF,Banks - Regional,0.9319,0.31156,624,,,,,,,,
PHD/PTY,Asset Management,0.9472,0.31158,624,,,,,,,,
BHK/BTZ,Asset Management,0.984,0.31158,624,,,,,,,,
BSRR/BUSE,Banks - Regional,0.9484,0.31158,624,,,,,,,,
SRCE/WSFS,Banks - Regional,0.9597,0.31159,624,,,,,,,,
DSM/VMO,Asset Management,0.9724,0.31159,624,,,,,,,,
NBTB/NWFL,Banks - Regional,0.9092,0.3116,624,,,,,,,,
MMT/NXC,Asset Management,0.919,0.3116,624,,,,,,,,
MRTN/SAIA,Trucking,0.8315,0.3116,624,,,,,,,,
ESSA/TRMK,Banks - Regional,0.8998,0.31162,624,,,,,,,,
BCAL/PNC,Banks - Regional,0.8808,0.31163,624,,,,,,,,
CCNE/PFBC,Banks - Regional,0.8906,0.31163,624,,,,,,,,
GCV/NTRS,Asset Management,0.9268,0.31163,624,,,,,,,,
FULT/GABC,Banks - Regional,0.9476,0.31166,624,,,,,,,,
JMM/VKQ,Asset Management,0.9446,0.31167,624,,,,,,,,
BLE/OIA,Asset Management,0.9246,0.31168,624,,,,,,,,
LCNB/PNFP,Banks - Regional,0.8782,0.3117,624,,,,,,,,
ONB/RNST,Banks - Regional,0.8664,0.31171,624,,,,,,,,
CBFV/FRST,Banks - Regional,0.8071,0.31172,624,,,,,,,,
HPS/PMX,Asset Management,0.8035,0.31174,624,,,,,,,,
CWBC/FUNC,Banks - Regional,0.855,0.31175,624,,,,,,,,
CAC/HTBK,Banks - Regional,0.9083,0.31175,624,,,,,,,,
ESSA/IBOC,Banks - Regional,0.9514,0.31179,624,,,,,,,,
BOH/WTBA,Banks - Regional,0.9522,0.31181,624,,,,,,,,
CATY/HFWA,Banks - Regional,0.8829,0.31181,624,,,,,,,,
FNLC/PNC,Banks - Regional,0.955,0.31182,624,,,,,,,,
GOGL/SB,Marine Shipping,0.8254,0.31183,624,,,,,,,,
HOPE/UVSP,Banks - Regional,0.8169,0.31184,624,,,,,,,,
THFF/TOWN,Banks - Regional,0.9717,0.31184,624,,,,,,,,
CHI/QQQX,Asset Management,0.9716,0.31185,624,,,,,,,,
PHD/WEA,Asset Management,0.9168,0.31185,624,,,,,,,,
JHI/MSD,Asset Management,0.9216,0.31186,624,,,,,,,,
SFBC/SMBK,Banks - Regional,0.959,0.31186,624,,,,,,,,
NWFL/VABK,Banks - Regional,0.9533,0.31186,624,,,,,,,,
CXE/RQI,Asset Management,0.8142,0.31186,624,,,,,,,,
CATY/FRST,Banks - Regional,0.8342,0.31187,624,,,,,,,,
AOD/IFN,Asset Management,0.9635,0.31188,624,,,,,,,,
EHI/VLT,Asset Management,0.9737,0.31188,624,,,,,,,,
DSU/EVF,Asset Management,0.9921,0.3119,624,,,,,,,,
CACI/WNS,Information Technology Services,0.8009,0.31193,624,,,,,,,,
PLBC/USB,Banks - Regional,0.8149,0.31195,624,,,,,,,,
MHI/NUW,Asset Management,0.8772,0.31199,624,,,,,,,,
BCAL/QCRH,Banks - Regional,0.8873,0.31199,624,,,,,,,,
MGEE/PNW,Utilities - Regulated Electric,0.9659,0.31201,624,,,,,,,,
DSM/NQP,Asset Management,0.9413,0.31202,624,,,,,,,,
BUSE/PLBC,Banks - Regional,0.8562,0.31202,624,,,,,,,,
JHS/MSD,Asset Management,0.8891,0.31203,624,,,,,,,,
BUSE/GABC,Banks - Regional,0.9419,0.31203,624,,,,,,,,
FMNB/SNV,Banks - Regional,0.9229,0.31203,624,,,,,,,,
EBTC/NRIM,Banks - Regional,0.808,0.31204,624,,,,,,,,
EFSC/MPB,Banks - Regional,0.9771,0.31204,624,,,,,,,,
CNQ/DMLP,Oil & Gas E&P,0.9672,0.31205,624,,,,,,,,
HTBK/SFST,Banks - Regional,0.9266,0.31209,624,,,,,,,,
LCNB/QCRH,Banks - Regional,0.8682,0.31209,624,,,,,,,,
BMRC/FLIC,Banks - Regional,0.8534,0.31211,624,,,,,,,,
BKT/SBI,Asset Management,0.9252,0.31216,624,,,,,,,,
FLC/VGM,Asset Management,0.9652,0.31216,624,,,,,,,,
FMBH/PPBI,Banks - Regional,0.9258,0.31216,624,,,,,,,,
NAN/NEA,Asset Management,0.9826,0.31217,624,,,,,,,,
IBOC/SRCE,Banks - Regional,0.9619,0.31218,624,,,,,,,,
HPS/MVT,Asset Management,0.8192,0.31218,624,,,,,,,,
FNB/STBA,Banks - Regional,0.8779,0.31219,624,,,,,,,,
ANSS/SPNS,Software - Application,0.9597,0.31222,624,,,,,,,,
KMPR/SAFT,Insurance - Property & Casualty,0.886,0.31223,624,,,,,,,,
AUB/HWBK,Banks - Regional,0.924,0.31223,624,,,,,,,,
FBIZ/MTB,Banks - Regional,0.8874,0.31228,624,,,,,,,,
EOI/NIE,Asset Management,0.9913,0.31228,624,,,,,,,,
NNY/RFI,Asset Management,0.8898,0.31228,624,,,,,,,,
SSB/UCB,Banks - Regional,0.8964,0.31229,624,,,,,,,,
AVK/DHF,Asset Management,0.8397,0.31231,624,,,,,,,,
CAC/EWBC,Banks - Regional,0.9109,0.31231,624,,,,,,,,
PIO/SWZ,Unknown,0.9745,0.31235,624,,,,,,,,
CHMG/WSFS,Banks - Regional,0.9307,0.31236,624,,,,,,,,
FCBC/MGYR,Banks - Regional,0.9225,0.31237,624,,,,,,,,
GDO/VPV,Asset Management,0.9559,0.31237,624,,,,,,,,
MTB/VABK,Banks - Regional,0.9267,0.3124,624,,,,,,,,
CHCO/SMBC,Banks - Regional,0.9532,0.3124,624,,,,,,,,
MOFG/PNFP,Banks - Regional,0.8679,0.3124,624,,,,,,,,
CADE/TCBK,Banks - Regional,0.9193,0.31241,624,,,,,,,,
MYD/NEA,Asset Management,0.9592,0.31241,624,,,,,,,,
BOKF/FNLC,Banks - Regional,0.9397,0.31243,624,,,,,,,,
EFR/GLAD,Asset Management,0.9648,0.31243,624,,,,,,,,
CTBI/CVBF,Banks - Regional,0.905,0.31244,624,,,,,,,,
CQP/WMB,Oil & Gas Midstream,0.8064,0.31244,624,,,,,,,,
FRAF/SRCE,Banks - Regional,0.9541,0.31244,624,,,,,,,,
GDV/RVT,Asset Management,0.9887,0.31245,624,,,,,,,,
CAC/RNST,Banks - Regional,0.8867,0.31245,624,,,,,,,,
CCNE/CVBF,Banks - Regional,0.9281,0.31252,624,,,,,,,,
FDBC/NEWT,Banks - Regional,0.8497,0.31252,624,,,,,,,,
EMN/WLK,Specialty Chemicals,0.8968,0.31252,624,,,,,,,,
CBAN/SFBC,Banks - Regional,0.9251,0.31252,624,,,,,,,,
CHY/GOF,Asset Management,0.9666,0.31254,624,,,,,,,,
MUA/NAD,Asset Management,0.9753,0.31256,624,,,,,,,,
IGI/SOR,Asset Management,0.8355,0.31259,624,,,,,,,,
PIM/TSI,Asset Management,0.9336,0.31259,624,,,,,,,,
OVLY/SFBC,Banks - Regional,0.9379,0.31261,624,,,,,,,,
MMU/RFI,Asset Management,0.824,0.31262,624,,,,,,,,
JSM/PYZ,Unknown,0.9238,0.31262,624,,,,,,,,
GJO/SHV,Unknown,0.9136,0.31262,624,,,,,,,,
FITB/NEWT,Banks - Regional,0.855,0.31263,624,,,,,,,,
BKT/DSM,Asset Management,0.952,0.31265,624,,,,,,,,
BOH/COLB,Banks - Regional,0.9424,0.31268,624,,,,,,,,
EVN/MUA,Asset Management,0.9764,0.31268,624,,,,,,,,
PB/PNC,Banks - Regional,0.9413,0.31269,624,,,,,,,,
CZNC/IBCP,Banks - Regional,0.8574,0.3127,624,,,,,,,,
BKE/TJX,Apparel Retail,0.8589,0.3127,624,,,,,,,,
NMZ/NNY,Asset Management,0.9777,0.31271,624,,,,,,,,
BHK/PFD,Asset Management,0.9723,0.31271,624,,,,,,,,
AROW/BCAL,Banks - Regional,0.8546,0.31272,624,,,,,,,,
UBCP/WAL,Banks - Regional,0.91,0.31273,624,,,,,,,,
FISI/FNLC,Banks - Regional,0.8637,0.31274,624,,,,,,,,
FNLC/WTFC,Banks - Regional,0.9105,0.31278,624,,,,,,,,
AX/FITB,Banks - Regional,0.9626,0.3128,624,,,,,,,,
UBSI/VABK,Banks - Regional,0.8733,0.3128,624,,,,,,,,
AFB/GDO,Asset Management,0.9515,0.3128,624,,,,,,,,
ATLO/TCBI,Banks - Regional,0.8026,0.31281,624,,,,,,,,
AFB/MIN,Asset Management,0.9106,0.31282,624,,,,,,,,
AROW/CWBC,Banks - Regional,0.9417,0.31288,624,,,,,,,,
DCOM/RNST,Banks - Regional,0.9102,0.31289,624,,,,,,,,
NEWT/PNFP,Banks - Regional,0.8302,0.31289,624,,,,,,,,
PML/PMO,Asset Management,0.9156,0.31292,624,,,,,,,,
BLE/NVG,Asset Management,0.9431,0.31293,624,,,,,,,,
CFR/PFIS,Banks - Regional,0.9276,0.31293,624,,,,,,,,
EMD/MYD,Asset Management,0.8716,0.31293,624,,,,,,,,
ETB/FFA,Asset Management,0.9707,0.31295,624,,,,,,,,
IAE/LGI,Asset Management,0.8902,0.31296,624,,,,,,,,
CZNC/FRST,Banks - Regional,0.8731,0.31297,624,,,,,,,,
CCNE/HBAN,Banks - Regional,0.924,0.313,624,,,,,,,,
MCR/MQY,Asset Management,0.931,0.31301,624,,,,,,,,
BRKL/HTBK,Banks - Regional,0.9274,0.31301,624,,,,,,,,
FFIC/OCFC,Banks - Regional,0.9188,0.31302,624,,,,,,,,
BRW/RJF,Asset Management,0.9247,0.31304,624,,,,,,,,
HWBK/PEBK,Banks - Regional,0.9299,0.31304,624,,,,,,,,
KTF/NQP,Asset Management,0.9054,0.31305,624,,,,,,,,
CBSH/FFIN,Banks - Regional,0.9708,0.31306,624,,,,,,,,
BNY/NRK,Asset Management,0.943,0.31308,624,,,,,,,,
PBHC/UVSP,Banks - Regional,0.9222,0.31309,624,,,,,,,,
AROW/UNB,Banks - Regional,0.8073,0.3131,624,,,,,,,,
BCML/CARE,Banks - Regional,0.8775,0.3131,624,,,,,,,,
BSRR/WNEB,Banks - Regional,0.8604,0.31311,624,,,,,,,,
FOF/GLAD,Asset Management,0.9637,0.31312,624,,,,,,,,
ESSA/LKFN,Banks - Regional,0.9455,0.31315,624,,,,,,,,
CZNC/FDBC,Banks - Regional,0.8933,0.31315,624,,,,,,,,
ETB/JCE,Asset Management,0.9779,0.31316,624,,,,,,,,
JMM/MYD,Asset Management,0.9324,0.31318,624,,,,,,,,
BVFL/WSBF,Banks - Regional,0.8637,0.31318,624,,,,,,,,
BXMX/GOF,Asset Management,0.9828,0.31319,624,,,,,,,,
COFS/FMNB,Banks - Regional,0.9045,0.31319,624,,,,,,,,
SBFG/UBCP,Banks - Regional,0.9114,0.3132,624,,,,,,,,
PYT/SWZ,Unknown,0.9464,0.31321,624,,,,,,,,
DSM/DTF,Asset Management,0.9641,0.31323,624,,,,,,,,
JMM/NUW,Asset Management,0.9442,0.31323,624,,,,,,,,
GRX/NTRS,Asset Management,0.9348,0.31324,624,,,,,,,,
ATS/ITT,Specialty Industrial Machinery,0.8379,0.31325,624,,,,,,,,
OSBC/PLBC,Banks - Regional,0.9339,0.31325,624,,,,,,,,
MVF/WEA,Asset Management,0.8863,0.31326,624,,,,,,,,
BCBP/MGYR,Banks - Regional,0.8558,0.31327,624,,,,,,,,
CFFI/UNTY,Banks - Regional,0.9188,0.31329,624,,,,,,,,
CBSH/UNTY,Banks - Regional,0.9005,0.3133,624,,,,,,,,
RRX/SXI,Specialty Industrial Machinery,0.8226,0.3133,624,,,,,,,,
FISI/HBCP,Banks - Regional,0.8903,0.31331,624,,,,,,,,
EBMT/SBCF,Banks - Regional,0.9442,0.31332,624,,,,,,,,
FCT/FOF,Asset Management,0.9717,0.31333,624,,,,,,,,
FUNC/SMBC,Banks - Regional,0.9318,0.31334,624,,,,,,,,
CBFV/UBCP,Banks - Regional,0.8407,0.31334,624,,,,,,,,
GAB/PCM,Asset Management,0.9261,0.31334,624,,,,,,,,
MKL/PGR,Insurance - Property & Casualty,0.8736,0.31335,624,,,,,,,,
OCFC/PB,Banks - Regional,0.852,0.31336,624,,,,,,,,
BFIN/OVBC,Banks - Regional,0.8503,0.31338,624,,,,,,,,
IQI/MQY,Asset Management,0.9857,0.31338,624,,,,,,,,
FNLC/MTB,Banks - Regional,0.9237,0.3134,624,,,,,,,,
CADE/QCRH,Banks - Regional,0.9326,0.31341,624,,,,,,,,
JMM/NVG,Asset Management,0.9589,0.31342,624,,,,,,,,
GBCI/UVSP,Banks - Regional,0.9139,0.31343,624,,,,,,,,
BANR/IBCP,Banks - Regional,0.948,0.31344,624,,,,,,,,
HBNC/WTBA,Banks - Regional,0.9588,0.31346,624,,,,,,,,
GOF/PFN,Asset Management,0.9766,0.31346,624,,,,,,,,
CBAN/HBNC,Banks - Regional,0.9494,0.31347,624,,,,,,,,
EBMT/FISI,Banks - Regional,0.8707,0.31347,624,,,,,,,,
CBSH/CZNC,Banks - Regional,0.9332,0.31349,624,,,,,,,,
FFC/NUV,Asset Management,0.9795,0.31349,624,,,,,,,,
BXMX/STK,Asset Management,0.9662,0.31351,624,,,,,,,,
IBB/IPB,Unknown,0.9397,0.31352,624,,,,,,,,
NXC/RQI,Asset Management,0.8959,0.31355,624,,,,,,,,
FTCS/GJP,Unknown,0.9744,0.31357,624,,,,,,,,
CATY/MOFG,Banks - Regional,0.8955,0.31358,624,,,,,,,,
ETY/NTRS,Asset Management,0.878,0.31358,624,,,,,,,,
CHMG/CZNC,Banks - Regional,0.9317,0.31359,624,,,,,,,,
NOM/VCV,Asset Management,0.818,0.31359,624,,,,,,,,
LEO/MMU,Asset Management,0.9712,0.31362,624,,,,,,,,
JHI/SBI,Asset Management,0.8535,0.31363,624,,,,,,,,
BGT/IIF,Asset Management,0.9461,0.31363,624,,,,,,,,
BYM/PCK,Asset Management,0.8669,0.31363,624,,,,,,,,
SSB/WTFC,Banks - Regional,0.921,0.31365,624,,,,,,,,
GDV/RJF,Asset Management,0.944,0.31366,624,,,,,,,,
CWBC/WBS,Banks - Regional,0.955,0.31368,624,,,,,,,,
UMBF/ZION,Banks - Regional,0.9424,0.31369,624,,,,,,,,
EVN/NXP,Asset Management,0.9343,0.31369,624,,,,,,,,
FISI/MNSB,Banks - Regional,0.8136,0.31371,624,,,,,,,,
PGC/SBFG,Banks - Regional,0.9086,0.31371,624,,,,,,,,
CVBF/UNTY,Banks - Regional,0.838,0.31372,624,,,,,,,,
GJR/JBK,Unknown,0.9076,0.31372,624,,,,,,,,
FCF/NWFL,Banks - Regional,0.9134,0.31372,624,,,,,,,,
AIT/WSO,Industrial Distribution,0.974,0.31372,624,,,,,,,,
BKN/MYI,Asset Management,0.9661,0.31373,624,,,,,,,,
PFIS/SMBK,Banks - Regional,0.9144,0.31373,624,,,,,,,,
DCOM/WSBF,Banks - Regional,0.8706,0.31374,624,,,,,,,,
FELE/NDSN,Specialty Industrial Machinery,0.9681,0.31375,624,,,,,,,,
PYT/SHY,Unknown,0.9207,0.31375,624,,,,,,,,
COFS/MBCN,Banks - Regional,0.9105,0.31375,624,,,,,,,,
MQT/PYN,Asset Management,0.8753,0.31375,624,,,,,,,,
KF/PFL,Asset Management,0.8021,0.31375,624,,,,,,,,
HPI/VKQ,Asset Management,0.9274,0.31376,624,,,,,,,,
PGC/SMBC,Banks - Regional,0.8901,0.31377,624,,,,,,,,
ALE/UTL,Utilities - Diversified,0.9557,0.31378,624,,,,,,,,
NRIM/PNC,Banks - Regional,0.8846,0.31379,624,,,,,,,,
EMR/ITT,Specialty Industrial Machinery,0.9779,0.31379,624,,,,,,,,
BMO/CM,Banks - Diversified,0.9593,0.31381,624,,,,,,,,
MCHP/TXN,Semiconductors,0.9666,0.31382,624,,,,,,,,
HPS/NXC,Asset Management,0.9233,0.31383,624,,,,,,,,
CCBG/UBFO,Banks - Regional,0.8981,0.31383,624,,,,,,,,
CZFS/PEBO,Banks - Regional,0.8832,0.31384,624,,,,,,,,
MTB/SRCE,Banks - Regional,0.9603,0.31385,624,,,,,,,,
ACWI/GJP,Unknown,0.974,0.31387,624,,,,,,,,
DINO/DK,Oil & Gas Refining & Marketing,0.8554,0.31387,624,,,,,,,,
NMZ/PAI,Asset Management,0.9705,0.31388,624,,,,,,,,
CIVB/MOFG,Banks - Regional,0.8929,0.31388,624,,,,,,,,
ASB/CBFV,Banks - Regional,0.9154,0.31389,624,,,,,,,,
CZNC/UBCP,Banks - Regional,0.8965,0.31391,624,,,,,,,,
FRAF/WASH,Banks - Regional,0.8481,0.31391,624,,,,,,,,
BNY/MPA,Asset Management,0.9386,0.31392,624,,,,,,,,
LKFN/SSBI,Banks - Regional,0.8757,0.31392,624,,,,,,,,
LARK/NEWT,Banks - Regional,0.8074,0.31393,624,,,,,,,,
SBFG/SHBI,Banks - Regional,0.8826,0.31393,624,,,,,,,,
FMNB/UMBF,Banks - Regional,0.9055,0.31394,624,,,,,,,,
BFZ/MQT,Asset Management,0.9601,0.31396,624,,,,,,,,
CTBI/GABC,Banks - Regional,0.952,0.31397,624,,,,,,,,
FRAF/WBS,Banks - Regional,0.9366,0.31398,624,,,,,,,,
GDO/MIN,Asset Management,0.9477,0.31399,624,,,,,,,,
DCOM/NBTB,Banks - Regional,0.8495,0.31401,624,,,,,,,,
EMB/VCSH,Unknown,0.9331,0.31401,624,,,,,,,,
ACM/IESC,Engineering & Construction,0.843,0.31403,624,,,,,,,,
IGR/PFN,Asset Management,0.9167,0.31404,624,,,,,,,,
COO/RGEN,Medical Instruments & Supplies,0.8994,0.31405,624,,,,,,,,
UMBF/UVSP,Banks - Regional,0.9344,0.31408,624,,,,,,,,
EFT/VVR,Asset Management,0.983,0.3141,624,,,,,,,,
PAI/SBI,Asset Management,0.9299,0.31411,624,,,,,,,,
MUA/NEA,Asset Management,0.9693,0.31413,624,,,,,,,,
FFBC/THFF,Banks - Regional,0.9541,0.31413,624,,,,,,,,
BTA/NAC,Asset Management,0.9567,0.31416,624,,,,,,,,
JLS/MCR,Asset Management,0.9196,0.31417,624,,,,,,,,
FNB/WBS,Banks - Regional,0.8838,0.31418,624,,,,,,,,
AUBN/FCAP,Banks - Regional,0.892,0.31418,624,,,,,,,,
IQI/VPV,Asset Management,0.9826,0.31419,624,,,,,,,,
GPK/SLGN,Packaging & Containers,0.9622,0.31422,624,,,,,,,,
NXP/PAI,Asset Management,0.9535,0.31423,624,,,,,,,,
JHS/PMM,Asset Management,0.9791,0.31424,624,,,,,,,,
CII/SOR,Asset Management,0.9851,0.31424,624,,,,,,,,
GDO/MUC,Asset Management,0.9251,0.31424,624,,,,,,,,
COLB/SBCF,Banks - Regional,0.8855,0.31424,624,,,,,,,,
HBCP/WBS,Banks - Regional,0.9647,0.31425,624,,,,,,,,
CARE/INDB,Banks - Regional,0.8144,0.31426,624,,,,,,,,
CWBC/QCRH,Banks - Regional,0.9051,0.31427,624,,,,,,,,
FNLC/THFF,Banks - Regional,0.9545,0.31427,624,,,,,,,,
GJR/QQEW,Unknown,0.9564,0.31428,624,,,,,,,,
NWFL/TCBK,Banks - Regional,0.907,0.31429,624,,,,,,,,
DVY/PUI,Unknown,0.9767,0.3143,624,,,,,,,,
ADI/TSM,Semiconductors,0.9523,0.3143,624,,,,,,,,
CHMG/EBTC,Banks - Regional,0.9292,0.31431,624,,,,,,,,
FMBH/TFC,Banks - Regional,0.9405,0.31432,624,,,,,,,,
FRAF/UBFO,Banks - Regional,0.9633,0.31432,624,,,,,,,,
SCVL/TJX,Apparel Retail,0.8608,0.31433,624,,,,,,,,
GDO/NRK,Asset Management,0.9656,0.31434,624,,,,,,,,
ARTNA/WTRG,Utilities - Regulated Water,0.9262,0.31437,624,,,,,,,,
CCNE/UNTY,Banks - Regional,0.8485,0.31438,624,,,,,,,,
BSRR/FITB,Banks - Regional,0.8984,0.31439,624,,,,,,,,
HBAN/VABK,Banks - Regional,0.9394,0.3144,624,,,,,,,,
BOTJ/FFIN,Banks - Regional,0.8711,0.31442,624,,,,,,,,
HWBK/WTFC,Banks - Regional,0.9269,0.31444,624,,,,,,,,
GDO/MQT,Asset Management,0.9576,0.31444,624,,,,,,,,
OVLY/PGC,Banks - Regional,0.804,0.31445,624,,,,,,,,
SBCF/WAL,Banks - Regional,0.934,0.31446,624,,,,,,,,
FUNC/SBFG,Banks - Regional,0.9105,0.31449,624,,,,,,,,
LCNB/SFBC,Banks - Regional,0.8843,0.3145,624,,,,,,,,
NAN/NZF,Asset Management,0.9804,0.31451,624,,,,,,,,
NPO/PH,Specialty Industrial Machinery,0.9703,0.31452,624,,,,,,,,
FFBC/GABC,Banks - Regional,0.9299,0.31452,624,,,,,,,,
HWBK/UMBF,Banks - Regional,0.9097,0.31453,624,,,,,,,,
FNB/PFIS,Banks - Regional,0.8806,0.31453,624,,,,,,,,
SMBC/UVSP,Banks - Regional,0.9285,0.31453,624,,,,,,,,
CXE/JPC,Asset Management,0.9141,0.31455,624,,,,,,,,
MUA/PNI,Asset Management,0.8867,0.31459,624,,,,,,,,
FNLC/ZION,Banks - Regional,0.9291,0.31459,624,,,,,,,,
FUNC/HIFS,Banks - Regional,0.8039,0.31459,624,,,,,,,,
SMBC/USB,Banks - Regional,0.8812,0.3146,624,,,,,,,,
BANC/CMA,Banks - Regional,0.8531,0.31461,624,,,,,,,,
NRIM/OPBK,Banks - Regional,0.8765,0.31461,624,,,,,,,,
FNWD/SBSI,Banks - Regional,0.8998,0.31461,624,,,,,,,,
KTF/VMO,Asset Management,0.9386,0.31462,624,,,,,,,,
DCOM/SSB,Banks - Regional,0.8762,0.31462,624,,,,,,,,
JHS/NRK,Asset Management,0.9722,0.31465,624,,,,,,,,
FXNC/USB,Banks - Regional,0.8071,0.31465,624,,,,,,,,
LSBK/PEBO,Banks - Regional,0.8946,0.31469,624,,,,,,,,
MOH/UNH,Healthcare Plans,0.9789,0.31469,624,,,,,,,,
CXE/MIY,Asset Management,0.9458,0.31471,624,,,,,,,,
BFZ/BNY,Asset Management,0.9436,0.31471,624,,,,,,,,
GLAD/PCF,Asset Management,0.928,0.31472,624,,,,,,,,
ABCB/FNWD,Banks - Regional,0.816,0.31473,624,,,,,,,,
DCOM/OPBK,Banks - Regional,0.8411,0.31474,624,,,,,,,,
PMX/VPV,Asset Management,0.9092,0.31478,624,,,,,,,,
CWBC/WTBA,Banks - Regional,0.9387,0.31482,624,,,,,,,,
BPOPM/IUSG,Unknown,0.9206,0.31483,624,,,,,,,,
GJT/QQQ,Unknown,0.9484,0.31483,624,,,,,,,,
BKN/MCR,Asset Management,0.9163,0.31485,624,,,,,,,,
FFBC/SFNC,Banks - Regional,0.8664,0.31486,624,,,,,,,,
PCF/PPT,Asset Management,0.9323,0.31487,624,,,,,,,,
HWBK/IBOC,Banks - Regional,0.93,0.31488,624,,,,,,,,
HWBK/VABK,Banks - Regional,0.933,0.31491,624,,,,,,,,
EBTC/NBTB,Banks - Regional,0.9332,0.31492,624,,,,,,,,
NKSH/RNST,Banks - Regional,0.9093,0.31494,624,,,,,,,,
CAC/THFF,Banks - Regional,0.9639,0.31494,624,,,,,,,,
IFN/SOR,Asset Management,0.9562,0.31494,624,,,,,,,,
ETG/LGI,Asset Management,0.9904,0.31499,624,,,,,,,,
HIO/PCN,Asset Management,0.9734,0.31501,624,,,,,,,,
GJO/GJS,Unknown,0.9822,0.31504,624,,,,,,,,
CADE/WAL,Banks - Regional,0.8937,0.31506,624,,,,,,,,
BOKF/WSFS,Banks - Regional,0.9403,0.31507,624,,,,,,,,
CAC/CBFV,Banks - Regional,0.9051,0.31508,624,,,,,,,,
CAF/GF,Asset Management,0.8589,0.31508,624,,,,,,,,
FLC/MCR,Asset Management,0.972,0.31508,624,,,,,,,,
LARK/UVSP,Banks - Regional,0.8982,0.31509,624,,,,,,,,
EBMT/INDB,Banks - Regional,0.9412,0.3151,624,,,,,,,,
CATY/LARK,Banks - Regional,0.9084,0.3151,624,,,,,,,,
ACM/STRL,Engineering & Construction,0.8388,0.31512,624,,,,,,,,
G/GIB,Information Technology Services,0.9126,0.31513,624,,,,,,,,
GAB/GDL,Asset Management,0.947,0.31514,624,,,,,,,,
FISI/HOPE,Banks - Regional,0.8908,0.31516,624,,,,,,,,
PNF/PYN,Asset Management,0.9576,0.31516,624,,,,,,,,
FMNB/VABK,Banks - Regional,0.9467,0.31517,624,,,,,,,,
DTF/JHS,Asset Management,0.9242,0.31517,624,,,,,,,,
AROW/NBTB,Banks - Regional,0.9146,0.31518,624,,,,,,,,
FMY/PMM,Asset Management,0.891,0.31519,624,,,,,,,,
MFM/SBI,Asset Management,0.9615,0.31519,624,,,,,,,,
HTD/PDT,Asset Management,0.9832,0.31523,624,,,,,,,,
EFR/FFA,Asset Management,0.9757,0.31523,624,,,,,,,,
IBOC/UVSP,Banks - Regional,0.8834,0.31523,624,,,,,,,,
PFO/PMX,Asset Management,0.9209,0.31527,624,,,,,,,,
THFF/WSFS,Banks - Regional,0.9624,0.31528,624,,,,,,,,
KTF/NKX,Asset Management,0.9391,0.31528,624,,,,,,,,
KTF/VGM,Asset Management,0.9376,0.31528,624,,,,,,,,
FLC/RNP,Asset Management,0.9362,0.31528,624,,,,,,,,
NXC/PMM,Asset Management,0.9631,0.3153,624,,,,,,,,
COFS/FRAF,Banks - Regional,0.9046,0.31531,624,,,,,,,,
SBFG/SSBI,Banks - Regional,0.8161,0.31532,624,,,,,,,,
EFSC/WNEB,Banks - Regional,0.8737,0.31532,624,,,,,,,,
COFS/FXNC,Banks - Regional,0.8398,0.31534,624,,,,,,,,
MFM/MYI,Asset Management,0.9735,0.31536,624,,,,,,,,
PFL/TY,Asset Management,0.9865,0.3154,624,,,,,,,,
HWBK/ONB,Banks - Regional,0.9478,0.3154,624,,,,,,,,
BKT/VMO,Asset Management,0.9625,0.3154,624,,,,,,,,
BTZ/FFC,Asset Management,0.973,0.31542,624,,,,,,,,
BCML/HFWA,Banks - Regional,0.9075,0.31543,624,,,,,,,,
BANR/NKSH,Banks - Regional,0.8636,0.31544,624,,,,,,,,
BTO/GDL,Asset Management,0.9515,0.31544,624,,,,,,,,
BSRR/PEBK,Banks - Regional,0.933,0.31548,624,,,,,,,,
SMBK/WSBC,Banks - Regional,0.8957,0.31548,624,,,,,,,,
CHMG/EFSC,Banks - Regional,0.9526,0.31548,624,,,,,,,,
AGD/BN,Asset Management,0.9558,0.31549,624,,,,,,,,
FFIC/RVSB,Banks - Regional,0.8615,0.3155,624,,,,,,,,
PIZ/SWZ,Unknown,0.978,0.31551,624,,,,,,,,
BVFL/FDBC,Banks - Regional,0.8195,0.31551,624,,,,,,,,
BKT/PNF,Asset Management,0.8931,0.31553,624,,,,,,,,
MUA/PMX,Asset Management,0.9482,0.31555,624,,,,,,,,
EBTC/RBCAA,Banks - Regional,0.8829,0.31556,624,,,,,,,,
EMD/MUA,Asset Management,0.8683,0.31557,624,,,,,,,,
CBFV/HWBK,Banks - Regional,0.9074,0.31557,624,,,,,,,,
ONB/SNV,Banks - Regional,0.9411,0.31558,624,,,,,,,,
CXE/MUC,Asset Management,0.9583,0.31558,624,,,,,,,,
FT/RFI,Asset Management,0.9799,0.31559,624,,,,,,,,
FOF/TSI,Asset Management,0.9529,0.31562,624,,,,,,,,
IMCV/SMH,Unknown,0.9117,0.31562,624,,,,,,,,
HQH/USA,Asset Management,0.8522,0.31563,624,,,,,,,,
CIF/MMT,Asset Management,0.956,0.31565,624,,,,,,,,
BTO/GAIN,Asset Management,0.9123,0.31567,624,,,,,,,,
ATLO/CMA,Banks - Regional,0.8372,0.31569,624,,,,,,,,
INVX/OIS,Oil & Gas Equipment & Services,0.9534,0.31571,624,,,,,,,,
CCNE/IBCP,Banks - Regional,0.8788,0.31572,624,,,,,,,,
BYM/CMU,Asset Management,0.955,0.31572,624,,,,,,,,
GABC/INDB,Banks - Regional,0.9466,0.31574,624,,,,,,,,
CBSH/EBTC,Banks - Regional,0.925,0.31574,624,,,,,,,,
SBI/VPV,Asset Management,0.9569,0.31575,624,,,,,,,,
BCBP/HWC,Banks - Regional,0.8381,0.31579,624,,,,,,,,
ONB/UBCP,Banks - Regional,0.8911,0.31579,624,,,,,,,,
ADX/NIE,Asset Management,0.9933,0.31579,624,,,,,,,,
CWBC/EFSC,Banks - Regional,0.9583,0.3158,624,,,,,,,,
CFFI/RBCAA,Banks - Regional,0.9122,0.31581,624,,,,,,,,
ALNY/CPRX,Biotechnology,0.8698,0.31582,624,,,,,,,,
NRIM/RBCAA,Banks - Regional,0.9558,0.31583,624,,,,,,,,
FMBH/TSBK,Banks - Regional,0.9345,0.31584,624,,,,,,,,
NI/RGCO,Utilities - Regulated Gas,0.8603,0.31585,624,,,,,,,,
FNLC/PNFP,Banks - Regional,0.9326,0.31588,624,,,,,,,,
CWBC/GBCI,Banks - Regional,0.9146,0.31589,624,,,,,,,,
MYI/NAZ,Asset Management,0.9643,0.31591,624,,,,,,,,
BSRR/FUNC,Banks - Regional,0.9225,0.31591,624,,,,,,,,
FCNCA/PLBC,Banks - Regional,0.8764,0.31592,624,,,,,,,,
CIVB/WBS,Banks - Regional,0.9565,0.31592,624,,,,,,,,
FFIC/UNB,Banks - Regional,0.842,0.31596,624,,,,,,,,
IBB/PDP,Unknown,0.8941,0.31598,624,,,,,,,,
DOX/SNPS,Software - Infrastructure,0.8803,0.31598,624,,,,,,,,
ETO/UTF,Asset Management,0.9847,0.31599,624,,,,,,,,
FRAF/SBCF,Banks - Regional,0.9265,0.316,624,,,,,,,,
FMNB/IBOC,Banks - Regional,0.8887,0.31601,624,,,,,,,,
NOG/WTI,Oil & Gas E&P,0.9038,0.31601,624,,,,,,,,
BHC/PRGO,Drug Manufacturers - Specialty & Generic,0.8944,0.31601,624,,,,,,,,
FFBC/SFST,Banks - Regional,0.8671,0.31602,624,,,,,,,,
SSB/WSFS,Banks - Regional,0.958,0.31603,624,,,,,,,,
NKX/SBI,Asset Management,0.977,0.31603,624,,,,,,,,
PEY/PUI,Unknown,0.9778,0.31605,624,,,,,,,,
CWBC/ONB,Banks - Regional,0.9081,0.31607,624,,,,,,,,
MPB/PLBC,Banks - Regional,0.9059,0.31608,624,,,,,,,,
UCB/UVSP,Banks - Regional,0.9215,0.31608,624,,,,,,,,
COLB/EGBN,Banks - Regional,0.8839,0.3161,624,,,,,,,,
MFIC/SAR,Asset Management,0.8647,0.31613,624,,,,,,,,
CCNE/FISI,Banks - Regional,0.9249,0.31613,624,,,,,,,,
INDB/WAL,Banks - Regional,0.8809,0.31615,624,,,,,,,,
NIM/TSI,Asset Management,0.9326,0.31616,624,,,,,,,,
AROW/USB,Banks - Regional,0.9417,0.31616,624,,,,,,,,
CRM/DJCO,Software - Application,0.9188,0.31617,624,,,,,,,,
MGYR/MNSB,Banks - Regional,0.8784,0.31617,624,,,,,,,,
OPOF/WAFD,Banks - Regional,0.8547,0.31617,624,,,,,,,,
AROW/EBTC,Banks - Regional,0.9175,0.31617,624,,,,,,,,
FRME/WTBA,Banks - Regional,0.9615,0.31618,624,,,,,,,,
GABC/TFC,Banks - Regional,0.9332,0.31619,624,,,,,,,,
TRMK/UBFO,Banks - Regional,0.9174,0.31621,624,,,,,,,,
EBMT/WASH,Banks - Regional,0.917,0.31621,624,,,,,,,,
ETJ/USA,Asset Management,0.9853,0.31621,624,,,,,,,,
COLB/RVSB,Banks - Regional,0.9067,0.31625,624,,,,,,,,
HWBK/ZION,Banks - Regional,0.9032,0.31626,624,,,,,,,,
JLS/JMM,Asset Management,0.961,0.31626,624,,,,,,,,
CMI/PH,Specialty Industrial Machinery,0.9651,0.31627,624,,,,,,,,
INDY/IUSV,Unknown,0.9641,0.31627,624,,,,,,,,
DCOM/FCF,Banks - Regional,0.8643,0.31629,624,,,,,,,,
GAB/SAR,Asset Management,0.9495,0.3163,624,,,,,,,,
KTF/MHN,Asset Management,0.9518,0.31631,624,,,,,,,,
PHD/USA,Asset Management,0.9573,0.31631,624,,,,,,,,
COFS/FCCO,Banks - Regional,0.9016,0.31632,624,,,,,,,,
BANC/CNOB,Banks - Regional,0.8548,0.31632,624,,,,,,,,
FMS/HCSG,Medical Care Facilities,0.8579,0.31633,624,,,,,,,,
FRAF/PFIS,Banks - Regional,0.9058,0.31633,624,,,,,,,,
MOFG/SBCF,Banks - Regional,0.8498,0.31633,624,,,,,,,,
EVG/FOF,Asset Management,0.9868,0.31634,624,,,,,,,,
BOKF/SFST,Banks - Regional,0.8469,0.31634,624,,,,,,,,
CCNE/ZION,Banks - Regional,0.9236,0.31635,624,,,,,,,,
CIVB/VLY,Banks - Regional,0.8538,0.31635,624,,,,,,,,
CWBC/FITB,Banks - Regional,0.8781,0.31636,624,,,,,,,,
DCOM/HWC,Banks - Regional,0.8215,0.31636,624,,,,,,,,
GOF/MCN,Asset Management,0.9491,0.31637,624,,,,,,,,
MUJ/VPV,Asset Management,0.9774,0.31637,624,,,,,,,,
BANF/OVLY,Banks - Regional,0.9418,0.31637,624,,,,,,,,
FUNC/NBTB,Banks - Regional,0.9413,0.31638,624,,,,,,,,
CWBC/PPBI,Banks - Regional,0.9325,0.31638,624,,,,,,,,
PCN/QQQX,Asset Management,0.974,0.31638,624,,,,,,,,
COFS/HFWA,Banks - Regional,0.8064,0.31641,624,,,,,,,,
SSB/UNB,Banks - Regional,0.8105,0.31641,624,,,,,,,,
AEP/DTE,Utilities - Regulated Electric,0.991,0.31647,624,,,,,,,,
FHN/SBFG,Banks - Regional,0.8467,0.31647,624,,,,,,,,
CWBC/UBFO,Banks - Regional,0.9324,0.31648,624,,,,,,,,
BYM/NMZ,Asset Management,0.9813,0.31651,624,,,,,,,,
JRS/RNP,Asset Management,0.9592,0.31651,624,,,,,,,,
AUB/LCNB,Banks - Regional,0.9294,0.31652,624,,,,,,,,
CFFI/EBTC,Banks - Regional,0.9064,0.31653,624,,,,,,,,
MBCN/PKBK,Banks - Regional,0.9489,0.31655,624,,,,,,,,
BBH/IGSB,Unknown,0.8983,0.31655,624,,,,,,,,
CRH/USLM,Building Materials,0.9405,0.31659,624,,,,,,,,
FCF/FFBC,Banks - Regional,0.9712,0.31662,624,,,,,,,,
FBNC/WNEB,Banks - Regional,0.8498,0.31662,624,,,,,,,,
PPH/SOXX,Unknown,0.9029,0.31664,624,,,,,,,,
MGF/MMU,Asset Management,0.8718,0.31665,624,,,,,,,,
HWC/TOWN,Banks - Regional,0.9194,0.31666,624,,,,,,,,
ETG/PCM,Asset Management,0.9282,0.31666,624,,,,,,,,
CATY/NECB,Banks - Regional,0.8238,0.31666,624,,,,,,,,
MBWM/VABK,Banks - Regional,0.9315,0.31668,624,,,,,,,,
PGC/WSBC,Banks - Regional,0.9439,0.31672,624,,,,,,,,
MMT/VLT,Asset Management,0.9804,0.31674,624,,,,,,,,
DE/PCAR,Farm & Heavy Construction Machinery,0.9048,0.31674,624,,,,,,,,
HTBK/OPOF,Banks - Regional,0.8856,0.31674,624,,,,,,,,
GJH/IUSG,Unknown,0.9608,0.31675,624,,,,,,,,
EFT/FCT,Asset Management,0.9811,0.31676,624,,,,,,,,
FNLC/FRAF,Banks - Regional,0.9521,0.31677,624,,,,,,,,
FNLC/SFNC,Banks - Regional,0.8487,0.31677,624,,,,,,,,
BC/WGO,Recreational Vehicles,0.9471,0.31677,624,,,,,,,,
ARCC/JCE,Asset Management,0.983,0.31677,624,,,,,,,,
CYCC/IRD,Biotechnology,0.8317,0.31678,624,,,,,,,,
CII/NTRS,Asset Management,0.8732,0.3168,624,,,,,,,,
GABC/GBCI,Banks - Regional,0.9686,0.31681,624,,,,,,,,
AWF/PCN,Asset Management,0.9647,0.31684,624,,,,,,,,
FBNC/HBCP,Banks - Regional,0.9578,0.31685,624,,,,,,,,
MPB/WAFD,Banks - Regional,0.9656,0.31686,624,,,,,,,,
CFFI/TSBK,Banks - Regional,0.9098,0.31687,624,,,,,,,,
LCNB/LSBK,Banks - Regional,0.8839,0.31688,624,,,,,,,,
MCI/SCD,Asset Management,0.9663,0.31689,624,,,,,,,,
FRME/SSB,Banks - Regional,0.9419,0.3169,624,,,,,,,,
BSRR/UCB,Banks - Regional,0.9011,0.31691,624,,,,,,,,
NMT/PAI,Asset Management,0.9393,0.31692,624,,,,,,,,
HST/RHP,REIT - Hotel & Motel,0.8704,0.31693,624,,,,,,,,
CCNE/PWOD,Banks - Regional,0.8299,0.31693,624,,,,,,,,
CSQ/PCN,Asset Management,0.9443,0.31694,624,,,,,,,,
IAE/PTY,Asset Management,0.8565,0.31694,624,,,,,,,,
FHI/SPXX,Asset Management,0.9434,0.31696,624,,,,,,,,
JCE/NIE,Asset Management,0.9837,0.31696,624,,,,,,,,
KO/PEP,Beverages - Non-Alcoholic,0.9669,0.31697,624,,,,,,,,
FNX/GJS,Unknown,0.9621,0.31697,624,,,,,,,,
FRAF/MOFG,Banks - Regional,0.839,0.317,624,,,,,,,,
MUJ/VCV,Asset Management,0.9731,0.31701,624,,,,,,,,
IBOC/SBSI,Banks - Regional,0.8509,0.31702,624,,,,,,,,
PNC/SBFG,Banks - Regional,0.9349,0.31706,624,,,,,,,,
BCAL/CCBG,Banks - Regional,0.8899,0.31709,624,,,,,,,,
HBCP/WTBA,Banks - Regional,0.9207,0.3171,624,,,,,,,,
FHN/FNB,Banks - Regional,0.8343,0.31711,624,,,,,,,,
AFB/FLC,Asset Management,0.962,0.31711,624,,,,,,,,
TRMK/VABK,Banks - Regional,0.9135,0.31714,624,,,,,,,,
NBTB/SSB,Banks - Regional,0.9287,0.31715,624,,,,,,,,
DIOD/TXN,Semiconductors,0.9059,0.31717,624,,,,,,,,
FRA/STK,Asset Management,0.9595,0.3172,624,,,,,,,,
BBH/VGSH,Unknown,0.8579,0.3172,624,,,,,,,,
LARK/TOWN,Banks - Regional,0.8915,0.31726,624,,,,,,,,
MUA/VTN,Asset Management,0.9621,0.31726,624,,,,,,,,
DSM/FFC,Asset Management,0.9366,0.31727,624,,,,,,,,
CMU/LEO,Asset Management,0.9729,0.31729,624,,,,,,,,
MYI/PMO,Asset Management,0.972,0.3173,624,,,,,,,,
HPI/MGF,Asset Management,0.8579,0.31733,624,,,,,,,,
POWI/TSM,Semiconductors,0.8209,0.31733,624,,,,,,,,
LSBK/VABK,Banks - Regional,0.8733,0.31734,624,,,,,,,,
BRKL/SFNC,Banks - Regional,0.9383,0.31735,624,,,,,,,,
ATLO/TCBK,Banks - Regional,0.8081,0.31735,624,,,,,,,,
IEX/KAI,Specialty Industrial Machinery,0.8842,0.31735,624,,,,,,,,
OIA/PCN,Asset Management,0.9566,0.31736,624,,,,,,,,
ARCC/ETB,Asset Management,0.9462,0.31736,624,,,,,,,,
ARW/CNXN,Electronics & Computer Distribution,0.9136,0.31738,624,,,,,,,,
FOF/PIM,Asset Management,0.9245,0.31741,624,,,,,,,,
DTF/NVG,Asset Management,0.9097,0.31741,624,,,,,,,,
SBSI/UBFO,Banks - Regional,0.8838,0.31742,624,,,,,,,,
BCML/BFIN,Banks - Regional,0.8496,0.31742,624,,,,,,,,
CXH/NQP,Asset Management,0.9742,0.31742,624,,,,,,,,
ABEO/GYRE,Biotechnology,0.9576,0.31745,624,,,,,,,,
JSM/PFI,Unknown,0.9327,0.31745,624,,,,,,,,
EBTC/RNST,Banks - Regional,0.9122,0.31749,624,,,,,,,,
NWBI/UNTY,Banks - Regional,0.866,0.31749,624,,,,,,,,
HFBL/WASH,Banks - Regional,0.9092,0.31752,624,,,,,,,,
NUW/RFI,Asset Management,0.8722,0.31752,624,,,,,,,,
FFC/RQI,Asset Management,0.9263,0.31756,624,,,,,,,,
PNNT/SCD,Asset Management,0.9543,0.31757,624,,,,,,,,
NWFL/WTBA,Banks - Regional,0.8528,0.31757,624,,,,,,,,
CWBC/FCBC,Banks - Regional,0.8934,0.31762,624,,,,,,,,
BLW/EHI,Asset Management,0.9624,0.31763,624,,,,,,,,
GLAD/IGD,Asset Management,0.9575,0.31764,624,,,,,,,,
JMM/MFM,Asset Management,0.9498,0.31765,624,,,,,,,,
WNEB/ZION,Banks - Regional,0.8298,0.31765,624,,,,,,,,
HYT/PTY,Asset Management,0.9809,0.31766,624,,,,,,,,
BXMX/CSWC,Asset Management,0.9607,0.31768,624,,,,,,,,
CHMG/SSBI,Banks - Regional,0.8181,0.31768,624,,,,,,,,
BMO/RY,Banks - Diversified,0.9718,0.31768,624,,,,,,,,
CWBC/PNFP,Banks - Regional,0.899,0.31769,624,,,,,,,,
FTCS/IPB,Unknown,0.9591,0.31769,624,,,,,,,,
DJCO/SAP,Software - Application,0.8898,0.31771,624,,,,,,,,
MPWR/TSM,Semiconductors,0.9567,0.31771,624,,,,,,,,
AWF/DSU,Asset Management,0.9814,0.31772,624,,,,,,,,
GJP/IGIB,Unknown,0.8843,0.31773,624,,,,,,,,
CIF/JPC,Asset Management,0.944,0.31773,624,,,,,,,,
CBFV/PNC,Banks - Regional,0.8772,0.31775,624,,,,,,,,
FCF/NEWT,Banks - Regional,0.8256,0.31776,624,,,,,,,,
MUE/PMX,Asset Management,0.9393,0.31776,624,,,,,,,,
GJR/KTN,Unknown,0.8932,0.31777,624,,,,,,,,
ACWX/KTN,Unknown,0.9127,0.31777,624,,,,,,,,
CTBI/HFBL,Banks - Regional,0.8161,0.31779,624,,,,,,,,
BAX/TFX,Medical Instruments & Supplies,0.9358,0.3178,624,,,,,,,,
EOT/PFD,Asset Management,0.9423,0.3178,624,,,,,,,,
NKSH/SMBK,Banks - Regional,0.8404,0.31782,624,,,,,,,,
CTBI/FITB,Banks - Regional,0.9335,0.31782,624,,,,,,,,
NWFL/SFST,Banks - Regional,0.8448,0.31785,624,,,,,,,,
PB/RVSB,Banks - Regional,0.8377,0.31787,624,,,,,,,,
ALNT/TEL,Electronic Components,0.8754,0.31788,624,,,,,,,,
HBAN/RVSB,Banks - Regional,0.8427,0.31789,624,,,,,,,,
IQI/OIA,Asset Management,0.972,0.31791,624,,,,,,,,
SBSI/WSBC,Banks - Regional,0.9083,0.31791,624,,,,,,,,
FT/HYT,Asset Management,0.9861,0.31793,624,,,,,,,,
FNB/GABC,Banks - Regional,0.8527,0.31795,624,,,,,,,,
AX/WAL,Banks - Regional,0.9202,0.31795,624,,,,,,,,
ETV/EVT,Asset Management,0.9897,0.318,624,,,,,,,,
AGD/LGI,Asset Management,0.9734,0.318,624,,,,,,,,
HWC/WTFC,Banks - Regional,0.9521,0.318,624,,,,,,,,
FCCO/NWFL,Banks - Regional,0.9316,0.31801,624,,,,,,,,
CBSH/HBNC,Banks - Regional,0.9277,0.31801,624,,,,,,,,
HBAN/SRCE,Banks - Regional,0.9718,0.31803,624,,,,,,,,
PLBC/TSBK,Banks - Regional,0.9505,0.31804,624,,,,,,,,
JSM/PRN,Unknown,0.8804,0.31804,624,,,,,,,,
CWBC/FRAF,Banks - Regional,0.946,0.31806,624,,,,,,,,
IBOC/WTBA,Banks - Regional,0.8204,0.31808,624,,,,,,,,
FMY/HIO,Asset Management,0.957,0.31808,624,,,,,,,,
CATY/COLB,Banks - Regional,0.8062,0.31809,624,,,,,,,,
VBF/VPV,Asset Management,0.9617,0.3181,624,,,,,,,,
MYD/RFI,Asset Management,0.84,0.31812,624,,,,,,,,
QCOM/TSM,Semiconductors,0.9509,0.31814,624,,,,,,,,
AUB/RNST,Banks - Regional,0.9314,0.31815,624,,,,,,,,
BLW/PCM,Asset Management,0.9344,0.31815,624,,,,,,,,
BOH/MBWM,Banks - Regional,0.8654,0.31817,624,,,,,,,,
AROW/FISI,Banks - Regional,0.9151,0.31818,624,,,,,,,,
OCFC/WTBA,Banks - Regional,0.8774,0.31819,624,,,,,,,,
SFNC/WSFS,Banks - Regional,0.9261,0.3182,624,,,,,,,,
GBCI/MGYR,Banks - Regional,0.9053,0.3182,624,,,,,,,,
DX/STWD,REIT - Mortgage,0.9389,0.31821,624,,,,,,,,
BKT/NVG,Asset Management,0.9493,0.31822,624,,,,,,,,
FFBC/NWFL,Banks - Regional,0.8908,0.31822,624,,,,,,,,
IAE/TWN,Asset Management,0.8646,0.31823,624,,,,,,,,
NMI/PFO,Asset Management,0.9461,0.31824,624,,,,,,,,
BRKL/FNLC,Banks - Regional,0.88,0.31825,624,,,,,,,,
GSBC/PEBK,Banks - Regional,0.9611,0.31825,624,,,,,,,,
FLIC/KRNY,Banks - Regional,0.9408,0.31826,624,,,,,,,,
CVBF/FDBC,Banks - Regional,0.8446,0.31827,624,,,,,,,,
COLB/OVBC,Banks - Regional,0.8158,0.31827,624,,,,,,,,
AGD/ETG,Asset Management,0.9651,0.31829,624,,,,,,,,
FRAF/GCBC,Banks - Regional,0.8363,0.31829,624,,,,,,,,
FFIC/PGC,Banks - Regional,0.89,0.31829,624,,,,,,,,
MOFG/WNEB,Banks - Regional,0.8469,0.3183,624,,,,,,,,
FUNC/VABK,Banks - Regional,0.9023,0.31831,624,,,,,,,,
RBCAA/TSBK,Banks - Regional,0.921,0.31832,624,,,,,,,,
PPT/RMT,Asset Management,0.8863,0.31832,624,,,,,,,,
CVBF/UCB,Banks - Regional,0.9165,0.31833,624,,,,,,,,
HBAN/MOFG,Banks - Regional,0.8779,0.31834,624,,,,,,,,
GDO/MVF,Asset Management,0.9081,0.31836,624,,,,,,,,
MCR/NIM,Asset Management,0.9571,0.31837,624,,,,,,,,
AER/URI,Rental & Leasing Services,0.8695,0.31837,624,,,,,,,,
IGSB/SHY,Unknown,0.9883,0.3184,624,,,,,,,,
MBWM/NKSH,Banks - Regional,0.8259,0.3184,624,,,,,,,,
EVF/JQC,Asset Management,0.9707,0.31841,624,,,,,,,,
FFBC/INDB,Banks - Regional,0.8747,0.31842,624,,,,,,,,
CCNE/WBS,Banks - Regional,0.9475,0.31842,624,,,,,,,,
ASB/SNV,Banks - Regional,0.9765,0.31842,624,,,,,,,,
BOTJ/NWBI,Banks - Regional,0.9315,0.31843,624,,,,,,,,
HPI/JHS,Asset Management,0.9272,0.31846,624,,,,,,,,
IBCP/UVSP,Banks - Regional,0.9269,0.31847,624,,,,,,,,
AWF/WEA,Asset Management,0.9532,0.31848,624,,,,,,,,
ABCB/PNFP,Banks - Regional,0.9662,0.31848,624,,,,,,,,
PSEC/SAR,Asset Management,0.8841,0.31848,624,,,,,,,,
WEN/YUM,Restaurants,0.9114,0.3185,624,,,,,,,,
BVFL/PLBC,Banks - Regional,0.8255,0.31852,624,,,,,,,,
CFFI/FMBH,Banks - Regional,0.8603,0.31853,624,,,,,,,,
EVRG/IDA,Utilities - Regulated Electric,0.9897,0.31855,624,,,,,,,,
GDO/NEA,Asset Management,0.9703,0.31857,624,,,,,,,,
DCOM/THFF,Banks - Regional,0.9017,0.31857,624,,,,,,,,
ACWI/PTF,Unknown,0.979,0.31857,624,,,,,,,,
MBCN/TFC,Banks - Regional,0.8372,0.31858,624,,,,,,,,
FXNC/HWBK,Banks - Regional,0.9152,0.31861,624,,,,,,,,
FNB/THFF,Banks - Regional,0.8673,0.31861,624,,,,,,,,
ABG/GPI,Auto & Truck Dealerships,0.9302,0.31862,624,,,,,,,,
CBSH/OVLY,Banks - Regional,0.8552,0.31862,624,,,,,,,,
CBSH/VABK,Banks - Regional,0.9139,0.31862,624,,,,,,,,
JHI/NVG,Asset Management,0.9265,0.31863,624,,,,,,,,
FMN/MIY,Asset Management,0.9624,0.31864,624,,,,,,,,
HIFS/PPBI,Banks - Regional,0.9113,0.31864,624,,,,,,,,
GDO/IIM,Asset Management,0.9466,0.31864,624,,,,,,,,
FULT/HTBK,Banks - Regional,0.8909,0.31868,624,,,,,,,,
IGI/WIA,Asset Management,0.8627,0.31869,624,,,,,,,,
RBCAA/SMBC,Banks - Regional,0.9546,0.31869,624,,,,,,,,
CATY/EBMT,Banks - Regional,0.8401,0.31869,624,,,,,,,,
AFB/JHS,Asset Management,0.9735,0.3187,624,,,,,,,,
INDY/SOXX,Unknown,0.9613,0.31872,624,,,,,,,,
BANC/WASH,Banks - Regional,0.8751,0.31873,624,,,,,,,,
CMU/WEA,Asset Management,0.9108,0.31873,624,,,,,,,,
IPB/RTH,Unknown,0.942,0.31875,624,,,,,,,,
MYD/PML,Asset Management,0.9497,0.31876,624,,,,,,,,
AUB/ONB,Banks - Regional,0.9443,0.31876,624,,,,,,,,
HBNC/VLY,Banks - Regional,0.8511,0.31877,624,,,,,,,,
HWBK/MOFG,Banks - Regional,0.8063,0.3188,624,,,,,,,,
JMM/MIN,Asset Management,0.9335,0.31881,624,,,,,,,,
BOTJ/SSBI,Banks - Regional,0.8195,0.31884,624,,,,,,,,
HFWA/HIFS,Banks - Regional,0.8655,0.31884,624,,,,,,,,
EIX/POR,Utilities - Regulated Electric,0.9105,0.31885,624,,,,,,,,
BOE/GLAD,Asset Management,0.9702,0.31886,624,,,,,,,,
FMY/NIM,Asset Management,0.8886,0.31886,624,,,,,,,,
NNY/VTN,Asset Management,0.947,0.31887,624,,,,,,,,
LCNB/THFF,Banks - Regional,0.8943,0.31889,624,,,,,,,,
PHD/QQQX,Asset Management,0.9467,0.31892,624,,,,,,,,
BRKL/LARK,Banks - Regional,0.8511,0.31892,624,,,,,,,,
AROW/MPB,Banks - Regional,0.9389,0.31893,624,,,,,,,,
FMNB/FRST,Banks - Regional,0.8763,0.31894,624,,,,,,,,
HBCP/SBFG,Banks - Regional,0.9542,0.31894,624,,,,,,,,
FLIC/OCFC,Banks - Regional,0.92,0.31896,624,,,,,,,,
AVK/IAE,Asset Management,0.8484,0.31896,624,,,,,,,,
COLB/FFIC,Banks - Regional,0.898,0.31898,624,,,,,,,,
BANC/FNLC,Banks - Regional,0.8056,0.31898,624,,,,,,,,
HPF/NXJ,Asset Management,0.9663,0.31899,624,,,,,,,,
EHI/JMM,Asset Management,0.9691,0.31899,624,,,,,,,,
TSBK/WSBC,Banks - Regional,0.8926,0.31899,624,,,,,,,,
FMY/NUV,Asset Management,0.8738,0.319,624,,,,,,,,
CBFV/HWC,Banks - Regional,0.8531,0.31902,624,,,,,,,,
ABCB/GABC,Banks - Regional,0.9606,0.31902,624,,,,,,,,
BFZ/BYM,Asset Management,0.9584,0.31903,624,,,,,,,,
MGYR/RF,Banks - Regional,0.9189,0.31904,624,,,,,,,,
FNWD/SBCF,Banks - Regional,0.9163,0.31907,624,,,,,,,,
GDO/MYD,Asset Management,0.9351,0.31907,624,,,,,,,,
CCNE/FFIC,Banks - Regional,0.8307,0.31908,624,,,,,,,,
FMAO/PEBK,Banks - Regional,0.8905,0.31909,624,,,,,,,,
IGR/PFL,Asset Management,0.9235,0.3191,624,,,,,,,,
MMT/PMM,Asset Management,0.9582,0.31911,624,,,,,,,,
NJR/RGCO,Utilities - Regulated Gas,0.8787,0.31911,624,,,,,,,,
HFWA/WNEB,Banks - Regional,0.8834,0.31917,624,,,,,,,,
COLB/SNV,Banks - Regional,0.8338,0.31918,624,,,,,,,,
ETO/IFN,Asset Management,0.9532,0.31919,624,,,,,,,,
HOPE/LCNB,Banks - Regional,0.8456,0.31921,624,,,,,,,,
BBH/SHY,Unknown,0.8545,0.31921,624,,,,,,,,
UBCP/WSFS,Banks - Regional,0.8872,0.31922,624,,,,,,,,
ASB/PEBO,Banks - Regional,0.9455,0.31924,624,,,,,,,,
GJP/PEY,Unknown,0.9463,0.31928,624,,,,,,,,
BHK/MUC,Asset Management,0.9413,0.31929,624,,,,,,,,
CTBI/PB,Banks - Regional,0.9546,0.3193,624,,,,,,,,
HBAN/PNFP,Banks - Regional,0.9699,0.3193,624,,,,,,,,
AB/ETY,Asset Management,0.9547,0.31931,624,,,,,,,,
ACHV/IMNN,Biotechnology,0.846,0.31931,624,,,,,,,,
BANC/WTBA,Banks - Regional,0.8596,0.31932,624,,,,,,,,
PBHC/WSFS,Banks - Regional,0.9322,0.31932,624,,,,,,,,
HWC/MTB,Banks - Regional,0.9089,0.31932,624,,,,,,,,
BOKF/FCF,Banks - Regional,0.9766,0.31935,624,,,,,,,,
CZWI/LKFN,Banks - Regional,0.8851,0.31936,624,,,,,,,,
HIFS/PBHC,Banks - Regional,0.9286,0.31936,624,,,,,,,,
CADE/HTBK,Banks - Regional,0.8806,0.31939,624,,,,,,,,
JMM/MYI,Asset Management,0.9546,0.31939,624,,,,,,,,
ASH/PPG,Specialty Chemicals,0.9213,0.31939,624,,,,,,,,
DGX/TMO,Diagnostics & Research,0.953,0.3194,624,,,,,,,,
NKSH/SMBC,Banks - Regional,0.8077,0.31942,624,,,,,,,,
MBCN/PPBI,Banks - Regional,0.8383,0.31943,624,,,,,,,,
UNB/WTBA,Banks - Regional,0.8036,0.31944,624,,,,,,,,
LCNB/PFBC,Banks - Regional,0.8724,0.31945,624,,,,,,,,
CAC/NKSH,Banks - Regional,0.8797,0.31945,624,,,,,,,,
BXMX/GLAD,Asset Management,0.9534,0.31945,624,,,,,,,,
IGI/PFN,Asset Management,0.9229,0.31946,624,,,,,,,,
OSBC/RVSB,Banks - Regional,0.8766,0.31951,624,,,,,,,,
BSRR/CCNE,Banks - Regional,0.9456,0.31952,624,,,,,,,,
CMU/JPC,Asset Management,0.9288,0.31953,624,,,,,,,,
MYD/NMZ,Asset Management,0.9689,0.31953,624,,,,,,,,
HFBL/HWBK,Banks - Regional,0.857,0.31953,624,,,,,,,,
CFR/SMBC,Banks - Regional,0.9655,0.31954,624,,,,,,,,
LARK/PPBI,Banks - Regional,0.9018,0.31955,624,,,,,,,,
AROW/FRST,Banks - Regional,0.9041,0.31955,624,,,,,,,,
ABM/RELX,Specialty Business Services,0.9146,0.31956,624,,,,,,,,
AROW/SBCF,Banks - Regional,0.9599,0.31957,624,,,,,,,,
FFIC/KEY,Banks - Regional,0.8383,0.31961,624,,,,,,,,
PIM/SPE,Asset Management,0.8835,0.31961,624,,,,,,,,
LCNB/PLBC,Banks - Regional,0.8213,0.31962,624,,,,,,,,
BSRR/PNFP,Banks - Regional,0.9241,0.31963,624,,,,,,,,
CTBI/QCRH,Banks - Regional,0.9699,0.31964,624,,,,,,,,
CHCO/FXNC,Banks - Regional,0.8655,0.31965,624,,,,,,,,
GJT/PKW,Unknown,0.9542,0.31965,624,,,,,,,,
PPT/RVT,Asset Management,0.9046,0.31965,624,,,,,,,,
DSX/ESEA,Marine Shipping,0.8373,0.31966,624,,,,,,,,
INDB/PFBC,Banks - Regional,0.8695,0.31967,624,,,,,,,,
DSM/PCK,Asset Management,0.9366,0.31968,624,,,,,,,,
AAXJ/KTN,Unknown,0.8816,0.31968,624,,,,,,,,
BOTJ/MPB,Banks - Regional,0.9337,0.31969,624,,,,,,,,
HMN/KMPR,Insurance - Property & Casualty,0.8701,0.31969,624,,,,,,,,
KTN/PEY,Unknown,0.9558,0.3197,624,,,,,,,,
JHI/VKQ,Asset Management,0.9065,0.3197,624,,,,,,,,
EXPE/TNL,Travel Services,0.9219,0.31971,624,,,,,,,,
CVBF/FMNB,Banks - Regional,0.9386,0.31973,624,,,,,,,,
FNWD/SFNC,Banks - Regional,0.9177,0.31974,624,,,,,,,,
MPB/UVSP,Banks - Regional,0.9504,0.31975,624,,,,,,,,
BXMX/SPXX,Asset Management,0.9941,0.31976,624,,,,,,,,
BMRC/HBNC,Banks - Regional,0.8439,0.31976,624,,,,,,,,
CTBI/FNB,Banks - Regional,0.9321,0.3198,624,,,,,,,,
AGCO/TEX,Farm & Heavy Construction Machinery,0.816,0.31981,624,,,,,,,,
CTBI/WSBC,Banks - Regional,0.9027,0.31982,624,,,,,,,,
IBCP/SBCF,Banks - Regional,0.8642,0.31983,624,,,,,,,,
CBFV/ESSA,Banks - Regional,0.8674,0.31985,624,,,,,,,,
CNOB/EBTC,Banks - Regional,0.934,0.31989,624,,,,,,,,
SMBC/WNEB,Banks - Regional,0.8054,0.31989,624,,,,,,,,
BHK/NXN,Asset Management,0.9654,0.3199,624,,,,,,,,
ETO/RJF,Asset Management,0.9403,0.3199,624,,,,,,,,
NKX/PMM,Asset Management,0.9721,0.31991,624,,,,,,,,
JHS/TSI,Asset Management,0.9293,0.31993,624,,,,,,,,
GJT/SOXX,Unknown,0.9346,0.31993,624,,,,,,,,
ICE/MCO,Financial Data & Stock Exchanges,0.9894,0.31994,624,,,,,,,,
DTF/MUJ,Asset Management,0.9312,0.31996,624,,,,,,,,
IIM/JHS,Asset Management,0.959,0.31997,624,,,,,,,,
EFSC/VABK,Banks - Regional,0.9678,0.31999,624,,,,,,,,
BFIN/STBA,Banks - Regional,0.888,0.32,624,,,,,,,,
NZF/PMF,Asset Management,0.9,0.32,624,,,,,,,,
ALB/LWLG,Specialty Chemicals,0.8377,0.32,624,,,,,,,,
FBNC/SRCE,Banks - Regional,0.9499,0.32001,624,,,,,,,,
FMBH/KEY,Banks - Regional,0.9407,0.32001,624,,,,,,,,
MHN/NNY,Asset Management,0.9593,0.32002,624,,,,,,,,
PEBO/UNB,Banks - Regional,0.8254,0.32003,624,,,,,,,,
EBMT/WAFD,Banks - Regional,0.8844,0.32003,624,,,,,,,,
LKFN/UNTY,Banks - Regional,0.9148,0.32004,624,,,,,,,,
FLC/JRS,Asset Management,0.9306,0.32004,624,,,,,,,,
JHS/NMI,Asset Management,0.9422,0.32004,624,,,,,,,,
NKSH/WAFD,Banks - Regional,0.8975,0.32005,624,,,,,,,,
ARCC/EVT,Asset Management,0.9645,0.32007,624,,,,,,,,
BA/HXL,Aerospace & Defense,0.8558,0.32007,624,,,,,,,,
OVLY/TRST,Banks - Regional,0.8128,0.32009,624,,,,,,,,
AROW/GBCI,Banks - Regional,0.9521,0.32009,624,,,,,,,,
CWBC/CZNC,Banks - Regional,0.9461,0.32009,624,,,,,,,,
AROW/UBCP,Banks - Regional,0.8892,0.3201,624,,,,,,,,
CBFV/CBSH,Banks - Regional,0.8637,0.32012,624,,,,,,,,
BFIN/HTBK,Banks - Regional,0.8674,0.32012,624,,,,,,,,
CARE/PKBK,Banks - Regional,0.8285,0.32015,624,,,,,,,,
MMU/PFO,Asset Management,0.9376,0.32017,624,,,,,,,,
FMNB/GCBC,Banks - Regional,0.8288,0.32017,624,,,,,,,,
BDX/RGEN,Medical Instruments & Supplies,0.8241,0.32018,624,,,,,,,,
CCBG/HBAN,Banks - Regional,0.9272,0.32019,624,,,,,,,,
IAE/PCF,Asset Management,0.8754,0.32023,624,,,,,,,,
MVF/PFO,Asset Management,0.9386,0.32023,624,,,,,,,,
HPI/PMF,Asset Management,0.812,0.32024,624,,,,,,,,
FNWD/UVSP,Banks - Regional,0.8531,0.32024,624,,,,,,,,
CTBI/MNSB,Banks - Regional,0.8331,0.32025,624,,,,,,,,
FNX/GJP,Unknown,0.9637,0.32026,624,,,,,,,,
FHI/SWKH,Asset Management,0.856,0.32027,624,,,,,,,,
MGYR/STBA,Banks - Regional,0.9236,0.3203,624,,,,,,,,
ETB/GLAD,Asset Management,0.9322,0.32032,624,,,,,,,,
MTB/SFST,Banks - Regional,0.8656,0.32032,624,,,,,,,,
BFZ/MQY,Asset Management,0.9664,0.32034,624,,,,,,,,
CARE/MNSB,Banks - Regional,0.8123,0.32034,624,,,,,,,,
PFS/WTBA,Banks - Regional,0.9374,0.32035,624,,,,,,,,
EBMT/UMBF,Banks - Regional,0.816,0.32037,624,,,,,,,,
BKN/MUA,Asset Management,0.9567,0.32037,624,,,,,,,,
GDO/MYN,Asset Management,0.939,0.32038,624,,,,,,,,
PMX/VKQ,Asset Management,0.9362,0.32039,624,,,,,,,,
MQT/PCK,Asset Management,0.8764,0.32039,624,,,,,,,,
IIM/JHI,Asset Management,0.8844,0.32041,624,,,,,,,,
FCF/USB,Banks - Regional,0.9074,0.32041,624,,,,,,,,
BANF/NECB,Banks - Regional,0.945,0.32042,624,,,,,,,,
FORM/KLAC,Semiconductor Equipment & Materials,0.878,0.32042,624,,,,,,,,
BKN/KTF,Asset Management,0.8998,0.32043,624,,,,,,,,
GAIN/MCI,Asset Management,0.9338,0.32043,624,,,,,,,,
SAFT/THG,Insurance - Property & Casualty,0.9707,0.32046,624,,,,,,,,
FUNC/SSB,Banks - Regional,0.886,0.32047,624,,,,,,,,
IUSV/SHV,Unknown,0.9236,0.32047,624,,,,,,,,
DSM/VPV,Asset Management,0.9488,0.32048,624,,,,,,,,
NEWT/PLBC,Banks - Regional,0.8303,0.32048,624,,,,,,,,
CXH/NZF,Asset Management,0.9776,0.3205,624,,,,,,,,
NAN/NXJ,Asset Management,0.979,0.3205,624,,,,,,,,
RF/WSFS,Banks - Regional,0.9099,0.32051,624,,,,,,,,
FMBH/HBCP,Banks - Regional,0.9477,0.32051,624,,,,,,,,
ETO/PFN,Asset Management,0.9707,0.32051,624,,,,,,,,
FHI/SOR,Asset Management,0.951,0.32052,624,,,,,,,,
CADE/NWFL,Banks - Regional,0.8594,0.32053,624,,,,,,,,
ASB/GCBC,Banks - Regional,0.81,0.32054,624,,,,,,,,
MFM/WEA,Asset Management,0.9327,0.32056,624,,,,,,,,
MBCN/VABK,Banks - Regional,0.9417,0.32056,624,,,,,,,,
FSFG/PPBI,Banks - Regional,0.906,0.32056,624,,,,,,,,
CZWI/TRMK,Banks - Regional,0.931,0.32057,624,,,,,,,,
KTN/VMBS,Unknown,0.8986,0.32057,624,,,,,,,,
HLIO/MIDD,Specialty Industrial Machinery,0.8345,0.32057,624,,,,,,,,
PCM/WIA,Asset Management,0.8833,0.32057,624,,,,,,,,
NMI/PFD,Asset Management,0.9332,0.32058,624,,,,,,,,
CL/UL,Household & Personal Products,0.9304,0.32059,624,,,,,,,,
GABC/OCFC,Banks - Regional,0.8576,0.3206,624,,,,,,,,
EFT/EVG,Asset Management,0.9802,0.32062,624,,,,,,,,
DCOM/FHN,Banks - Regional,0.8798,0.32062,624,,,,,,,,
AVB/UDR,REIT - Residential,0.9795,0.32065,624,,,,,,,,
LSBK/TOWN,Banks - Regional,0.8795,0.32066,624,,,,,,,,
PB/UBFO,Banks - Regional,0.9112,0.32067,624,,,,,,,,
GYRE/IRD,Biotechnology,0.8494,0.32067,624,,,,,,,,
BFZ/WEA,Asset Management,0.8934,0.3207,624,,,,,,,,
MPB/PKBK,Banks - Regional,0.9632,0.3207,624,,,,,,,,
CZNC/TRMK,Banks - Regional,0.9184,0.32072,624,,,,,,,,
FMY/MGF,Asset Management,0.8507,0.32073,624,,,,,,,,
ARCC/VVR,Asset Management,0.9761,0.32073,624,,,,,,,,
PFS/WSBF,Banks - Regional,0.9062,0.32074,624,,,,,,,,
NWFL/TRST,Banks - Regional,0.8968,0.32075,624,,,,,,,,
INVX/TDW,Oil & Gas Equipment & Services,0.8219,0.32075,624,,,,,,,,
DTE/TXNM,Utilities - Regulated Electric,0.9702,0.32076,624,,,,,,,,
JHS/MUA,Asset Management,0.9582,0.32078,624,,,,,,,,
MIN/MSD,Asset Management,0.9159,0.32079,624,,,,,,,,
CCK/GPK,Packaging & Containers,0.8584,0.32079,624,,,,,,,,
BANR/PFS,Banks - Regional,0.9137,0.32079,624,,,,,,,,
BLE/PNF,Asset Management,0.9389,0.3208,624,,,,,,,,
MVF/PCK,Asset Management,0.9202,0.32081,624,,,,,,,,
HBAN/SHBI,Banks - Regional,0.8668,0.32081,624,,,,,,,,
JHI/NXJ,Asset Management,0.945,0.32082,624,,,,,,,,
ACNB/CHCO,Banks - Regional,0.9641,0.32082,624,,,,,,,,
AROW/SMBK,Banks - Regional,0.897,0.32082,624,,,,,,,,
MNSB/SFBC,Banks - Regional,0.8935,0.32083,624,,,,,,,,
ENTG/KLAC,Semiconductor Equipment & Materials,0.882,0.32084,624,,,,,,,,
TVE/VCSH,Unknown,0.9112,0.32088,624,,,,,,,,
CBFV/COFS,Banks - Regional,0.8869,0.32088,624,,,,,,,,
PCH/WY,REIT - Specialty,0.9224,0.32089,624,,,,,,,,
FNWD/HFWA,Banks - Regional,0.9122,0.32091,624,,,,,,,,
HIO/HYT,Asset Management,0.9886,0.32091,624,,,,,,,,
NEWT/PNC,Banks - Regional,0.8956,0.32092,624,,,,,,,,
DTF/MUE,Asset Management,0.9599,0.32092,624,,,,,,,,
CCNE/FDBC,Banks - Regional,0.8839,0.32093,624,,,,,,,,
BSRR/CBFV,Banks - Regional,0.9429,0.32095,624,,,,,,,,
GAB/GAM,Asset Management,0.9514,0.32095,624,,,,,,,,
NRIM/STBA,Banks - Regional,0.8245,0.32096,624,,,,,,,,
FMNB/KEY,Banks - Regional,0.9418,0.32096,624,,,,,,,,
KEY/UVSP,Banks - Regional,0.9441,0.32096,624,,,,,,,,
BRKL/FFBC,Banks - Regional,0.8833,0.32099,624,,,,,,,,
CZWI/PFS,Banks - Regional,0.931,0.321,624,,,,,,,,
PCF/USA,Asset Management,0.9737,0.32103,624,,,,,,,,
MBCN/RF,Banks - Regional,0.9403,0.32103,624,,,,,,,,
CHMG/HWC,Banks - Regional,0.9042,0.32103,624,,,,,,,,
BTI/MO,Tobacco,0.8273,0.32104,624,,,,,,,,
DSM/VCV,Asset Management,0.9653,0.32105,624,,,,,,,,
FLIC/WASH,Banks - Regional,0.9123,0.32106,624,,,,,,,,
BOTJ/LCNB,Banks - Regional,0.8977,0.32106,624,,,,,,,,
CTBI/USB,Banks - Regional,0.8955,0.32107,624,,,,,,,,
TSBK/UNTY,Banks - Regional,0.9243,0.32109,624,,,,,,,,
BANR/SRCE,Banks - Regional,0.9551,0.32109,624,,,,,,,,
CSQ/GOF,Asset Management,0.978,0.32109,624,,,,,,,,
BANFP/PKW,Unknown,0.9591,0.3211,624,,,,,,,,
PCF/TY,Asset Management,0.9865,0.3211,624,,,,,,,,
AROW/HIFS,Banks - Regional,0.9289,0.32111,624,,,,,,,,
AME/GGG,Specialty Industrial Machinery,0.9878,0.32111,624,,,,,,,,
AEE/TXNM,Utilities - Regulated Electric,0.9734,0.32113,624,,,,,,,,
SSBI/WBS,Banks - Regional,0.8317,0.32113,624,,,,,,,,
EVT/GAIN,Asset Management,0.9727,0.32114,624,,,,,,,,
RF/UNTY,Banks - Regional,0.9563,0.32117,624,,,,,,,,
DSM/MSD,Asset Management,0.837,0.32117,624,,,,,,,,
HFBL/PBHC,Banks - Regional,0.9339,0.32117,624,,,,,,,,
IGIB/PFF,Unknown,0.9634,0.32118,624,,,,,,,,
BME/GRX,Asset Management,0.9782,0.32118,624,,,,,,,,
ETG/ETY,Asset Management,0.9889,0.32118,624,,,,,,,,
ACHV/CSCI,Biotechnology,0.8274,0.32119,624,,,,,,,,
CCNE/MNSB,Banks - Regional,0.9014,0.32119,624,,,,,,,,
CVBF/FHN,Banks - Regional,0.8835,0.32123,624,,,,,,,,
ARCC/HTGC,Asset Management,0.984,0.32124,624,,,,,,,,
MHN/NVG,Asset Management,0.9549,0.32124,624,,,,,,,,
CZFS/TSBK,Banks - Regional,0.8963,0.32124,624,,,,,,,,
COFS/PNFP,Banks - Regional,0.8743,0.32126,624,,,,,,,,
BC/THO,Recreational Vehicles,0.8844,0.32128,624,,,,,,,,
AROW/ESSA,Banks - Regional,0.8556,0.32131,624,,,,,,,,
MGYR/QCRH,Banks - Regional,0.9427,0.32132,624,,,,,,,,
COFS/SNV,Banks - Regional,0.832,0.32132,624,,,,,,,,
EBMT/KEY,Banks - Regional,0.9157,0.32132,624,,,,,,,,
ETG/ETJ,Asset Management,0.9765,0.32133,624,,,,,,,,
FNLC/PEBO,Banks - Regional,0.9534,0.32133,624,,,,,,,,
MUA/MYN,Asset Management,0.9724,0.32134,624,,,,,,,,
DSU/GAM,Asset Management,0.9854,0.32134,624,,,,,,,,
NWFL/PKBK,Banks - Regional,0.93,0.32134,624,,,,,,,,
GGB/PKX,Steel,0.8024,0.32135,624,,,,,,,,
EFR/FOF,Asset Management,0.9754,0.32135,624,,,,,,,,
TCBK/WNEB,Banks - Regional,0.8112,0.32137,624,,,,,,,,
FCCO/UMBF,Banks - Regional,0.8849,0.32137,624,,,,,,,,
AGO/AXS,Insurance - Specialty,0.9116,0.32139,624,,,,,,,,
PFO/VCV,Asset Management,0.964,0.3214,624,,,,,,,,
COFS/GABC,Banks - Regional,0.9127,0.32141,624,,,,,,,,
CPB/GIS,Packaged Foods,0.8782,0.32141,624,,,,,,,,
BRKL/CBFV,Banks - Regional,0.8253,0.32141,624,,,,,,,,
BANC/WSBF,Banks - Regional,0.8185,0.32141,624,,,,,,,,
PGC/USB,Banks - Regional,0.9164,0.32141,624,,,,,,,,
HQH/NIE,Asset Management,0.8516,0.32141,624,,,,,,,,
BUSE/FISI,Banks - Regional,0.9183,0.32142,624,,,,,,,,
BHV/PCQ,Asset Management,0.8072,0.32144,624,,,,,,,,
ETB/PDT,Asset Management,0.9602,0.32146,624,,,,,,,,
FBIZ/IBOC,Banks - Regional,0.9413,0.32147,624,,,,,,,,
BANC/CBAN,Banks - Regional,0.8062,0.32149,624,,,,,,,,
PIM/QQQX,Asset Management,0.9296,0.32149,624,,,,,,,,
MUE/NUV,Asset Management,0.9678,0.3215,624,,,,,,,,
PEBO/TSBK,Banks - Regional,0.9619,0.32157,624,,,,,,,,
GABC/HWBK,Banks - Regional,0.9381,0.32159,624,,,,,,,,
DTE/MGEE,Utilities - Regulated Electric,0.9831,0.32161,624,,,,,,,,
BOTJ/UBSI,Banks - Regional,0.9115,0.32162,624,,,,,,,,
NXC/PMX,Asset Management,0.8974,0.32162,624,,,,,,,,
BVFL/FNLC,Banks - Regional,0.8584,0.32162,624,,,,,,,,
ARI/LOAN,REIT - Mortgage,0.9363,0.32162,624,,,,,,,,
HTBK/PFS,Banks - Regional,0.9632,0.32163,624,,,,,,,,
AOD/USA,Asset Management,0.9829,0.32163,624,,,,,,,,
CHRW/EXPD,Integrated Freight & Logistics,0.9123,0.32167,624,,,,,,,,
ATLO/STBA,Banks - Regional,0.8267,0.32168,624,,,,,,,,
HOMB/NRIM,Banks - Regional,0.8392,0.32169,624,,,,,,,,
FUNC/ONB,Banks - Regional,0.9505,0.3217,624,,,,,,,,
CATY/CCNE,Banks - Regional,0.9194,0.3217,624,,,,,,,,
PB/WNEB,Banks - Regional,0.8019,0.32171,624,,,,,,,,
TCBK/WAFD,Banks - Regional,0.9643,0.32172,624,,,,,,,,
GLAD/PCM,Asset Management,0.8405,0.32174,624,,,,,,,,
BND/KTN,Unknown,0.9329,0.32174,624,,,,,,,,
OVBC/SRCE,Banks - Regional,0.8153,0.32174,624,,,,,,,,
GABC/OVLY,Banks - Regional,0.8924,0.32175,624,,,,,,,,
BUSE/UBCP,Banks - Regional,0.8618,0.32177,624,,,,,,,,
BDX/ICUI,Medical Instruments & Supplies,0.8326,0.32177,624,,,,,,,,
HQL/TROW,Asset Management,0.8541,0.32179,624,,,,,,,,
DHT/FRO,Oil & Gas Midstream,0.906,0.3218,624,,,,,,,,
BND/EMB,Unknown,0.9634,0.32181,624,,,,,,,,
GSBC/HBCP,Banks - Regional,0.9608,0.32181,624,,,,,,,,
CTBI/SFST,Banks - Regional,0.8306,0.32182,624,,,,,,,,
FUNC/PKBK,Banks - Regional,0.8937,0.32182,624,,,,,,,,
WCN/WM,Waste Management,0.9959,0.32182,624,,,,,,,,
ETO/GOF,Asset Management,0.9802,0.32186,624,,,,,,,,
JHI/VMO,Asset Management,0.8867,0.32186,624,,,,,,,,
MBCN/PFIS,Banks - Regional,0.9352,0.32187,624,,,,,,,,
MKL/THG,Insurance - Property & Casualty,0.9611,0.32188,624,,,,,,,,
FT/JMM,Asset Management,0.9424,0.32188,624,,,,,,,,
CNOB/ZION,Banks - Regional,0.9372,0.32188,624,,,,,,,,
CODI/HON,Conglomerates,0.9475,0.32188,624,,,,,,,,
BKT/DTF,Asset Management,0.953,0.3219,624,,,,,,,,
PCF/WEA,Asset Management,0.9466,0.3219,624,,,,,,,,
COFS/SBCF,Banks - Regional,0.8453,0.32192,624,,,,,,,,
FISI/PNFP,Banks - Regional,0.8882,0.32192,624,,,,,,,,
BANFP/PRN,Unknown,0.9233,0.32196,624,,,,,,,,
CATY/CZFS,Banks - Regional,0.8925,0.32198,624,,,,,,,,
BANFP/GJT,Unknown,0.9413,0.32198,624,,,,,,,,
MBCN/UCB,Banks - Regional,0.9049,0.32199,624,,,,,,,,
TFC/WSBF,Banks - Regional,0.9361,0.32199,624,,,,,,,,
OSBC/SMBK,Banks - Regional,0.9619,0.322,624,,,,,,,,
ADSK/CRM,Software - Application,0.9685,0.322,624,,,,,,,,
GSBC/OVLY,Banks - Regional,0.9162,0.322,624,,,,,,,,
CWBC/FMNB,Banks - Regional,0.9645,0.322,624,,,,,,,,
ESSA/WAL,Banks - Regional,0.8657,0.32203,624,,,,,,,,
FUNC/MBCN,Banks - Regional,0.9014,0.32205,624,,,,,,,,
MBWM/SRCE,Banks - Regional,0.9845,0.32207,624,,,,,,,,
BUSE/THFF,Banks - Regional,0.9507,0.32207,624,,,,,,,,
CHMG/PNC,Banks - Regional,0.9373,0.32207,624,,,,,,,,
BCPC/SHW,Specialty Chemicals,0.9783,0.32208,624,,,,,,,,
CMU/PZC,Asset Management,0.9375,0.32209,624,,,,,,,,
KTF/MMT,Asset Management,0.8107,0.3221,624,,,,,,,,
CADE/GABC,Banks - Regional,0.9327,0.3221,624,,,,,,,,
ETB/JPC,Asset Management,0.9539,0.32211,624,,,,,,,,
RNP/WEA,Asset Management,0.9476,0.32212,624,,,,,,,,
POWI/QCOM,Semiconductors,0.8868,0.32212,624,,,,,,,,
DSWL/LFUS,Electronic Components,0.8595,0.32213,624,,,,,,,,
MIY/NPV,Asset Management,0.932,0.32215,624,,,,,,,,
BVFL/HFBL,Banks - Regional,0.8972,0.32216,624,,,,,,,,
AUB/SSB,Banks - Regional,0.9496,0.32217,624,,,,,,,,
BNY/NEA,Asset Management,0.9268,0.32221,624,,,,,,,,
TATT/VSEC,Aerospace & Defense,0.85,0.32222,624,,,,,,,,
EVN/GDO,Asset Management,0.9491,0.32223,624,,,,,,,,
ASRV/BOH,Banks - Regional,0.872,0.32223,624,,,,,,,,
FUNC/GSBC,Banks - Regional,0.9029,0.32226,624,,,,,,,,
HAL/RES,Oil & Gas Equipment & Services,0.8391,0.32226,624,,,,,,,,
FFBC/LCNB,Banks - Regional,0.8845,0.32228,624,,,,,,,,
BXMX/ETV,Asset Management,0.9878,0.32229,624,,,,,,,,
MVF/PZC,Asset Management,0.9477,0.32231,624,,,,,,,,
CTBI/PKBK,Banks - Regional,0.9233,0.32231,624,,,,,,,,
TFC/UVSP,Banks - Regional,0.9187,0.32232,624,,,,,,,,
BP/SHEL,Oil & Gas Integrated,0.9086,0.32233,624,,,,,,,,
BANR/PFIS,Banks - Regional,0.9426,0.32234,624,,,,,,,,
CAC/FNB,Banks - Regional,0.8134,0.32234,624,,,,,,,,
ASH/RPM,Specialty Chemicals,0.8629,0.32235,624,,,,,,,,
GJT/QQXT,Unknown,0.942,0.32238,624,,,,,,,,
NXC/PDT,Asset Management,0.9183,0.32241,624,,,,,,,,
FISI/WBS,Banks - Regional,0.9273,0.32247,624,,,,,,,,
ITGR/SYK,Medical Devices,0.9414,0.32247,624,,,,,,,,
PFM/SOXX,Unknown,0.9683,0.32248,624,,,,,,,,
HBCP/MTB,Banks - Regional,0.9613,0.32248,624,,,,,,,,
AROW/HBAN,Banks - Regional,0.9211,0.32249,624,,,,,,,,
PTY/TY,Asset Management,0.9838,0.32251,624,,,,,,,,
JHI/MCR,Asset Management,0.9617,0.32252,624,,,,,,,,
FLC/PCQ,Asset Management,0.8297,0.32252,624,,,,,,,,
SFBC/TOWN,Banks - Regional,0.9565,0.32252,624,,,,,,,,
MQY/PCK,Asset Management,0.8695,0.32252,624,,,,,,,,
ETO/GDV,Asset Management,0.9896,0.32252,624,,,,,,,,
AOD/QQQX,Asset Management,0.968,0.32253,624,,,,,,,,
KTN/PFI,Unknown,0.9412,0.32253,624,,,,,,,,
CATY/RF,Banks - Regional,0.9567,0.32253,624,,,,,,,,
CYCC/GYRE,Biotechnology,0.9169,0.32255,624,,,,,,,,
ASRV/NFBK,Banks - Regional,0.8761,0.32259,624,,,,,,,,
AME/FELE,Specialty Industrial Machinery,0.9857,0.32264,624,,,,,,,,
BOKF/PFIS,Banks - Regional,0.9145,0.32265,624,,,,,,,,
CGO/LGI,Asset Management,0.9684,0.32265,624,,,,,,,,
FCF/PFS,Banks - Regional,0.897,0.32267,624,,,,,,,,
JHS/MYD,Asset Management,0.9568,0.32267,624,,,,,,,,
CHRW/UPS,Integrated Freight & Logistics,0.871,0.3227,624,,,,,,,,
MPB/WSFS,Banks - Regional,0.9651,0.32271,624,,,,,,,,
GABC/UMBF,Banks - Regional,0.9318,0.32272,624,,,,,,,,
BOH/SYBT,Banks - Regional,0.8291,0.32276,624,,,,,,,,
BANF/HWBK,Banks - Regional,0.921,0.32276,624,,,,,,,,
ACN/WNS,Information Technology Services,0.8863,0.32276,624,,,,,,,,
AUB/FMBH,Banks - Regional,0.9451,0.32277,624,,,,,,,,
CRL/TMO,Diagnostics & Research,0.9103,0.32278,624,,,,,,,,
OVLY/UCB,Banks - Regional,0.8417,0.32279,624,,,,,,,,
HPS/NNY,Asset Management,0.9271,0.32281,624,,,,,,,,
IIM/MFM,Asset Management,0.9705,0.32282,624,,,,,,,,
FCF/NKSH,Banks - Regional,0.8595,0.32284,624,,,,,,,,
BOE/STT,Asset Management,0.8719,0.32285,624,,,,,,,,
CIVB/WSBC,Banks - Regional,0.9301,0.32286,624,,,,,,,,
MUE/NVG,Asset Management,0.9617,0.32286,624,,,,,,,,
ETO/GAB,Asset Management,0.9716,0.32288,624,,,,,,,,
CGO/ETJ,Asset Management,0.959,0.32288,624,,,,,,,,
FMN/MUA,Asset Management,0.9727,0.32289,624,,,,,,,,
IBCP/PEBK,Banks - Regional,0.9264,0.3229,624,,,,,,,,
CTBI/CZFS,Banks - Regional,0.8641,0.32292,624,,,,,,,,
ACWX/SWZ,Unknown,0.9785,0.32293,624,,,,,,,,
MPB/SSBI,Banks - Regional,0.845,0.32293,624,,,,,,,,
HPF/KTF,Asset Management,0.8426,0.32296,624,,,,,,,,
HPS/VBF,Asset Management,0.9542,0.32296,624,,,,,,,,
MVF/NXJ,Asset Management,0.9303,0.32297,624,,,,,,,,
RNST/UNB,Banks - Regional,0.8844,0.32298,624,,,,,,,,
SSBI/WAL,Banks - Regional,0.818,0.32303,624,,,,,,,,
ASRV/TRST,Banks - Regional,0.8524,0.32306,624,,,,,,,,
BOE/RVT,Asset Management,0.9841,0.32306,624,,,,,,,,
HPS/MHF,Asset Management,0.9647,0.32307,624,,,,,,,,
FMNB/NWFL,Banks - Regional,0.9269,0.32307,624,,,,,,,,
CATY/FXNC,Banks - Regional,0.865,0.32309,624,,,,,,,,
BUSE/MBCN,Banks - Regional,0.8994,0.32312,624,,,,,,,,
CCNE/RF,Banks - Regional,0.8607,0.32313,624,,,,,,,,
LARK/WAL,Banks - Regional,0.8831,0.32313,624,,,,,,,,
ASML/ENTG,Semiconductor Equipment & Materials,0.9719,0.32313,624,,,,,,,,
SHBI/UNTY,Banks - Regional,0.8029,0.32315,624,,,,,,,,
PEBK/TSBK,Banks - Regional,0.9631,0.32315,624,,,,,,,,
KRNY/PFS,Banks - Regional,0.8409,0.32316,624,,,,,,,,
BOKF/OSBC,Banks - Regional,0.9407,0.32317,624,,,,,,,,
CHI/GCV,Asset Management,0.9298,0.32319,624,,,,,,,,
HBAN/RNST,Banks - Regional,0.8977,0.32319,624,,,,,,,,
HTBK/OCFC,Banks - Regional,0.9638,0.3232,624,,,,,,,,
NKX/VKQ,Asset Management,0.9794,0.32321,624,,,,,,,,
IJT/IPB,Unknown,0.9651,0.32322,624,,,,,,,,
NWBI/UBFO,Banks - Regional,0.9326,0.32322,624,,,,,,,,
AFB/OIA,Asset Management,0.9523,0.32323,624,,,,,,,,
BFZ/NAZ,Asset Management,0.94,0.32323,624,,,,,,,,
FCT/PSEC,Asset Management,0.8585,0.32324,624,,,,,,,,
BOH/FULT,Banks - Regional,0.908,0.32324,624,,,,,,,,
EMR/WTS,Specialty Industrial Machinery,0.9698,0.32324,624,,,,,,,,
NWFL/UNTY,Banks - Regional,0.86,0.32325,624,,,,,,,,
BPOPM/VCSH,Unknown,0.9675,0.32325,624,,,,,,,,
BDJ/UTF,Asset Management,0.9854,0.32326,624,,,,,,,,
NTRS/QQQX,Asset Management,0.9241,0.32328,624,,,,,,,,
PFO/VPV,Asset Management,0.9621,0.32329,624,,,,,,,,
CXH/MPA,Asset Management,0.9746,0.3233,624,,,,,,,,
ACNB/CZNC,Banks - Regional,0.8971,0.32331,624,,,,,,,,
ETO/LGI,Asset Management,0.9878,0.32331,624,,,,,,,,
HWBK/UCB,Banks - Regional,0.9045,0.32332,624,,,,,,,,
DHR/TMO,Diagnostics & Research,0.9936,0.32332,624,,,,,,,,
LGI/PCM,Asset Management,0.938,0.32333,624,,,,,,,,
HBNC/UNTY,Banks - Regional,0.8369,0.32333,624,,,,,,,,
BSRR/HBCP,Banks - Regional,0.9572,0.32334,624,,,,,,,,
RVSB/SMBK,Banks - Regional,0.854,0.32339,624,,,,,,,,
BUSE/MNSB,Banks - Regional,0.8855,0.32341,624,,,,,,,,
EBMT/NEWT,Banks - Regional,0.8942,0.32342,624,,,,,,,,
FCT/USA,Asset Management,0.9592,0.32342,624,,,,,,,,
JHI/MUC,Asset Management,0.8513,0.32343,624,,,,,,,,
INDY/SMH,Unknown,0.9443,0.32344,624,,,,,,,,
ABEO/CSCI,Biotechnology,0.8841,0.32344,624,,,,,,,,
PHD/TSI,Asset Management,0.9308,0.32344,624,,,,,,,,
CZNC/QCRH,Banks - Regional,0.8731,0.32347,624,,,,,,,,
NAC/PCK,Asset Management,0.9121,0.32347,624,,,,,,,,
FULT/SFST,Banks - Regional,0.8548,0.32348,624,,,,,,,,
NTES/TTWO,Electronic Gaming & Multimedia,0.9468,0.32348,624,,,,,,,,
GYRE/PSTV,Biotechnology,0.9139,0.32349,624,,,,,,,,
MUJ/NEA,Asset Management,0.9848,0.32351,624,,,,,,,,
BPOPM/VCIT,Unknown,0.9519,0.32352,624,,,,,,,,
GGG/ITT,Specialty Industrial Machinery,0.9545,0.32352,624,,,,,,,,
FXNC/INDB,Banks - Regional,0.8646,0.32355,624,,,,,,,,
ETG/TY,Asset Management,0.9833,0.32356,624,,,,,,,,
CBSH/CIVB,Banks - Regional,0.94,0.32363,624,,,,,,,,
EHI/FLC,Asset Management,0.9573,0.32363,624,,,,,,,,
BANC/CZNC,Banks - Regional,0.8183,0.32363,624,,,,,,,,
MNSB/UNTY,Banks - Regional,0.8212,0.32364,624,,,,,,,,
HIO/PAI,Asset Management,0.9228,0.32364,624,,,,,,,,
BANC/GABC,Banks - Regional,0.8175,0.32364,624,,,,,,,,
GOF/SPXX,Asset Management,0.9859,0.32367,624,,,,,,,,
KTF/MFM,Asset Management,0.9328,0.32368,624,,,,,,,,
SBFG/UNB,Banks - Regional,0.8286,0.32369,624,,,,,,,,
IBOC/ONB,Banks - Regional,0.9543,0.3237,624,,,,,,,,
HIO/MHF,Asset Management,0.9391,0.32374,624,,,,,,,,
HIO/NXN,Asset Management,0.9165,0.32374,624,,,,,,,,
ETV/GAIN,Asset Management,0.9525,0.32374,624,,,,,,,,
AEP/MGEE,Utilities - Regulated Electric,0.9816,0.32374,624,,,,,,,,
ESSA/GABC,Banks - Regional,0.9208,0.32374,624,,,,,,,,
CVBF/FRAF,Banks - Regional,0.9197,0.32375,624,,,,,,,,
CNOB/USB,Banks - Regional,0.9603,0.32376,624,,,,,,,,
FFBC/WTFC,Banks - Regional,0.9516,0.32377,624,,,,,,,,
RELX/TRNS,Specialty Business Services,0.9059,0.32378,624,,,,,,,,
SBCF/UCB,Banks - Regional,0.9459,0.32378,624,,,,,,,,
IGD/IIF,Asset Management,0.9535,0.32378,624,,,,,,,,
FDBC/WBS,Banks - Regional,0.8611,0.32379,624,,,,,,,,
NWBI/PBHC,Banks - Regional,0.9175,0.32379,624,,,,,,,,
HBNC/PFBC,Banks - Regional,0.8958,0.3238,624,,,,,,,,
BUSE/CAC,Banks - Regional,0.9415,0.3238,624,,,,,,,,
MHF/MIN,Asset Management,0.9459,0.3238,624,,,,,,,,
AVK/VRTS,Asset Management,0.8526,0.32382,624,,,,,,,,
PFL/TSI,Asset Management,0.9696,0.32382,624,,,,,,,,
EBTC/MNSB,Banks - Regional,0.8914,0.32384,624,,,,,,,,
FISI/WSBF,Banks - Regional,0.887,0.32386,624,,,,,,,,
CAC/OVBC,Banks - Regional,0.8324,0.32387,624,,,,,,,,
COLB/OPOF,Banks - Regional,0.8296,0.32388,624,,,,,,,,
KEY/SHBI,Banks - Regional,0.9062,0.32389,624,,,,,,,,
KEY/SSBI,Banks - Regional,0.8215,0.32389,624,,,,,,,,
CYCC/MRKR,Biotechnology,0.8736,0.3239,624,,,,,,,,
NXC/NXP,Asset Management,0.9392,0.32392,624,,,,,,,,
ARCC/SPXX,Asset Management,0.9689,0.32393,624,,,,,,,,
AX/HBAN,Banks - Regional,0.9582,0.32393,624,,,,,,,,
DHF/HTGC,Asset Management,0.8935,0.32395,624,,,,,,,,
PFIS/VABK,Banks - Regional,0.8995,0.32395,624,,,,,,,,
NSIT/TAIT,Electronics & Computer Distribution,0.8197,0.32395,624,,,,,,,,
ETB/HTD,Asset Management,0.9806,0.32398,624,,,,,,,,
MGF/NKX,Asset Management,0.9281,0.32399,624,,,,,,,,
PEBK/UNB,Banks - Regional,0.845,0.324,624,,,,,,,,
IBCP/SFST,Banks - Regional,0.8044,0.324,624,,,,,,,,
FUNC/TRMK,Banks - Regional,0.9156,0.324,624,,,,,,,,
LCNB/UMBF,Banks - Regional,0.8531,0.32403,624,,,,,,,,
BOKF/ISBA,Banks - Regional,0.8713,0.32403,624,,,,,,,,
EVG/PAI,Asset Management,0.8643,0.32404,624,,,,,,,,
CZWI/SHBI,Banks - Regional,0.8689,0.32405,624,,,,,,,,
CFR/FSFG,Banks - Regional,0.9189,0.32405,624,,,,,,,,
IGR/PCM,Asset Management,0.9098,0.32407,624,,,,,,,,
OIA/PFN,Asset Management,0.9556,0.32407,624,,,,,,,,
EMD/NCA,Asset Management,0.8305,0.32408,624,,,,,,,,
CWBC/HWBK,Banks - Regional,0.9045,0.32408,624,,,,,,,,
PDT/PNF,Asset Management,0.8059,0.32409,624,,,,,,,,
FAD/KTN,Unknown,0.9406,0.32409,624,,,,,,,,
EVN/VPV,Asset Management,0.9732,0.32412,624,,,,,,,,
AWF/PTY,Asset Management,0.9701,0.32412,624,,,,,,,,
MCR/MHF,Asset Management,0.9585,0.32413,624,,,,,,,,
BANR/DCOM,Banks - Regional,0.8979,0.32416,624,,,,,,,,
SFNC/WBS,Banks - Regional,0.9219,0.32417,624,,,,,,,,
ABCB/CBFV,Banks - Regional,0.9363,0.32419,624,,,,,,,,
BOKF/HFBL,Banks - Regional,0.8414,0.32419,624,,,,,,,,
IBCP/PFS,Banks - Regional,0.8285,0.32419,624,,,,,,,,
PCM/RFI,Asset Management,0.9531,0.32419,624,,,,,,,,
AGD/AMP,Asset Management,0.9248,0.3242,624,,,,,,,,
FHN/PKBK,Banks - Regional,0.8758,0.32421,624,,,,,,,,
BUSE/TSBK,Banks - Regional,0.9398,0.32421,624,,,,,,,,
BOTJ/FUNC,Banks - Regional,0.847,0.32422,624,,,,,,,,
PB/RBCAA,Banks - Regional,0.8985,0.32422,624,,,,,,,,
NCA/NRK,Asset Management,0.9521,0.32423,624,,,,,,,,
NAZ/PMO,Asset Management,0.9394,0.32423,624,,,,,,,,
GDV/PCM,Asset Management,0.9413,0.32423,624,,,,,,,,
NZF/PML,Asset Management,0.9326,0.32425,624,,,,,,,,
IDA/POR,Utilities - Regulated Electric,0.979,0.32428,624,,,,,,,,
ALRS/CBSH,Banks - Regional,0.9226,0.32429,624,,,,,,,,
FNB/HOMB,Banks - Regional,0.9362,0.3243,624,,,,,,,,
JHS/MYN,Asset Management,0.9658,0.32431,624,,,,,,,,
KTF/NVG,Asset Management,0.8741,0.32434,624,,,,,,,,
BRW/GLAD,Asset Management,0.9303,0.32434,624,,,,,,,,
BUSE/CHMG,Banks - Regional,0.9167,0.32434,624,,,,,,,,
BUSE/HFBL,Banks - Regional,0.8614,0.32435,624,,,,,,,,
BOE/EEA,Asset Management,0.9734,0.32436,624,,,,,,,,
RF/WTBA,Banks - Regional,0.888,0.32437,624,,,,,,,,
BANR/COFS,Banks - Regional,0.8811,0.32439,624,,,,,,,,
GSBC/SFBC,Banks - Regional,0.9657,0.3244,624,,,,,,,,
CBFV/HBAN,Banks - Regional,0.9161,0.3244,624,,,,,,,,
FELE/GGG,Specialty Industrial Machinery,0.9773,0.32442,624,,,,,,,,
FEX/GJP,Unknown,0.9714,0.32444,624,,,,,,,,
PBHC/SNV,Banks - Regional,0.9081,0.32448,624,,,,,,,,
MUC/PNI,Asset Management,0.9069,0.32449,624,,,,,,,,
FBNC/PEBK,Banks - Regional,0.9418,0.32452,624,,,,,,,,
FFC/IIM,Asset Management,0.9684,0.32454,624,,,,,,,,
BRKL/FLIC,Banks - Regional,0.8702,0.32456,624,,,,,,,,
HBCP/SHBI,Banks - Regional,0.8697,0.32457,624,,,,,,,,
CBSH/NWBI,Banks - Regional,0.9012,0.32459,624,,,,,,,,
ASB/NRIM,Banks - Regional,0.83,0.32461,624,,,,,,,,
BOTJ/CFR,Banks - Regional,0.8625,0.32462,624,,,,,,,,
COFS/FRME,Banks - Regional,0.8825,0.32462,624,,,,,,,,
SMBK/UBSI,Banks - Regional,0.9323,0.32464,624,,,,,,,,
EVT/GOF,Asset Management,0.9859,0.32464,624,,,,,,,,
ETG/RJF,Asset Management,0.9581,0.32465,624,,,,,,,,
INDY/PHO,Unknown,0.9656,0.32466,624,,,,,,,,
HFBL/PKBK,Banks - Regional,0.928,0.32466,624,,,,,,,,
BMRC/CCNE,Banks - Regional,0.8514,0.32468,624,,,,,,,,
UBSI/WASH,Banks - Regional,0.8304,0.32468,624,,,,,,,,
JHS/NNY,Asset Management,0.9617,0.32468,624,,,,,,,,
DVY/PEY,Unknown,0.9964,0.32468,624,,,,,,,,
NKSH/WSFS,Banks - Regional,0.8967,0.32468,624,,,,,,,,
RNST/TSBK,Banks - Regional,0.8712,0.32469,624,,,,,,,,
EMD/MFM,Asset Management,0.8891,0.3247,624,,,,,,,,
GJT/PSL,Unknown,0.9532,0.3247,624,,,,,,,,
EMB/VMBS,Unknown,0.9626,0.32474,624,,,,,,,,
FCCO/SFNC,Banks - Regional,0.8751,0.32476,624,,,,,,,,
BKN/MYD,Asset Management,0.9577,0.32476,624,,,,,,,,
CXE/MYN,Asset Management,0.9634,0.32477,624,,,,,,,,
CVBF/SRCE,Banks - Regional,0.9129,0.3248,624,,,,,,,,
INDB/PNFP,Banks - Regional,0.8573,0.32481,624,,,,,,,,
KTF/MQT,Asset Management,0.9338,0.32482,624,,,,,,,,
SNV/WASH,Banks - Regional,0.8465,0.32482,624,,,,,,,,
GJT/ONEQ,Unknown,0.948,0.32483,624,,,,,,,,
BFC/CHCO,Banks - Regional,0.9725,0.32485,624,,,,,,,,
AZO/ORLY,Auto Parts,0.9945,0.32485,624,,,,,,,,
DDT/GJO,Unknown,0.9699,0.32485,624,,,,,,,,
PEBK/TFC,Banks - Regional,0.8929,0.32486,624,,,,,,,,
FXNC/WTBA,Banks - Regional,0.8412,0.32487,624,,,,,,,,
JHI/MFM,Asset Management,0.8831,0.32488,624,,,,,,,,
MVT/PCQ,Asset Management,0.8902,0.32489,624,,,,,,,,
LEO/NZF,Asset Management,0.9586,0.32491,624,,,,,,,,
ETJ/TY,Asset Management,0.9713,0.32491,624,,,,,,,,
IBB/PNQI,Unknown,0.8954,0.32493,624,,,,,,,,
FFC/NCA,Asset Management,0.9592,0.32494,624,,,,,,,,
MPB/USB,Banks - Regional,0.9134,0.32494,624,,,,,,,,
CHMG/SBCF,Banks - Regional,0.915,0.32494,624,,,,,,,,
FFBC/MOFG,Banks - Regional,0.8686,0.32495,624,,,,,,,,
MPB/WAL,Banks - Regional,0.8986,0.32497,624,,,,,,,,
GABC/RF,Banks - Regional,0.9464,0.32499,624,,,,,,,,
TRST/USB,Banks - Regional,0.9138,0.325,624,,,,,,,,
GCBC/IBCP,Banks - Regional,0.8679,0.32501,624,,,,,,,,
CWBC/ZION,Banks - Regional,0.913,0.32502,624,,,,,,,,
CIVB/FRST,Banks - Regional,0.917,0.32503,624,,,,,,,,
BPOPM/DDT,Unknown,0.937,0.32503,624,,,,,,,,
FNLC/VABK,Banks - Regional,0.9441,0.32504,624,,,,,,,,
JHS/NXP,Asset Management,0.945,0.32505,624,,,,,,,,
LEO/NAC,Asset Management,0.9835,0.32506,624,,,,,,,,
CCNE/OPBK,Banks - Regional,0.8865,0.32506,624,,,,,,,,
CXH/NCA,Asset Management,0.9684,0.32508,624,,,,,,,,
JMM/NXJ,Asset Management,0.9725,0.32509,624,,,,,,,,
CADE/CCNE,Banks - Regional,0.9147,0.32513,624,,,,,,,,
MGYR/RVSB,Banks - Regional,0.849,0.32514,624,,,,,,,,
CZWI/OPOF,Banks - Regional,0.8929,0.32515,624,,,,,,,,
LCNB/MBWM,Banks - Regional,0.8886,0.32515,624,,,,,,,,
BANF/MBCN,Banks - Regional,0.9318,0.32517,624,,,,,,,,
FNWD/HBAN,Banks - Regional,0.8295,0.32521,624,,,,,,,,
HWC/QCRH,Banks - Regional,0.916,0.32522,624,,,,,,,,
MMT/NUV,Asset Management,0.9472,0.32522,624,,,,,,,,
IIM/MMT,Asset Management,0.9176,0.32524,624,,,,,,,,
FLC/NXN,Asset Management,0.9652,0.32525,624,,,,,,,,
NXP/VPV,Asset Management,0.9455,0.32525,624,,,,,,,,
FMN/WEA,Asset Management,0.9063,0.32525,624,,,,,,,,
ESSA/FRME,Banks - Regional,0.8838,0.32526,624,,,,,,,,
GCBC/PBHC,Banks - Regional,0.8435,0.32526,624,,,,,,,,
GDL/SPXX,Asset Management,0.9682,0.32527,624,,,,,,,,
AGD/PCF,Asset Management,0.95,0.32528,624,,,,,,,,
NXC/PNF,Asset Management,0.8601,0.3253,624,,,,,,,,
COLB/SFNC,Banks - Regional,0.9515,0.3253,624,,,,,,,,
CZWI/IBCP,Banks - Regional,0.9225,0.3253,624,,,,,,,,
PGC/SHBI,Banks - Regional,0.9189,0.3253,624,,,,,,,,
BN/UTF,Asset Management,0.9702,0.32531,624,,,,,,,,
HOMB/PBHC,Banks - Regional,0.9099,0.32532,624,,,,,,,,
PCK/PCQ,Asset Management,0.9347,0.32533,624,,,,,,,,
FTCS/GJR,Unknown,0.9673,0.32534,624,,,,,,,,
HPI/MUC,Asset Management,0.8776,0.32538,624,,,,,,,,
BRKL/OPOF,Banks - Regional,0.8686,0.3254,624,,,,,,,,
OCSL/SAR,Asset Management,0.8135,0.3254,624,,,,,,,,
BLK/JEQ,Asset Management,0.9155,0.32541,624,,,,,,,,
HWBK/NBTB,Banks - Regional,0.9525,0.32541,624,,,,,,,,
BSRR/TFC,Banks - Regional,0.9172,0.32542,624,,,,,,,,
ARI/BXMT,REIT - Mortgage,0.9363,0.32542,624,,,,,,,,
COLB/PKBK,Banks - Regional,0.823,0.32543,624,,,,,,,,
MPB/TFC,Banks - Regional,0.9151,0.32543,624,,,,,,,,
FFBC/HBAN,Banks - Regional,0.9492,0.32545,624,,,,,,,,
CCNE/WAFD,Banks - Regional,0.9517,0.32546,624,,,,,,,,
KTH/PNQI,Unknown,0.9261,0.32546,624,,,,,,,,
JBK/KTN,Unknown,0.9794,0.32547,624,,,,,,,,
BN/TSI,Asset Management,0.9314,0.32547,624,,,,,,,,
PCQ/PFO,Asset Management,0.8553,0.3255,624,,,,,,,,
PYT/VCLT,Unknown,0.8822,0.32551,624,,,,,,,,
PMO/PYN,Asset Management,0.8162,0.32553,624,,,,,,,,
CIVB/MBCN,Banks - Regional,0.9103,0.32556,624,,,,,,,,
GDO/NAN,Asset Management,0.9581,0.32556,624,,,,,,,,
PFBC/SSB,Banks - Regional,0.934,0.32558,624,,,,,,,,
MVF/NPV,Asset Management,0.8603,0.3256,624,,,,,,,,
IBB/KTN,Unknown,0.9391,0.32561,624,,,,,,,,
MUE/NUW,Asset Management,0.9727,0.32561,624,,,,,,,,
HBCP/NKSH,Banks - Regional,0.8747,0.32561,624,,,,,,,,
HIO/VBF,Asset Management,0.952,0.32563,624,,,,,,,,
FMBH/PNC,Banks - Regional,0.9466,0.32564,624,,,,,,,,
CWBC/LKFN,Banks - Regional,0.9031,0.32565,624,,,,,,,,
CZNC/WAFD,Banks - Regional,0.9399,0.3257,624,,,,,,,,
PCF/PHK,Asset Management,0.8592,0.32571,624,,,,,,,,
CBFV/UMBF,Banks - Regional,0.8574,0.32571,624,,,,,,,,
LCNB/MBCN,Banks - Regional,0.8829,0.32571,624,,,,,,,,
BN/NTRS,Asset Management,0.8944,0.32574,624,,,,,,,,
CVBF/FFIC,Banks - Regional,0.8202,0.32575,624,,,,,,,,
FOF/IFN,Asset Management,0.9563,0.32575,624,,,,,,,,
CRT/MTR,Oil & Gas E&P,0.8098,0.32576,624,,,,,,,,
PHD/PHT,Asset Management,0.8125,0.32576,624,,,,,,,,
FMY/NEA,Asset Management,0.8829,0.32577,624,,,,,,,,
PB/RNST,Banks - Regional,0.8927,0.32578,624,,,,,,,,
CBSH/TSBK,Banks - Regional,0.9373,0.32579,624,,,,,,,,
CRT/SJT,Oil & Gas E&P,0.8031,0.3258,624,,,,,,,,
MQY/WEA,Asset Management,0.9365,0.3258,624,,,,,,,,
MOFG/QCRH,Banks - Regional,0.8243,0.32581,624,,,,,,,,
MOFG/RVSB,Banks - Regional,0.8389,0.32582,624,,,,,,,,
FBNC/SFST,Banks - Regional,0.9242,0.32582,624,,,,,,,,
BKN/VMO,Asset Management,0.9709,0.32583,624,,,,,,,,
CZWI/FNWD,Banks - Regional,0.856,0.32584,624,,,,,,,,
RF/UBFO,Banks - Regional,0.8836,0.32585,624,,,,,,,,
BOKF/NWFL,Banks - Regional,0.8781,0.32586,624,,,,,,,,
COLB/FRST,Banks - Regional,0.9364,0.32586,624,,,,,,,,
DTF/VKQ,Asset Management,0.9466,0.32587,624,,,,,,,,
FNB/WSBC,Banks - Regional,0.8565,0.32587,624,,,,,,,,
NOM/PCK,Asset Management,0.9014,0.3259,624,,,,,,,,
EVF/HTGC,Asset Management,0.9727,0.3259,624,,,,,,,,
MUJ/NZF,Asset Management,0.9815,0.32591,624,,,,,,,,
MSM/WCC,Industrial Distribution,0.8482,0.32592,624,,,,,,,,
BCAL/USB,Banks - Regional,0.8095,0.32594,624,,,,,,,,
GJH/PFM,Unknown,0.9674,0.32594,624,,,,,,,,
JPC/NMZ,Asset Management,0.9655,0.32595,624,,,,,,,,
BVFL/NWFL,Banks - Regional,0.8207,0.32595,624,,,,,,,,
FRME/RVSB,Banks - Regional,0.9191,0.32596,624,,,,,,,,
GCBC/PLBC,Banks - Regional,0.9327,0.32596,624,,,,,,,,
AMWD/HOFT,"Furnishings, Fixtures & Appliances",0.8242,0.32596,624,,,,,,,,
COFS/WAL,Banks - Regional,0.822,0.32596,624,,,,,,,,
AGD/PFN,Asset Management,0.9238,0.32597,624,,,,,,,,
CWBC/HFWA,Banks - Regional,0.9222,0.32598,624,,,,,,,,
AGD/TSI,Asset Management,0.8749,0.32599,624,,,,,,,,
HBCP/HFWA,Banks - Regional,0.9108,0.32599,624,,,,,,,,
IGI/NPV,Asset Management,0.8786,0.326,624,,,,,,,,
CXE/PZC,Asset Management,0.9417,0.32601,624,,,,,,,,
MTB/PFS,Banks - Regional,0.9117,0.32602,624,,,,,,,,
CPK/SR,Utilities - Regulated Gas,0.9163,0.32603,624,,,,,,,,
FCT/NFJ,Asset Management,0.9659,0.32603,624,,,,,,,,
PNI/SBI,Asset Management,0.8679,0.32603,624,,,,,,,,
GJR/RTH,Unknown,0.9645,0.32606,624,,,,,,,,
BVFL/MPB,Banks - Regional,0.8085,0.32606,624,,,,,,,,
MUE/NNY,Asset Management,0.9616,0.32606,624,,,,,,,,
MBCN/TSBK,Banks - Regional,0.964,0.32608,624,,,,,,,,
IAE/RVT,Asset Management,0.8784,0.32609,624,,,,,,,,
FHN/HAFC,Banks - Regional,0.8413,0.3261,624,,,,,,,,
SAR/SOR,Asset Management,0.9657,0.3261,624,,,,,,,,
ELS/UDR,REIT - Residential,0.9639,0.32611,624,,,,,,,,
FCF/FMAO,Banks - Regional,0.8592,0.32613,624,,,,,,,,
SMBK/WAFD,Banks - Regional,0.9486,0.32613,624,,,,,,,,
BUSE/TOWN,Banks - Regional,0.9595,0.32614,624,,,,,,,,
SSB/WBS,Banks - Regional,0.9371,0.32616,624,,,,,,,,
PCM/TROW,Asset Management,0.9173,0.32617,624,,,,,,,,
NMT/NXJ,Asset Management,0.9411,0.3262,624,,,,,,,,
BMRC/USB,Banks - Regional,0.8244,0.32621,624,,,,,,,,
MMT/NIM,Asset Management,0.95,0.32622,624,,,,,,,,
ASB/FMNB,Banks - Regional,0.9091,0.32623,624,,,,,,,,
TCBK/WSFS,Banks - Regional,0.9479,0.32624,624,,,,,,,,
BCML/SFBC,Banks - Regional,0.9188,0.32624,624,,,,,,,,
GABC/MBCN,Banks - Regional,0.9408,0.32625,624,,,,,,,,
FMAO/SBFG,Banks - Regional,0.8908,0.32626,624,,,,,,,,
MHD/NVG,Asset Management,0.9376,0.32627,624,,,,,,,,
EVN/PMF,Asset Management,0.9334,0.32628,624,,,,,,,,
GJT/QQEW,Unknown,0.9476,0.32628,624,,,,,,,,
FCF/SFST,Banks - Regional,0.8714,0.32629,624,,,,,,,,
FRAF/MGYR,Banks - Regional,0.9403,0.32629,624,,,,,,,,
CHMG/HTBK,Banks - Regional,0.875,0.32633,624,,,,,,,,
FRAF/WSBC,Banks - Regional,0.8921,0.32636,624,,,,,,,,
CRH/EXP,Building Materials,0.9621,0.32636,624,,,,,,,,
AUB/FRME,Banks - Regional,0.978,0.32636,624,,,,,,,,
IQI/JHS,Asset Management,0.9762,0.32637,624,,,,,,,,
FISI/HBAN,Banks - Regional,0.8976,0.32638,624,,,,,,,,
NRIM/SMBK,Banks - Regional,0.8692,0.32639,624,,,,,,,,
FFA/USA,Asset Management,0.9952,0.32639,624,,,,,,,,
FFIC/USB,Banks - Regional,0.8609,0.3264,624,,,,,,,,
NUW/PFO,Asset Management,0.9528,0.3264,624,,,,,,,,
CCNE/ONB,Banks - Regional,0.9114,0.32648,624,,,,,,,,
KTF/WEA,Asset Management,0.8481,0.32648,624,,,,,,,,
MMT/PFD,Asset Management,0.9334,0.32648,624,,,,,,,,
IQI/PFO,Asset Management,0.9761,0.32649,624,,,,,,,,
COFS/MNSB,Banks - Regional,0.8266,0.32651,624,,,,,,,,
AGD/WIW,Asset Management,0.8998,0.32653,624,,,,,,,,
CZNC/FMNB,Banks - Regional,0.9622,0.32656,624,,,,,,,,
RF/TSBK,Banks - Regional,0.9392,0.32657,624,,,,,,,,
MOFG/TOWN,Banks - Regional,0.8715,0.32658,624,,,,,,,,
HBCP/PKBK,Banks - Regional,0.9552,0.32659,624,,,,,,,,
EWBC/MGYR,Banks - Regional,0.9339,0.3266,624,,,,,,,,
CVBF/HBNC,Banks - Regional,0.9452,0.3266,624,,,,,,,,
DSU/PTY,Asset Management,0.956,0.3266,624,,,,,,,,
GJT/SMH,Unknown,0.9246,0.3266,624,,,,,,,,
DTF/VGM,Asset Management,0.9535,0.3266,624,,,,,,,,
CHKP/SNPS,Software - Infrastructure,0.8581,0.32661,624,,,,,,,,
CZNC/WBS,Banks - Regional,0.9338,0.32661,624,,,,,,,,
LEO/NUV,Asset Management,0.9656,0.32661,624,,,,,,,,
JHI/NXN,Asset Management,0.91,0.32662,624,,,,,,,,
MBCN/RVSB,Banks - Regional,0.8248,0.32665,624,,,,,,,,
FSFG/WASH,Banks - Regional,0.8876,0.32665,624,,,,,,,,
FCF/OCFC,Banks - Regional,0.8379,0.32665,624,,,,,,,,
BFZ/EVN,Asset Management,0.9688,0.32668,624,,,,,,,,
AWP/RFI,Asset Management,0.9451,0.32668,624,,,,,,,,
HBAN/WNEB,Banks - Regional,0.8348,0.32668,624,,,,,,,,
PGC/WBS,Banks - Regional,0.9457,0.32669,624,,,,,,,,
CADE/FMNB,Banks - Regional,0.9181,0.3267,624,,,,,,,,
EMD/NRK,Asset Management,0.9027,0.3267,624,,,,,,,,
PCN/PPT,Asset Management,0.9703,0.32671,624,,,,,,,,
SAR/VVR,Asset Management,0.9389,0.32671,624,,,,,,,,
CBSH/PPBI,Banks - Regional,0.8945,0.32672,624,,,,,,,,
AUB/GCBC,Banks - Regional,0.83,0.32673,624,,,,,,,,
AGD/EXG,Asset Management,0.9694,0.32674,624,,,,,,,,
CMA/PBHC,Banks - Regional,0.8873,0.32676,624,,,,,,,,
MUC/VCV,Asset Management,0.9729,0.32676,624,,,,,,,,
COHU/FORM,Semiconductor Equipment & Materials,0.8595,0.32676,624,,,,,,,,
HBCP/NRIM,Banks - Regional,0.8741,0.32676,624,,,,,,,,
FNWD/UNB,Banks - Regional,0.8272,0.32677,624,,,,,,,,
GJP/PID,Unknown,0.9077,0.32677,624,,,,,,,,
PB/SYBT,Banks - Regional,0.9049,0.32677,624,,,,,,,,
ADSK/PAR,Software - Application,0.9509,0.32678,624,,,,,,,,
BLK/ETO,Asset Management,0.9798,0.32679,624,,,,,,,,
ARCC/STEW,Asset Management,0.984,0.32681,624,,,,,,,,
FBNC/SBCF,Banks - Regional,0.967,0.32681,624,,,,,,,,
CMI/NPO,Specialty Industrial Machinery,0.9422,0.32682,624,,,,,,,,
ASB/UCB,Banks - Regional,0.9089,0.32684,624,,,,,,,,
NGG/PEG,Utilities - Regulated Electric,0.887,0.32684,624,,,,,,,,
PNC/WAL,Banks - Regional,0.9682,0.32685,624,,,,,,,,
LSBK/OPBK,Banks - Regional,0.8695,0.32685,624,,,,,,,,
FMNB/WSBF,Banks - Regional,0.959,0.32686,624,,,,,,,,
CTBI/FMBH,Banks - Regional,0.9214,0.32687,624,,,,,,,,
LARK/MBCN,Banks - Regional,0.8681,0.32687,624,,,,,,,,
KTH/TVE,Unknown,0.8968,0.32687,624,,,,,,,,
IGIB/TVE,Unknown,0.9478,0.32687,624,,,,,,,,
PWOD/TOWN,Banks - Regional,0.8138,0.32687,624,,,,,,,,
CFR/ZION,Banks - Regional,0.9427,0.3269,624,,,,,,,,
IIM/LEO,Asset Management,0.9657,0.32691,624,,,,,,,,
CNS/FMY,Asset Management,0.9202,0.32692,624,,,,,,,,
HQH/PCF,Asset Management,0.8746,0.32693,624,,,,,,,,
MUE/MYD,Asset Management,0.9844,0.32695,624,,,,,,,,
FCF/UBFO,Banks - Regional,0.9398,0.32695,624,,,,,,,,
NOM/NUW,Asset Management,0.8012,0.32695,624,,,,,,,,
BPOPM/IGIB,Unknown,0.9454,0.32695,624,,,,,,,,
FNWD/FSFG,Banks - Regional,0.8906,0.32698,624,,,,,,,,
CCNE/WNEB,Banks - Regional,0.8921,0.327,624,,,,,,,,
BOH/NBTB,Banks - Regional,0.8916,0.32701,624,,,,,,,,
GDO/JHI,Asset Management,0.9539,0.32701,624,,,,,,,,
JHS/MVF,Asset Management,0.9372,0.32703,624,,,,,,,,
ETJ/ETV,Asset Management,0.9735,0.32704,624,,,,,,,,
KTF/PMO,Asset Management,0.8754,0.32705,624,,,,,,,,
AROW/TFC,Banks - Regional,0.9531,0.32706,624,,,,,,,,
EBTC/TCBK,Banks - Regional,0.9312,0.32706,624,,,,,,,,
BGT/TWN,Asset Management,0.9495,0.32707,624,,,,,,,,
MFM/PCK,Asset Management,0.8825,0.32708,624,,,,,,,,
AROW/PEBK,Banks - Regional,0.9216,0.32708,624,,,,,,,,
NPO/SXI,Specialty Industrial Machinery,0.9499,0.32709,624,,,,,,,,
OIA/VMO,Asset Management,0.9502,0.32709,624,,,,,,,,
ESLT/NOC,Aerospace & Defense,0.9272,0.32709,624,,,,,,,,
LSBK/NWBI,Banks - Regional,0.9109,0.3271,624,,,,,,,,
BFK/WEA,Asset Management,0.8887,0.32711,624,,,,,,,,
RBCAA/TRMK,Banks - Regional,0.9156,0.32712,624,,,,,,,,
AGD/BLK,Asset Management,0.9698,0.32712,624,,,,,,,,
BGT/PSEC,Asset Management,0.8094,0.32713,624,,,,,,,,
IIM/JMM,Asset Management,0.9413,0.32715,624,,,,,,,,
AB/BX,Asset Management,0.9357,0.32715,624,,,,,,,,
KTF/VKQ,Asset Management,0.9261,0.32716,624,,,,,,,,
MYI/PCK,Asset Management,0.858,0.32717,624,,,,,,,,
CBFV/CBU,Banks - Regional,0.846,0.32718,624,,,,,,,,
MBCN/PEBO,Banks - Regional,0.9491,0.32718,624,,,,,,,,
TROW/WIW,Asset Management,0.9292,0.32719,624,,,,,,,,
BTA/RNP,Asset Management,0.9349,0.32721,624,,,,,,,,
GDO/TSI,Asset Management,0.9596,0.32723,624,,,,,,,,
CAC/WABC,Banks - Regional,0.9231,0.32724,624,,,,,,,,
BBAR/BMA,Banks - Regional,0.9169,0.32724,624,,,,,,,,
NBTB/USB,Banks - Regional,0.8751,0.32725,624,,,,,,,,
PB/TSBK,Banks - Regional,0.9324,0.32728,624,,,,,,,,
PFIS/THFF,Banks - Regional,0.9077,0.3273,624,,,,,,,,
EWBC/PNC,Banks - Regional,0.97,0.3273,624,,,,,,,,
BHLB/OVBC,Banks - Regional,0.8107,0.32732,624,,,,,,,,
HWC/PFIS,Banks - Regional,0.8314,0.32732,624,,,,,,,,
BBH/QQXT,Unknown,0.9204,0.32733,624,,,,,,,,
BMRC/PFS,Banks - Regional,0.8435,0.32734,624,,,,,,,,
GABC/RVSB,Banks - Regional,0.8652,0.32735,624,,,,,,,,
AUBN/BMRC,Banks - Regional,0.8784,0.32735,624,,,,,,,,
PB/PPBI,Banks - Regional,0.8827,0.32735,624,,,,,,,,
PEBO/WSBC,Banks - Regional,0.9247,0.32737,624,,,,,,,,
MOFG/PB,Banks - Regional,0.8696,0.32738,624,,,,,,,,
EMB/JSM,Unknown,0.9273,0.3274,624,,,,,,,,
FCF/FNLC,Banks - Regional,0.9668,0.32741,624,,,,,,,,
MGYR/RBCAA,Banks - Regional,0.8981,0.32744,624,,,,,,,,
ETV/NTRS,Asset Management,0.9366,0.32745,624,,,,,,,,
PLBC/SBSI,Banks - Regional,0.8882,0.32745,624,,,,,,,,
AUB/RF,Banks - Regional,0.9299,0.32745,624,,,,,,,,
FLC/PMM,Asset Management,0.9823,0.32746,624,,,,,,,,
HIO/JHS,Asset Management,0.9209,0.32746,624,,,,,,,,
CBFV/FITB,Banks - Regional,0.8562,0.32749,624,,,,,,,,
NAN/VPV,Asset Management,0.9826,0.32751,624,,,,,,,,
JMM/TSI,Asset Management,0.9729,0.32754,624,,,,,,,,
FDBC/HWBK,Banks - Regional,0.8767,0.32754,624,,,,,,,,
NMT/VTN,Asset Management,0.9449,0.32757,624,,,,,,,,
CZWI/UCB,Banks - Regional,0.8925,0.32761,624,,,,,,,,
CIVB/UCB,Banks - Regional,0.9275,0.32761,624,,,,,,,,
GRC/JBTM,Specialty Industrial Machinery,0.8248,0.32761,624,,,,,,,,
BUSE/LKFN,Banks - Regional,0.8781,0.32764,624,,,,,,,,
OCFC/SFNC,Banks - Regional,0.926,0.32765,624,,,,,,,,
FHN/HWBK,Banks - Regional,0.8492,0.32765,624,,,,,,,,
ESSA/HBAN,Banks - Regional,0.9333,0.32766,624,,,,,,,,
EMD/PMM,Asset Management,0.8803,0.32767,624,,,,,,,,
DCOM/ZION,Banks - Regional,0.9025,0.32767,624,,,,,,,,
CCNE/ISBA,Banks - Regional,0.8436,0.32771,624,,,,,,,,
BBH/PFI,Unknown,0.9138,0.32771,624,,,,,,,,
CZNC/FFBC,Banks - Regional,0.8991,0.32774,624,,,,,,,,
BKT/NOM,Asset Management,0.8376,0.32775,624,,,,,,,,
CVBF/EBMT,Banks - Regional,0.89,0.32776,624,,,,,,,,
AUB/SNV,Banks - Regional,0.9481,0.32778,624,,,,,,,,
NTRS/UTF,Asset Management,0.9184,0.32778,624,,,,,,,,
AWP/PFL,Asset Management,0.9563,0.32779,624,,,,,,,,
MHD/NXJ,Asset Management,0.9256,0.32779,624,,,,,,,,
HWBK/QCRH,Banks - Regional,0.9404,0.3278,624,,,,,,,,
DTF/KTF,Asset Management,0.9474,0.32782,624,,,,,,,,
JHI/MVF,Asset Management,0.8265,0.32783,624,,,,,,,,
CIVB/PGC,Banks - Regional,0.9562,0.32785,624,,,,,,,,
ONB/PB,Banks - Regional,0.9581,0.32785,624,,,,,,,,
TCBK/UNTY,Banks - Regional,0.9102,0.32785,624,,,,,,,,
LH/RDNT,Diagnostics & Research,0.8402,0.32786,624,,,,,,,,
CXE/FFC,Asset Management,0.9357,0.32787,624,,,,,,,,
BRKL/CCNE,Banks - Regional,0.9418,0.32787,624,,,,,,,,
AROW/HTBK,Banks - Regional,0.9104,0.32788,624,,,,,,,,
MBCN/PGC,Banks - Regional,0.8853,0.32788,624,,,,,,,,
MCI/RFI,Asset Management,0.8677,0.32788,624,,,,,,,,
BVFL/CBSH,Banks - Regional,0.8881,0.32791,624,,,,,,,,
EVT/TSI,Asset Management,0.953,0.32791,624,,,,,,,,
DTF/NRK,Asset Management,0.9364,0.32793,624,,,,,,,,
GSBC/PLBC,Banks - Regional,0.9375,0.32793,624,,,,,,,,
PPBI/RNST,Banks - Regional,0.9477,0.32793,624,,,,,,,,
CADE/CFFI,Banks - Regional,0.8703,0.32794,624,,,,,,,,
UBCP/WSBF,Banks - Regional,0.9028,0.32795,624,,,,,,,,
LSTA/TENX,Biotechnology,0.8172,0.32796,624,,,,,,,,
BNY/NZF,Asset Management,0.9143,0.32797,624,,,,,,,,
ESSA/FCF,Banks - Regional,0.9405,0.32798,624,,,,,,,,
GJT/IUSG,Unknown,0.9515,0.32798,624,,,,,,,,
LCNB/WSFS,Banks - Regional,0.9242,0.328,624,,,,,,,,
FFC/RFI,Asset Management,0.9313,0.328,624,,,,,,,,
GAB/GOF,Asset Management,0.9674,0.32802,624,,,,,,,,
CWBC/PLBC,Banks - Regional,0.8861,0.32802,624,,,,,,,,
DDT/GJS,Unknown,0.9658,0.32802,624,,,,,,,,
MUJ/PMM,Asset Management,0.9843,0.32803,624,,,,,,,,
OVLY/SMBC,Banks - Regional,0.9278,0.32805,624,,,,,,,,
CTBI/UBFO,Banks - Regional,0.9253,0.32808,624,,,,,,,,
CBSH/OCFC,Banks - Regional,0.8131,0.32811,624,,,,,,,,
PMM/PYN,Asset Management,0.8181,0.32811,624,,,,,,,,
MHN/PCK,Asset Management,0.9068,0.32812,624,,,,,,,,
DSU/EFT,Asset Management,0.9894,0.32814,624,,,,,,,,
PB/WABC,Banks - Regional,0.8821,0.32814,624,,,,,,,,
ACN/BR,Information Technology Services,0.9729,0.32814,624,,,,,,,,
DSM/PFO,Asset Management,0.9426,0.32815,624,,,,,,,,
IQI/MVF,Asset Management,0.9711,0.32816,624,,,,,,,,
BUSE/SFST,Banks - Regional,0.9212,0.3282,624,,,,,,,,
EOD/EVG,Asset Management,0.9619,0.3282,624,,,,,,,,
PSTV/TTNP,Biotechnology,0.816,0.32821,624,,,,,,,,
BLE/PZC,Asset Management,0.9566,0.32821,624,,,,,,,,
NXP/VMO,Asset Management,0.9248,0.32821,624,,,,,,,,
MBB/VCLT,Unknown,0.9793,0.32822,624,,,,,,,,
QGEN/WAT,Diagnostics & Research,0.9196,0.32822,624,,,,,,,,
RFI/SAR,Asset Management,0.9512,0.32823,624,,,,,,,,
NWFL/OPOF,Banks - Regional,0.8005,0.32826,624,,,,,,,,
HOLX/WST,Medical Instruments & Supplies,0.9456,0.32827,624,,,,,,,,
FNLC/RNST,Banks - Regional,0.8706,0.32828,624,,,,,,,,
FLC/IQI,Asset Management,0.9728,0.32832,624,,,,,,,,
CIF/JHS,Asset Management,0.9615,0.32833,624,,,,,,,,
GJO/PFF,Unknown,0.922,0.32834,624,,,,,,,,
CHCO/CIVB,Banks - Regional,0.8278,0.32837,624,,,,,,,,
ETO/PFL,Asset Management,0.9727,0.32837,624,,,,,,,,
EBTC/NFBK,Banks - Regional,0.8375,0.32841,624,,,,,,,,
HOMB/LARK,Banks - Regional,0.9113,0.32842,624,,,,,,,,
CMU/FMN,Asset Management,0.965,0.32843,624,,,,,,,,
CXH/FLC,Asset Management,0.9597,0.32843,624,,,,,,,,
BUSE/PFS,Banks - Regional,0.9465,0.32845,624,,,,,,,,
LARK/LKFN,Banks - Regional,0.8672,0.32852,624,,,,,,,,
HPI/NAZ,Asset Management,0.8691,0.32855,624,,,,,,,,
CFFI/FCF,Banks - Regional,0.9289,0.32855,624,,,,,,,,
BUSE/CZNC,Banks - Regional,0.9233,0.32857,624,,,,,,,,
CAC/FMAO,Banks - Regional,0.8875,0.32859,624,,,,,,,,
GJS/IMCV,Unknown,0.9734,0.32859,624,,,,,,,,
EBTC/PEBO,Banks - Regional,0.9409,0.32859,624,,,,,,,,
HFWA/HWBK,Banks - Regional,0.8673,0.3286,624,,,,,,,,
BN/CNS,Asset Management,0.9772,0.32863,624,,,,,,,,
OSBC/SBCF,Banks - Regional,0.9189,0.32864,624,,,,,,,,
NUW/WEA,Asset Management,0.9206,0.32865,624,,,,,,,,
JHS/KTF,Asset Management,0.8882,0.32865,624,,,,,,,,
DCOM/TCBK,Banks - Regional,0.8768,0.32865,624,,,,,,,,
IAE/WIW,Asset Management,0.877,0.32868,624,,,,,,,,
BSRR/CHMG,Banks - Regional,0.9219,0.32868,624,,,,,,,,
AGD/STT,Asset Management,0.8051,0.32868,624,,,,,,,,
MVT/PNF,Asset Management,0.9395,0.32871,624,,,,,,,,
IMOS/POWI,Semiconductors,0.9489,0.32873,624,,,,,,,,
CCNE/GBCI,Banks - Regional,0.9005,0.32873,624,,,,,,,,
AWF/HTGC,Asset Management,0.9357,0.32873,624,,,,,,,,
PMX/VCV,Asset Management,0.922,0.32875,624,,,,,,,,
BOKF/FITB,Banks - Regional,0.9548,0.32876,624,,,,,,,,
SHBI/ZION,Banks - Regional,0.9221,0.32876,624,,,,,,,,
OVBC/RVSB,Banks - Regional,0.9064,0.32876,624,,,,,,,,
PODD/STE,Medical Devices,0.9372,0.32877,624,,,,,,,,
GABC/IBOC,Banks - Regional,0.9171,0.32878,624,,,,,,,,
COHU/KLIC,Semiconductor Equipment & Materials,0.9181,0.32878,624,,,,,,,,
CMA/MPB,Banks - Regional,0.9218,0.32882,624,,,,,,,,
NMT/PMX,Asset Management,0.9201,0.32882,624,,,,,,,,
GABC/HFBL,Banks - Regional,0.897,0.32883,624,,,,,,,,
ENB/EPD,Oil & Gas Midstream,0.9179,0.32883,624,,,,,,,,
IBCP/SNV,Banks - Regional,0.9454,0.32883,624,,,,,,,,
AGD/PHD,Asset Management,0.929,0.32883,624,,,,,,,,
CBFV/GSBC,Banks - Regional,0.9043,0.32885,624,,,,,,,,
BGT/GOF,Asset Management,0.9379,0.32885,624,,,,,,,,
AOD/LGI,Asset Management,0.9801,0.32886,624,,,,,,,,
MFM/NMZ,Asset Management,0.9749,0.3289,624,,,,,,,,
FCF/FMBH,Banks - Regional,0.9426,0.3289,624,,,,,,,,
GDO/NQP,Asset Management,0.9697,0.32891,624,,,,,,,,
BRKL/VABK,Banks - Regional,0.8669,0.32892,624,,,,,,,,
KLIC/UCTT,Semiconductor Equipment & Materials,0.927,0.32893,624,,,,,,,,
CMU/MYN,Asset Management,0.9632,0.32894,624,,,,,,,,
NAZ/NXC,Asset Management,0.9458,0.32894,624,,,,,,,,
EMD/VGM,Asset Management,0.8922,0.32896,624,,,,,,,,
BNY/NNY,Asset Management,0.9198,0.32896,624,,,,,,,,
FULT/VABK,Banks - Regional,0.9223,0.32896,624,,,,,,,,
IGI/QQQX,Asset Management,0.8808,0.32898,624,,,,,,,,
FHI/GCV,Asset Management,0.825,0.32899,624,,,,,,,,
BFC/NEWT,Banks - Regional,0.8285,0.32901,624,,,,,,,,
ETO/GAM,Asset Management,0.9611,0.32902,624,,,,,,,,
BSRR/VABK,Banks - Regional,0.9402,0.32904,624,,,,,,,,
CHMG/FNB,Banks - Regional,0.8694,0.32905,624,,,,,,,,
FCCO/TCBK,Banks - Regional,0.9366,0.32906,624,,,,,,,,
MAV/MYI,Asset Management,0.8252,0.32906,624,,,,,,,,
JHI/MIN,Asset Management,0.9543,0.32906,624,,,,,,,,
EIG/ITIC,Insurance - Specialty,0.955,0.32907,624,,,,,,,,
CHY/GCV,Asset Management,0.9353,0.32908,624,,,,,,,,
CAC/PEBO,Banks - Regional,0.9462,0.32909,624,,,,,,,,
ABM/CTAS,Specialty Business Services,0.8831,0.32911,624,,,,,,,,
NCA/NPV,Asset Management,0.8415,0.32911,624,,,,,,,,
FMY/NXJ,Asset Management,0.9232,0.32912,624,,,,,,,,
CXE/NMZ,Asset Management,0.9528,0.32913,624,,,,,,,,
NEA/VMO,Asset Management,0.9813,0.32915,624,,,,,,,,
BMRC/NFBK,Banks - Regional,0.8104,0.32922,624,,,,,,,,
FFIN/LSBK,Banks - Regional,0.8157,0.32923,624,,,,,,,,
BUSE/WTFC,Banks - Regional,0.9008,0.32923,624,,,,,,,,
BGT/MCN,Asset Management,0.9374,0.32924,624,,,,,,,,
EMB/VGSH,Unknown,0.8701,0.32928,624,,,,,,,,
MIN/NAN,Asset Management,0.9264,0.32931,624,,,,,,,,
CNC/UNH,Healthcare Plans,0.9142,0.32934,624,,,,,,,,
BYM/PYN,Asset Management,0.8661,0.32936,624,,,,,,,,
CBAN/SNV,Banks - Regional,0.9192,0.32937,624,,,,,,,,
AUB/NEWT,Banks - Regional,0.8498,0.3294,624,,,,,,,,
AUB/SRCE,Banks - Regional,0.9593,0.3294,624,,,,,,,,
INDB/UVSP,Banks - Regional,0.8985,0.32941,624,,,,,,,,
HWKN/RPM,Specialty Chemicals,0.8283,0.32942,624,,,,,,,,
HTGC/PSEC,Asset Management,0.8195,0.32945,624,,,,,,,,
RBA/TRI,Specialty Business Services,0.9681,0.32946,624,,,,,,,,
FULT/TCBK,Banks - Regional,0.9447,0.32946,624,,,,,,,,
IBCP/OPOF,Banks - Regional,0.805,0.32946,624,,,,,,,,
CBSH/IBCP,Banks - Regional,0.9042,0.32947,624,,,,,,,,
CTBI/PFIS,Banks - Regional,0.9288,0.32947,624,,,,,,,,
FFC/VKQ,Asset Management,0.9648,0.32949,624,,,,,,,,
RVSB/VLY,Banks - Regional,0.8124,0.3295,624,,,,,,,,
ETB/TSI,Asset Management,0.9594,0.32951,624,,,,,,,,
SMBK/USB,Banks - Regional,0.8944,0.32954,624,,,,,,,,
JHS/MVT,Asset Management,0.9215,0.32956,624,,,,,,,,
JHS/NVG,Asset Management,0.9763,0.32957,624,,,,,,,,
IBCP/UCB,Banks - Regional,0.8998,0.3296,624,,,,,,,,
FRAF/TCBK,Banks - Regional,0.9399,0.32961,624,,,,,,,,
OVLY/SBFG,Banks - Regional,0.8805,0.32962,624,,,,,,,,
JHS/VGM,Asset Management,0.9724,0.32963,624,,,,,,,,
GDO/VGM,Asset Management,0.9536,0.32964,624,,,,,,,,
CXE/NIM,Asset Management,0.9247,0.32965,624,,,,,,,,
CTS/SANM,Electronic Components,0.9283,0.32965,624,,,,,,,,
UBSI/WTBA,Banks - Regional,0.91,0.32968,624,,,,,,,,
EFR/HTGC,Asset Management,0.97,0.32969,624,,,,,,,,
NRIM/RF,Banks - Regional,0.913,0.32971,624,,,,,,,,
BOE/PCM,Asset Management,0.903,0.32971,624,,,,,,,,
CATY/MTB,Banks - Regional,0.9654,0.32972,624,,,,,,,,
ISBA/MBWM,Banks - Regional,0.8868,0.32973,624,,,,,,,,
CIVB/NFBK,Banks - Regional,0.8597,0.32974,624,,,,,,,,
IMCV/SOXX,Unknown,0.933,0.32975,624,,,,,,,,
BOE/PHD,Asset Management,0.9662,0.32976,624,,,,,,,,
GCBC/PEBK,Banks - Regional,0.8386,0.32977,624,,,,,,,,
AUB/UCB,Banks - Regional,0.9361,0.32978,624,,,,,,,,
CATY/NWFL,Banks - Regional,0.8903,0.32978,624,,,,,,,,
ETO/PTY,Asset Management,0.9725,0.32982,624,,,,,,,,
CBSH/LKFN,Banks - Regional,0.9631,0.32982,624,,,,,,,,
COFS/MTB,Banks - Regional,0.8675,0.32983,624,,,,,,,,
MCI/PDT,Asset Management,0.8261,0.32985,624,,,,,,,,
MCR/NCA,Asset Management,0.9175,0.32987,624,,,,,,,,
JLS/PCN,Asset Management,0.9518,0.32988,624,,,,,,,,
RF/VABK,Banks - Regional,0.9152,0.32988,624,,,,,,,,
MQT/PFD,Asset Management,0.9672,0.32989,624,,,,,,,,
AER/HEES,Rental & Leasing Services,0.8911,0.32989,624,,,,,,,,
DGX/LH,Diagnostics & Research,0.977,0.3299,624,,,,,,,,
OSBC/OVLY,Banks - Regional,0.9302,0.32991,624,,,,,,,,
AEP/TXNM,Utilities - Regulated Electric,0.9699,0.32991,624,,,,,,,,
BFK/VTN,Asset Management,0.9556,0.32994,624,,,,,,,,
BANF/MPB,Banks - Regional,0.86,0.32997,624,,,,,,,,
COLB/PEBK,Banks - Regional,0.8277,0.32997,624,,,,,,,,
HIX/JHS,Asset Management,0.9434,0.32997,624,,,,,,,,
BKT/NXP,Asset Management,0.8943,0.32997,624,,,,,,,,
EBMT/SFST,Banks - Regional,0.9524,0.32999,624,,,,,,,,
GABC/GCBC,Banks - Regional,0.8403,0.33002,624,,,,,,,,
CCNE/PROV,Banks - Regional,0.8443,0.33003,624,,,,,,,,
CBAN/WTBA,Banks - Regional,0.9404,0.33003,624,,,,,,,,
FLC/MQT,Asset Management,0.9695,0.33004,624,,,,,,,,
TOWN/UNTY,Banks - Regional,0.9356,0.33005,624,,,,,,,,
OBT/PFBC,Banks - Regional,0.919,0.33005,624,,,,,,,,
HBNC/RVSB,Banks - Regional,0.9131,0.33008,624,,,,,,,,
FWRD/UPS,Integrated Freight & Logistics,0.8197,0.33009,624,,,,,,,,
GSBC/SMBC,Banks - Regional,0.9611,0.33011,624,,,,,,,,
JHI/MYI,Asset Management,0.889,0.33012,624,,,,,,,,
JHI/PFO,Asset Management,0.9261,0.33012,624,,,,,,,,
BN/JMM,Asset Management,0.911,0.33013,624,,,,,,,,
IGD/PNNT,Asset Management,0.9212,0.33014,624,,,,,,,,
JHI/MYN,Asset Management,0.8729,0.33016,624,,,,,,,,
BTA/JPC,Asset Management,0.9581,0.33016,624,,,,,,,,
NUW/PCK,Asset Management,0.8717,0.33017,624,,,,,,,,
EMR/GRC,Specialty Industrial Machinery,0.8644,0.33019,624,,,,,,,,
CHMG/HFBL,Banks - Regional,0.8775,0.33021,624,,,,,,,,
L/TRV,Insurance - Property & Casualty,0.9348,0.33021,624,,,,,,,,
AX/PLBC,Banks - Regional,0.9384,0.33023,624,,,,,,,,
LSBK/OPOF,Banks - Regional,0.8778,0.33025,624,,,,,,,,
GSBC/HTBK,Banks - Regional,0.8975,0.33029,624,,,,,,,,
BLW/DSU,Asset Management,0.9837,0.3303,624,,,,,,,,
FMY/PFO,Asset Management,0.8762,0.33031,624,,,,,,,,
CATY/GABC,Banks - Regional,0.9648,0.33032,624,,,,,,,,
BXMX/TSI,Asset Management,0.9519,0.33033,624,,,,,,,,
BOH/MNSB,Banks - Regional,0.8791,0.33034,624,,,,,,,,
IBOC/PEBO,Banks - Regional,0.9262,0.33034,624,,,,,,,,
EXG/LGI,Asset Management,0.9895,0.33035,624,,,,,,,,
DTF/MHD,Asset Management,0.9688,0.33036,624,,,,,,,,
EBTC/UMBF,Banks - Regional,0.9109,0.33036,624,,,,,,,,
BANFP/TVE,Unknown,0.83,0.33037,624,,,,,,,,
DVY/GJR,Unknown,0.9547,0.33037,624,,,,,,,,
LEO/NVG,Asset Management,0.9575,0.33038,624,,,,,,,,
GBCI/OVLY,Banks - Regional,0.8402,0.33039,624,,,,,,,,
CXH/DTF,Asset Management,0.9506,0.33039,624,,,,,,,,
PHD/TWN,Asset Management,0.9394,0.33041,624,,,,,,,,
PDT/PFO,Asset Management,0.9535,0.33041,624,,,,,,,,
GLAD/JQC,Asset Management,0.9276,0.33041,624,,,,,,,,
EFSC/FNWD,Banks - Regional,0.8581,0.33042,624,,,,,,,,
EBTC/OSBC,Banks - Regional,0.9273,0.33042,624,,,,,,,,
BANFP/PHO,Unknown,0.942,0.33042,624,,,,,,,,
BCAL/HOMB,Banks - Regional,0.8251,0.33043,624,,,,,,,,
CCNE/NEWT,Banks - Regional,0.8129,0.33047,624,,,,,,,,
HIFS/SFST,Banks - Regional,0.9452,0.33048,624,,,,,,,,
HPS/VPV,Asset Management,0.9346,0.33048,624,,,,,,,,
FMN/LEO,Asset Management,0.9814,0.33049,624,,,,,,,,
EVF/STK,Asset Management,0.9649,0.33052,624,,,,,,,,
CBFV/FRAF,Banks - Regional,0.9274,0.33057,624,,,,,,,,
MOFG/THFF,Banks - Regional,0.8869,0.3306,624,,,,,,,,
FRAF/PGC,Banks - Regional,0.9033,0.33061,624,,,,,,,,
NXJ/VGM,Asset Management,0.9732,0.33062,624,,,,,,,,
HIX/PFO,Asset Management,0.9327,0.33063,624,,,,,,,,
APA/BTE,Oil & Gas E&P,0.8989,0.33064,624,,,,,,,,
AFB/VPV,Asset Management,0.9796,0.33065,624,,,,,,,,
FUNC/USB,Banks - Regional,0.8261,0.33066,624,,,,,,,,
JHI/MIY,Asset Management,0.9162,0.33066,624,,,,,,,,
BOH/HFWA,Banks - Regional,0.9283,0.33069,624,,,,,,,,
CHCO/VABK,Banks - Regional,0.9079,0.33069,624,,,,,,,,
PFN/USA,Asset Management,0.9541,0.33069,624,,,,,,,,
COFS/EWBC,Banks - Regional,0.8582,0.3307,624,,,,,,,,
PLBC/PNFP,Banks - Regional,0.9204,0.33076,624,,,,,,,,
FFBC/FULT,Banks - Regional,0.9694,0.33076,624,,,,,,,,
NKSH/PFIS,Banks - Regional,0.8163,0.33077,624,,,,,,,,
PFS/UBCP,Banks - Regional,0.8187,0.33077,624,,,,,,,,
HPI/NKX,Asset Management,0.9417,0.33078,624,,,,,,,,
SFNC/VABK,Banks - Regional,0.8313,0.33079,624,,,,,,,,
LKFN/WSFS,Banks - Regional,0.91,0.3308,624,,,,,,,,
PEZ/PSL,Unknown,0.9639,0.33082,624,,,,,,,,
KTF/PZC,Asset Management,0.9115,0.33086,624,,,,,,,,
HBNC/HFBL,Banks - Regional,0.9093,0.33086,624,,,,,,,,
CHMG/NWFL,Banks - Regional,0.9261,0.33089,624,,,,,,,,
EFSC/WASH,Banks - Regional,0.8728,0.3309,624,,,,,,,,
GS/MS,Capital Markets,0.9819,0.33091,624,,,,,,,,
FBNC/MNSB,Banks - Regional,0.9345,0.33093,624,,,,,,,,
BRW/MFIC,Asset Management,0.8709,0.33093,624,,,,,,,,
FUND/SPE,Asset Management,0.9519,0.33094,624,,,,,,,,
INDB/QCRH,Banks - Regional,0.8468,0.33095,624,,,,,,,,
NMZ/NZF,Asset Management,0.9879,0.33095,624,,,,,,,,
FMBH/PNFP,Banks - Regional,0.9239,0.33098,624,,,,,,,,
HQL/JEQ,Asset Management,0.9273,0.33098,624,,,,,,,,
FNWD/WAL,Banks - Regional,0.8258,0.33099,624,,,,,,,,
CHCO/FDBC,Banks - Regional,0.8404,0.33102,624,,,,,,,,
THFF/USB,Banks - Regional,0.9056,0.33102,624,,,,,,,,
FITB/PNFP,Banks - Regional,0.9645,0.33102,624,,,,,,,,
EVG/GDL,Asset Management,0.9572,0.33103,624,,,,,,,,
FNWD/PNC,Banks - Regional,0.8034,0.33104,624,,,,,,,,
BOTJ/MBCN,Banks - Regional,0.8806,0.33105,624,,,,,,,,
IBOC/WBS,Banks - Regional,0.8848,0.33106,624,,,,,,,,
BANC/CIVB,Banks - Regional,0.8543,0.33106,624,,,,,,,,
CCNE/ESSA,Banks - Regional,0.8406,0.33106,624,,,,,,,,
BSRR/FFBC,Banks - Regional,0.9459,0.33108,624,,,,,,,,
OPOF/SMBC,Banks - Regional,0.8032,0.33108,624,,,,,,,,
FCT/RFI,Asset Management,0.9451,0.33109,624,,,,,,,,
HPF/IIM,Asset Management,0.9266,0.33109,624,,,,,,,,
CFFI/FNLC,Banks - Regional,0.8917,0.33109,624,,,,,,,,
HBAN/WTFC,Banks - Regional,0.9556,0.33113,624,,,,,,,,
CMU/PYN,Asset Management,0.8897,0.33113,624,,,,,,,,
MOFG/SFST,Banks - Regional,0.877,0.33114,624,,,,,,,,
HBAN/TOWN,Banks - Regional,0.9601,0.33115,624,,,,,,,,
ASB/FXNC,Banks - Regional,0.8345,0.33115,624,,,,,,,,
EVG/JHS,Asset Management,0.8463,0.33116,624,,,,,,,,
FMBH/SFNC,Banks - Regional,0.8707,0.33116,624,,,,,,,,
CHMG/FCBC,Banks - Regional,0.9488,0.33116,624,,,,,,,,
MBCN/PFS,Banks - Regional,0.8446,0.33117,624,,,,,,,,
FOF/STEW,Asset Management,0.9869,0.33118,624,,,,,,,,
CCNE/FMBH,Banks - Regional,0.9396,0.33118,624,,,,,,,,
MUE/NXP,Asset Management,0.9072,0.3312,624,,,,,,,,
CLB/INVX,Oil & Gas Equipment & Services,0.8983,0.3312,624,,,,,,,,
PGC/SNV,Banks - Regional,0.9209,0.33121,624,,,,,,,,
PBHC/RVSB,Banks - Regional,0.8761,0.33121,624,,,,,,,,
CZWI/IBOC,Banks - Regional,0.8688,0.33122,624,,,,,,,,
DCOM/HBAN,Banks - Regional,0.8795,0.33122,624,,,,,,,,
BMRC/SFST,Banks - Regional,0.8745,0.33122,624,,,,,,,,
FMBH/GABC,Banks - Regional,0.9625,0.33122,624,,,,,,,,
FMBH/MBCN,Banks - Regional,0.8899,0.33126,624,,,,,,,,
AROW/OPOF,Banks - Regional,0.8304,0.33127,624,,,,,,,,
BOKF/CBAN,Banks - Regional,0.8799,0.33127,624,,,,,,,,
NMZ/PYN,Asset Management,0.8436,0.33127,624,,,,,,,,
FISI/FLIC,Banks - Regional,0.8561,0.33127,624,,,,,,,,
CMU/NQP,Asset Management,0.9413,0.33129,624,,,,,,,,
FSFG/PNFP,Banks - Regional,0.929,0.33129,624,,,,,,,,
CVBF/FSFG,Banks - Regional,0.9206,0.33134,624,,,,,,,,
ONB/OSBC,Banks - Regional,0.9371,0.33135,624,,,,,,,,
IGI/PDT,Asset Management,0.9217,0.33135,624,,,,,,,,
BTZ/PFD,Asset Management,0.9516,0.33137,624,,,,,,,,
CATY/TOWN,Banks - Regional,0.9663,0.33137,624,,,,,,,,
EBMT/SBSI,Banks - Regional,0.9083,0.33139,624,,,,,,,,
CHMG/RF,Banks - Regional,0.9454,0.3314,624,,,,,,,,
SBFG/SBSI,Banks - Regional,0.9408,0.3314,624,,,,,,,,
JMM/VGM,Asset Management,0.9433,0.3314,624,,,,,,,,
BXMX/ETY,Asset Management,0.9839,0.33141,624,,,,,,,,
ESGR/SLF,Insurance - Diversified,0.9476,0.33142,624,,,,,,,,
PIO/PYT,Unknown,0.9449,0.33144,624,,,,,,,,
SFST/SNV,Banks - Regional,0.8884,0.33145,624,,,,,,,,
PMO/WEA,Asset Management,0.9561,0.33145,624,,,,,,,,
PCK/PFO,Asset Management,0.8312,0.33145,624,,,,,,,,
BOH/FRAF,Banks - Regional,0.9086,0.33146,624,,,,,,,,
PCF/SPE,Asset Management,0.9577,0.33149,624,,,,,,,,
CGO/CHY,Asset Management,0.9646,0.3315,624,,,,,,,,
BFZ/EOT,Asset Management,0.9345,0.33151,624,,,,,,,,
PMO/PNI,Asset Management,0.8022,0.33152,624,,,,,,,,
CXE/MGF,Asset Management,0.9054,0.33152,624,,,,,,,,
BDJ/PFN,Asset Management,0.9571,0.33152,624,,,,,,,,
FUNC/WAFD,Banks - Regional,0.8794,0.33152,624,,,,,,,,
EFR/EVG,Asset Management,0.9806,0.33153,624,,,,,,,,
NKSH/NWBI,Banks - Regional,0.9164,0.33154,624,,,,,,,,
MPB/OCFC,Banks - Regional,0.9006,0.33154,624,,,,,,,,
CNS/SPE,Asset Management,0.9585,0.33155,624,,,,,,,,
HTD/PFO,Asset Management,0.9203,0.33155,624,,,,,,,,
CCBG/FBNC,Banks - Regional,0.928,0.33156,624,,,,,,,,
FNWD/GABC,Banks - Regional,0.8675,0.33156,624,,,,,,,,
BCML/STBA,Banks - Regional,0.9513,0.33156,624,,,,,,,,
CHW/TROW,Asset Management,0.9545,0.33158,624,,,,,,,,
HPI/SBI,Asset Management,0.9098,0.33159,624,,,,,,,,
MQY/NPV,Asset Management,0.9142,0.3316,624,,,,,,,,
FUNC/PBHC,Banks - Regional,0.8378,0.3316,624,,,,,,,,
GDO/NAC,Asset Management,0.9346,0.33163,624,,,,,,,,
SMBK/TCBK,Banks - Regional,0.9514,0.33167,624,,,,,,,,
IAE/WIA,Asset Management,0.8553,0.33169,624,,,,,,,,
BKN/NXJ,Asset Management,0.9558,0.33174,624,,,,,,,,
NUV/SBI,Asset Management,0.9511,0.33175,624,,,,,,,,
MMT/MYI,Asset Management,0.9251,0.33176,624,,,,,,,,
RGEN/RMD,Medical Instruments & Supplies,0.9546,0.33178,624,,,,,,,,
MOFG/WBS,Banks - Regional,0.9014,0.33182,624,,,,,,,,
EMD/MVF,Asset Management,0.8567,0.33183,624,,,,,,,,
FAB/GJS,Unknown,0.9602,0.33184,624,,,,,,,,
BOKF/CATY,Banks - Regional,0.9685,0.33185,624,,,,,,,,
GJR/PKW,Unknown,0.9608,0.33185,624,,,,,,,,
GDO/NZF,Asset Management,0.9776,0.33185,624,,,,,,,,
GDO/PMO,Asset Management,0.976,0.33186,624,,,,,,,,
KEY/NEWT,Banks - Regional,0.8816,0.33187,624,,,,,,,,
MCHP/SLAB,Semiconductors,0.9309,0.33187,624,,,,,,,,
MVF/NXP,Asset Management,0.869,0.33188,624,,,,,,,,
ACM/EME,Engineering & Construction,0.8987,0.3319,624,,,,,,,,
FBIZ/FMNB,Banks - Regional,0.8293,0.33193,624,,,,,,,,
BUSE/OPBK,Banks - Regional,0.8858,0.33195,624,,,,,,,,
FE/IDA,Utilities - Regulated Electric,0.8421,0.33197,624,,,,,,,,
CBSH/NWFL,Banks - Regional,0.8868,0.33199,624,,,,,,,,
FI/GIB,Information Technology Services,0.9563,0.33199,624,,,,,,,,
HPF/VBF,Asset Management,0.9514,0.332,624,,,,,,,,
RF/UVSP,Banks - Regional,0.9112,0.332,624,,,,,,,,
LEO/MUA,Asset Management,0.9761,0.33201,624,,,,,,,,
CCNE/CMA,Banks - Regional,0.9283,0.33201,624,,,,,,,,
ADX/EOS,Asset Management,0.9949,0.33202,624,,,,,,,,
ARCC/PCN,Asset Management,0.9056,0.33202,624,,,,,,,,
NWFL/RBCAA,Banks - Regional,0.8636,0.33203,624,,,,,,,,
HPS/MVF,Asset Management,0.8693,0.33203,624,,,,,,,,
NEA/VPV,Asset Management,0.9775,0.33204,624,,,,,,,,
HFWA/PEBK,Banks - Regional,0.9158,0.33204,624,,,,,,,,
LEO/NCA,Asset Management,0.9547,0.33205,624,,,,,,,,
SMBC/WAL,Banks - Regional,0.9295,0.33205,624,,,,,,,,
BGT/STEW,Asset Management,0.9672,0.33206,624,,,,,,,,
FCT/TWN,Asset Management,0.9226,0.33206,624,,,,,,,,
EHI/PTY,Asset Management,0.9694,0.33208,624,,,,,,,,
KTF/NXP,Asset Management,0.8204,0.33208,624,,,,,,,,
FFBC/TOWN,Banks - Regional,0.9737,0.3321,624,,,,,,,,
SBI/VBF,Asset Management,0.926,0.3321,624,,,,,,,,
COFS/HDB,Banks - Regional,0.8952,0.3321,624,,,,,,,,
CCBG/TSBK,Banks - Regional,0.9393,0.33211,624,,,,,,,,
BANC/HOPE,Banks - Regional,0.8348,0.33212,624,,,,,,,,
IEUS/PYT,Unknown,0.9494,0.33213,624,,,,,,,,
FULT/OSBC,Banks - Regional,0.9467,0.33213,624,,,,,,,,
BOKF/FMAO,Banks - Regional,0.8365,0.33215,624,,,,,,,,
FBIZ/PNFP,Banks - Regional,0.9271,0.33216,624,,,,,,,,
RVSB/UNB,Banks - Regional,0.8923,0.33216,624,,,,,,,,
GCBC/NWFL,Banks - Regional,0.8427,0.33216,624,,,,,,,,
CTBI/WAFD,Banks - Regional,0.9319,0.33217,624,,,,,,,,
KTH/PSL,Unknown,0.9758,0.33219,624,,,,,,,,
HBCP/QCRH,Banks - Regional,0.9646,0.33219,624,,,,,,,,
HOMB/PPBI,Banks - Regional,0.8706,0.33223,624,,,,,,,,
HBCP/OPOF,Banks - Regional,0.8805,0.33225,624,,,,,,,,
ONB/WNEB,Banks - Regional,0.8195,0.33225,624,,,,,,,,
FCCO/NWBI,Banks - Regional,0.9543,0.33225,624,,,,,,,,
CVBF/HBCP,Banks - Regional,0.9187,0.33225,624,,,,,,,,
HTO/MSEX,Utilities - Regulated Water,0.9211,0.33225,624,,,,,,,,
IQI/LEO,Asset Management,0.9793,0.33226,624,,,,,,,,
NEA/PMX,Asset Management,0.9224,0.33228,624,,,,,,,,
NAC/PMM,Asset Management,0.9609,0.33228,624,,,,,,,,
FFC/NXN,Asset Management,0.9653,0.33231,624,,,,,,,,
ASB/GABC,Banks - Regional,0.921,0.33231,624,,,,,,,,
CBSH/SMBC,Banks - Regional,0.939,0.33233,624,,,,,,,,
CMC/TX,Steel,0.8658,0.33234,624,,,,,,,,
CTBI/ZION,Banks - Regional,0.9021,0.33234,624,,,,,,,,
PFBC/PLBC,Banks - Regional,0.9704,0.33234,624,,,,,,,,
BSRR/NRIM,Banks - Regional,0.831,0.33236,624,,,,,,,,
CADE/FRAF,Banks - Regional,0.9133,0.33236,624,,,,,,,,
CMU/JMM,Asset Management,0.9285,0.33236,624,,,,,,,,
EMD/WIA,Asset Management,0.8627,0.33236,624,,,,,,,,
FMNB/PFS,Banks - Regional,0.9185,0.33237,624,,,,,,,,
FRME/SFST,Banks - Regional,0.9475,0.33238,624,,,,,,,,
CNOB/SFST,Banks - Regional,0.9366,0.3324,624,,,,,,,,
PFD/PMM,Asset Management,0.9698,0.3324,624,,,,,,,,
MGYR/SSBI,Banks - Regional,0.8319,0.33241,624,,,,,,,,
CWBC/THFF,Banks - Regional,0.9364,0.33242,624,,,,,,,,
EMB/PYT,Unknown,0.9002,0.33242,624,,,,,,,,
ONB/WSBF,Banks - Regional,0.8735,0.33243,624,,,,,,,,
HIX/VBF,Asset Management,0.9465,0.33244,624,,,,,,,,
PLBC/SNV,Banks - Regional,0.8874,0.33247,624,,,,,,,,
DSM/VKQ,Asset Management,0.969,0.33247,624,,,,,,,,
AUBN/COLB,Banks - Regional,0.8002,0.33247,624,,,,,,,,
HBNC/TFC,Banks - Regional,0.9566,0.33249,624,,,,,,,,
PFBC/RVSB,Banks - Regional,0.8071,0.3325,624,,,,,,,,
IGI/PFL,Asset Management,0.9172,0.33251,624,,,,,,,,
FFBC/WTBA,Banks - Regional,0.8917,0.33251,624,,,,,,,,
CZFS/INDB,Banks - Regional,0.8645,0.33252,624,,,,,,,,
HIX/VLT,Asset Management,0.9578,0.33256,624,,,,,,,,
STE/SYK,Medical Devices,0.962,0.33257,624,,,,,,,,
RGR/SWBI,Aerospace & Defense,0.8156,0.33257,624,,,,,,,,
PFS/WBS,Banks - Regional,0.9449,0.33257,624,,,,,,,,
NTRS/PCM,Asset Management,0.9152,0.33257,624,,,,,,,,
CHI/EOS,Asset Management,0.9765,0.33258,624,,,,,,,,
MHN/NXP,Asset Management,0.901,0.33259,624,,,,,,,,
ESSA/UCB,Banks - Regional,0.9053,0.3326,624,,,,,,,,
FOF/RJF,Asset Management,0.954,0.3326,624,,,,,,,,
NMI/PNF,Asset Management,0.877,0.3326,624,,,,,,,,
DHI/LEN,Residential Construction,0.9904,0.33262,624,,,,,,,,
ABCB/SBFG,Banks - Regional,0.9433,0.33263,624,,,,,,,,
MWA/WTS,Specialty Industrial Machinery,0.8873,0.33263,624,,,,,,,,
CWBC/LCNB,Banks - Regional,0.9303,0.33264,624,,,,,,,,
PFS/TSBK,Banks - Regional,0.8881,0.33264,624,,,,,,,,
ADBE/DSGX,Software - Application,0.9192,0.33265,624,,,,,,,,
UMBF/WTBA,Banks - Regional,0.895,0.33266,624,,,,,,,,
IGR/PTY,Asset Management,0.8985,0.33268,624,,,,,,,,
FRAF/NRIM,Banks - Regional,0.8204,0.33269,624,,,,,,,,
CWBC/NFBK,Banks - Regional,0.8395,0.3327,624,,,,,,,,
CXE/FLC,Asset Management,0.9331,0.3327,624,,,,,,,,
FBIZ/FUNC,Banks - Regional,0.9196,0.3327,624,,,,,,,,
AROW/NFBK,Banks - Regional,0.8543,0.33271,624,,,,,,,,
FBIZ/SMBK,Banks - Regional,0.9,0.33271,624,,,,,,,,
ALRS/PNC,Banks - Regional,0.9049,0.33274,624,,,,,,,,
EBMT/QCRH,Banks - Regional,0.8117,0.33274,624,,,,,,,,
TFC/WAL,Banks - Regional,0.9454,0.33275,624,,,,,,,,
CIVB/FULT,Banks - Regional,0.914,0.33275,624,,,,,,,,
AGD/PCN,Asset Management,0.918,0.33281,624,,,,,,,,
AIA/KTN,Unknown,0.9037,0.33282,624,,,,,,,,
SFBC/TFC,Banks - Regional,0.892,0.33282,624,,,,,,,,
WBS/WTFC,Banks - Regional,0.9323,0.33283,624,,,,,,,,
PPBI/QCRH,Banks - Regional,0.8296,0.33284,624,,,,,,,,
UNB/WSFS,Banks - Regional,0.8713,0.33284,624,,,,,,,,
CFFI/PFS,Banks - Regional,0.8223,0.33285,624,,,,,,,,
KTF/MUE,Asset Management,0.952,0.33285,624,,,,,,,,
ASB/FISI,Banks - Regional,0.9121,0.33285,624,,,,,,,,
FCF/RF,Banks - Regional,0.9669,0.33287,624,,,,,,,,
CATY/CMA,Banks - Regional,0.8927,0.33291,624,,,,,,,,
FLC/VKQ,Asset Management,0.9662,0.33292,624,,,,,,,,
GJT/PFM,Unknown,0.9646,0.33293,624,,,,,,,,
JHI/MPA,Asset Management,0.9137,0.33294,624,,,,,,,,
MPA/NMZ,Asset Management,0.9782,0.33295,624,,,,,,,,
BRKL/SMBC,Banks - Regional,0.8147,0.33297,624,,,,,,,,
AEP/WEC,Utilities - Regulated Electric,0.989,0.33297,624,,,,,,,,
LKFN/WTBA,Banks - Regional,0.9227,0.33298,624,,,,,,,,
CZNC/WNEB,Banks - Regional,0.8137,0.333,624,,,,,,,,
NWFL/SBSI,Banks - Regional,0.8823,0.33301,624,,,,,,,,
ENB/TRP,Oil & Gas Midstream,0.884,0.33301,624,,,,,,,,
MMU/MSD,Asset Management,0.85,0.33301,624,,,,,,,,
FYX/GJP,Unknown,0.9436,0.33301,624,,,,,,,,
KTF/NUV,Asset Management,0.895,0.33301,624,,,,,,,,
BOH/WAL,Banks - Regional,0.9096,0.33302,624,,,,,,,,
NRIM/OSBC,Banks - Regional,0.8467,0.33303,624,,,,,,,,
FUNC/OSBC,Banks - Regional,0.9073,0.33304,624,,,,,,,,
NWBI/OCFC,Banks - Regional,0.9287,0.33305,624,,,,,,,,
FUNC/HBNC,Banks - Regional,0.8348,0.33307,624,,,,,,,,
CMU/MQT,Asset Management,0.9543,0.33308,624,,,,,,,,
FULT/INDB,Banks - Regional,0.8731,0.33309,624,,,,,,,,
AUB/PGC,Banks - Regional,0.9315,0.3331,624,,,,,,,,
ALL/CB,Insurance - Property & Casualty,0.9821,0.33311,624,,,,,,,,
BOKF/FBNC,Banks - Regional,0.95,0.33312,624,,,,,,,,
PFIS/TRMK,Banks - Regional,0.8849,0.33314,624,,,,,,,,
MYI/WEA,Asset Management,0.9374,0.33314,624,,,,,,,,
DLR/EQIX,REIT - Specialty,0.9723,0.33316,624,,,,,,,,
HPS/MYD,Asset Management,0.8897,0.33316,624,,,,,,,,
BFIN/UBFO,Banks - Regional,0.8391,0.33316,624,,,,,,,,
HIFS/SNV,Banks - Regional,0.8886,0.33317,624,,,,,,,,
EVRG/NEE,Utilities - Regulated Electric,0.933,0.33318,624,,,,,,,,
GEG/TURN,Asset Management,0.8875,0.33318,624,,,,,,,,
EHI/NXN,Asset Management,0.9402,0.33319,624,,,,,,,,
ETG/FFA,Asset Management,0.9937,0.33319,624,,,,,,,,
NRIM/PEBO,Banks - Regional,0.8441,0.33319,624,,,,,,,,
NEA/PNF,Asset Management,0.8631,0.33322,624,,,,,,,,
FTCS/SHV,Unknown,0.8979,0.33322,624,,,,,,,,
FCCO/RF,Banks - Regional,0.9053,0.33323,624,,,,,,,,
MQY/PFD,Asset Management,0.9661,0.33323,624,,,,,,,,
FBIZ/FCF,Banks - Regional,0.9105,0.33324,624,,,,,,,,
PFIS/PGC,Banks - Regional,0.8866,0.33325,624,,,,,,,,
GDV/NTRS,Asset Management,0.9311,0.33326,624,,,,,,,,
BUSE/HBAN,Banks - Regional,0.9355,0.33327,624,,,,,,,,
HWBK/WSBF,Banks - Regional,0.8884,0.33327,624,,,,,,,,
BHK/NIM,Asset Management,0.9757,0.33328,624,,,,,,,,
MUJ/NKX,Asset Management,0.98,0.33332,624,,,,,,,,
ES/POR,Utilities - Regulated Electric,0.9379,0.33335,624,,,,,,,,
GDO/VKQ,Asset Management,0.9575,0.33336,624,,,,,,,,
GDO/MHF,Asset Management,0.9529,0.33336,624,,,,,,,,
CODA/WWD,Aerospace & Defense,0.8002,0.3334,624,,,,,,,,
HIO/NMI,Asset Management,0.8627,0.33341,624,,,,,,,,
ETO/GAIN,Asset Management,0.9659,0.33342,624,,,,,,,,
FBNC/SHBI,Banks - Regional,0.9239,0.33343,624,,,,,,,,
HFWA/WASH,Banks - Regional,0.924,0.33344,624,,,,,,,,
CZNC/PPBI,Banks - Regional,0.9142,0.33344,624,,,,,,,,
CFFI/PBHC,Banks - Regional,0.8769,0.33346,624,,,,,,,,
SSB/UNTY,Banks - Regional,0.8769,0.33347,624,,,,,,,,
CTBI/FNLC,Banks - Regional,0.9354,0.33349,624,,,,,,,,
BHK/NNY,Asset Management,0.9617,0.33349,624,,,,,,,,
MGF/NUV,Asset Management,0.9476,0.33349,624,,,,,,,,
PWOD/SBFG,Banks - Regional,0.8383,0.33352,624,,,,,,,,
BCAL/BFC,Banks - Regional,0.8495,0.33353,624,,,,,,,,
BYM/PMF,Asset Management,0.931,0.33353,624,,,,,,,,
CNS/TSI,Asset Management,0.9162,0.33356,624,,,,,,,,
NWBI/SMBC,Banks - Regional,0.9089,0.33358,624,,,,,,,,
CATY/FMNB,Banks - Regional,0.954,0.33358,624,,,,,,,,
ESSA/HDB,Banks - Regional,0.8897,0.3336,624,,,,,,,,
NMI/PML,Asset Management,0.8939,0.3336,624,,,,,,,,
BFC/FCNCA,Banks - Regional,0.8669,0.33361,624,,,,,,,,
PSL/RTH,Unknown,0.9767,0.33362,624,,,,,,,,
BKT/OIA,Asset Management,0.9083,0.33362,624,,,,,,,,
SHBI/UVSP,Banks - Regional,0.9067,0.33365,624,,,,,,,,
WAL/WSFS,Banks - Regional,0.919,0.33365,624,,,,,,,,
BFK/PZC,Asset Management,0.9536,0.33366,624,,,,,,,,
JBK/QTEC,Unknown,0.9392,0.33367,624,,,,,,,,
HPF/RNP,Asset Management,0.9695,0.33367,624,,,,,,,,
CII/GAIN,Asset Management,0.9877,0.33367,624,,,,,,,,
GJH/RTH,Unknown,0.9659,0.33372,624,,,,,,,,
NAD/NCA,Asset Management,0.9663,0.33377,624,,,,,,,,
BCBP/PFIS,Banks - Regional,0.8874,0.3338,624,,,,,,,,
GLAD/TWN,Asset Management,0.9588,0.33382,624,,,,,,,,
BOTJ/TSBK,Banks - Regional,0.9082,0.33382,624,,,,,,,,
GJR/QTEC,Unknown,0.9509,0.33383,624,,,,,,,,
PWOD/UBSI,Banks - Regional,0.8404,0.33385,624,,,,,,,,
MNSB/OSBC,Banks - Regional,0.9162,0.33385,624,,,,,,,,
FULT/NBTB,Banks - Regional,0.9706,0.33386,624,,,,,,,,
FMBH/FNWD,Banks - Regional,0.8763,0.33387,624,,,,,,,,
EBMT/VLY,Banks - Regional,0.8646,0.33387,624,,,,,,,,
MBCN/RNST,Banks - Regional,0.8369,0.33388,624,,,,,,,,
PKBK/WAFD,Banks - Regional,0.9714,0.3339,624,,,,,,,,
PKBK/SMBK,Banks - Regional,0.9535,0.3339,624,,,,,,,,
FFBC/FISI,Banks - Regional,0.8925,0.33392,624,,,,,,,,
CSQ/UTF,Asset Management,0.9732,0.33392,624,,,,,,,,
BFZ/BHK,Asset Management,0.913,0.33394,624,,,,,,,,
BOH/FUNC,Banks - Regional,0.8141,0.33394,624,,,,,,,,
EBMT/RNST,Banks - Regional,0.8419,0.33396,624,,,,,,,,
HFWA/SMBK,Banks - Regional,0.8857,0.33397,624,,,,,,,,
BBH/ONEQ,Unknown,0.8604,0.33399,624,,,,,,,,
FDBC/PEBK,Banks - Regional,0.8886,0.33401,624,,,,,,,,
MUJ/NAC,Asset Management,0.9709,0.33401,624,,,,,,,,
ISBA/TOWN,Banks - Regional,0.8881,0.33401,624,,,,,,,,
BMRC/DCOM,Banks - Regional,0.8019,0.33401,624,,,,,,,,
RJF/VVR,Asset Management,0.9596,0.33402,624,,,,,,,,
MGIC/WNS,Information Technology Services,0.9176,0.33404,624,,,,,,,,
APD/RPM,Specialty Chemicals,0.9604,0.33404,624,,,,,,,,
CHN/GF,Asset Management,0.936,0.33408,624,,,,,,,,
FNLC/WBS,Banks - Regional,0.9432,0.3341,624,,,,,,,,
AGD/SPE,Asset Management,0.9576,0.3341,624,,,,,,,,
HPF/NXC,Asset Management,0.9223,0.3341,624,,,,,,,,
JMM/PMO,Asset Management,0.9609,0.3341,624,,,,,,,,
BGT/MAIN,Asset Management,0.979,0.33411,624,,,,,,,,
CFFI/SMBC,Banks - Regional,0.9173,0.33413,624,,,,,,,,
ASH/KWR,Specialty Chemicals,0.9049,0.33413,624,,,,,,,,
GDO/MYI,Asset Management,0.9552,0.33414,624,,,,,,,,
NOM/PZC,Asset Management,0.8557,0.33416,624,,,,,,,,
DCOM/FRAF,Banks - Regional,0.85,0.33416,624,,,,,,,,
SMBC/UCB,Banks - Regional,0.9214,0.33416,624,,,,,,,,
CHY/EOS,Asset Management,0.9747,0.33419,624,,,,,,,,
NKSH/WBS,Banks - Regional,0.9,0.33422,624,,,,,,,,
MCN/VVR,Asset Management,0.9475,0.33423,624,,,,,,,,
CXE/NUV,Asset Management,0.9498,0.33426,624,,,,,,,,
BNY/MHD,Asset Management,0.9697,0.33426,624,,,,,,,,
FFC/MCR,Asset Management,0.9645,0.33426,624,,,,,,,,
ETO/NIE,Asset Management,0.9829,0.33429,624,,,,,,,,
AB/ETO,Asset Management,0.9629,0.3343,624,,,,,,,,
CZWI/TFC,Banks - Regional,0.9051,0.3343,624,,,,,,,,
IGF/VGSH,Unknown,0.8909,0.3343,624,,,,,,,,
PFBC/PNFP,Banks - Regional,0.9644,0.33431,624,,,,,,,,
MTB/SSB,Banks - Regional,0.9493,0.33431,624,,,,,,,,
CL/PG,Household & Personal Products,0.9293,0.33433,624,,,,,,,,
IEUS/PIE,Unknown,0.8827,0.33433,624,,,,,,,,
FMNB/PEBO,Banks - Regional,0.9619,0.33433,624,,,,,,,,
ETW/PCF,Asset Management,0.9768,0.33435,624,,,,,,,,
AWR/HTO,Utilities - Regulated Water,0.9645,0.33437,624,,,,,,,,
TWN/USA,Asset Management,0.9565,0.33437,624,,,,,,,,
MDT/STE,Medical Devices,0.8578,0.33437,624,,,,,,,,
DCI/ITT,Specialty Industrial Machinery,0.9578,0.33437,624,,,,,,,,
ETB/SCD,Asset Management,0.9318,0.3344,624,,,,,,,,
AB/BN,Asset Management,0.9598,0.3344,624,,,,,,,,
BVFL/MNSB,Banks - Regional,0.8863,0.33444,624,,,,,,,,
POWI/STM,Semiconductors,0.9669,0.33444,624,,,,,,,,
HPF/NUW,Asset Management,0.9259,0.33445,624,,,,,,,,
NAC/PFO,Asset Management,0.9612,0.33445,624,,,,,,,,
EFSC/SRCE,Banks - Regional,0.9737,0.33446,624,,,,,,,,
BYM/PFD,Asset Management,0.9641,0.33448,624,,,,,,,,
JMM/SBI,Asset Management,0.9305,0.3345,624,,,,,,,,
IPB/PIO,Unknown,0.9329,0.33451,624,,,,,,,,
BOKF/WBS,Banks - Regional,0.9491,0.33452,624,,,,,,,,
QTEC/SMH,Unknown,0.9614,0.33452,624,,,,,,,,
IPB/PRN,Unknown,0.8991,0.33453,624,,,,,,,,
FMNB/WTFC,Banks - Regional,0.8951,0.33453,624,,,,,,,,
BHK/MGF,Asset Management,0.9588,0.33454,624,,,,,,,,
FHI/PFG,Asset Management,0.9569,0.33455,624,,,,,,,,
AME/SXI,Specialty Industrial Machinery,0.8917,0.33456,624,,,,,,,,
HPI/MYN,Asset Management,0.8989,0.33456,624,,,,,,,,
EMR/PNR,Specialty Industrial Machinery,0.9474,0.33456,624,,,,,,,,
ASB/FFIC,Banks - Regional,0.8132,0.33459,624,,,,,,,,
IRD/PSTV,Biotechnology,0.8188,0.33461,624,,,,,,,,
EVG/PCN,Asset Management,0.9506,0.33463,624,,,,,,,,
GABC/TOWN,Banks - Regional,0.9657,0.33465,624,,,,,,,,
FCCO/STBA,Banks - Regional,0.9447,0.33465,624,,,,,,,,
CATY/PFIS,Banks - Regional,0.9445,0.33467,624,,,,,,,,
FSFG/GABC,Banks - Regional,0.9643,0.33467,624,,,,,,,,
CFFI/IBCP,Banks - Regional,0.9098,0.33469,624,,,,,,,,
EW/STE,Medical Devices,0.9455,0.3347,624,,,,,,,,
ALL/TRV,Insurance - Property & Casualty,0.9865,0.33471,624,,,,,,,,
FCF/SNV,Banks - Regional,0.9605,0.33471,624,,,,,,,,
AN/RUSHB,Auto & Truck Dealerships,0.9538,0.33472,624,,,,,,,,
LARK/SFST,Banks - Regional,0.9012,0.33473,624,,,,,,,,
MLM/SMID,Building Materials,0.9463,0.33473,624,,,,,,,,
CNS/WIW,Asset Management,0.9257,0.33477,624,,,,,,,,
SHBI/WNEB,Banks - Regional,0.8478,0.33478,624,,,,,,,,
FMY/NAD,Asset Management,0.8807,0.3348,624,,,,,,,,
BOE/RMT,Asset Management,0.9789,0.33481,624,,,,,,,,
DLHC/RTO,Specialty Business Services,0.8621,0.33481,624,,,,,,,,
FFIC/LARK,Banks - Regional,0.8036,0.33482,624,,,,,,,,
AGD/NTRS,Asset Management,0.8711,0.33482,624,,,,,,,,
GCBC/MTB,Banks - Regional,0.833,0.33484,624,,,,,,,,
EFR/STK,Asset Management,0.9664,0.33487,624,,,,,,,,
GRID/PYT,Unknown,0.8919,0.33488,624,,,,,,,,
OVLY/STBA,Banks - Regional,0.8855,0.33489,624,,,,,,,,
HTD/MAIN,Asset Management,0.9411,0.33489,624,,,,,,,,
NRIM/ORRF,Banks - Regional,0.8307,0.3349,624,,,,,,,,
BFZ/NMT,Asset Management,0.9181,0.3349,624,,,,,,,,
CGO/CHI,Asset Management,0.9642,0.33493,624,,,,,,,,
HQH/QQQX,Asset Management,0.8885,0.33494,624,,,,,,,,
MTB/NRIM,Banks - Regional,0.851,0.33495,624,,,,,,,,
ESSA/UBCP,Banks - Regional,0.9341,0.33497,624,,,,,,,,
DHF/FMY,Asset Management,0.9428,0.33499,624,,,,,,,,
MRTN/ODFL,Trucking,0.9159,0.335,624,,,,,,,,
PKW/SOXX,Unknown,0.9672,0.33501,624,,,,,,,,
COFS/PFIS,Banks - Regional,0.8815,0.33502,624,,,,,,,,
SBSI/VABK,Banks - Regional,0.9127,0.33504,624,,,,,,,,
AWF/EFR,Asset Management,0.9728,0.33505,624,,,,,,,,
BN/ETY,Asset Management,0.9832,0.33506,624,,,,,,,,
PEBO/WNEB,Banks - Regional,0.8316,0.33507,624,,,,,,,,
CHCO/MPB,Banks - Regional,0.8771,0.33508,624,,,,,,,,
BTA/PFD,Asset Management,0.9575,0.33509,624,,,,,,,,
BCPC/ECL,Specialty Chemicals,0.9427,0.33509,624,,,,,,,,
CZNC/MBCN,Banks - Regional,0.9128,0.3351,624,,,,,,,,
FRAF/WTFC,Banks - Regional,0.9008,0.33511,624,,,,,,,,
CADE/TOWN,Banks - Regional,0.9387,0.33512,624,,,,,,,,
BKT/MIY,Asset Management,0.9469,0.33512,624,,,,,,,,
NXC/RNP,Asset Management,0.8945,0.33512,624,,,,,,,,
BKN/NMZ,Asset Management,0.971,0.33513,624,,,,,,,,
CTBI/LCNB,Banks - Regional,0.899,0.33516,624,,,,,,,,
IBOC/OPBK,Banks - Regional,0.9134,0.33516,624,,,,,,,,
BOH/UCB,Banks - Regional,0.9089,0.33516,624,,,,,,,,
MGEE/TXNM,Utilities - Regulated Electric,0.9657,0.33517,624,,,,,,,,
IBOC/NBN,Banks - Regional,0.9169,0.33518,624,,,,,,,,
MBCN/UMBF,Banks - Regional,0.8798,0.33519,624,,,,,,,,
GRX/OIA,Asset Management,0.9426,0.33521,624,,,,,,,,
ASB/EBMT,Banks - Regional,0.8014,0.33521,624,,,,,,,,
ASG/CGO,Asset Management,0.9742,0.33522,624,,,,,,,,
CHCO/ESSA,Banks - Regional,0.9597,0.33522,624,,,,,,,,
ATS/WTS,Specialty Industrial Machinery,0.9168,0.33525,624,,,,,,,,
CCNE/COFS,Banks - Regional,0.8418,0.33526,624,,,,,,,,
FNWD/WSFS,Banks - Regional,0.8753,0.33526,624,,,,,,,,
MITK/NICE,Software - Application,0.8434,0.33526,624,,,,,,,,
FNLC/WSBC,Banks - Regional,0.8844,0.33527,624,,,,,,,,
MIN/NCA,Asset Management,0.876,0.33528,624,,,,,,,,
LGI/SPE,Asset Management,0.9737,0.33528,624,,,,,,,,
DHR/ICLR,Diagnostics & Research,0.9673,0.33529,624,,,,,,,,
COLB/INDB,Banks - Regional,0.9061,0.33529,624,,,,,,,,
CZNC/OCFC,Banks - Regional,0.886,0.33529,624,,,,,,,,
MBWM/TSBK,Banks - Regional,0.945,0.3353,624,,,,,,,,
AVNT/WLK,Specialty Chemicals,0.8831,0.3353,624,,,,,,,,
ETV/UTF,Asset Management,0.9857,0.3353,624,,,,,,,,
PEBK/WTBA,Banks - Regional,0.9242,0.33532,624,,,,,,,,
IBB/SHY,Unknown,0.8361,0.33534,624,,,,,,,,
ETY/GAIN,Asset Management,0.9813,0.33534,624,,,,,,,,
FLC/LEO,Asset Management,0.9447,0.33534,624,,,,,,,,
JMM/MMU,Asset Management,0.9209,0.33537,624,,,,,,,,
FITB/PFBC,Banks - Regional,0.9634,0.33537,624,,,,,,,,
CHMG/PFBC,Banks - Regional,0.956,0.33537,624,,,,,,,,
IGF/SHV,Unknown,0.8658,0.33537,624,,,,,,,,
IBOC/OSBC,Banks - Regional,0.9257,0.33538,624,,,,,,,,
ONB/PPBI,Banks - Regional,0.8389,0.33539,624,,,,,,,,
NVG/PNF,Asset Management,0.8728,0.3354,624,,,,,,,,
AGD/FFA,Asset Management,0.9706,0.33541,624,,,,,,,,
AUB/EBMT,Banks - Regional,0.8729,0.33542,624,,,,,,,,
BSRR/MBCN,Banks - Regional,0.8946,0.33542,624,,,,,,,,
DSU/FFA,Asset Management,0.982,0.33544,624,,,,,,,,
CADE/CHCO,Banks - Regional,0.8825,0.33545,624,,,,,,,,
CBAN/WBS,Banks - Regional,0.9372,0.33546,624,,,,,,,,
BANR/FRST,Banks - Regional,0.8425,0.33547,624,,,,,,,,
DGX/WAT,Diagnostics & Research,0.9673,0.33548,624,,,,,,,,
FRA/RJF,Asset Management,0.968,0.33548,624,,,,,,,,
BRKL/CVBF,Banks - Regional,0.8923,0.33548,624,,,,,,,,
PGC/RF,Banks - Regional,0.8694,0.33548,624,,,,,,,,
EFR/IFN,Asset Management,0.9519,0.33549,624,,,,,,,,
FLC/MMT,Asset Management,0.966,0.33551,624,,,,,,,,
AWF/JMM,Asset Management,0.953,0.33556,624,,,,,,,,
IBOC/TCBK,Banks - Regional,0.9133,0.33557,624,,,,,,,,
AUB/FNLC,Banks - Regional,0.9618,0.33557,624,,,,,,,,
FFBC/OBT,Banks - Regional,0.8182,0.33559,624,,,,,,,,
MNKD/XOMA,Biotechnology,0.8324,0.3356,624,,,,,,,,
BOH/THFF,Banks - Regional,0.9291,0.33563,624,,,,,,,,
SRCE/WTBA,Banks - Regional,0.9037,0.33564,624,,,,,,,,
NWFL/PFS,Banks - Regional,0.8497,0.33564,624,,,,,,,,
IIM/PYN,Asset Management,0.8551,0.33565,624,,,,,,,,
FOF/TY,Asset Management,0.9863,0.33566,624,,,,,,,,
OCFC/ONB,Banks - Regional,0.8142,0.33566,624,,,,,,,,
FAST/WSO,Industrial Distribution,0.978,0.33568,624,,,,,,,,
HBNC/HTBK,Banks - Regional,0.9492,0.3357,624,,,,,,,,
FNLC/OPBK,Banks - Regional,0.9093,0.3357,624,,,,,,,,
OCFC/SFST,Banks - Regional,0.9081,0.33571,624,,,,,,,,
NEA/OIA,Asset Management,0.9624,0.33571,624,,,,,,,,
EVT/GLAD,Asset Management,0.9473,0.33572,624,,,,,,,,
MQT/NMZ,Asset Management,0.9823,0.33572,624,,,,,,,,
CZWI/HOPE,Banks - Regional,0.8433,0.33575,624,,,,,,,,
IBB/VGSH,Unknown,0.8388,0.33575,624,,,,,,,,
ABCB/BCAL,Banks - Regional,0.8887,0.33575,624,,,,,,,,
CLF/GGB,Steel,0.8285,0.33576,624,,,,,,,,
PMT/STWD,REIT - Mortgage,0.945,0.33577,624,,,,,,,,
FELE/PNR,Specialty Industrial Machinery,0.9124,0.33579,624,,,,,,,,
FNB/HBAN,Banks - Regional,0.9076,0.3358,624,,,,,,,,
GBCI/PBHC,Banks - Regional,0.9164,0.3358,624,,,,,,,,
GDV/IFN,Asset Management,0.9403,0.33581,624,,,,,,,,
BFIN/FFBC,Banks - Regional,0.8508,0.33583,624,,,,,,,,
BOTJ/OPBK,Banks - Regional,0.8941,0.33584,624,,,,,,,,
ABCB/DCOM,Banks - Regional,0.9013,0.33584,624,,,,,,,,
EVG/OIA,Asset Management,0.8804,0.33585,624,,,,,,,,
NXJ/PAI,Asset Management,0.9681,0.33586,624,,,,,,,,
CADE/SBCF,Banks - Regional,0.8932,0.33591,624,,,,,,,,
DCO/TDG,Aerospace & Defense,0.8796,0.33592,624,,,,,,,,
AUB/CBSH,Banks - Regional,0.9421,0.33592,624,,,,,,,,
CBAN/OSBC,Banks - Regional,0.9165,0.33592,624,,,,,,,,
NAC/VMO,Asset Management,0.98,0.33596,624,,,,,,,,
HQH/LGI,Asset Management,0.8563,0.33597,624,,,,,,,,
UMBF/WSFS,Banks - Regional,0.9095,0.33598,624,,,,,,,,
IBCP/SBFG,Banks - Regional,0.9354,0.33599,624,,,,,,,,
HWBK/WSFS,Banks - Regional,0.9089,0.33599,624,,,,,,,,
RLI/WTM,Insurance - Property & Casualty,0.9758,0.33602,624,,,,,,,,
CMU/IIM,Asset Management,0.953,0.33603,624,,,,,,,,
BVFL/SSBI,Banks - Regional,0.8472,0.33603,624,,,,,,,,
EOT/RNP,Asset Management,0.862,0.33603,624,,,,,,,,
HIX/IIM,Asset Management,0.8925,0.33603,624,,,,,,,,
ACM/J,Engineering & Construction,0.9438,0.33605,624,,,,,,,,
ETY/STK,Asset Management,0.986,0.33605,624,,,,,,,,
UBSI/UVSP,Banks - Regional,0.9157,0.33607,624,,,,,,,,
NXC/PMF,Asset Management,0.9047,0.33607,624,,,,,,,,
ONB/WTFC,Banks - Regional,0.9523,0.33608,624,,,,,,,,
EOT/FMY,Asset Management,0.8284,0.33609,624,,,,,,,,
DCOM/WSBC,Banks - Regional,0.9149,0.33611,624,,,,,,,,
AUB/CFFI,Banks - Regional,0.8948,0.33611,624,,,,,,,,
PKW/SMH,Unknown,0.9522,0.33613,624,,,,,,,,
NEWT/SBSI,Banks - Regional,0.9114,0.33613,624,,,,,,,,
FRAF/MBCN,Banks - Regional,0.9397,0.33613,624,,,,,,,,
COFS/QCRH,Banks - Regional,0.8906,0.33613,624,,,,,,,,
SBSI/SMBK,Banks - Regional,0.9201,0.33613,624,,,,,,,,
DHF/NFJ,Asset Management,0.9585,0.33614,624,,,,,,,,
FULT/ISBA,Banks - Regional,0.8821,0.33614,624,,,,,,,,
IGR/JPC,Asset Management,0.9208,0.33615,624,,,,,,,,
QQXT/SHV,Unknown,0.8874,0.33616,624,,,,,,,,
CCNE/FRST,Banks - Regional,0.915,0.33622,624,,,,,,,,
AMSF/FNF,Insurance - Specialty,0.9206,0.33623,624,,,,,,,,
FBIZ/IBCP,Banks - Regional,0.9338,0.33623,624,,,,,,,,
EMB/IGSB,Unknown,0.8974,0.33625,624,,,,,,,,
RNST/SHBI,Banks - Regional,0.826,0.33625,624,,,,,,,,
OPOF/TSBK,Banks - Regional,0.8454,0.33627,624,,,,,,,,
DSM/MGF,Asset Management,0.8958,0.33628,624,,,,,,,,
PFD/WEA,Asset Management,0.947,0.33628,624,,,,,,,,
PFI/SMH,Unknown,0.9151,0.33629,624,,,,,,,,
CBSH/FBNC,Banks - Regional,0.9629,0.33629,624,,,,,,,,
FRAF/FULT,Banks - Regional,0.929,0.33629,624,,,,,,,,
BGT/BTO,Asset Management,0.8933,0.33631,624,,,,,,,,
GAB/RVT,Asset Management,0.9796,0.33635,624,,,,,,,,
NVG/VPV,Asset Management,0.9728,0.33637,624,,,,,,,,
HFBL/MBWM,Banks - Regional,0.8254,0.33637,624,,,,,,,,
VKQ/WEA,Asset Management,0.9389,0.33638,624,,,,,,,,
IGR/JMM,Asset Management,0.92,0.3364,624,,,,,,,,
CHMG/SHBI,Banks - Regional,0.8466,0.3364,624,,,,,,,,
IBB/IGSB,Unknown,0.8789,0.33642,624,,,,,,,,
FCT/JCE,Asset Management,0.9688,0.33643,624,,,,,,,,
MPB/OPOF,Banks - Regional,0.8852,0.33643,624,,,,,,,,
NTRS/PCN,Asset Management,0.9321,0.33645,624,,,,,,,,
DHF/JQC,Asset Management,0.9633,0.33646,624,,,,,,,,
CXE/EMD,Asset Management,0.868,0.33646,624,,,,,,,,
ETO/EVT,Asset Management,0.9928,0.33648,624,,,,,,,,
FULT/MTB,Banks - Regional,0.9688,0.33648,624,,,,,,,,
FLC/MUJ,Asset Management,0.9744,0.33649,624,,,,,,,,
CTBI/FXNC,Banks - Regional,0.8427,0.33649,624,,,,,,,,
DHF/DSU,Asset Management,0.9452,0.33651,624,,,,,,,,
FCT/GDL,Asset Management,0.9632,0.33652,624,,,,,,,,
AROW/TSBK,Banks - Regional,0.9119,0.33652,624,,,,,,,,
JPC/MUA,Asset Management,0.9491,0.33653,624,,,,,,,,
ASRV/BUSE,Banks - Regional,0.8191,0.33654,624,,,,,,,,
HPS/IIM,Asset Management,0.9221,0.33654,624,,,,,,,,
OCFC/PPBI,Banks - Regional,0.9341,0.33655,624,,,,,,,,
MCN/SPXX,Asset Management,0.9597,0.33655,624,,,,,,,,
FRST/SMBK,Banks - Regional,0.8309,0.33657,624,,,,,,,,
NXP/VCV,Asset Management,0.929,0.33657,624,,,,,,,,
CHCO/IBOC,Banks - Regional,0.9867,0.33658,624,,,,,,,,
OCFC/TSBK,Banks - Regional,0.8517,0.33658,624,,,,,,,,
CBAN/FXNC,Banks - Regional,0.9141,0.33658,624,,,,,,,,
KMB/PG,Household & Personal Products,0.909,0.3366,624,,,,,,,,
NAD/PMF,Asset Management,0.914,0.33661,624,,,,,,,,
CBAN/FCCO,Banks - Regional,0.9412,0.33662,624,,,,,,,,
FULT/PEBO,Banks - Regional,0.9538,0.33663,624,,,,,,,,
EVG/JHI,Asset Management,0.946,0.33663,624,,,,,,,,
BCAL/TFC,Banks - Regional,0.8243,0.33663,624,,,,,,,,
AROW/HBCP,Banks - Regional,0.9113,0.33663,624,,,,,,,,
OCFC/OVBC,Banks - Regional,0.8859,0.33667,624,,,,,,,,
FAD/GJP,Unknown,0.9673,0.33667,624,,,,,,,,
MUR/WDS,Oil & Gas E&P,0.8259,0.33668,624,,,,,,,,
OCFC/VABK,Banks - Regional,0.8541,0.33669,624,,,,,,,,
PBHC/QCRH,Banks - Regional,0.9096,0.33671,624,,,,,,,,
IBCP/OSBC,Banks - Regional,0.9507,0.33673,624,,,,,,,,
MCR/MUC,Asset Management,0.8836,0.33674,624,,,,,,,,
NBTB/PB,Banks - Regional,0.9407,0.33674,624,,,,,,,,
BANC/LCNB,Banks - Regional,0.84,0.33677,624,,,,,,,,
EMD/MHF,Asset Management,0.9036,0.33678,624,,,,,,,,
EFSC/FNLC,Banks - Regional,0.9701,0.33678,624,,,,,,,,
GOVI/IEF,Unknown,0.9909,0.33679,624,,,,,,,,
AROW/FXNC,Banks - Regional,0.8566,0.33679,624,,,,,,,,
FRAF/HFWA,Banks - Regional,0.9165,0.33679,624,,,,,,,,
NMT/NMZ,Asset Management,0.9518,0.3368,624,,,,,,,,
HWBK/USB,Banks - Regional,0.8752,0.33681,624,,,,,,,,
PDT/PML,Asset Management,0.8575,0.33682,624,,,,,,,,
MFM/MSD,Asset Management,0.891,0.33684,624,,,,,,,,
PEBO/SSBI,Banks - Regional,0.8247,0.33686,624,,,,,,,,
EVN/NMZ,Asset Management,0.985,0.33686,624,,,,,,,,
PPT/QQQX,Asset Management,0.9275,0.33686,624,,,,,,,,
ESSA/NECB,Banks - Regional,0.89,0.33687,624,,,,,,,,
BOH/SBSI,Banks - Regional,0.9414,0.33687,624,,,,,,,,
FTC/KTH,Unknown,0.9496,0.33688,624,,,,,,,,
FISI/NBTB,Banks - Regional,0.8514,0.33688,624,,,,,,,,
QCRH/SBFG,Banks - Regional,0.934,0.33689,624,,,,,,,,
PFD/PMO,Asset Management,0.968,0.3369,624,,,,,,,,
FUNC/SMBK,Banks - Regional,0.9185,0.33691,624,,,,,,,,
CCBG/SMBC,Banks - Regional,0.9538,0.33692,624,,,,,,,,
GAM/SOR,Asset Management,0.9834,0.33693,624,,,,,,,,
COFS/SSB,Banks - Regional,0.8724,0.33694,624,,,,,,,,
FTCS/PYT,Unknown,0.9673,0.33695,624,,,,,,,,
ASB/HFBL,Banks - Regional,0.8079,0.33696,624,,,,,,,,
AUB/PPBI,Banks - Regional,0.9265,0.33697,624,,,,,,,,
PFS/TCBK,Banks - Regional,0.9049,0.33697,624,,,,,,,,
MQT/PNI,Asset Management,0.8706,0.337,624,,,,,,,,
GJO/PSL,Unknown,0.9751,0.33703,624,,,,,,,,
EMD/MHD,Asset Management,0.8386,0.33703,624,,,,,,,,
GABC/WAFD,Banks - Regional,0.9604,0.33704,624,,,,,,,,
ASRV/WAFD,Banks - Regional,0.8232,0.33705,624,,,,,,,,
BGT/BLW,Asset Management,0.9614,0.33705,624,,,,,,,,
ONB/PFS,Banks - Regional,0.8532,0.33707,624,,,,,,,,
RFI/TSI,Asset Management,0.9537,0.33707,624,,,,,,,,
MYI/VKQ,Asset Management,0.9803,0.33713,624,,,,,,,,
HFWA/UNB,Banks - Regional,0.8707,0.33713,624,,,,,,,,
BHK/NZF,Asset Management,0.9799,0.33714,624,,,,,,,,
CWBC/WAL,Banks - Regional,0.881,0.33714,624,,,,,,,,
CWBC/SSB,Banks - Regional,0.9089,0.33715,624,,,,,,,,
HQH/SWKH,Asset Management,0.828,0.33715,624,,,,,,,,
PB/PFBC,Banks - Regional,0.9344,0.33716,624,,,,,,,,
HIFS/PLBC,Banks - Regional,0.8821,0.33717,624,,,,,,,,
GLAD/TSI,Asset Management,0.8734,0.33719,624,,,,,,,,
CL/KMB,Household & Personal Products,0.9565,0.33719,624,,,,,,,,
AX/CASH,Banks - Regional,0.9561,0.3372,624,,,,,,,,
MUE/NZF,Asset Management,0.9631,0.33726,624,,,,,,,,
CBAN/SMBK,Banks - Regional,0.9234,0.33726,624,,,,,,,,
MGYR/PEBO,Banks - Regional,0.9425,0.33727,624,,,,,,,,
CAC/FHN,Banks - Regional,0.8698,0.33727,624,,,,,,,,
LCNB/ONB,Banks - Regional,0.8746,0.33727,624,,,,,,,,
NMZ/VBF,Asset Management,0.971,0.33728,624,,,,,,,,
MBCN/PNFP,Banks - Regional,0.911,0.33728,624,,,,,,,,
MCR/NMI,Asset Management,0.9095,0.33732,624,,,,,,,,
AWP/ETO,Asset Management,0.9393,0.33732,624,,,,,,,,
BANC/UNB,Banks - Regional,0.8257,0.33733,624,,,,,,,,
GJP/PIZ,Unknown,0.9121,0.33733,624,,,,,,,,
ANSS/DJCO,Software - Application,0.8698,0.33737,624,,,,,,,,
CPHC/GDEN,Resorts & Casinos,0.8663,0.33737,624,,,,,,,,
CMU/RQI,Asset Management,0.8285,0.33739,624,,,,,,,,
HWC/RF,Banks - Regional,0.9298,0.3374,624,,,,,,,,
EHI/FMY,Asset Management,0.9347,0.33742,624,,,,,,,,
EFR/SOR,Asset Management,0.9716,0.33744,624,,,,,,,,
PEZ/PTH,Unknown,0.9229,0.33744,624,,,,,,,,
NWBI/OVLY,Banks - Regional,0.8563,0.33745,624,,,,,,,,
JQC/PHT,Asset Management,0.8111,0.33748,624,,,,,,,,
SNN/ZBH,Medical Devices,0.8902,0.33748,624,,,,,,,,
MIY/NZF,Asset Management,0.9822,0.33748,624,,,,,,,,
MBWM/TRMK,Banks - Regional,0.9364,0.33748,624,,,,,,,,
MHI/MUA,Asset Management,0.8895,0.33749,624,,,,,,,,
FULT/GCBC,Banks - Regional,0.8573,0.33751,624,,,,,,,,
FRST/MGYR,Banks - Regional,0.8339,0.33752,624,,,,,,,,
BHK/BTA,Asset Management,0.9802,0.33752,624,,,,,,,,
CCNE/GABC,Banks - Regional,0.9291,0.33752,624,,,,,,,,
JHS/MFM,Asset Management,0.9628,0.33752,624,,,,,,,,
AUB/BOKF,Banks - Regional,0.9459,0.33758,624,,,,,,,,
EMD/NAN,Asset Management,0.9036,0.33758,624,,,,,,,,
ABCB/WTBA,Banks - Regional,0.9293,0.33758,624,,,,,,,,
CZNC/WSBF,Banks - Regional,0.941,0.33759,624,,,,,,,,
HYT/OIA,Asset Management,0.9125,0.33759,624,,,,,,,,
LCNB/UCB,Banks - Regional,0.8547,0.3376,624,,,,,,,,
FUND/NTRS,Asset Management,0.8525,0.33761,624,,,,,,,,
BN/CII,Asset Management,0.9717,0.33761,624,,,,,,,,
FNLC/OCFC,Banks - Regional,0.8456,0.33763,624,,,,,,,,
GCV/LGI,Asset Management,0.9264,0.33766,624,,,,,,,,
NVG/RFI,Asset Management,0.923,0.33768,624,,,,,,,,
MHI/NMI,Asset Management,0.8854,0.33769,624,,,,,,,,
HIX/MCR,Asset Management,0.9593,0.3377,624,,,,,,,,
BOH/HFBL,Banks - Regional,0.8891,0.33771,624,,,,,,,,
GJS/PSL,Unknown,0.9747,0.33772,624,,,,,,,,
PAI/VTN,Asset Management,0.9227,0.33772,624,,,,,,,,
ACHV/LSTA,Biotechnology,0.8814,0.33773,624,,,,,,,,
GAIN/SPXX,Asset Management,0.972,0.33773,624,,,,,,,,
BPOPM/VCLT,Unknown,0.8997,0.33775,624,,,,,,,,
CBAN/FRST,Banks - Regional,0.8952,0.33775,624,,,,,,,,
BYM/PNI,Asset Management,0.8628,0.33776,624,,,,,,,,
ETR/WEC,Utilities - Regulated Electric,0.9265,0.33776,624,,,,,,,,
HDB/MBCN,Banks - Regional,0.9223,0.33776,624,,,,,,,,
AROW/FFIC,Banks - Regional,0.8073,0.33777,624,,,,,,,,
SMBC/SNV,Banks - Regional,0.9352,0.33778,624,,,,,,,,
AROW/RBCAA,Banks - Regional,0.8354,0.33779,624,,,,,,,,
CARE/FCCO,Banks - Regional,0.8564,0.3378,624,,,,,,,,
IDA/MGEE,Utilities - Regulated Electric,0.9844,0.3378,624,,,,,,,,
MTB/WTFC,Banks - Regional,0.9492,0.33785,624,,,,,,,,
FRME/NWFL,Banks - Regional,0.9165,0.33785,624,,,,,,,,
AUB/FXNC,Banks - Regional,0.8664,0.33785,624,,,,,,,,
MKL/SIGI,Insurance - Property & Casualty,0.9433,0.33786,624,,,,,,,,
DHF/MMT,Asset Management,0.9666,0.33788,624,,,,,,,,
ASG/WIA,Asset Management,0.9524,0.33791,624,,,,,,,,
ABG/AN,Auto & Truck Dealerships,0.9592,0.33792,624,,,,,,,,
AMSF/ITIC,Insurance - Specialty,0.9082,0.33794,624,,,,,,,,
FFIC/HTBK,Banks - Regional,0.9052,0.33794,624,,,,,,,,
MSCI/SPGI,Financial Data & Stock Exchanges,0.9801,0.33796,624,,,,,,,,
AROW/WSFS,Banks - Regional,0.9359,0.33797,624,,,,,,,,
IEX/OFLX,Specialty Industrial Machinery,0.8369,0.33797,624,,,,,,,,
NBTB/WSBF,Banks - Regional,0.8922,0.33799,624,,,,,,,,
HQH/JEQ,Asset Management,0.9057,0.33799,624,,,,,,,,
CZWI/FBNC,Banks - Regional,0.9237,0.338,624,,,,,,,,
BPOPM/QQEW,Unknown,0.9421,0.338,624,,,,,,,,
DORM/LKQ,Auto Parts,0.8296,0.33803,624,,,,,,,,
BMRC/HFWA,Banks - Regional,0.8815,0.33803,624,,,,,,,,
PFIS/SFBC,Banks - Regional,0.9291,0.33804,624,,,,,,,,
BOE/PIM,Asset Management,0.8986,0.33805,624,,,,,,,,
GJR/PUI,Unknown,0.9359,0.33805,624,,,,,,,,
BN/EOI,Asset Management,0.9815,0.33807,624,,,,,,,,
HBNC/SSBI,Banks - Regional,0.8214,0.33808,624,,,,,,,,
SFBC/USB,Banks - Regional,0.9046,0.3381,624,,,,,,,,
HPI/VMO,Asset Management,0.9117,0.3381,624,,,,,,,,
BUSE/CTBI,Banks - Regional,0.9255,0.33811,624,,,,,,,,
CADE/CVBF,Banks - Regional,0.8998,0.33811,624,,,,,,,,
MHI/VCV,Asset Management,0.9065,0.33816,624,,,,,,,,
JPC/PAI,Asset Management,0.9595,0.33817,624,,,,,,,,
MYRG/STN,Engineering & Construction,0.9545,0.33817,624,,,,,,,,
PSEC/STEW,Asset Management,0.8533,0.33818,624,,,,,,,,
DTF/SBI,Asset Management,0.9448,0.33818,624,,,,,,,,
FDBC/HBAN,Banks - Regional,0.8728,0.33822,624,,,,,,,,
RFI/VGM,Asset Management,0.8788,0.33823,624,,,,,,,,
BUSE/FRME,Banks - Regional,0.9698,0.33823,624,,,,,,,,
AVK/BGY,Asset Management,0.8129,0.33825,624,,,,,,,,
PEBO/PKBK,Banks - Regional,0.9489,0.33827,624,,,,,,,,
EXG/GDV,Asset Management,0.9899,0.33832,624,,,,,,,,
CGO/DHF,Asset Management,0.9612,0.33833,624,,,,,,,,
FITB/FMNB,Banks - Regional,0.9202,0.33833,624,,,,,,,,
NWFL/SSB,Banks - Regional,0.8355,0.33834,624,,,,,,,,
OVLY/TCBK,Banks - Regional,0.8966,0.33834,624,,,,,,,,
AROW/PKBK,Banks - Regional,0.9362,0.33834,624,,,,,,,,
THFF/WTFC,Banks - Regional,0.9267,0.33835,624,,,,,,,,
PALI/SLS,Biotechnology,0.826,0.33835,624,,,,,,,,
BHE/FLEX,Electronic Components,0.8903,0.33836,624,,,,,,,,
IBOC/OBT,Banks - Regional,0.9377,0.33837,624,,,,,,,,
CCNE/SBCF,Banks - Regional,0.9382,0.33838,624,,,,,,,,
ESSA/HBNC,Banks - Regional,0.8297,0.33839,624,,,,,,,,
FNLC/TRMK,Banks - Regional,0.9314,0.3384,624,,,,,,,,
FBNC/FISI,Banks - Regional,0.8839,0.3384,624,,,,,,,,
CNA/L,Insurance - Property & Casualty,0.9147,0.33844,624,,,,,,,,
CTBI/UCB,Banks - Regional,0.8876,0.33844,624,,,,,,,,
LCII/THO,Recreational Vehicles,0.9342,0.33844,624,,,,,,,,
SPE/UTF,Asset Management,0.9618,0.33845,624,,,,,,,,
BOKF/FUNC,Banks - Regional,0.9137,0.33846,624,,,,,,,,
L/SIGI,Insurance - Property & Casualty,0.8502,0.33846,624,,,,,,,,
EMB/IEI,Unknown,0.946,0.33847,624,,,,,,,,
PFIS/SRCE,Banks - Regional,0.9301,0.33847,624,,,,,,,,
ESSA/SBSI,Banks - Regional,0.8778,0.33847,624,,,,,,,,
BGT/GAIN,Asset Management,0.9521,0.33849,624,,,,,,,,
BOH/UBCP,Banks - Regional,0.8526,0.3385,624,,,,,,,,
BANFP/FAB,Unknown,0.9515,0.33851,624,,,,,,,,
LKFN/SBSI,Banks - Regional,0.9475,0.33851,624,,,,,,,,
FRST/SNV,Banks - Regional,0.8605,0.33851,624,,,,,,,,
MUE/NCA,Asset Management,0.9597,0.33853,624,,,,,,,,
HBNC/SFNC,Banks - Regional,0.933,0.33853,624,,,,,,,,
EBTC/HAFC,Banks - Regional,0.8208,0.33853,624,,,,,,,,
AWF/BGT,Asset Management,0.9636,0.33853,624,,,,,,,,
PNFP/SSB,Banks - Regional,0.9474,0.33854,624,,,,,,,,
LARK/UBCP,Banks - Regional,0.8542,0.33855,624,,,,,,,,
HWC/MBWM,Banks - Regional,0.8891,0.33855,624,,,,,,,,
EXPD/UPS,Integrated Freight & Logistics,0.9113,0.33856,624,,,,,,,,
ESSA/NBN,Banks - Regional,0.8677,0.33857,624,,,,,,,,
IDA/PPL,Utilities - Regulated Electric,0.9091,0.3386,624,,,,,,,,
EBTC/UBFO,Banks - Regional,0.9095,0.3386,624,,,,,,,,
FULT/NRIM,Banks - Regional,0.8863,0.33862,624,,,,,,,,
COF/SLM,Credit Services,0.9647,0.33863,624,,,,,,,,
GJH/QQQ,Unknown,0.9444,0.33864,624,,,,,,,,
COHR/TRMB,Scientific & Technical Instruments,0.8626,0.33865,624,,,,,,,,
IIM/PNI,Asset Management,0.8589,0.33866,624,,,,,,,,
OPY/SF,Capital Markets,0.9627,0.33866,624,,,,,,,,
ETW/EXG,Asset Management,0.9805,0.33867,624,,,,,,,,
BUSE/CFFI,Banks - Regional,0.8509,0.33867,624,,,,,,,,
CXH/MIY,Asset Management,0.9711,0.33868,624,,,,,,,,
ALNY/INSM,Biotechnology,0.8076,0.33869,624,,,,,,,,
JHI/VPV,Asset Management,0.9182,0.3387,624,,,,,,,,
CZWI/RVSB,Banks - Regional,0.8749,0.33871,624,,,,,,,,
AFB/PNF,Asset Management,0.8969,0.33871,624,,,,,,,,
EBMT/PNFP,Banks - Regional,0.8304,0.33871,624,,,,,,,,
CZWI/ONB,Banks - Regional,0.9244,0.33872,624,,,,,,,,
FFC/MHD,Asset Management,0.9362,0.33874,624,,,,,,,,
GAB/TWN,Asset Management,0.916,0.33874,624,,,,,,,,
AUB/HOPE,Banks - Regional,0.8032,0.33875,624,,,,,,,,
MMT/NMI,Asset Management,0.8982,0.33876,624,,,,,,,,
ETG/NFJ,Asset Management,0.9858,0.33877,624,,,,,,,,
BCAL/NWFL,Banks - Regional,0.8967,0.33877,624,,,,,,,,
DCOM/UMBF,Banks - Regional,0.8514,0.33878,624,,,,,,,,
BPOPM/RTH,Unknown,0.9381,0.33878,624,,,,,,,,
HTBK/WBS,Banks - Regional,0.9427,0.33878,624,,,,,,,,
BGT/RFI,Asset Management,0.9005,0.33878,624,,,,,,,,
MBCN/WSFS,Banks - Regional,0.9174,0.33879,624,,,,,,,,
CFR/CZFS,Banks - Regional,0.9019,0.33879,624,,,,,,,,
HBNC/IBCP,Banks - Regional,0.8754,0.3388,624,,,,,,,,
BSRR/RF,Banks - Regional,0.8978,0.33881,624,,,,,,,,
BSRR/PPBI,Banks - Regional,0.8858,0.33881,624,,,,,,,,
MHF/TSI,Asset Management,0.9465,0.33881,624,,,,,,,,
BCAL/CNOB,Banks - Regional,0.816,0.33883,624,,,,,,,,
GOF/PFL,Asset Management,0.9778,0.33884,624,,,,,,,,
BND/IPB,Unknown,0.9389,0.33885,624,,,,,,,,
GCBC/PFBC,Banks - Regional,0.9199,0.33886,624,,,,,,,,
HBAN/PB,Banks - Regional,0.9655,0.33887,624,,,,,,,,
ETB/RJF,Asset Management,0.9348,0.33888,624,,,,,,,,
DHF/EOT,Asset Management,0.8534,0.33888,624,,,,,,,,
AGD/BOE,Asset Management,0.9752,0.33889,624,,,,,,,,
CME/ICE,Financial Data & Stock Exchanges,0.9746,0.33891,624,,,,,,,,
EMD/MYN,Asset Management,0.8765,0.33891,624,,,,,,,,
BANFP/GJS,Unknown,0.9591,0.33892,624,,,,,,,,
IEI/IPB,Unknown,0.9213,0.33892,624,,,,,,,,
CTBI/EWBC,Banks - Regional,0.9554,0.33893,624,,,,,,,,
AVK/LGI,Asset Management,0.8182,0.33894,624,,,,,,,,
BLE/MHI,Asset Management,0.9329,0.33895,624,,,,,,,,
EHI/OIA,Asset Management,0.9362,0.33895,624,,,,,,,,
ETB/GAM,Asset Management,0.9511,0.33895,624,,,,,,,,
FRME/OPOF,Banks - Regional,0.8844,0.33896,624,,,,,,,,
ARCC/GOF,Asset Management,0.9574,0.33897,624,,,,,,,,
CFR/SMBK,Banks - Regional,0.9312,0.33897,624,,,,,,,,
CHCO/SMBK,Banks - Regional,0.9147,0.33898,624,,,,,,,,
CAC/NWFL,Banks - Regional,0.9063,0.33898,624,,,,,,,,
EFSC/FFBC,Banks - Regional,0.9715,0.33903,624,,,,,,,,
MIN/MYD,Asset Management,0.8655,0.33903,624,,,,,,,,
MTB/WTBA,Banks - Regional,0.9049,0.33903,624,,,,,,,,
CHCO/COFS,Banks - Regional,0.9133,0.33903,624,,,,,,,,
LKFN/WAL,Banks - Regional,0.9362,0.33903,624,,,,,,,,
BOE/JMM,Asset Management,0.903,0.33904,624,,,,,,,,
BOH/FMBH,Banks - Regional,0.9291,0.33905,624,,,,,,,,
KEY/SBSI,Banks - Regional,0.9473,0.33905,624,,,,,,,,
GJT/PYT,Unknown,0.9344,0.33906,624,,,,,,,,
OVBC/SBCF,Banks - Regional,0.8201,0.33907,624,,,,,,,,
ACAD/INCY,Biotechnology,0.8174,0.33908,624,,,,,,,,
FCF/FRAF,Banks - Regional,0.9488,0.3391,624,,,,,,,,
FRAF/SNV,Banks - Regional,0.9057,0.3391,624,,,,,,,,
CADE/FFBC,Banks - Regional,0.9402,0.33911,624,,,,,,,,
BN/RQI,Asset Management,0.9683,0.33912,624,,,,,,,,
GUT/PAI,Asset Management,0.8121,0.33912,624,,,,,,,,
CB/HIG,Insurance - Property & Casualty,0.9833,0.33914,624,,,,,,,,
FRAF/OSBC,Banks - Regional,0.9549,0.33914,624,,,,,,,,
HBCP/HWC,Banks - Regional,0.9128,0.33914,624,,,,,,,,
IGI/PCN,Asset Management,0.9273,0.33916,624,,,,,,,,
BKT/NQP,Asset Management,0.9449,0.33916,624,,,,,,,,
ESSA/WTFC,Banks - Regional,0.9344,0.33916,624,,,,,,,,
EFSC/SBFG,Banks - Regional,0.9661,0.33916,624,,,,,,,,
EIX/MGEE,Utilities - Regulated Electric,0.9181,0.33917,624,,,,,,,,
BVFL/CBU,Banks - Regional,0.8737,0.33918,624,,,,,,,,
LNT/WEC,Utilities - Regulated Electric,0.9934,0.33918,624,,,,,,,,
FRAF/SMBC,Banks - Regional,0.9345,0.3392,624,,,,,,,,
NTRS/STK,Asset Management,0.8332,0.3392,624,,,,,,,,
ALRS/GABC,Banks - Regional,0.9114,0.3392,624,,,,,,,,
GJT/IMCV,Unknown,0.9546,0.33921,624,,,,,,,,
FMBH/UNB,Banks - Regional,0.8208,0.33921,624,,,,,,,,
FNWD/OCFC,Banks - Regional,0.9126,0.33921,624,,,,,,,,
NWFL/TRMK,Banks - Regional,0.8763,0.33922,624,,,,,,,,
FCBC/FCCO,Banks - Regional,0.9257,0.33923,624,,,,,,,,
CATY/OBT,Banks - Regional,0.8751,0.33924,624,,,,,,,,
NWFL/ZION,Banks - Regional,0.8449,0.33924,624,,,,,,,,
FCCO/NFBK,Banks - Regional,0.8001,0.33927,624,,,,,,,,
BTA/NCA,Asset Management,0.9535,0.33927,624,,,,,,,,
PMX/VGM,Asset Management,0.9398,0.33932,624,,,,,,,,
ETB/STK,Asset Management,0.9439,0.33933,624,,,,,,,,
ESSA/FMBH,Banks - Regional,0.8687,0.33933,624,,,,,,,,
ESSA/WSBF,Banks - Regional,0.8465,0.33933,624,,,,,,,,
USB/WSBF,Banks - Regional,0.9373,0.33935,624,,,,,,,,
IGF/IGSB,Unknown,0.9274,0.33937,624,,,,,,,,
ARCC/PFN,Asset Management,0.9097,0.33937,624,,,,,,,,
MGEE/NEE,Utilities - Regulated Electric,0.9312,0.33937,624,,,,,,,,
MBCN/SMBC,Banks - Regional,0.9584,0.33938,624,,,,,,,,
WTBA/ZION,Banks - Regional,0.9328,0.33938,624,,,,,,,,
PKBK/WSBC,Banks - Regional,0.8874,0.33939,624,,,,,,,,
MGF/MVF,Asset Management,0.8851,0.3394,624,,,,,,,,
CGO/RMT,Asset Management,0.959,0.3394,624,,,,,,,,
FITB/OPBK,Banks - Regional,0.9331,0.33941,624,,,,,,,,
OCSL/RJF,Asset Management,0.8542,0.33942,624,,,,,,,,
SNV/TOWN,Banks - Regional,0.9623,0.33942,624,,,,,,,,
DSM/NKX,Asset Management,0.96,0.33943,624,,,,,,,,
BOKF/EFSC,Banks - Regional,0.9548,0.33943,624,,,,,,,,
BOE/IFN,Asset Management,0.9645,0.33943,624,,,,,,,,
GAM/JCE,Asset Management,0.987,0.33944,624,,,,,,,,
FCCO/MBCN,Banks - Regional,0.9421,0.33944,624,,,,,,,,
DCOM/FMAO,Banks - Regional,0.8168,0.33945,624,,,,,,,,
DCOM/PB,Banks - Regional,0.8588,0.33947,624,,,,,,,,
COFS/TFC,Banks - Regional,0.8348,0.33948,624,,,,,,,,
GABC/HTBK,Banks - Regional,0.8925,0.33949,624,,,,,,,,
INDY/PYT,Unknown,0.9063,0.3395,624,,,,,,,,
FULT/NKSH,Banks - Regional,0.8569,0.33952,624,,,,,,,,
BOTJ/OVLY,Banks - Regional,0.8084,0.33954,624,,,,,,,,
SBSI/ZION,Banks - Regional,0.9288,0.33955,624,,,,,,,,
DVN/SJT,Oil & Gas E&P,0.8742,0.33957,624,,,,,,,,
PAI/TSI,Asset Management,0.9359,0.33957,624,,,,,,,,
CBSH/FMAO,Banks - Regional,0.8428,0.33957,624,,,,,,,,
LKFN/PEBK,Banks - Regional,0.9067,0.33958,624,,,,,,,,
BRKL/FRME,Banks - Regional,0.9275,0.33958,624,,,,,,,,
JMM/MVT,Asset Management,0.8759,0.33958,624,,,,,,,,
CHCO/PEBK,Banks - Regional,0.8919,0.33961,624,,,,,,,,
KTF/NAD,Asset Management,0.9162,0.33961,624,,,,,,,,
HOPE/WASH,Banks - Regional,0.8561,0.33962,624,,,,,,,,
CIF/VLT,Asset Management,0.9402,0.33963,624,,,,,,,,
NUW/PFD,Asset Management,0.9389,0.33964,624,,,,,,,,
BKT/NZF,Asset Management,0.9463,0.33964,624,,,,,,,,
PFIS/RF,Banks - Regional,0.9114,0.33965,624,,,,,,,,
CVBF/NWFL,Banks - Regional,0.8888,0.33965,624,,,,,,,,
RVSB/UCB,Banks - Regional,0.8681,0.33967,624,,,,,,,,
LARK/SNV,Banks - Regional,0.8905,0.33967,624,,,,,,,,
PLBC/UCB,Banks - Regional,0.8907,0.3397,624,,,,,,,,
PGC/PNFP,Banks - Regional,0.8759,0.33972,624,,,,,,,,
CATY/FUNC,Banks - Regional,0.916,0.33973,624,,,,,,,,
DHF/ETO,Asset Management,0.9557,0.33974,624,,,,,,,,
DTF/NUW,Asset Management,0.9411,0.33976,624,,,,,,,,
FRST/PFS,Banks - Regional,0.9385,0.33979,624,,,,,,,,
KTN/TVE,Unknown,0.916,0.33979,624,,,,,,,,
DCOM/HFWA,Banks - Regional,0.8963,0.33979,624,,,,,,,,
HPI/NIM,Asset Management,0.9404,0.3398,624,,,,,,,,
EMD/VKQ,Asset Management,0.8948,0.3398,624,,,,,,,,
BGT/IFN,Asset Management,0.9457,0.3398,624,,,,,,,,
ACM/KBR,Engineering & Construction,0.91,0.33982,624,,,,,,,,
CVBF/SSBI,Banks - Regional,0.8555,0.33983,624,,,,,,,,
EMD/MYI,Asset Management,0.874,0.33984,624,,,,,,,,
KEY/UCB,Banks - Regional,0.9213,0.33984,624,,,,,,,,
FBNC/OVBC,Banks - Regional,0.8239,0.33984,624,,,,,,,,
BKN/EOT,Asset Management,0.9438,0.33984,624,,,,,,,,
IEI/KTH,Unknown,0.8941,0.33985,624,,,,,,,,
SNV/UNB,Banks - Regional,0.836,0.33987,624,,,,,,,,
FSFG/SMBK,Banks - Regional,0.937,0.33988,624,,,,,,,,
FFBC/FNLC,Banks - Regional,0.932,0.33989,624,,,,,,,,
TSBK/UNB,Banks - Regional,0.8137,0.33989,624,,,,,,,,
UMBF/WAL,Banks - Regional,0.9531,0.33989,624,,,,,,,,
HDB/NEWT,Banks - Regional,0.9149,0.33991,624,,,,,,,,
BOE/LGI,Asset Management,0.9836,0.33993,624,,,,,,,,
ALV/MLR,Auto Parts,0.8245,0.33994,624,,,,,,,,
COFS/PEBO,Banks - Regional,0.901,0.33995,624,,,,,,,,
PGC/TOWN,Banks - Regional,0.9204,0.33995,624,,,,,,,,
CFFI/FRAF,Banks - Regional,0.884,0.33996,624,,,,,,,,
MUC/PFO,Asset Management,0.946,0.33998,624,,,,,,,,
CBU/CIVB,Banks - Regional,0.9543,0.33999,624,,,,,,,,
FCF/TOWN,Banks - Regional,0.9741,0.33999,624,,,,,,,,
JMM/MUJ,Asset Management,0.956,0.34,624,,,,,,,,
BOE/NFJ,Asset Management,0.9747,0.34,624,,,,,,,,
MIY/NMZ,Asset Management,0.9821,0.34,624,,,,,,,,
BTA/VTN,Asset Management,0.9364,0.34,624,,,,,,,,
INDB/NKSH,Banks - Regional,0.8885,0.34002,624,,,,,,,,
COFS/SFBC,Banks - Regional,0.9316,0.34003,624,,,,,,,,
FFIC/HAFC,Banks - Regional,0.8709,0.34003,624,,,,,,,,
MBCN/SSB,Banks - Regional,0.9097,0.34003,624,,,,,,,,
KTH/SHV,Unknown,0.8206,0.34005,624,,,,,,,,
MIY/NUV,Asset Management,0.9802,0.34005,624,,,,,,,,
PTF/QQEW,Unknown,0.9819,0.34006,624,,,,,,,,
BANFP/QABA,Unknown,0.8761,0.34007,624,,,,,,,,
NIM/PCQ,Asset Management,0.8105,0.34008,624,,,,,,,,
FELE/ITW,Specialty Industrial Machinery,0.9724,0.34009,624,,,,,,,,
BOH/PGC,Banks - Regional,0.922,0.34009,624,,,,,,,,
BTZ/MIN,Asset Management,0.9659,0.34009,624,,,,,,,,
RMTI/TEVA,Drug Manufacturers - Specialty & Generic,0.8408,0.34009,624,,,,,,,,
NWFL/UVSP,Banks - Regional,0.8417,0.3401,624,,,,,,,,
GAB/PHT,Asset Management,0.8092,0.3401,624,,,,,,,,
FRME/UNB,Banks - Regional,0.8642,0.34012,624,,,,,,,,
HTBK/MBCN,Banks - Regional,0.8537,0.34015,624,,,,,,,,
FHI/JCE,Asset Management,0.9467,0.34016,624,,,,,,,,
BTO/RJF,Asset Management,0.9091,0.34018,624,,,,,,,,
FCCO/TRMK,Banks - Regional,0.9352,0.34018,624,,,,,,,,
CCNE/WAL,Banks - Regional,0.8617,0.34019,624,,,,,,,,
PFIS/PFS,Banks - Regional,0.8655,0.3402,624,,,,,,,,
AGD/EVF,Asset Management,0.9372,0.34021,624,,,,,,,,
CIVB/HBAN,Banks - Regional,0.934,0.34022,624,,,,,,,,
FOF/HTGC,Asset Management,0.9516,0.34024,624,,,,,,,,
CXT/ETN,Specialty Industrial Machinery,0.9483,0.34024,624,,,,,,,,
HBNC/TSBK,Banks - Regional,0.9124,0.34027,624,,,,,,,,
PFBC/SFST,Banks - Regional,0.8457,0.34028,624,,,,,,,,
CBU/WSBF,Banks - Regional,0.964,0.34028,624,,,,,,,,
FNWD/WBS,Banks - Regional,0.8667,0.34028,624,,,,,,,,
CXH/MQT,Asset Management,0.9798,0.34031,624,,,,,,,,
CVBF/MBCN,Banks - Regional,0.9055,0.34031,624,,,,,,,,
CZWI/FHN,Banks - Regional,0.8805,0.34032,624,,,,,,,,
BVFL/TCBK,Banks - Regional,0.8681,0.34034,624,,,,,,,,
IDA/PEG,Utilities - Regulated Electric,0.9434,0.34034,624,,,,,,,,
JQC/PFL,Asset Management,0.9485,0.34036,624,,,,,,,,
AMKR/CAMT,Semiconductor Equipment & Materials,0.8991,0.34037,624,,,,,,,,
GJT/IJT,Unknown,0.9357,0.34038,624,,,,,,,,
HOLX/RMD,Medical Instruments & Supplies,0.9461,0.34039,624,,,,,,,,
FFC/NRK,Asset Management,0.9657,0.34039,624,,,,,,,,
FMBH/ZION,Banks - Regional,0.9525,0.34039,624,,,,,,,,
PFS/SBSI,Banks - Regional,0.9282,0.3404,624,,,,,,,,
OIA/VTN,Asset Management,0.9335,0.3404,624,,,,,,,,
ETB/PCN,Asset Management,0.96,0.34044,624,,,,,,,,
KTN/PUI,Unknown,0.9691,0.34046,624,,,,,,,,
AGYS/DSGX,Software - Application,0.935,0.34046,624,,,,,,,,
GABC/IBCP,Banks - Regional,0.9338,0.34047,624,,,,,,,,
PSEC/RFI,Asset Management,0.9042,0.34047,624,,,,,,,,
CRM/SPNS,Software - Application,0.9479,0.34047,624,,,,,,,,
PRN/SWZ,Unknown,0.9521,0.34049,624,,,,,,,,
AOD/PCM,Asset Management,0.9006,0.34049,624,,,,,,,,
IIM/MCR,Asset Management,0.9241,0.3405,624,,,,,,,,
CIVB/OCFC,Banks - Regional,0.9303,0.3405,624,,,,,,,,
EVT/NTRS,Asset Management,0.9257,0.34051,624,,,,,,,,
CFFI/GCBC,Banks - Regional,0.8503,0.34051,624,,,,,,,,
CZNC/OSBC,Banks - Regional,0.9055,0.34052,624,,,,,,,,
UCB/WBS,Banks - Regional,0.9255,0.34054,624,,,,,,,,
LCNB/WASH,Banks - Regional,0.8703,0.34054,624,,,,,,,,
BVFL/CZNC,Banks - Regional,0.8491,0.34054,624,,,,,,,,
ONB/TCBK,Banks - Regional,0.9405,0.34054,624,,,,,,,,
ASB/BHLB,Banks - Regional,0.8595,0.34057,624,,,,,,,,
FTCS/GJH,Unknown,0.9732,0.34058,624,,,,,,,,
CATY/FDBC,Banks - Regional,0.8423,0.34059,624,,,,,,,,
FLC/MQY,Asset Management,0.9651,0.3406,624,,,,,,,,
NAD/NVG,Asset Management,0.9887,0.34061,624,,,,,,,,
LSTR/UPS,Integrated Freight & Logistics,0.9178,0.34062,624,,,,,,,,
RVSB/SMBC,Banks - Regional,0.8105,0.34063,624,,,,,,,,
FCCO/HWC,Banks - Regional,0.8632,0.34063,624,,,,,,,,
FITB/ZION,Banks - Regional,0.9476,0.34063,624,,,,,,,,
FEX/GJS,Unknown,0.9716,0.34066,624,,,,,,,,
PB/TFC,Banks - Regional,0.9287,0.34068,624,,,,,,,,
EOD/PHT,Asset Management,0.8289,0.3407,624,,,,,,,,
FMNB/NEWT,Banks - Regional,0.902,0.3407,624,,,,,,,,
EOT/VLT,Asset Management,0.8777,0.3407,624,,,,,,,,
ASH/WDFC,Specialty Chemicals,0.8667,0.34071,624,,,,,,,,
FEX/GJR,Unknown,0.9631,0.34073,624,,,,,,,,
FFBC/HAFC,Banks - Regional,0.8293,0.34075,624,,,,,,,,
GLAD/PCN,Asset Management,0.8908,0.34076,624,,,,,,,,
FTA/GJP,Unknown,0.9542,0.3408,624,,,,,,,,
CIF/CXE,Asset Management,0.9141,0.3408,624,,,,,,,,
FBNC/ZION,Banks - Regional,0.9588,0.34081,624,,,,,,,,
SOHO/SVC,REIT - Hotel & Motel,0.8472,0.34082,624,,,,,,,,
IDA/NWE,Utilities - Regulated Electric,0.9543,0.34082,624,,,,,,,,
FBIZ/HWBK,Banks - Regional,0.9,0.34084,624,,,,,,,,
GJP/PYZ,Unknown,0.9165,0.34085,624,,,,,,,,
GFI/WPM,Gold,0.8869,0.34089,624,,,,,,,,
JQC/PCN,Asset Management,0.9442,0.3409,624,,,,,,,,
EMD/MQY,Asset Management,0.8785,0.34091,624,,,,,,,,
BANR/FDBC,Banks - Regional,0.8265,0.34091,624,,,,,,,,
NBTB/PWOD,Banks - Regional,0.8364,0.34092,624,,,,,,,,
IGF/SMH,Unknown,0.8897,0.34092,624,,,,,,,,
FLC/MIY,Asset Management,0.9759,0.34094,624,,,,,,,,
PAI/PML,Asset Management,0.9183,0.34096,624,,,,,,,,
PAI/PNF,Asset Management,0.8713,0.34098,624,,,,,,,,
NTRS/USA,Asset Management,0.8854,0.34099,624,,,,,,,,
ARCC/JQC,Asset Management,0.9425,0.34099,624,,,,,,,,
TSI/VBF,Asset Management,0.9547,0.341,624,,,,,,,,
HPI/RCS,Asset Management,0.9122,0.341,624,,,,,,,,
CFFI/PFIS,Banks - Regional,0.8909,0.34102,624,,,,,,,,
FFBC/HFWA,Banks - Regional,0.9064,0.34103,624,,,,,,,,
CIVB/SFST,Banks - Regional,0.9643,0.34105,624,,,,,,,,
CBSH/FNLC,Banks - Regional,0.9642,0.34108,624,,,,,,,,
PCK/PMX,Asset Management,0.9455,0.34108,624,,,,,,,,
BDJ/PCM,Asset Management,0.9383,0.34108,624,,,,,,,,
DCI/TNC,Specialty Industrial Machinery,0.9002,0.34109,624,,,,,,,,
BVFL/CFR,Banks - Regional,0.8519,0.3411,624,,,,,,,,
CBSH/HFBL,Banks - Regional,0.9147,0.3411,624,,,,,,,,
DCI/NPO,Specialty Industrial Machinery,0.9101,0.34114,624,,,,,,,,
FNX/SMH,Unknown,0.9433,0.34114,624,,,,,,,,
MKL/ORI,Insurance - Property & Casualty,0.9356,0.34114,624,,,,,,,,
AROW/UVSP,Banks - Regional,0.9232,0.34116,624,,,,,,,,
FDBC/PBHC,Banks - Regional,0.8067,0.34117,624,,,,,,,,
AROW/LKFN,Banks - Regional,0.9031,0.34117,624,,,,,,,,
PPT/VLT,Asset Management,0.9338,0.34117,624,,,,,,,,
CADE/UMBF,Banks - Regional,0.918,0.34119,624,,,,,,,,
KEY/SMBC,Banks - Regional,0.9013,0.34119,624,,,,,,,,
RF/SBCF,Banks - Regional,0.9095,0.3412,624,,,,,,,,
NKSH/STBA,Banks - Regional,0.8722,0.3412,624,,,,,,,,
BN/STK,Asset Management,0.9665,0.34122,624,,,,,,,,
IBCP/PFBC,Banks - Regional,0.9677,0.34122,624,,,,,,,,
IQI/WEA,Asset Management,0.9456,0.34122,624,,,,,,,,
CBSH/WAL,Banks - Regional,0.9406,0.34123,624,,,,,,,,
MCHP/UMC,Semiconductors,0.9072,0.34123,624,,,,,,,,
EMD/EVG,Asset Management,0.8774,0.34124,624,,,,,,,,
BUSE/NKSH,Banks - Regional,0.9132,0.34125,624,,,,,,,,
FNB/USB,Banks - Regional,0.8297,0.34126,624,,,,,,,,
BLW/MCR,Asset Management,0.9694,0.34127,624,,,,,,,,
NAC/NEA,Asset Management,0.9668,0.34127,624,,,,,,,,
EFR/GAM,Asset Management,0.9753,0.34127,624,,,,,,,,
FRST/SBFG,Banks - Regional,0.8651,0.34128,624,,,,,,,,
CVBF/FXNC,Banks - Regional,0.8125,0.34129,624,,,,,,,,
MAIN/MPV,Asset Management,0.9794,0.3413,624,,,,,,,,
FNB/TCBK,Banks - Regional,0.8588,0.34131,624,,,,,,,,
AROW/WSBF,Banks - Regional,0.9448,0.34132,624,,,,,,,,
CGO/PCM,Asset Management,0.9297,0.34132,624,,,,,,,,
AROW/FUNC,Banks - Regional,0.8262,0.34135,624,,,,,,,,
FSFG/NRIM,Banks - Regional,0.8133,0.34139,624,,,,,,,,
AUB/PFBC,Banks - Regional,0.9468,0.34139,624,,,,,,,,
FMN/MCR,Asset Management,0.8916,0.34139,624,,,,,,,,
DHF/FT,Asset Management,0.9565,0.3414,624,,,,,,,,
NAD/WEA,Asset Management,0.9537,0.3414,624,,,,,,,,
GDO/MHN,Asset Management,0.926,0.34142,624,,,,,,,,
NKX/VBF,Asset Management,0.9634,0.34143,624,,,,,,,,
JCE/SPE,Asset Management,0.9856,0.34144,624,,,,,,,,
PGC/TFC,Banks - Regional,0.903,0.34146,624,,,,,,,,
CAC/VABK,Banks - Regional,0.939,0.34147,624,,,,,,,,
CTBI/HFWA,Banks - Regional,0.8698,0.34148,624,,,,,,,,
FRST/UNB,Banks - Regional,0.901,0.34149,624,,,,,,,,
FITB/FMBH,Banks - Regional,0.9227,0.34149,624,,,,,,,,
MCR/NEA,Asset Management,0.9565,0.34149,624,,,,,,,,
PCF/WIA,Asset Management,0.902,0.3415,624,,,,,,,,
MBWM/PFIS,Banks - Regional,0.9288,0.3415,624,,,,,,,,
FNWD/HIFS,Banks - Regional,0.8846,0.3415,624,,,,,,,,
GRX/HTGC,Asset Management,0.8548,0.3415,624,,,,,,,,
JMM/NQP,Asset Management,0.9602,0.34151,624,,,,,,,,
TRST/WTBA,Banks - Regional,0.8909,0.34153,624,,,,,,,,
COFS/FSFG,Banks - Regional,0.8874,0.34156,624,,,,,,,,
CFR/FCCO,Banks - Regional,0.9008,0.34156,624,,,,,,,,
OCSL/VRTS,Asset Management,0.8291,0.34158,624,,,,,,,,
MPB/SHBI,Banks - Regional,0.9139,0.34159,624,,,,,,,,
SBFG/SFBC,Banks - Regional,0.9588,0.34161,624,,,,,,,,
FCT/JFR,Asset Management,0.9839,0.34161,624,,,,,,,,
NVG/VGM,Asset Management,0.9798,0.34163,624,,,,,,,,
HOLX/MMSI,Medical Instruments & Supplies,0.8917,0.34165,624,,,,,,,,
BOH/HBCP,Banks - Regional,0.9051,0.34165,624,,,,,,,,
MIY/MUA,Asset Management,0.9652,0.34165,624,,,,,,,,
PKBK/THFF,Banks - Regional,0.949,0.34166,624,,,,,,,,
PCF/QQQX,Asset Management,0.9795,0.34167,624,,,,,,,,
IGR/PCN,Asset Management,0.9089,0.34168,624,,,,,,,,
BGT/BXMX,Asset Management,0.9533,0.34171,624,,,,,,,,
LSBK/OZK,Banks - Regional,0.8305,0.34173,624,,,,,,,,
COLB/SSB,Banks - Regional,0.8257,0.34173,624,,,,,,,,
GCBC/MGYR,Banks - Regional,0.8572,0.34175,624,,,,,,,,
CSCI/IBIO,Biotechnology,0.8259,0.34176,624,,,,,,,,
COLB/FMBH,Banks - Regional,0.8486,0.34176,624,,,,,,,,
TXNM/XEL,Utilities - Regulated Electric,0.9721,0.34176,624,,,,,,,,
FBNC/KEY,Banks - Regional,0.9424,0.34177,624,,,,,,,,
BSRR/IBOC,Banks - Regional,0.8976,0.34177,624,,,,,,,,
PMX/SBI,Asset Management,0.8925,0.34178,624,,,,,,,,
KRNY/SFST,Banks - Regional,0.8185,0.34178,624,,,,,,,,
BGT/EOI,Asset Management,0.9692,0.34179,624,,,,,,,,
CIF/IGI,Asset Management,0.9355,0.34179,624,,,,,,,,
CFFI/MNSB,Banks - Regional,0.8162,0.34181,624,,,,,,,,
NKSH/TOWN,Banks - Regional,0.8638,0.34182,624,,,,,,,,
CFFI/MPB,Banks - Regional,0.8818,0.34182,624,,,,,,,,
PFIS/WTFC,Banks - Regional,0.8888,0.34183,624,,,,,,,,
CASH/CBU,Banks - Regional,0.8327,0.34184,624,,,,,,,,
AROW/PLBC,Banks - Regional,0.8367,0.34185,624,,,,,,,,
CIF/IIM,Asset Management,0.9181,0.34186,624,,,,,,,,
MRTN/WERN,Trucking,0.9541,0.34187,624,,,,,,,,
MPB/PFS,Banks - Regional,0.9293,0.34187,624,,,,,,,,
FMN/NXJ,Asset Management,0.949,0.34188,624,,,,,,,,
MMS/UNF,Specialty Business Services,0.9323,0.34189,624,,,,,,,,
JMM/NCA,Asset Management,0.9427,0.3419,624,,,,,,,,
BOH/KRNY,Banks - Regional,0.8074,0.34192,624,,,,,,,,
GOF/STEW,Asset Management,0.9798,0.34192,624,,,,,,,,
DHR/MTD,Diagnostics & Research,0.9867,0.34194,624,,,,,,,,
FLC/NUV,Asset Management,0.9792,0.34195,624,,,,,,,,
RFI/VCV,Asset Management,0.878,0.34196,624,,,,,,,,
UNTY/WSFS,Banks - Regional,0.8876,0.34197,624,,,,,,,,
PKBK/WBS,Banks - Regional,0.9454,0.34198,624,,,,,,,,
AGD/FCT,Asset Management,0.9187,0.34199,624,,,,,,,,
NCA/PNF,Asset Management,0.8806,0.34199,624,,,,,,,,
NOM/PMF,Asset Management,0.8738,0.34199,624,,,,,,,,
FRME/WNEB,Banks - Regional,0.865,0.342,624,,,,,,,,
FMBH/FXNC,Banks - Regional,0.8778,0.34201,624,,,,,,,,
PBHC/PNFP,Banks - Regional,0.9133,0.34202,624,,,,,,,,
EOT/JRS,Asset Management,0.8852,0.34203,624,,,,,,,,
FMY/VMO,Asset Management,0.849,0.34204,624,,,,,,,,
GBCI/UBCP,Banks - Regional,0.938,0.34204,624,,,,,,,,
COLB/FMAO,Banks - Regional,0.822,0.34205,624,,,,,,,,
ONB/UCB,Banks - Regional,0.9039,0.34205,624,,,,,,,,
CWBC/HFBL,Banks - Regional,0.9025,0.34206,624,,,,,,,,
FRST/FSFG,Banks - Regional,0.8475,0.34208,624,,,,,,,,
BUSE/EWBC,Banks - Regional,0.8859,0.34209,624,,,,,,,,
CATY/OSBC,Banks - Regional,0.952,0.34209,624,,,,,,,,
BDJ/STK,Asset Management,0.9692,0.3421,624,,,,,,,,
MOFG/SMBC,Banks - Regional,0.8299,0.34211,624,,,,,,,,
GYRE/ORKA,Biotechnology,0.9278,0.34212,624,,,,,,,,
BANR/PFBC,Banks - Regional,0.9438,0.34213,624,,,,,,,,
PFIS/UBFO,Banks - Regional,0.8769,0.34215,624,,,,,,,,
RBCAA/SMBK,Banks - Regional,0.923,0.34217,624,,,,,,,,
BUSE/ESSA,Banks - Regional,0.8646,0.34219,624,,,,,,,,
ETG/GOF,Asset Management,0.9795,0.3422,624,,,,,,,,
SLAB/TSEM,Semiconductors,0.8144,0.3422,624,,,,,,,,
GAM/SAR,Asset Management,0.9481,0.34222,624,,,,,,,,
HBNC/LARK,Banks - Regional,0.9202,0.34222,624,,,,,,,,
CCBG/PFIS,Banks - Regional,0.9028,0.34222,624,,,,,,,,
PAI/RNP,Asset Management,0.9024,0.34223,624,,,,,,,,
FRAF/RBCAA,Banks - Regional,0.9078,0.34224,624,,,,,,,,
HYT/PFN,Asset Management,0.9738,0.34224,624,,,,,,,,
BHK/JMM,Asset Management,0.9662,0.34227,624,,,,,,,,
PGC/VLY,Banks - Regional,0.8755,0.34227,624,,,,,,,,
CZNC/PFIS,Banks - Regional,0.917,0.34227,624,,,,,,,,
FBNC/INDB,Banks - Regional,0.9435,0.34227,624,,,,,,,,
CVBF/WAFD,Banks - Regional,0.9429,0.34228,624,,,,,,,,
ONB/TOWN,Banks - Regional,0.9525,0.3423,624,,,,,,,,
BTO/ETW,Asset Management,0.9739,0.34231,624,,,,,,,,
PB/WAL,Banks - Regional,0.9071,0.34234,624,,,,,,,,
FBNC/RF,Banks - Regional,0.9548,0.34234,624,,,,,,,,
IBCP/PKBK,Banks - Regional,0.9171,0.34236,624,,,,,,,,
FRAF/NWFL,Banks - Regional,0.9412,0.34236,624,,,,,,,,
MHN/MUJ,Asset Management,0.9699,0.34237,624,,,,,,,,
NCA/VTN,Asset Management,0.9453,0.34238,624,,,,,,,,
BCBP/CNOB,Banks - Regional,0.8887,0.34238,624,,,,,,,,
ETV/ETY,Asset Management,0.9755,0.34239,624,,,,,,,,
GGG/PH,Specialty Industrial Machinery,0.9102,0.34239,624,,,,,,,,
ETW/RVT,Asset Management,0.9759,0.3424,624,,,,,,,,
NVG/PMX,Asset Management,0.929,0.34241,624,,,,,,,,
BP/E,Oil & Gas Integrated,0.8256,0.34241,624,,,,,,,,
FITB/PEBO,Banks - Regional,0.9223,0.34241,624,,,,,,,,
COFS/MPB,Banks - Regional,0.8694,0.34242,624,,,,,,,,
ESSA/TSBK,Banks - Regional,0.9309,0.34242,624,,,,,,,,
FMY/MFM,Asset Management,0.8477,0.34242,624,,,,,,,,
AFB/BFZ,Asset Management,0.9607,0.34242,624,,,,,,,,
BMRC/FRST,Banks - Regional,0.8621,0.34243,624,,,,,,,,
BOE/STK,Asset Management,0.975,0.34244,624,,,,,,,,
ALG/OSK,Farm & Heavy Construction Machinery,0.9444,0.34246,624,,,,,,,,
MIY/MYI,Asset Management,0.979,0.34247,624,,,,,,,,
CATY/ZION,Banks - Regional,0.9357,0.34247,624,,,,,,,,
CFFI/SMBK,Banks - Regional,0.9105,0.34247,624,,,,,,,,
CATY/CVBF,Banks - Regional,0.9369,0.34247,624,,,,,,,,
KTF/NAC,Asset Management,0.9589,0.3425,624,,,,,,,,
MNSB/SBCF,Banks - Regional,0.9438,0.3425,624,,,,,,,,
FCCO/KEY,Banks - Regional,0.9045,0.34251,624,,,,,,,,
RF/WSBC,Banks - Regional,0.8223,0.34251,624,,,,,,,,
FUND/IGD,Asset Management,0.9455,0.34251,624,,,,,,,,
FFBC/LKFN,Banks - Regional,0.8773,0.34251,624,,,,,,,,
HPS/NAD,Asset Management,0.938,0.34252,624,,,,,,,,
MIN/PMM,Asset Management,0.9404,0.34252,624,,,,,,,,
FMNB/FNB,Banks - Regional,0.8271,0.34256,624,,,,,,,,
EXG/QQQX,Asset Management,0.9864,0.34257,624,,,,,,,,
EMD/NUV,Asset Management,0.8715,0.34257,624,,,,,,,,
HIX/PMM,Asset Management,0.9391,0.34257,624,,,,,,,,
MCHP/MU,Semiconductors,0.9254,0.34257,624,,,,,,,,
CAC/WSBC,Banks - Regional,0.903,0.34259,624,,,,,,,,
NIM/PML,Asset Management,0.8963,0.34259,624,,,,,,,,
HFWA/PGC,Banks - Regional,0.9266,0.3426,624,,,,,,,,
FRA/PSEC,Asset Management,0.8061,0.34264,624,,,,,,,,
AZN/NVO,Drug Manufacturers - General,0.8969,0.34266,624,,,,,,,,
GJT/INDY,Unknown,0.9503,0.34266,624,,,,,,,,
MIN/NRK,Asset Management,0.9391,0.34269,624,,,,,,,,
FNWD/GBCI,Banks - Regional,0.8687,0.3427,624,,,,,,,,
UNB/WSBC,Banks - Regional,0.8961,0.34271,624,,,,,,,,
FRAF/MPB,Banks - Regional,0.9529,0.34274,624,,,,,,,,
MQT/PMX,Asset Management,0.9386,0.34276,624,,,,,,,,
KTF/NZF,Asset Management,0.8826,0.34277,624,,,,,,,,
DDT/QQQ,Unknown,0.9496,0.34278,624,,,,,,,,
CWBC/FXNC,Banks - Regional,0.8652,0.34281,624,,,,,,,,
CBAN/HFBL,Banks - Regional,0.8941,0.34282,624,,,,,,,,
PZC/VMO,Asset Management,0.9157,0.34282,624,,,,,,,,
PKBK/WNEB,Banks - Regional,0.8323,0.34284,624,,,,,,,,
NRIM/UBFO,Banks - Regional,0.8186,0.34284,624,,,,,,,,
FFIN/FNWD,Banks - Regional,0.8474,0.34287,624,,,,,,,,
BANR/BCML,Banks - Regional,0.91,0.34287,624,,,,,,,,
PCF/PIM,Asset Management,0.9341,0.3429,624,,,,,,,,
OVLY/PBHC,Banks - Regional,0.85,0.34293,624,,,,,,,,
NAC/PNI,Asset Management,0.9067,0.34293,624,,,,,,,,
HDB/WSBF,Banks - Regional,0.9318,0.34293,624,,,,,,,,
ARWR/TECH,Biotechnology,0.862,0.34293,624,,,,,,,,
EOD/IFN,Asset Management,0.945,0.34294,624,,,,,,,,
DDT/IUSV,Unknown,0.9831,0.34294,624,,,,,,,,
MQY/NEA,Asset Management,0.9776,0.34295,624,,,,,,,,
BOH/MBCN,Banks - Regional,0.846,0.34296,624,,,,,,,,
NWE/PEG,Utilities - Regulated Electric,0.8564,0.34297,624,,,,,,,,
CBSH/SBSI,Banks - Regional,0.9604,0.34298,624,,,,,,,,
PPT/SAR,Asset Management,0.8886,0.34299,624,,,,,,,,
FCF/GABC,Banks - Regional,0.9623,0.34299,624,,,,,,,,
CIVB/HTBK,Banks - Regional,0.9467,0.343,624,,,,,,,,
PZC/VCV,Asset Management,0.9092,0.34304,624,,,,,,,,
FRME/USB,Banks - Regional,0.9577,0.34306,624,,,,,,,,
HOMB/OCFC,Banks - Regional,0.8209,0.34307,624,,,,,,,,
EMB/SHY,Unknown,0.8723,0.3431,624,,,,,,,,
FRA/IIF,Asset Management,0.9475,0.3431,624,,,,,,,,
KTN/PNQI,Unknown,0.9342,0.34311,624,,,,,,,,
ASB/MOFG,Banks - Regional,0.9055,0.34311,624,,,,,,,,
DTF/VPV,Asset Management,0.9308,0.34313,624,,,,,,,,
FRST/PEBK,Banks - Regional,0.8804,0.34314,624,,,,,,,,
HPS/MIY,Asset Management,0.9353,0.34315,624,,,,,,,,
JRS/MUA,Asset Management,0.8918,0.34315,624,,,,,,,,
JHI/NRK,Asset Management,0.9163,0.34315,624,,,,,,,,
GAB/NTRS,Asset Management,0.8885,0.34316,624,,,,,,,,
FMN/PFO,Asset Management,0.9477,0.34317,624,,,,,,,,
BANF/EBTC,Banks - Regional,0.8449,0.34317,624,,,,,,,,
PNI/VGM,Asset Management,0.8695,0.34319,624,,,,,,,,
GCV/SOR,Asset Management,0.8759,0.3432,624,,,,,,,,
EFR/GOF,Asset Management,0.9558,0.34323,624,,,,,,,,
CXH/NAC,Asset Management,0.9837,0.34324,624,,,,,,,,
IGF/VCSH,Unknown,0.9382,0.34324,624,,,,,,,,
EFR/NIE,Asset Management,0.968,0.34325,624,,,,,,,,
THFF/WSBF,Banks - Regional,0.8974,0.34325,624,,,,,,,,
NVG/NXC,Asset Management,0.9483,0.34326,624,,,,,,,,
EHI/NUV,Asset Management,0.9372,0.34327,624,,,,,,,,
HBCP/UVSP,Banks - Regional,0.957,0.34328,624,,,,,,,,
LKFN/MBWM,Banks - Regional,0.9217,0.34329,624,,,,,,,,
FNB/UCB,Banks - Regional,0.8052,0.34329,624,,,,,,,,
LCNB/PFIS,Banks - Regional,0.8798,0.34329,624,,,,,,,,
PB/TOWN,Banks - Regional,0.9252,0.3433,624,,,,,,,,
PFIS/PNC,Banks - Regional,0.9073,0.34331,624,,,,,,,,
OVBC/WNEB,Banks - Regional,0.8482,0.34334,624,,,,,,,,
COFS/ONB,Banks - Regional,0.9116,0.34335,624,,,,,,,,
TFSL/WAL,Banks - Regional,0.8903,0.34335,624,,,,,,,,
BFC/HBCP,Banks - Regional,0.8978,0.34336,624,,,,,,,,
HPI/VTN,Asset Management,0.9073,0.34336,624,,,,,,,,
CBFV/MTB,Banks - Regional,0.9301,0.34336,624,,,,,,,,
PB/SNV,Banks - Regional,0.9234,0.34337,624,,,,,,,,
FNLC/HWC,Banks - Regional,0.8758,0.34338,624,,,,,,,,
FHI/STEW,Asset Management,0.9468,0.34338,624,,,,,,,,
HPF/NNY,Asset Management,0.9341,0.3434,624,,,,,,,,
AROW/EBMT,Banks - Regional,0.9395,0.34342,624,,,,,,,,
MTR/SJT,Oil & Gas E&P,0.8416,0.34343,624,,,,,,,,
RFI/VKQ,Asset Management,0.8878,0.34343,624,,,,,,,,
FTC/GJP,Unknown,0.972,0.34344,624,,,,,,,,
HPF/MPV,Asset Management,0.9162,0.34344,624,,,,,,,,
FCN/ICFI,Consulting Services,0.9552,0.34344,624,,,,,,,,
LCNB/WBS,Banks - Regional,0.9071,0.34344,624,,,,,,,,
HPI/RNP,Asset Management,0.9603,0.34345,624,,,,,,,,
ALRS/KEY,Banks - Regional,0.9316,0.34345,624,,,,,,,,
MGF/PNF,Asset Management,0.8148,0.34347,624,,,,,,,,
FUND/GLAD,Asset Management,0.9512,0.34348,624,,,,,,,,
FHI/SPE,Asset Management,0.9338,0.34348,624,,,,,,,,
HBCP/PGC,Banks - Regional,0.9209,0.34349,624,,,,,,,,
COFS/UNTY,Banks - Regional,0.8878,0.34351,624,,,,,,,,
WSBF/WTBA,Banks - Regional,0.971,0.34352,624,,,,,,,,
BVFL/RF,Banks - Regional,0.8333,0.34352,624,,,,,,,,
KTF/PMX,Asset Management,0.8731,0.34354,624,,,,,,,,
NAN/PMF,Asset Management,0.9202,0.34355,624,,,,,,,,
BPOPM/PHO,Unknown,0.9058,0.34356,624,,,,,,,,
FBNC/TCBK,Banks - Regional,0.9705,0.34356,624,,,,,,,,
BOKF/FMBH,Banks - Regional,0.9232,0.34358,624,,,,,,,,
MUJ/PFO,Asset Management,0.9702,0.34358,624,,,,,,,,
CLH/RSG,Waste Management,0.9313,0.34358,624,,,,,,,,
EBTC/ONB,Banks - Regional,0.9309,0.34358,624,,,,,,,,
MHI/NXN,Asset Management,0.8614,0.34359,624,,,,,,,,
BUSE/MBWM,Banks - Regional,0.9225,0.34362,624,,,,,,,,
FNLC/HFWA,Banks - Regional,0.903,0.34362,624,,,,,,,,
CCNE/HFWA,Banks - Regional,0.9529,0.34362,624,,,,,,,,
NXN/PCN,Asset Management,0.9389,0.34363,624,,,,,,,,
FRST/WAL,Banks - Regional,0.8111,0.34363,624,,,,,,,,
FCF/WSFS,Banks - Regional,0.9623,0.34364,624,,,,,,,,
FNWD/WSBF,Banks - Regional,0.92,0.34365,624,,,,,,,,
FLC/MHD,Asset Management,0.9269,0.34368,624,,,,,,,,
EFSC/HWBK,Banks - Regional,0.9397,0.3437,624,,,,,,,,
IEI/KTN,Unknown,0.9123,0.34375,624,,,,,,,,
DTF/IQI,Asset Management,0.9467,0.34376,624,,,,,,,,
NXP/WEA,Asset Management,0.9642,0.34378,624,,,,,,,,
LARK/OZK,Banks - Regional,0.8801,0.3438,624,,,,,,,,
RVSB/WTBA,Banks - Regional,0.8985,0.34381,624,,,,,,,,
BPOPM/FEX,Unknown,0.9384,0.34383,624,,,,,,,,
NKSH/PPBI,Banks - Regional,0.9013,0.34384,624,,,,,,,,
MBCN/ZION,Banks - Regional,0.8668,0.34385,624,,,,,,,,
CHY/LGI,Asset Management,0.9882,0.34385,624,,,,,,,,
MBWM/MOFG,Banks - Regional,0.8476,0.34386,624,,,,,,,,
MOFG/SNV,Banks - Regional,0.8887,0.34387,624,,,,,,,,
KEY/SBCF,Banks - Regional,0.9518,0.34389,624,,,,,,,,
PNW/POR,Utilities - Regulated Electric,0.9537,0.34389,624,,,,,,,,
FRA/GAM,Asset Management,0.9849,0.34389,624,,,,,,,,
NRK/VPV,Asset Management,0.9847,0.3439,624,,,,,,,,
IQI/NMZ,Asset Management,0.9863,0.34391,624,,,,,,,,
BKN/MMT,Asset Management,0.906,0.34394,624,,,,,,,,
OPBK/PFIS,Banks - Regional,0.9535,0.34395,624,,,,,,,,
FFBC/FMBH,Banks - Regional,0.925,0.34396,624,,,,,,,,
BVFL/SFST,Banks - Regional,0.8003,0.34396,624,,,,,,,,
FCF/WSBC,Banks - Regional,0.9029,0.34398,624,,,,,,,,
CADE/USB,Banks - Regional,0.9211,0.34399,624,,,,,,,,
CHMG/CMA,Banks - Regional,0.8814,0.34399,624,,,,,,,,
FDBC/WSBC,Banks - Regional,0.804,0.344,624,,,,,,,,
EOD/RNP,Asset Management,0.9434,0.344,624,,,,,,,,
NCA/VGM,Asset Management,0.9541,0.34401,624,,,,,,,,
BLW/JHS,Asset Management,0.8872,0.34402,624,,,,,,,,
CFFI/CWBC,Banks - Regional,0.871,0.34403,624,,,,,,,,
CMU/MHN,Asset Management,0.9605,0.34404,624,,,,,,,,
BCAL/FFIN,Banks - Regional,0.8334,0.34404,624,,,,,,,,
BPOPM/IMCV,Unknown,0.9377,0.34404,624,,,,,,,,
BOH/PFIS,Banks - Regional,0.8651,0.34406,624,,,,,,,,
DJCO/PAR,Software - Application,0.8352,0.34406,624,,,,,,,,
AUB/FULT,Banks - Regional,0.9555,0.34406,624,,,,,,,,
BTE/WTI,Oil & Gas E&P,0.9447,0.34407,624,,,,,,,,
OIA/PFL,Asset Management,0.9506,0.34408,624,,,,,,,,
DSM/PNI,Asset Management,0.9321,0.34408,624,,,,,,,,
GOF/RVT,Asset Management,0.9831,0.3441,624,,,,,,,,
BOE/TY,Asset Management,0.9696,0.34412,624,,,,,,,,
HIO/MYI,Asset Management,0.8883,0.34413,624,,,,,,,,
PFO/WIA,Asset Management,0.8955,0.34415,624,,,,,,,,
CBU/CZNC,Banks - Regional,0.9466,0.34416,624,,,,,,,,
OVBC/PFS,Banks - Regional,0.8594,0.34416,624,,,,,,,,
JMM/RQI,Asset Management,0.9483,0.34417,624,,,,,,,,
SSB/WSBF,Banks - Regional,0.8967,0.34417,624,,,,,,,,
CZFS/MBWM,Banks - Regional,0.8575,0.34418,624,,,,,,,,
NCA/PMF,Asset Management,0.915,0.3442,624,,,,,,,,
HTBK/SNV,Banks - Regional,0.902,0.34421,624,,,,,,,,
IBOC/UBCP,Banks - Regional,0.8949,0.34424,624,,,,,,,,
MSD/NMI,Asset Management,0.8819,0.34424,624,,,,,,,,
GJT/PDP,Unknown,0.9403,0.34429,624,,,,,,,,
HBNC/USB,Banks - Regional,0.9622,0.34429,624,,,,,,,,
ORRF/RF,Banks - Regional,0.8097,0.34431,624,,,,,,,,
FLC/NIM,Asset Management,0.9707,0.34431,624,,,,,,,,
BANR/OPBK,Banks - Regional,0.9483,0.34432,624,,,,,,,,
GAB/VVR,Asset Management,0.9366,0.34432,624,,,,,,,,
OSBC/SMBC,Banks - Regional,0.9405,0.34433,624,,,,,,,,
DUK/LNT,Utilities - Regulated Electric,0.981,0.34434,624,,,,,,,,
PAI/VMO,Asset Management,0.9522,0.34434,624,,,,,,,,
FRST/KRNY,Banks - Regional,0.8897,0.34435,624,,,,,,,,
BANC/INDB,Banks - Regional,0.8238,0.34435,624,,,,,,,,
IFN/IIF,Asset Management,0.9561,0.34436,624,,,,,,,,
CXH/IIM,Asset Management,0.9788,0.34436,624,,,,,,,,
CBSH/FRME,Banks - Regional,0.9544,0.34436,624,,,,,,,,
MUJ/VBF,Asset Management,0.9667,0.34437,624,,,,,,,,
IGA/MAIN,Asset Management,0.9816,0.34438,624,,,,,,,,
BKT/KTF,Asset Management,0.9039,0.3444,624,,,,,,,,
HIFS/WSBF,Banks - Regional,0.9497,0.34441,624,,,,,,,,
BSRR/CZFS,Banks - Regional,0.8065,0.34441,624,,,,,,,,
VCV/WEA,Asset Management,0.9299,0.34442,624,,,,,,,,
DDT/FTCS,Unknown,0.9773,0.34444,624,,,,,,,,
NXJ/VCV,Asset Management,0.9678,0.34444,624,,,,,,,,
COLB/NFBK,Banks - Regional,0.9067,0.34445,624,,,,,,,,
BMRC/PPBI,Banks - Regional,0.8361,0.34446,624,,,,,,,,
CFFI/WSBC,Banks - Regional,0.8526,0.34446,624,,,,,,,,
TCBK/WASH,Banks - Regional,0.863,0.34447,624,,,,,,,,
NCA/PCQ,Asset Management,0.8266,0.34448,624,,,,,,,,
EFR/TWN,Asset Management,0.951,0.34448,624,,,,,,,,
BRW/GDL,Asset Management,0.9595,0.34449,624,,,,,,,,
MBWM/WAFD,Banks - Regional,0.9311,0.34449,624,,,,,,,,
GRX/WIA,Asset Management,0.8859,0.3445,624,,,,,,,,
BCPC/WDFC,Specialty Chemicals,0.944,0.3445,624,,,,,,,,
NEA/SBI,Asset Management,0.9436,0.34452,624,,,,,,,,
EFT/FFA,Asset Management,0.9686,0.34455,624,,,,,,,,
ETO/PIM,Asset Management,0.9207,0.34456,624,,,,,,,,
SNV/WBS,Banks - Regional,0.9685,0.34457,624,,,,,,,,
BOTJ/FXNC,Banks - Regional,0.8657,0.34458,624,,,,,,,,
IGF/SOXX,Unknown,0.9038,0.34459,624,,,,,,,,
DHF/WIW,Asset Management,0.9279,0.34459,624,,,,,,,,
PPH/SHV,Unknown,0.8497,0.34459,624,,,,,,,,
QCRH/SMBK,Banks - Regional,0.9614,0.3446,624,,,,,,,,
FSFG/PLBC,Banks - Regional,0.9033,0.34462,624,,,,,,,,
FHN/FNLC,Banks - Regional,0.8681,0.34465,624,,,,,,,,
CXE/MCR,Asset Management,0.8766,0.34467,624,,,,,,,,
GLAD/GOF,Asset Management,0.945,0.34468,624,,,,,,,,
OII/TDW,Oil & Gas Equipment & Services,0.8086,0.34468,624,,,,,,,,
AEE/WEC,Utilities - Regulated Electric,0.9946,0.34469,624,,,,,,,,
HMN/TRV,Insurance - Property & Casualty,0.8289,0.34472,624,,,,,,,,
CZNC/FISI,Banks - Regional,0.8966,0.34472,624,,,,,,,,
GRC/NPO,Specialty Industrial Machinery,0.8024,0.34473,624,,,,,,,,
FMNB/HBAN,Banks - Regional,0.9552,0.34473,624,,,,,,,,
CCNE/SNV,Banks - Regional,0.9127,0.34474,624,,,,,,,,
DGII/MSI,Communication Equipment,0.8637,0.34476,624,,,,,,,,
ABEO/LSTA,Biotechnology,0.89,0.34476,624,,,,,,,,
BGT/RJF,Asset Management,0.9616,0.34477,624,,,,,,,,
GJR/IJT,Unknown,0.9285,0.34477,624,,,,,,,,
EBMT/TOWN,Banks - Regional,0.8681,0.34479,624,,,,,,,,
ETO/TWN,Asset Management,0.9262,0.34483,624,,,,,,,,
EVG/MCR,Asset Management,0.9431,0.34483,624,,,,,,,,
CHMG/FFBC,Banks - Regional,0.9358,0.34484,624,,,,,,,,
KTN/MBB,Unknown,0.8883,0.34485,624,,,,,,,,
PCN/STEW,Asset Management,0.9445,0.34485,624,,,,,,,,
HBNC/SRCE,Banks - Regional,0.9122,0.34487,624,,,,,,,,
AOD/NFJ,Asset Management,0.9508,0.34487,624,,,,,,,,
JHI/NMZ,Asset Management,0.9108,0.3449,624,,,,,,,,
LCNB/TCBK,Banks - Regional,0.8931,0.3449,624,,,,,,,,
AROW/GABC,Banks - Regional,0.9525,0.34491,624,,,,,,,,
ASH/ECL,Specialty Chemicals,0.8445,0.34491,624,,,,,,,,
IGF/INDY,Unknown,0.9345,0.34491,624,,,,,,,,
BMRC/COLB,Banks - Regional,0.9064,0.34492,624,,,,,,,,
VPV/WEA,Asset Management,0.9493,0.34492,624,,,,,,,,
BRKL/CADE,Banks - Regional,0.8509,0.34494,624,,,,,,,,
MPB/WBS,Banks - Regional,0.9531,0.34495,624,,,,,,,,
CATY/CFFI,Banks - Regional,0.9268,0.34495,624,,,,,,,,
JPC/JRS,Asset Management,0.9546,0.34497,624,,,,,,,,
CBFV/KEY,Banks - Regional,0.8494,0.34498,624,,,,,,,,
FBNC/FRME,Banks - Regional,0.9634,0.34498,624,,,,,,,,
FSFG/PNC,Banks - Regional,0.9575,0.34498,624,,,,,,,,
CIVB/SMBC,Banks - Regional,0.912,0.34499,624,,,,,,,,
ASB/CARE,Banks - Regional,0.8614,0.345,624,,,,,,,,
AUB/PFIS,Banks - Regional,0.9252,0.345,624,,,,,,,,
CIVB/UNTY,Banks - Regional,0.8565,0.345,624,,,,,,,,
FRME/OCFC,Banks - Regional,0.9258,0.34501,624,,,,,,,,
MFM/NAC,Asset Management,0.9773,0.34501,624,,,,,,,,
AWF/FOF,Asset Management,0.9809,0.34503,624,,,,,,,,
CCBG/HIFS,Banks - Regional,0.8489,0.34503,624,,,,,,,,
BSRR/NKSH,Banks - Regional,0.8529,0.34505,624,,,,,,,,
CADE/PNFP,Banks - Regional,0.9408,0.34505,624,,,,,,,,
IBOC/USB,Banks - Regional,0.8058,0.34508,624,,,,,,,,
DTF/LEO,Asset Management,0.971,0.34508,624,,,,,,,,
RFI/SPE,Asset Management,0.9439,0.3451,624,,,,,,,,
CATY/PFS,Banks - Regional,0.9091,0.34512,624,,,,,,,,
DSM/HPI,Asset Management,0.8888,0.34512,624,,,,,,,,
SMBC/TFC,Banks - Regional,0.8759,0.34513,624,,,,,,,,
MYI/PFO,Asset Management,0.9626,0.34513,624,,,,,,,,
CIF/MVF,Asset Management,0.8818,0.34513,624,,,,,,,,
ESE/ITRI,Scientific & Technical Instruments,0.8116,0.34515,624,,,,,,,,
INDB/SBSI,Banks - Regional,0.953,0.34516,624,,,,,,,,
GRC/KAI,Specialty Industrial Machinery,0.8228,0.34518,624,,,,,,,,
DTF/PMF,Asset Management,0.9545,0.34519,624,,,,,,,,
HWC/SSB,Banks - Regional,0.8465,0.3452,624,,,,,,,,
FMBH/NKSH,Banks - Regional,0.8631,0.34524,624,,,,,,,,
LSBK/NKSH,Banks - Regional,0.8668,0.34524,624,,,,,,,,
EVG/STK,Asset Management,0.9622,0.34525,624,,,,,,,,
CHMG/FRME,Banks - Regional,0.9387,0.34526,624,,,,,,,,
IJT/PYT,Unknown,0.9678,0.34529,624,,,,,,,,
FITB/FNLC,Banks - Regional,0.9281,0.3453,624,,,,,,,,
FHI/JEQ,Asset Management,0.8305,0.34531,624,,,,,,,,
INDB/PFIS,Banks - Regional,0.8742,0.34532,624,,,,,,,,
SBFG/WSBF,Banks - Regional,0.9368,0.34533,624,,,,,,,,
ASB/COFS,Banks - Regional,0.8263,0.34537,624,,,,,,,,
BUSE/USB,Banks - Regional,0.9281,0.34538,624,,,,,,,,
PCN/UTF,Asset Management,0.971,0.34538,624,,,,,,,,
ASB/BOKF,Banks - Regional,0.9553,0.34538,624,,,,,,,,
MBWM/UBFO,Banks - Regional,0.9257,0.34539,624,,,,,,,,
BLE/PMX,Asset Management,0.9652,0.34539,624,,,,,,,,
BNY/VBF,Asset Management,0.8765,0.34539,624,,,,,,,,
NWFL/SNV,Banks - Regional,0.8313,0.3454,624,,,,,,,,
BCAL/CZFS,Banks - Regional,0.8285,0.34544,624,,,,,,,,
CFFI/INDB,Banks - Regional,0.8031,0.34545,624,,,,,,,,
EFSC/FISI,Banks - Regional,0.9015,0.34547,624,,,,,,,,
HPI/MHN,Asset Management,0.8836,0.34548,624,,,,,,,,
CTBI/NWFL,Banks - Regional,0.8838,0.34548,624,,,,,,,,
ESSA/SHBI,Banks - Regional,0.8352,0.34549,624,,,,,,,,
PBHC/PFIS,Banks - Regional,0.9324,0.34549,624,,,,,,,,
ADUS/EHC,Medical Care Facilities,0.9255,0.34549,624,,,,,,,,
AUB/CATY,Banks - Regional,0.968,0.34549,624,,,,,,,,
DSM/JPC,Asset Management,0.908,0.34552,624,,,,,,,,
JHI/PMO,Asset Management,0.9184,0.34553,624,,,,,,,,
PHD/PSEC,Asset Management,0.8291,0.34553,624,,,,,,,,
CBSH/CCNE,Banks - Regional,0.908,0.34554,624,,,,,,,,
FXNC/OVLY,Banks - Regional,0.8671,0.34555,624,,,,,,,,
MWA/NDSN,Specialty Industrial Machinery,0.8259,0.34556,624,,,,,,,,
BRKL/CMA,Banks - Regional,0.9431,0.34556,624,,,,,,,,
LEO/PFO,Asset Management,0.952,0.34556,624,,,,,,,,
CGO/NTRS,Asset Management,0.9219,0.34556,624,,,,,,,,
MUA/NMI,Asset Management,0.9645,0.34558,624,,,,,,,,
BFK/JMM,Asset Management,0.9018,0.34558,624,,,,,,,,
HRI/UHAL,Rental & Leasing Services,0.8012,0.34558,624,,,,,,,,
FHN/WTBA,Banks - Regional,0.8365,0.34559,624,,,,,,,,
FFIN/SFBC,Banks - Regional,0.9112,0.34559,624,,,,,,,,
DLHC/TRNS,Specialty Business Services,0.8092,0.3456,624,,,,,,,,
FCF/MOFG,Banks - Regional,0.859,0.3456,624,,,,,,,,
BANC/FRST,Banks - Regional,0.8757,0.34565,624,,,,,,,,
TCBI/WSFS,Banks - Regional,0.8121,0.34565,624,,,,,,,,
NWBI/UNB,Banks - Regional,0.8782,0.34567,624,,,,,,,,
PPT/STT,Asset Management,0.805,0.34567,624,,,,,,,,
FMBH/SBCF,Banks - Regional,0.954,0.34568,624,,,,,,,,
OSBC/PEBK,Banks - Regional,0.954,0.34569,624,,,,,,,,
FFC/NAC,Asset Management,0.9637,0.34569,624,,,,,,,,
FITB/SBSI,Banks - Regional,0.9072,0.3457,624,,,,,,,,
NBTB/UBSI,Banks - Regional,0.9335,0.34571,624,,,,,,,,
BANC/FISI,Banks - Regional,0.8821,0.34571,624,,,,,,,,
AROW/LARK,Banks - Regional,0.8912,0.34572,624,,,,,,,,
TSBK/WSFS,Banks - Regional,0.9497,0.34572,624,,,,,,,,
CXE/NAC,Asset Management,0.9655,0.34574,624,,,,,,,,
LGI/TY,Asset Management,0.9799,0.34574,624,,,,,,,,
ACHV/RIGL,Biotechnology,0.8832,0.34574,624,,,,,,,,
BCAL/PFIS,Banks - Regional,0.8244,0.34574,624,,,,,,,,
CP/NSC,Railroads,0.9652,0.34574,624,,,,,,,,
HBAN/MBWM,Banks - Regional,0.9619,0.34575,624,,,,,,,,
GJH/GJO,Unknown,0.9569,0.34575,624,,,,,,,,
MGF/PMF,Asset Management,0.8609,0.34576,624,,,,,,,,
BANC/MPB,Banks - Regional,0.8276,0.34579,624,,,,,,,,
GRBK/NVR,Residential Construction,0.8409,0.34579,624,,,,,,,,
HIX/NXN,Asset Management,0.9168,0.3458,624,,,,,,,,
FBNC/NWFL,Banks - Regional,0.9237,0.34581,624,,,,,,,,
BCBP/FHN,Banks - Regional,0.8868,0.34583,624,,,,,,,,
OPOF/PEBK,Banks - Regional,0.8642,0.34584,624,,,,,,,,
GBCI/MPB,Banks - Regional,0.9313,0.34587,624,,,,,,,,
KF/WIA,Asset Management,0.848,0.34587,624,,,,,,,,
EBTC/HFWA,Banks - Regional,0.905,0.34589,624,,,,,,,,
EXG/RJF,Asset Management,0.954,0.34589,624,,,,,,,,
CHMG/TFC,Banks - Regional,0.8782,0.3459,624,,,,,,,,
ETV/TSI,Asset Management,0.9682,0.34591,624,,,,,,,,
NXC/VTN,Asset Management,0.9357,0.34592,624,,,,,,,,
MPB/VLY,Banks - Regional,0.8342,0.34593,624,,,,,,,,
PNC/SFST,Banks - Regional,0.8814,0.34594,624,,,,,,,,
HPF/MIY,Asset Management,0.9398,0.34595,624,,,,,,,,
CTBI/NBTB,Banks - Regional,0.9698,0.34596,624,,,,,,,,
CZNC/GSBC,Banks - Regional,0.9555,0.34596,624,,,,,,,,
COLB/FISI,Banks - Regional,0.9123,0.34597,624,,,,,,,,
MHF/PFO,Asset Management,0.9528,0.34598,624,,,,,,,,
CAF/PFD,Asset Management,0.8587,0.34601,624,,,,,,,,
BHK/MUA,Asset Management,0.9525,0.34601,624,,,,,,,,
CZNC/GBCI,Banks - Regional,0.9315,0.34602,624,,,,,,,,
CCNE/CHCO,Banks - Regional,0.8165,0.34603,624,,,,,,,,
EBTC/SSB,Banks - Regional,0.923,0.34603,624,,,,,,,,
CACI/JKHY,Information Technology Services,0.9079,0.34604,624,,,,,,,,
FDBC/STBA,Banks - Regional,0.8377,0.34605,624,,,,,,,,
NEWT/NWFL,Banks - Regional,0.8047,0.34605,624,,,,,,,,
AWP/SAR,Asset Management,0.8796,0.34605,624,,,,,,,,
CZNC/UBFO,Banks - Regional,0.8893,0.34606,624,,,,,,,,
NCA/PML,Asset Management,0.9028,0.34608,624,,,,,,,,
HOPE/OCFC,Banks - Regional,0.8701,0.3461,624,,,,,,,,
NXC/VPV,Asset Management,0.9525,0.3461,624,,,,,,,,
FXNC/VABK,Banks - Regional,0.9208,0.34611,624,,,,,,,,
BME/TSI,Asset Management,0.9652,0.34612,624,,,,,,,,
PLBC/UVSP,Banks - Regional,0.8721,0.34612,624,,,,,,,,
TKR/TTC,Tools & Accessories,0.9133,0.34614,624,,,,,,,,
IGI/VLT,Asset Management,0.8969,0.34614,624,,,,,,,,
FNLC/OZK,Banks - Regional,0.8341,0.34615,624,,,,,,,,
HWBK/PNFP,Banks - Regional,0.9241,0.34619,624,,,,,,,,
COLB/PFS,Banks - Regional,0.9162,0.3462,624,,,,,,,,
HPS/MYI,Asset Management,0.9276,0.34621,624,,,,,,,,
LH/TMO,Diagnostics & Research,0.9633,0.34624,624,,,,,,,,
AROW/CHCO,Banks - Regional,0.8069,0.34626,624,,,,,,,,
FCT/SPE,Asset Management,0.9709,0.34626,624,,,,,,,,
OPOF/TCBK,Banks - Regional,0.8288,0.34628,624,,,,,,,,
GDO/MUJ,Asset Management,0.9649,0.34629,624,,,,,,,,
LKFN/SFST,Banks - Regional,0.8768,0.34629,624,,,,,,,,
GJH/USIG,Unknown,0.9378,0.34629,624,,,,,,,,
HBCP/INDB,Banks - Regional,0.9017,0.34629,624,,,,,,,,
DSU/MAIN,Asset Management,0.9827,0.3463,624,,,,,,,,
PFD/RQI,Asset Management,0.8804,0.34632,624,,,,,,,,
FLC/MFM,Asset Management,0.9566,0.34632,624,,,,,,,,
CZFS/TFC,Banks - Regional,0.8035,0.34633,624,,,,,,,,
FRA/SAR,Asset Management,0.9427,0.34634,624,,,,,,,,
MIN/NUV,Asset Management,0.934,0.34636,624,,,,,,,,
PNFP/SMBK,Banks - Regional,0.9521,0.34637,624,,,,,,,,
MBWM/SFST,Banks - Regional,0.8193,0.34637,624,,,,,,,,
AGYS/CDNS,Software - Application,0.9603,0.34639,624,,,,,,,,
INDB/OSBC,Banks - Regional,0.9003,0.34641,624,,,,,,,,
IAE/WEA,Asset Management,0.8136,0.34641,624,,,,,,,,
NAZ/VCV,Asset Management,0.9596,0.34642,624,,,,,,,,
PB/PNFP,Banks - Regional,0.9282,0.34642,624,,,,,,,,
FMNB/UBCP,Banks - Regional,0.9402,0.34643,624,,,,,,,,
BBH/VCSH,Unknown,0.9343,0.34645,624,,,,,,,,
QCRH/SFBC,Banks - Regional,0.9671,0.34645,624,,,,,,,,
CTBI/HIFS,Banks - Regional,0.855,0.34645,624,,,,,,,,
BN/CSQ,Asset Management,0.9823,0.34645,624,,,,,,,,
BFZ/PMO,Asset Management,0.9231,0.34646,624,,,,,,,,
EVF/FRA,Asset Management,0.9859,0.34647,624,,,,,,,,
ASG/GCV,Asset Management,0.9666,0.34647,624,,,,,,,,
AUB/VABK,Banks - Regional,0.9467,0.34648,624,,,,,,,,
SPE/USA,Asset Management,0.9773,0.34649,624,,,,,,,,
CHCO/WBS,Banks - Regional,0.8617,0.34649,624,,,,,,,,
BUSE/QCRH,Banks - Regional,0.913,0.34651,624,,,,,,,,
CCBG/FCCO,Banks - Regional,0.8982,0.34651,624,,,,,,,,
FCCO/UCB,Banks - Regional,0.9026,0.34651,624,,,,,,,,
SSBI/WSBF,Banks - Regional,0.9083,0.34652,624,,,,,,,,
BCBP/PB,Banks - Regional,0.8677,0.34652,624,,,,,,,,
HPS/PMM,Asset Management,0.9447,0.34653,624,,,,,,,,
BN/BX,Asset Management,0.9602,0.34654,624,,,,,,,,
CFFI/EFSC,Banks - Regional,0.9117,0.34656,624,,,,,,,,
FELE/WTS,Specialty Industrial Machinery,0.98,0.34657,624,,,,,,,,
MMU/MUJ,Asset Management,0.9453,0.34661,624,,,,,,,,
FNB/GSBC,Banks - Regional,0.8727,0.34662,624,,,,,,,,
HIO/PFO,Asset Management,0.9226,0.34663,624,,,,,,,,
LCNB/USB,Banks - Regional,0.905,0.34663,624,,,,,,,,
CBFV/ISBA,Banks - Regional,0.8651,0.34664,624,,,,,,,,
ESSA/WAFD,Banks - Regional,0.9029,0.34664,624,,,,,,,,
FBIZ/FITB,Banks - Regional,0.9094,0.34664,624,,,,,,,,
JMM/MPA,Asset Management,0.9509,0.34665,624,,,,,,,,
NKSH/OVBC,Banks - Regional,0.8613,0.34667,624,,,,,,,,
NWFL/RNST,Banks - Regional,0.8151,0.34667,624,,,,,,,,
CSPI/LDOS,Information Technology Services,0.8224,0.34668,624,,,,,,,,
FFBC/FNB,Banks - Regional,0.9012,0.34668,624,,,,,,,,
FCCO/HOMB,Banks - Regional,0.9246,0.3467,624,,,,,,,,
WAL/WASH,Banks - Regional,0.8495,0.3467,624,,,,,,,,
ESSA/TFC,Banks - Regional,0.8131,0.34671,624,,,,,,,,
BTE/RRC,Oil & Gas E&P,0.8551,0.34672,624,,,,,,,,
ACNB/INDB,Banks - Regional,0.8577,0.34673,624,,,,,,,,
IEX/WTS,Specialty Industrial Machinery,0.9214,0.34673,624,,,,,,,,
EVG/HYT,Asset Management,0.9811,0.34676,624,,,,,,,,
BGT/JCE,Asset Management,0.9687,0.34676,624,,,,,,,,
ETB/FOF,Asset Management,0.9748,0.34677,624,,,,,,,,
MUC/PCK,Asset Management,0.9171,0.34677,624,,,,,,,,
FOF/USA,Asset Management,0.9882,0.34678,624,,,,,,,,
GDO/MUE,Asset Management,0.9404,0.34679,624,,,,,,,,
DCOM/PFIS,Banks - Regional,0.8368,0.34681,624,,,,,,,,
BOH/WBS,Banks - Regional,0.9401,0.34682,624,,,,,,,,
PYN/VKQ,Asset Management,0.8553,0.34683,624,,,,,,,,
HOMB/WSFS,Banks - Regional,0.952,0.34683,624,,,,,,,,
FELE/NPO,Specialty Industrial Machinery,0.9211,0.34684,624,,,,,,,,
OVBC/PGC,Banks - Regional,0.8455,0.34684,624,,,,,,,,
OPOF/WASH,Banks - Regional,0.8393,0.34685,624,,,,,,,,
HWBK/TOWN,Banks - Regional,0.9286,0.34687,624,,,,,,,,
BOE/NTRS,Asset Management,0.8919,0.34688,624,,,,,,,,
CAC/HFWA,Banks - Regional,0.9365,0.34688,624,,,,,,,,
BFZ/NXP,Asset Management,0.8894,0.34688,624,,,,,,,,
IBOC/RF,Banks - Regional,0.9574,0.3469,624,,,,,,,,
FFC/NIM,Asset Management,0.9706,0.34692,624,,,,,,,,
INGR/LANC,Packaged Foods,0.8082,0.34694,624,,,,,,,,
NAD/PNI,Asset Management,0.8328,0.34694,624,,,,,,,,
CSQ/PFN,Asset Management,0.9481,0.34694,624,,,,,,,,
RCS/WEA,Asset Management,0.8618,0.34696,624,,,,,,,,
SLM/SLMBP,Credit Services,0.9212,0.34697,624,,,,,,,,
ABCB/ATLO,Banks - Regional,0.829,0.34697,624,,,,,,,,
CIVB/PLBC,Banks - Regional,0.8694,0.34698,624,,,,,,,,
IGD/NTRS,Asset Management,0.8913,0.34698,624,,,,,,,,
MRKR/WINT,Biotechnology,0.8674,0.34698,624,,,,,,,,
BFK/MMT,Asset Management,0.8586,0.34699,624,,,,,,,,
AN/RUSHA,Auto & Truck Dealerships,0.9522,0.34699,624,,,,,,,,
CHKP/ORCL,Software - Infrastructure,0.8973,0.347,624,,,,,,,,
IBCP/RNST,Banks - Regional,0.8567,0.34701,624,,,,,,,,
NMZ/SBI,Asset Management,0.9611,0.34702,624,,,,,,,,
CCBG/CZWI,Banks - Regional,0.8419,0.34702,624,,,,,,,,
FDBC/WTBA,Banks - Regional,0.845,0.34705,624,,,,,,,,
FDBC/HFWA,Banks - Regional,0.8827,0.34705,624,,,,,,,,
IQI/NKX,Asset Management,0.9863,0.34707,624,,,,,,,,
AUB/HFBL,Banks - Regional,0.893,0.34707,624,,,,,,,,
ITW/SXI,Specialty Industrial Machinery,0.8731,0.34708,624,,,,,,,,
BOTJ/STBA,Banks - Regional,0.9028,0.34708,624,,,,,,,,
NWFL/PFIS,Banks - Regional,0.8699,0.34708,624,,,,,,,,
LKFN/QCRH,Banks - Regional,0.9392,0.34708,624,,,,,,,,
CBU/FSFG,Banks - Regional,0.9546,0.34711,624,,,,,,,,
PB/PWOD,Banks - Regional,0.8624,0.34711,624,,,,,,,,
JPC/MFM,Asset Management,0.9476,0.34711,624,,,,,,,,
PDEX/RGEN,Medical Instruments & Supplies,0.8013,0.34712,624,,,,,,,,
CHMG/OVBC,Banks - Regional,0.8171,0.34712,624,,,,,,,,
PPT/RCS,Asset Management,0.8727,0.34715,624,,,,,,,,
OSBC/SBFG,Banks - Regional,0.9497,0.34715,624,,,,,,,,
CATY/RNST,Banks - Regional,0.9047,0.34715,624,,,,,,,,
BANC/TFC,Banks - Regional,0.8233,0.34716,624,,,,,,,,
EXG/SPE,Asset Management,0.9771,0.34716,624,,,,,,,,
RJF/STEW,Asset Management,0.9739,0.34717,624,,,,,,,,
WAFD/WNEB,Banks - Regional,0.8461,0.34718,624,,,,,,,,
ONB/ZIONP,Banks - Regional,0.9143,0.34718,624,,,,,,,,
HOPE/KRNY,Banks - Regional,0.8422,0.34718,624,,,,,,,,
JHS/MUE,Asset Management,0.9652,0.34719,624,,,,,,,,
LEO/MPA,Asset Management,0.961,0.34719,624,,,,,,,,
COLB/UCB,Banks - Regional,0.8235,0.3472,624,,,,,,,,
JHI/MUE,Asset Management,0.8749,0.3472,624,,,,,,,,
FE/POR,Utilities - Regulated Electric,0.8256,0.34721,624,,,,,,,,
NTRS/RFI,Asset Management,0.9174,0.34723,624,,,,,,,,
CZNC/FNB,Banks - Regional,0.8163,0.34723,624,,,,,,,,
FAB/GJP,Unknown,0.9467,0.34724,624,,,,,,,,
CBAN/WAL,Banks - Regional,0.9105,0.34725,624,,,,,,,,
CCNE/TCBK,Banks - Regional,0.9159,0.34725,624,,,,,,,,
IGIB/VCIT,Unknown,0.9935,0.34726,624,,,,,,,,
FFBC/LARK,Banks - Regional,0.8505,0.34726,624,,,,,,,,
EOD/SPE,Asset Management,0.979,0.34726,624,,,,,,,,
DTF/MHF,Asset Management,0.8786,0.34728,624,,,,,,,,
FSFG/TFC,Banks - Regional,0.947,0.34729,624,,,,,,,,
DDT/KTN,Unknown,0.9356,0.3473,624,,,,,,,,
FOF/STK,Asset Management,0.9728,0.34731,624,,,,,,,,
AWP/BN,Asset Management,0.9087,0.34731,624,,,,,,,,
OCSL/VVR,Asset Management,0.8452,0.34733,624,,,,,,,,
PHO/SMH,Unknown,0.9687,0.34733,624,,,,,,,,
PBHC/PLBC,Banks - Regional,0.8869,0.34735,624,,,,,,,,
CWBC/UCB,Banks - Regional,0.9109,0.34735,624,,,,,,,,
FUNC/TCBK,Banks - Regional,0.8818,0.34735,624,,,,,,,,
BOH/CBU,Banks - Regional,0.9461,0.34737,624,,,,,,,,
NUV/VMO,Asset Management,0.9728,0.34737,624,,,,,,,,
GDO/SBI,Asset Management,0.9202,0.34739,624,,,,,,,,
MUE/WEA,Asset Management,0.9162,0.34739,624,,,,,,,,
MIN/WEA,Asset Management,0.9561,0.34741,624,,,,,,,,
BLK/BME,Asset Management,0.9448,0.34741,624,,,,,,,,
PEBK/TCBK,Banks - Regional,0.9451,0.34741,624,,,,,,,,
MMT/NXP,Asset Management,0.9759,0.34744,624,,,,,,,,
FISI/FMBH,Banks - Regional,0.9022,0.34744,624,,,,,,,,
HFBL/HIFS,Banks - Regional,0.9402,0.34747,624,,,,,,,,
ACWI/FNX,Unknown,0.993,0.34748,624,,,,,,,,
CHCO/ORRF,Banks - Regional,0.804,0.34748,624,,,,,,,,
FBIZ/UVSP,Banks - Regional,0.8474,0.34749,624,,,,,,,,
NMT/NUV,Asset Management,0.9541,0.3475,624,,,,,,,,
AOS/SXI,Specialty Industrial Machinery,0.8944,0.34751,624,,,,,,,,
BMRC/OCFC,Banks - Regional,0.868,0.34751,624,,,,,,,,
GJP/PEZ,Unknown,0.9291,0.34751,624,,,,,,,,
PMM/PNI,Asset Management,0.8094,0.34751,624,,,,,,,,
FUNC/WBS,Banks - Regional,0.8709,0.34752,624,,,,,,,,
NIE/TSI,Asset Management,0.9384,0.34753,624,,,,,,,,
AUB/CZFS,Banks - Regional,0.8755,0.34753,624,,,,,,,,
AWP/CGO,Asset Management,0.9514,0.34754,624,,,,,,,,
AMSF/AXS,Insurance - Specialty,0.8433,0.34755,624,,,,,,,,
FMN/MIN,Asset Management,0.8787,0.34756,624,,,,,,,,
BCAL/NEWT,Banks - Regional,0.8046,0.34758,624,,,,,,,,
LEO/PNF,Asset Management,0.9424,0.34759,624,,,,,,,,
EVG/NXN,Asset Management,0.8726,0.34759,624,,,,,,,,
MUE/OIA,Asset Management,0.9515,0.3476,624,,,,,,,,
MGF/PFD,Asset Management,0.9335,0.34761,624,,,,,,,,
IPB/PSL,Unknown,0.9709,0.34764,624,,,,,,,,
OZK/PFBC,Banks - Regional,0.8727,0.34764,624,,,,,,,,
CZNC/MTB,Banks - Regional,0.9095,0.34764,624,,,,,,,,
HPI/MQT,Asset Management,0.918,0.34765,624,,,,,,,,
FRST/TOWN,Banks - Regional,0.8488,0.34765,624,,,,,,,,
EOD/EVT,Asset Management,0.9459,0.34766,624,,,,,,,,
AUB/WNEB,Banks - Regional,0.8426,0.34767,624,,,,,,,,
ESSA/WSFS,Banks - Regional,0.891,0.34768,624,,,,,,,,
MTH/PHM,Residential Construction,0.9762,0.34768,624,,,,,,,,
BRW/BXMX,Asset Management,0.9439,0.34768,624,,,,,,,,
PEY/VGSH,Unknown,0.8849,0.34769,624,,,,,,,,
BSRR/OVBC,Banks - Regional,0.8415,0.34771,624,,,,,,,,
CZFS/FBNC,Banks - Regional,0.876,0.34773,624,,,,,,,,
BSRR/CBSH,Banks - Regional,0.925,0.34773,624,,,,,,,,
CASH/WTBA,Banks - Regional,0.848,0.34776,624,,,,,,,,
DTF/PZC,Asset Management,0.9403,0.34777,624,,,,,,,,
PYN/VPV,Asset Management,0.8162,0.34777,624,,,,,,,,
MBCN/TCBK,Banks - Regional,0.9465,0.34777,624,,,,,,,,
RVTY/TMO,Diagnostics & Research,0.9467,0.34777,624,,,,,,,,
KTF/MGF,Asset Management,0.8407,0.34777,624,,,,,,,,
KTF/NMZ,Asset Management,0.9106,0.34779,624,,,,,,,,
LSCC/QCOM,Semiconductors,0.8841,0.34781,624,,,,,,,,
HPS/NMZ,Asset Management,0.9473,0.34782,624,,,,,,,,
CIF/MUA,Asset Management,0.9269,0.34782,624,,,,,,,,
BRKL/WAL,Banks - Regional,0.8527,0.34784,624,,,,,,,,
BANC/TOWN,Banks - Regional,0.8315,0.34785,624,,,,,,,,
FMBH/LARK,Banks - Regional,0.8782,0.34786,624,,,,,,,,
NRIM/PKBK,Banks - Regional,0.8139,0.34788,624,,,,,,,,
SPE/STT,Asset Management,0.8503,0.34788,624,,,,,,,,
PKBK/SBCF,Banks - Regional,0.9642,0.34788,624,,,,,,,,
MGYR/UMBF,Banks - Regional,0.9105,0.34788,624,,,,,,,,
NIM/RFI,Asset Management,0.9217,0.34789,624,,,,,,,,
IAE/PCN,Asset Management,0.8298,0.3479,624,,,,,,,,
CAE/LHX,Aerospace & Defense,0.8872,0.3479,624,,,,,,,,
CBSH/GCBC,Banks - Regional,0.8168,0.34791,624,,,,,,,,
AROW/SSBI,Banks - Regional,0.8123,0.34791,624,,,,,,,,
BFC/EBTC,Banks - Regional,0.85,0.34791,624,,,,,,,,
HWBK/PB,Banks - Regional,0.9319,0.34794,624,,,,,,,,
CBSH/FRST,Banks - Regional,0.8134,0.34797,624,,,,,,,,
FCF/SSB,Banks - Regional,0.9442,0.34799,624,,,,,,,,
ISBA/SMBK,Banks - Regional,0.9005,0.34799,624,,,,,,,,
BLK/ETJ,Asset Management,0.9813,0.34802,624,,,,,,,,
AB/ETJ,Asset Management,0.9682,0.34803,624,,,,,,,,
DIOD/IMOS,Semiconductors,0.912,0.34803,624,,,,,,,,
AOD/NTRS,Asset Management,0.8854,0.34803,624,,,,,,,,
IBCP/ZION,Banks - Regional,0.8855,0.34803,624,,,,,,,,
GABC/MOFG,Banks - Regional,0.8659,0.34805,624,,,,,,,,
LEO/VBF,Asset Management,0.9272,0.34805,624,,,,,,,,
BOKF/CFR,Banks - Regional,0.9664,0.34806,624,,,,,,,,
NRK/SBI,Asset Management,0.9587,0.34807,624,,,,,,,,
AFB/NXJ,Asset Management,0.9694,0.34809,624,,,,,,,,
DSM/EMD,Asset Management,0.8526,0.3481,624,,,,,,,,
JBTM/OFLX,Specialty Industrial Machinery,0.8532,0.34811,624,,,,,,,,
BN/USA,Asset Management,0.9799,0.34813,624,,,,,,,,
CFFI/MBCN,Banks - Regional,0.9214,0.34813,624,,,,,,,,
PCN/PIM,Asset Management,0.9667,0.34813,624,,,,,,,,
GSBC/MBWM,Banks - Regional,0.9559,0.34814,624,,,,,,,,
MBCN/WSBF,Banks - Regional,0.9047,0.34815,624,,,,,,,,
BUSE/FMBH,Banks - Regional,0.934,0.34816,624,,,,,,,,
ETG/STT,Asset Management,0.8668,0.34819,624,,,,,,,,
NEWT/PFS,Banks - Regional,0.8139,0.34819,624,,,,,,,,
BYM/VPV,Asset Management,0.9768,0.3482,624,,,,,,,,
FMY/JOF,Asset Management,0.8289,0.3482,624,,,,,,,,
HWC/WTBA,Banks - Regional,0.8146,0.3482,624,,,,,,,,
BTO/ETV,Asset Management,0.9602,0.3482,624,,,,,,,,
GUT/VBF,Asset Management,0.8562,0.34824,624,,,,,,,,
PYZ/SMH,Unknown,0.8766,0.34824,624,,,,,,,,
TSBK/WNEB,Banks - Regional,0.8356,0.34824,624,,,,,,,,
CARE/HFWA,Banks - Regional,0.8631,0.34825,624,,,,,,,,
MPB/WNEB,Banks - Regional,0.8676,0.34825,624,,,,,,,,
MUE/NMZ,Asset Management,0.9715,0.34826,624,,,,,,,,
IBB/RTH,Unknown,0.8563,0.34827,624,,,,,,,,
CWBC/PB,Banks - Regional,0.9316,0.34827,624,,,,,,,,
FMBH/PBHC,Banks - Regional,0.8991,0.34827,624,,,,,,,,
MBCN/MBWM,Banks - Regional,0.9487,0.34828,624,,,,,,,,
EVF/IFN,Asset Management,0.9516,0.34829,624,,,,,,,,
HFWA/SMBC,Banks - Regional,0.8475,0.3483,624,,,,,,,,
BRKL/MPB,Banks - Regional,0.9059,0.34831,624,,,,,,,,
BOH/RVSB,Banks - Regional,0.9126,0.34832,624,,,,,,,,
CBFV/CFR,Banks - Regional,0.8555,0.34832,624,,,,,,,,
FMY/NQP,Asset Management,0.9104,0.34836,624,,,,,,,,
CZWI/VLY,Banks - Regional,0.813,0.34836,624,,,,,,,,
PHD/RVT,Asset Management,0.9619,0.34837,624,,,,,,,,
CBFV/LARK,Banks - Regional,0.8565,0.34837,624,,,,,,,,
HTBK/WSFS,Banks - Regional,0.9443,0.34838,624,,,,,,,,
FISI/SBSI,Banks - Regional,0.8993,0.34839,624,,,,,,,,
GLAD/STK,Asset Management,0.9732,0.34839,624,,,,,,,,
ALRS/CBU,Banks - Regional,0.9194,0.34839,624,,,,,,,,
CBFV/ZION,Banks - Regional,0.8589,0.34841,624,,,,,,,,
ES/LNT,Utilities - Regulated Electric,0.9413,0.34841,624,,,,,,,,
NZF/WEA,Asset Management,0.9604,0.34843,624,,,,,,,,
MHD/MSD,Asset Management,0.8285,0.34844,624,,,,,,,,
COHU/ENTG,Semiconductor Equipment & Materials,0.8782,0.34844,624,,,,,,,,
PSEC/RQI,Asset Management,0.9005,0.34844,624,,,,,,,,
JSM/VCSH,Unknown,0.9524,0.34846,624,,,,,,,,
IGF/SHY,Unknown,0.8839,0.34846,624,,,,,,,,
FNWD/MOFG,Banks - Regional,0.8567,0.34847,624,,,,,,,,
GLAD/PTY,Asset Management,0.9164,0.34848,624,,,,,,,,
FUNC/MGYR,Banks - Regional,0.8988,0.34848,624,,,,,,,,
AUB/WTBA,Banks - Regional,0.9434,0.3485,624,,,,,,,,
AFB/FMY,Asset Management,0.8452,0.3485,624,,,,,,,,
NWE/XEL,Utilities - Regulated Electric,0.9109,0.34852,624,,,,,,,,
KEY/PEBO,Banks - Regional,0.9212,0.34853,624,,,,,,,,
PCK/PMF,Asset Management,0.955,0.34854,624,,,,,,,,
CNX/OVV,Oil & Gas E&P,0.8471,0.34855,624,,,,,,,,
BPOPM/SMH,Unknown,0.8229,0.34855,624,,,,,,,,
FT/HTGC,Asset Management,0.9344,0.34856,624,,,,,,,,
CFFI/PEBO,Banks - Regional,0.922,0.34859,624,,,,,,,,
BOKF/UBFO,Banks - Regional,0.9009,0.34859,624,,,,,,,,
BSX/UFPT,Medical Devices,0.8807,0.34859,624,,,,,,,,
BANFP/IGF,Unknown,0.952,0.34861,624,,,,,,,,
BTZ/TSI,Asset Management,0.9722,0.34861,624,,,,,,,,
TY/USA,Asset Management,0.9789,0.34862,624,,,,,,,,
AOD/BN,Asset Management,0.9649,0.34863,624,,,,,,,,
IBOC/WSBF,Banks - Regional,0.8104,0.34864,624,,,,,,,,
FLC/KTF,Asset Management,0.885,0.34865,624,,,,,,,,
MUE/NAC,Asset Management,0.986,0.34866,624,,,,,,,,
PFS/WSBC,Banks - Regional,0.9595,0.34866,624,,,,,,,,
HWC/SNV,Banks - Regional,0.9257,0.34868,624,,,,,,,,
JBHT/LSTR,Integrated Freight & Logistics,0.9774,0.3487,624,,,,,,,,
FMY/JLS,Asset Management,0.8888,0.3487,624,,,,,,,,
FRA/MAIN,Asset Management,0.982,0.34871,624,,,,,,,,
BOE/BX,Asset Management,0.9459,0.34872,624,,,,,,,,
CXH/GDO,Asset Management,0.9534,0.34872,624,,,,,,,,
JHI/MHN,Asset Management,0.8552,0.34872,624,,,,,,,,
ABM/RBA,Specialty Business Services,0.8929,0.34873,624,,,,,,,,
CBSH/CWBC,Banks - Regional,0.9196,0.34873,624,,,,,,,,
BOTJ/HFBL,Banks - Regional,0.8809,0.34874,624,,,,,,,,
MUJ/NVG,Asset Management,0.9811,0.34875,624,,,,,,,,
BTA/RQI,Asset Management,0.9396,0.34875,624,,,,,,,,
CNOB/FSFG,Banks - Regional,0.9173,0.34876,624,,,,,,,,
BTZ/PAI,Asset Management,0.9618,0.34879,624,,,,,,,,
NUV/PMX,Asset Management,0.9214,0.3488,624,,,,,,,,
ESSA/FBNC,Banks - Regional,0.9254,0.34881,624,,,,,,,,
FHN/SHBI,Banks - Regional,0.8966,0.34881,624,,,,,,,,
EMD/LEO,Asset Management,0.852,0.34884,624,,,,,,,,
OPOF/THFF,Banks - Regional,0.8989,0.34884,624,,,,,,,,
BXP/DEI,REIT - Office,0.9296,0.34884,624,,,,,,,,
FTCS/GJO,Unknown,0.9828,0.34885,624,,,,,,,,
AIRT/CODI,Conglomerates,0.8155,0.34886,624,,,,,,,,
PGC/PKBK,Banks - Regional,0.9291,0.34888,624,,,,,,,,
BDJ/STEW,Asset Management,0.9867,0.34889,624,,,,,,,,
EMD/SBI,Asset Management,0.8644,0.34889,624,,,,,,,,
JRS/SAR,Asset Management,0.9024,0.34892,624,,,,,,,,
EBMT/OCFC,Banks - Regional,0.857,0.34892,624,,,,,,,,
FISI/GABC,Banks - Regional,0.8856,0.34893,624,,,,,,,,
PMO/RFI,Asset Management,0.9358,0.34893,624,,,,,,,,
BRKL/EGBN,Banks - Regional,0.8277,0.34894,624,,,,,,,,
MBCN/SBSI,Banks - Regional,0.9227,0.34894,624,,,,,,,,
LKFN/PFBC,Banks - Regional,0.9557,0.34895,624,,,,,,,,
DSM/PCQ,Asset Management,0.9094,0.34896,624,,,,,,,,
FCT/STK,Asset Management,0.944,0.34896,624,,,,,,,,
EBTC/ESSA,Banks - Regional,0.8806,0.34896,624,,,,,,,,
CXE/NXC,Asset Management,0.9233,0.34897,624,,,,,,,,
ABM/CPRT,Specialty Business Services,0.8706,0.34899,624,,,,,,,,
SFNC/USB,Banks - Regional,0.9341,0.34899,624,,,,,,,,
NBTB/UBFO,Banks - Regional,0.9294,0.34899,624,,,,,,,,
BYM/WEA,Asset Management,0.9338,0.349,624,,,,,,,,
CBAN/USB,Banks - Regional,0.9376,0.34904,624,,,,,,,,
MGYR/VABK,Banks - Regional,0.9229,0.34905,624,,,,,,,,
BTO/BXMX,Asset Management,0.9578,0.34905,624,,,,,,,,
FEX/PYT,Unknown,0.9566,0.34907,624,,,,,,,,
CXE/MQY,Asset Management,0.9519,0.34907,624,,,,,,,,
BANF/PEBK,Banks - Regional,0.8494,0.34908,624,,,,,,,,
GLP/LNG,Oil & Gas Midstream,0.9306,0.34911,624,,,,,,,,
BOH/HTBK,Banks - Regional,0.9269,0.34912,624,,,,,,,,
CZNC/LCNB,Banks - Regional,0.9078,0.34913,624,,,,,,,,
EHI/MHF,Asset Management,0.9345,0.34913,624,,,,,,,,
BXMX/RFI,Asset Management,0.9647,0.34913,624,,,,,,,,
EFSC/UNB,Banks - Regional,0.8485,0.34914,624,,,,,,,,
ASB/CZFS,Banks - Regional,0.8174,0.34916,624,,,,,,,,
MHD/MHI,Asset Management,0.9217,0.34917,624,,,,,,,,
CNXN/TAIT,Electronics & Computer Distribution,0.8306,0.34919,624,,,,,,,,
PB/SRCE,Banks - Regional,0.9496,0.34919,624,,,,,,,,
ETG/ETW,Asset Management,0.9734,0.34921,624,,,,,,,,
NWBI/TRMK,Banks - Regional,0.9529,0.34922,624,,,,,,,,
FFC/NMT,Asset Management,0.9406,0.34922,624,,,,,,,,
SFBC/UCB,Banks - Regional,0.9091,0.34922,624,,,,,,,,
HDB/LARK,Banks - Regional,0.8508,0.34922,624,,,,,,,,
BANR/WTBA,Banks - Regional,0.9306,0.34924,624,,,,,,,,
DTF/NNY,Asset Management,0.933,0.34925,624,,,,,,,,
INSM/VRTX,Biotechnology,0.8148,0.34926,624,,,,,,,,
BTO/PNNT,Asset Management,0.8245,0.34927,624,,,,,,,,
INDB/LKFN,Banks - Regional,0.9042,0.3493,624,,,,,,,,
TER/UCTT,Semiconductor Equipment & Materials,0.9478,0.3493,624,,,,,,,,
AFB/NAZ,Asset Management,0.9641,0.3493,624,,,,,,,,
CZWI/PB,Banks - Regional,0.9259,0.34932,624,,,,,,,,
MVT/WEA,Asset Management,0.8514,0.34932,624,,,,,,,,
FOF/TWN,Asset Management,0.9379,0.34933,624,,,,,,,,
FLC/NNY,Asset Management,0.9604,0.34933,624,,,,,,,,
FTC/JBK,Unknown,0.9481,0.34933,624,,,,,,,,
GABC/TSBK,Banks - Regional,0.9599,0.34934,624,,,,,,,,
FFBC/PB,Banks - Regional,0.917,0.34935,624,,,,,,,,
CHW/TWN,Asset Management,0.8707,0.34936,624,,,,,,,,
FMBH/WTBA,Banks - Regional,0.9374,0.34937,624,,,,,,,,
RBCAA/UVSP,Banks - Regional,0.8916,0.34937,624,,,,,,,,
OVBC/WBS,Banks - Regional,0.8509,0.34937,624,,,,,,,,
MUA/NMT,Asset Management,0.9531,0.34938,624,,,,,,,,
CADE/WSBC,Banks - Regional,0.908,0.34939,624,,,,,,,,
OSBC/WSBC,Banks - Regional,0.8993,0.34939,624,,,,,,,,
ETG/HTGC,Asset Management,0.9547,0.34941,624,,,,,,,,
FCT/MCN,Asset Management,0.934,0.34941,624,,,,,,,,
LKFN/OVLY,Banks - Regional,0.8879,0.34941,624,,,,,,,,
EWBC/GABC,Banks - Regional,0.9395,0.34942,624,,,,,,,,
FSFG/HBCP,Banks - Regional,0.9467,0.34943,624,,,,,,,,
ASB/EWBC,Banks - Regional,0.9377,0.34943,624,,,,,,,,
CBSH/FXNC,Banks - Regional,0.8897,0.34944,624,,,,,,,,
BTA/PZC,Asset Management,0.8712,0.34945,624,,,,,,,,
ACNB/NBTB,Banks - Regional,0.9658,0.34945,624,,,,,,,,
CZFS/PLBC,Banks - Regional,0.8843,0.34945,624,,,,,,,,
HPI/PAI,Asset Management,0.9511,0.34946,624,,,,,,,,
ETO/SPXX,Asset Management,0.9839,0.34947,624,,,,,,,,
BNY/NQP,Asset Management,0.9192,0.34948,624,,,,,,,,
EFR/EXG,Asset Management,0.9651,0.34948,624,,,,,,,,
CLH/WM,Waste Management,0.8964,0.3495,624,,,,,,,,
BPOPM/FTC,Unknown,0.9318,0.34951,624,,,,,,,,
BOH/UNTY,Banks - Regional,0.803,0.34951,624,,,,,,,,
DOV/ITT,Specialty Industrial Machinery,0.9733,0.34952,624,,,,,,,,
FCT/TY,Asset Management,0.9606,0.34952,624,,,,,,,,
TRST/UVSP,Banks - Regional,0.9214,0.34952,624,,,,,,,,
GCBC/WTFC,Banks - Regional,0.8957,0.34953,624,,,,,,,,
FISI/ZION,Banks - Regional,0.8971,0.34955,624,,,,,,,,
PFO/VMO,Asset Management,0.9589,0.34958,624,,,,,,,,
LCNB/PB,Banks - Regional,0.9112,0.3496,624,,,,,,,,
NRK/NXJ,Asset Management,0.9861,0.34961,624,,,,,,,,
ASB/FMAO,Banks - Regional,0.8476,0.34961,624,,,,,,,,
JHI/NEA,Asset Management,0.921,0.34961,624,,,,,,,,
FFIC/FRME,Banks - Regional,0.8355,0.34962,624,,,,,,,,
HTBK/WTBA,Banks - Regional,0.9173,0.34964,624,,,,,,,,
NXC/NZF,Asset Management,0.9522,0.34964,624,,,,,,,,
FHI/GAM,Asset Management,0.9439,0.34964,624,,,,,,,,
CIVB/FBNC,Banks - Regional,0.9585,0.34965,624,,,,,,,,
PKBK/TCBK,Banks - Regional,0.9687,0.34965,624,,,,,,,,
IBOC/LKFN,Banks - Regional,0.9128,0.34965,624,,,,,,,,
CFFI/IBOC,Banks - Regional,0.9071,0.34968,624,,,,,,,,
PNFP/QCRH,Banks - Regional,0.9638,0.34968,624,,,,,,,,
CADE/CARE,Banks - Regional,0.8201,0.34969,624,,,,,,,,
EBMT/SYBT,Banks - Regional,0.8168,0.34969,624,,,,,,,,
HBNC/OCFC,Banks - Regional,0.9304,0.34969,624,,,,,,,,
AZN/MRK,Drug Manufacturers - General,0.9637,0.34971,624,,,,,,,,
EFR/GDV,Asset Management,0.9639,0.34973,624,,,,,,,,
CHCO/FCNCA,Banks - Regional,0.9181,0.34973,624,,,,,,,,
MCHP/MPWR,Semiconductors,0.9122,0.34974,624,,,,,,,,
BBH/KTH,Unknown,0.9389,0.3498,624,,,,,,,,
NIM/PZC,Asset Management,0.8653,0.34981,624,,,,,,,,
CCNE/UCB,Banks - Regional,0.8957,0.34982,624,,,,,,,,
MIN/OIA,Asset Management,0.9052,0.34982,624,,,,,,,,
CVBF/PPBI,Banks - Regional,0.9209,0.34983,624,,,,,,,,
BMRC/FMAO,Banks - Regional,0.8045,0.34984,624,,,,,,,,
UBCP/WTBA,Banks - Regional,0.9003,0.34985,624,,,,,,,,
BLE/MAV,Asset Management,0.8715,0.34986,624,,,,,,,,
EWBC/WSFS,Banks - Regional,0.9252,0.34986,624,,,,,,,,
FNWD/RNST,Banks - Regional,0.8822,0.34987,624,,,,,,,,
DTF/VCV,Asset Management,0.942,0.34987,624,,,,,,,,
CMU/MUE,Asset Management,0.9632,0.34988,624,,,,,,,,
HTBK/NKSH,Banks - Regional,0.9361,0.34988,624,,,,,,,,
CTBI/NECB,Banks - Regional,0.8597,0.34989,624,,,,,,,,
HQH/MHF,Asset Management,0.8818,0.34989,624,,,,,,,,
HTBK/IBCP,Banks - Regional,0.839,0.34989,624,,,,,,,,
CASH/FITB,Banks - Regional,0.9621,0.34989,624,,,,,,,,
BOKF/MBWM,Banks - Regional,0.9525,0.3499,624,,,,,,,,
ABCB/WASH,Banks - Regional,0.8466,0.34991,624,,,,,,,,
ARCC/PNNT,Asset Management,0.9402,0.34994,624,,,,,,,,
MAV/NCA,Asset Management,0.8076,0.34996,624,,,,,,,,
ABM/UNF,Specialty Business Services,0.8803,0.34996,624,,,,,,,,
PFIS/TRST,Banks - Regional,0.8706,0.34997,624,,,,,,,,
BPOPM/QQQ,Unknown,0.9036,0.34998,624,,,,,,,,
FNWD/SNV,Banks - Regional,0.8153,0.34998,624,,,,,,,,
CCBG/IBN,Banks - Regional,0.9063,0.34998,624,,,,,,,,
KEY/SMBK,Banks - Regional,0.9033,0.35001,624,,,,,,,,
BMA/GGAL,Banks - Regional,0.9654,0.35003,624,,,,,,,,
PFIS/UVSP,Banks - Regional,0.8929,0.35003,624,,,,,,,,
KTN/PIO,Unknown,0.923,0.35005,624,,,,,,,,
HIFS/SFNC,Banks - Regional,0.8617,0.35005,624,,,,,,,,
CBU/HIFS,Banks - Regional,0.9508,0.35006,624,,,,,,,,
SBCF/ZION,Banks - Regional,0.9537,0.35006,624,,,,,,,,
ASRV/WTBA,Banks - Regional,0.8577,0.35007,624,,,,,,,,
CHCO/HIFS,Banks - Regional,0.8158,0.35007,624,,,,,,,,
FNWD/HTBK,Banks - Regional,0.8972,0.35007,624,,,,,,,,
EMD/MVT,Asset Management,0.8237,0.35008,624,,,,,,,,
HIX/NMZ,Asset Management,0.9169,0.35008,624,,,,,,,,
CFFI/UBFO,Banks - Regional,0.8797,0.35008,624,,,,,,,,
BKT/PML,Asset Management,0.9394,0.3501,624,,,,,,,,
CHMG/IBOC,Banks - Regional,0.924,0.3501,624,,,,,,,,
BANC/WAL,Banks - Regional,0.8174,0.35012,624,,,,,,,,
ASRV/COLB,Banks - Regional,0.8774,0.35014,624,,,,,,,,
EMD/NXP,Asset Management,0.8745,0.35014,624,,,,,,,,
BBH/PYT,Unknown,0.9352,0.35016,624,,,,,,,,
FBNC/SSBI,Banks - Regional,0.8428,0.35016,624,,,,,,,,
NEA/NMZ,Asset Management,0.9854,0.35017,624,,,,,,,,
BOKF/MNSB,Banks - Regional,0.8646,0.35018,624,,,,,,,,
FFA/HTGC,Asset Management,0.9695,0.3502,624,,,,,,,,
HIFS/SSBI,Banks - Regional,0.8922,0.3502,624,,,,,,,,
DWSN/NOV,Oil & Gas Equipment & Services,0.8291,0.3502,624,,,,,,,,
GAIN/RJF,Asset Management,0.9724,0.35021,624,,,,,,,,
BDJ/TSI,Asset Management,0.9369,0.35021,624,,,,,,,,
FDBC/SBCF,Banks - Regional,0.899,0.35021,624,,,,,,,,
FBIZ/FHN,Banks - Regional,0.8253,0.35023,624,,,,,,,,
MTB/NKSH,Banks - Regional,0.8555,0.35024,624,,,,,,,,
NWFL/PPBI,Banks - Regional,0.8253,0.35024,624,,,,,,,,
BHK/BKN,Asset Management,0.9608,0.35027,624,,,,,,,,
PGC/PLBC,Banks - Regional,0.8263,0.35027,624,,,,,,,,
APD/SHW,Specialty Chemicals,0.9626,0.35031,624,,,,,,,,
ESSA/ZIONP,Banks - Regional,0.8303,0.35035,624,,,,,,,,
MUA/NOM,Asset Management,0.8106,0.35036,624,,,,,,,,
FDBC/IBOC,Banks - Regional,0.8158,0.35037,624,,,,,,,,
CACI/LDOS,Information Technology Services,0.9843,0.35037,624,,,,,,,,
BLE/PCQ,Asset Management,0.9013,0.35037,624,,,,,,,,
HPI/NAC,Asset Management,0.909,0.35038,624,,,,,,,,
CADE/THFF,Banks - Regional,0.9285,0.35039,624,,,,,,,,
IMCV/SHV,Unknown,0.8657,0.35039,624,,,,,,,,
DTF/PNI,Asset Management,0.921,0.3504,624,,,,,,,,
FCBC/HWBK,Banks - Regional,0.9445,0.35042,624,,,,,,,,
FMNB/IBCP,Banks - Regional,0.9141,0.35043,624,,,,,,,,
EMD/MHN,Asset Management,0.8621,0.35043,624,,,,,,,,
CWBC/FNB,Banks - Regional,0.8363,0.35044,624,,,,,,,,
ASB/EFSC,Banks - Regional,0.9496,0.35046,624,,,,,,,,
FDBC/SMBK,Banks - Regional,0.8231,0.35047,624,,,,,,,,
SRCE/WSBC,Banks - Regional,0.9053,0.35047,624,,,,,,,,
FBNC/FMBH,Banks - Regional,0.9586,0.3505,624,,,,,,,,
FOF/WEA,Asset Management,0.9376,0.35051,624,,,,,,,,
HOMB/IBCP,Banks - Regional,0.941,0.35051,624,,,,,,,,
HBCP/OVBC,Banks - Regional,0.8501,0.35051,624,,,,,,,,
PHD/VRTS,Asset Management,0.8273,0.35055,624,,,,,,,,
MWA/TNC,Specialty Industrial Machinery,0.8604,0.35055,624,,,,,,,,
CGO/TWN,Asset Management,0.8913,0.35056,624,,,,,,,,
CINF/WTM,Insurance - Property & Casualty,0.9458,0.35058,624,,,,,,,,
CMCO/OSK,Farm & Heavy Construction Machinery,0.8771,0.35059,624,,,,,,,,
DY/FIX,Engineering & Construction,0.837,0.35059,624,,,,,,,,
ABCB/IBCP,Banks - Regional,0.9624,0.35059,624,,,,,,,,
BVFL/TSBK,Banks - Regional,0.8176,0.3506,624,,,,,,,,
ASB/HAFC,Banks - Regional,0.8796,0.35061,624,,,,,,,,
CZNC/LKFN,Banks - Regional,0.911,0.35062,624,,,,,,,,
IBCP/TCBK,Banks - Regional,0.9236,0.35064,624,,,,,,,,
BOKF/COFS,Banks - Regional,0.8523,0.35064,624,,,,,,,,
FOF/GAIN,Asset Management,0.9713,0.35065,624,,,,,,,,
BLW/OIA,Asset Management,0.9114,0.35067,624,,,,,,,,
HTGC/JQC,Asset Management,0.9379,0.35068,624,,,,,,,,
BHLB/FRME,Banks - Regional,0.8021,0.3507,624,,,,,,,,
BGT/PCM,Asset Management,0.8504,0.35071,624,,,,,,,,
FRAF/UBSI,Banks - Regional,0.8953,0.35072,624,,,,,,,,
FNLC/SYBT,Banks - Regional,0.9395,0.35073,624,,,,,,,,
CZNC/FMAO,Banks - Regional,0.8671,0.35073,624,,,,,,,,
BELFA/BELFB,Electronic Components,0.9817,0.35073,624,,,,,,,,
AIV/SUI,REIT - Residential,0.8658,0.35074,624,,,,,,,,
NKSH/NWFL,Banks - Regional,0.8785,0.35076,624,,,,,,,,
FRA/MCN,Asset Management,0.9395,0.35076,624,,,,,,,,
HIO/WIA,Asset Management,0.9282,0.35077,624,,,,,,,,
CZWI/ZION,Banks - Regional,0.9227,0.35078,624,,,,,,,,
GDL/PHD,Asset Management,0.9577,0.35079,624,,,,,,,,
JHI/NMT,Asset Management,0.8658,0.35079,624,,,,,,,,
E/SU,Oil & Gas Integrated,0.854,0.3508,624,,,,,,,,
AZTA/WST,Medical Instruments & Supplies,0.9151,0.35081,624,,,,,,,,
FMN/FMY,Asset Management,0.8174,0.35082,624,,,,,,,,
PEBK/WAL,Banks - Regional,0.8626,0.35083,624,,,,,,,,
CIF/NMZ,Asset Management,0.9474,0.35084,624,,,,,,,,
MCN/PCF,Asset Management,0.9301,0.35084,624,,,,,,,,
IBB/PPH,Unknown,0.9002,0.35087,624,,,,,,,,
FRAF/OPOF,Banks - Regional,0.8809,0.35088,624,,,,,,,,
IBOC/SSB,Banks - Regional,0.898,0.3509,624,,,,,,,,
HIFS/SFBC,Banks - Regional,0.9107,0.3509,624,,,,,,,,
GDO/MHD,Asset Management,0.9101,0.35091,624,,,,,,,,
BPOPM/ONEQ,Unknown,0.9165,0.35091,624,,,,,,,,
CZNC/FCF,Banks - Regional,0.9247,0.35091,624,,,,,,,,
CATY/UBCP,Banks - Regional,0.9198,0.35092,624,,,,,,,,
CAC/UBFO,Banks - Regional,0.9251,0.35092,624,,,,,,,,
FSFG/KEY,Banks - Regional,0.9459,0.35095,624,,,,,,,,
MMT/NRK,Asset Management,0.9408,0.35095,624,,,,,,,,
CHMG/OPOF,Banks - Regional,0.8092,0.35097,624,,,,,,,,
AEP/XEL,Utilities - Regulated Electric,0.9803,0.35097,624,,,,,,,,
CARE/SMBK,Banks - Regional,0.8281,0.351,624,,,,,,,,
BOKF/SRCE,Banks - Regional,0.9649,0.351,624,,,,,,,,
IFN/VVR,Asset Management,0.9412,0.35103,624,,,,,,,,
JPC/MMU,Asset Management,0.9273,0.35105,624,,,,,,,,
PB/WSBF,Banks - Regional,0.9177,0.35106,624,,,,,,,,
STK/TSI,Asset Management,0.8957,0.35108,624,,,,,,,,
CIF/HYT,Asset Management,0.9188,0.35109,624,,,,,,,,
MFM/PYN,Asset Management,0.8784,0.35109,624,,,,,,,,
CII/HTGC,Asset Management,0.9641,0.3511,624,,,,,,,,
FNX/GJR,Unknown,0.9526,0.35111,624,,,,,,,,
EMD/MMU,Asset Management,0.8406,0.35113,624,,,,,,,,
AGO/EIG,Insurance - Specialty,0.9119,0.35115,624,,,,,,,,
BND/PFF,Unknown,0.934,0.35118,624,,,,,,,,
BHK/FLC,Asset Management,0.9808,0.35119,624,,,,,,,,
GAB/GCV,Asset Management,0.9184,0.3512,624,,,,,,,,
IBB/JBK,Unknown,0.9241,0.3512,624,,,,,,,,
NQP/PFO,Asset Management,0.9686,0.3512,624,,,,,,,,
FFBC/SBCF,Banks - Regional,0.9024,0.35121,624,,,,,,,,
EBMT/ZION,Banks - Regional,0.904,0.35121,624,,,,,,,,
FCT/HYT,Asset Management,0.9746,0.35122,624,,,,,,,,
RBC/TTC,Tools & Accessories,0.8884,0.35123,624,,,,,,,,
EGP/FR,REIT - Industrial,0.9901,0.35125,624,,,,,,,,
BBH/QQEW,Unknown,0.8985,0.35128,624,,,,,,,,
SMBC/SSBI,Banks - Regional,0.8278,0.35129,624,,,,,,,,
GBCI/SSBI,Banks - Regional,0.8501,0.35129,624,,,,,,,,
HBCP/SSB,Banks - Regional,0.9387,0.35132,624,,,,,,,,
BME/PFO,Asset Management,0.9229,0.35133,624,,,,,,,,
CADE/FMAO,Banks - Regional,0.833,0.35133,624,,,,,,,,
GJR/PTF,Unknown,0.9368,0.35133,624,,,,,,,,
JHI/NXC,Asset Management,0.8699,0.35134,624,,,,,,,,
AGD/GCV,Asset Management,0.8899,0.35134,624,,,,,,,,
FMNB/UCB,Banks - Regional,0.9281,0.35136,624,,,,,,,,
MPA/PMF,Asset Management,0.9091,0.35136,624,,,,,,,,
FFC/MUJ,Asset Management,0.9724,0.35137,624,,,,,,,,
BCBP/DCOM,Banks - Regional,0.8502,0.35137,624,,,,,,,,
BSRR/CASH,Banks - Regional,0.8829,0.35138,624,,,,,,,,
MHN/NZF,Asset Management,0.9569,0.3514,624,,,,,,,,
FRME/ONB,Banks - Regional,0.9453,0.3514,624,,,,,,,,
NXN/VLT,Asset Management,0.9259,0.35142,624,,,,,,,,
HTBK/MBWM,Banks - Regional,0.8541,0.35142,624,,,,,,,,
NOV/TDW,Oil & Gas Equipment & Services,0.8564,0.35144,624,,,,,,,,
LEO/PNI,Asset Management,0.9207,0.35145,624,,,,,,,,
FRME/NEWT,Banks - Regional,0.8561,0.35145,624,,,,,,,,
IGI/RCS,Asset Management,0.8246,0.35145,624,,,,,,,,
PARA/RDI,Entertainment,0.8047,0.35145,624,,,,,,,,
CHMG/QCRH,Banks - Regional,0.9421,0.35146,624,,,,,,,,
BANR/CBFV,Banks - Regional,0.8987,0.35148,624,,,,,,,,
MHF/PML,Asset Management,0.8423,0.3515,624,,,,,,,,
JHI/MQT,Asset Management,0.8913,0.35151,624,,,,,,,,
ARCC/SCD,Asset Management,0.977,0.35151,624,,,,,,,,
CHI/TY,Asset Management,0.9689,0.35151,624,,,,,,,,
FOF/VLT,Asset Management,0.9823,0.35152,624,,,,,,,,
FFC/MGF,Asset Management,0.9186,0.35152,624,,,,,,,,
PEBK/WBS,Banks - Regional,0.9471,0.35154,624,,,,,,,,
ALRS/FSFG,Banks - Regional,0.9084,0.35154,624,,,,,,,,
HAFC/MTB,Banks - Regional,0.8349,0.35155,624,,,,,,,,
ETJ/ETO,Asset Management,0.978,0.35155,624,,,,,,,,
SMID/VMC,Building Materials,0.9201,0.35156,624,,,,,,,,
HDB/NWFL,Banks - Regional,0.9046,0.35156,624,,,,,,,,
BOTJ/NKSH,Banks - Regional,0.8658,0.35158,624,,,,,,,,
IGI/WIW,Asset Management,0.851,0.35159,624,,,,,,,,
HBAN/OCFC,Banks - Regional,0.8401,0.35161,624,,,,,,,,
CHMG/NWBI,Banks - Regional,0.9253,0.35162,624,,,,,,,,
IIM/MUE,Asset Management,0.9792,0.35162,624,,,,,,,,
MCR/NRK,Asset Management,0.947,0.35163,624,,,,,,,,
AU/HMY,Gold,0.9368,0.35164,624,,,,,,,,
CAC/OSBC,Banks - Regional,0.9313,0.35165,624,,,,,,,,
TOWN/WNEB,Banks - Regional,0.8793,0.35167,624,,,,,,,,
PAI/PCK,Asset Management,0.8218,0.35167,624,,,,,,,,
GYRE/ONCY,Biotechnology,0.8546,0.35167,624,,,,,,,,
DSU/TSI,Asset Management,0.9362,0.35169,624,,,,,,,,
TOWN/WASH,Banks - Regional,0.8384,0.35169,624,,,,,,,,
JHS/MHF,Asset Management,0.9403,0.3517,624,,,,,,,,
KTF/NEA,Asset Management,0.89,0.35171,624,,,,,,,,
ABM/TRNS,Specialty Business Services,0.8253,0.35172,624,,,,,,,,
CXH/VTN,Asset Management,0.9719,0.35173,624,,,,,,,,
SHBI/UBCP,Banks - Regional,0.8713,0.35173,624,,,,,,,,
SBFG/TCBK,Banks - Regional,0.9414,0.35174,624,,,,,,,,
HBAN/MTB,Banks - Regional,0.9667,0.35174,624,,,,,,,,
AFB/WEA,Asset Management,0.9299,0.35175,624,,,,,,,,
FBNC/FMNB,Banks - Regional,0.9681,0.35177,624,,,,,,,,
FRME/RNST,Banks - Regional,0.9494,0.35179,624,,,,,,,,
DTF/NPV,Asset Management,0.8675,0.35185,624,,,,,,,,
ONB/STBA,Banks - Regional,0.9239,0.35186,624,,,,,,,,
CVBF/FRST,Banks - Regional,0.8743,0.35187,624,,,,,,,,
BDN/DEI,REIT - Office,0.9411,0.35189,624,,,,,,,,
BCAL/BCML,Banks - Regional,0.8905,0.35191,624,,,,,,,,
EBMT/FRST,Banks - Regional,0.8634,0.35191,624,,,,,,,,
GJR/PPH,Unknown,0.9147,0.35192,624,,,,,,,,
HTBK/OVBC,Banks - Regional,0.891,0.35193,624,,,,,,,,
NXJ/VBF,Asset Management,0.9829,0.35193,624,,,,,,,,
BHK/NMI,Asset Management,0.9397,0.35193,624,,,,,,,,
GJR/IGSB,Unknown,0.916,0.35194,624,,,,,,,,
CBSH/TCBK,Banks - Regional,0.9645,0.35194,624,,,,,,,,
BKN/NZF,Asset Management,0.9632,0.35195,624,,,,,,,,
BOH/FMAO,Banks - Regional,0.8453,0.35196,624,,,,,,,,
MTB/OCFC,Banks - Regional,0.8655,0.35196,624,,,,,,,,
EVT/FOF,Asset Management,0.9878,0.35197,624,,,,,,,,
BUSE/UMBF,Banks - Regional,0.8626,0.35198,624,,,,,,,,
BLW/JLS,Asset Management,0.9208,0.35198,624,,,,,,,,
DTE/PEG,Utilities - Regulated Electric,0.968,0.35201,624,,,,,,,,
NRIM/PFBC,Banks - Regional,0.9182,0.35202,624,,,,,,,,
PCF/TROW,Asset Management,0.9032,0.35202,624,,,,,,,,
GJR/PNQI,Unknown,0.8469,0.35202,624,,,,,,,,
NAC/OIA,Asset Management,0.9508,0.35202,624,,,,,,,,
KTH/PRN,Unknown,0.9064,0.35204,624,,,,,,,,
GSBC/RVSB,Banks - Regional,0.8682,0.35205,624,,,,,,,,
CMU/MMT,Asset Management,0.8735,0.35206,624,,,,,,,,
CMU/MCR,Asset Management,0.8841,0.35207,624,,,,,,,,
FHI/GOF,Asset Management,0.9203,0.35208,624,,,,,,,,
MGF/NPV,Asset Management,0.9382,0.35209,624,,,,,,,,
OCFC/TOWN,Banks - Regional,0.866,0.35209,624,,,,,,,,
AWF/GDL,Asset Management,0.9758,0.35211,624,,,,,,,,
CBFV/WSBF,Banks - Regional,0.8232,0.35213,624,,,,,,,,
FSFG/HBAN,Banks - Regional,0.9541,0.35213,624,,,,,,,,
CAC/FBIZ,Banks - Regional,0.8134,0.35214,624,,,,,,,,
PCK/SBI,Asset Management,0.8661,0.35214,624,,,,,,,,
PCN/RFI,Asset Management,0.9622,0.35214,624,,,,,,,,
MFM/RQI,Asset Management,0.8729,0.35219,624,,,,,,,,
GJR/VCSH,Unknown,0.9028,0.3522,624,,,,,,,,
HIFS/PNC,Banks - Regional,0.9422,0.3522,624,,,,,,,,
DSM/WEA,Asset Management,0.8907,0.35222,624,,,,,,,,
FNB/SYBT,Banks - Regional,0.8471,0.35223,624,,,,,,,,
GAB/PCF,Asset Management,0.9595,0.35224,624,,,,,,,,
BKN/JMM,Asset Management,0.9196,0.35224,624,,,,,,,,
HTD/RNP,Asset Management,0.9796,0.35226,624,,,,,,,,
ETJ/TSI,Asset Management,0.9294,0.35227,624,,,,,,,,
BUSE/CARE,Banks - Regional,0.8809,0.35227,624,,,,,,,,
PFIS/SFST,Banks - Regional,0.8399,0.35228,624,,,,,,,,
INDY/IPB,Unknown,0.8716,0.35228,624,,,,,,,,
PTY/UTF,Asset Management,0.9735,0.3523,624,,,,,,,,
CNS/HYT,Asset Management,0.968,0.3523,624,,,,,,,,
INDY/KTH,Unknown,0.8891,0.3523,624,,,,,,,,
CATY/CZNC,Banks - Regional,0.9341,0.35231,624,,,,,,,,
FISI/MTB,Banks - Regional,0.9063,0.35231,624,,,,,,,,
NKSH/ONB,Banks - Regional,0.8254,0.35232,624,,,,,,,,
EVN/OIA,Asset Management,0.9634,0.35232,624,,,,,,,,
CADE/HWC,Banks - Regional,0.8849,0.35233,624,,,,,,,,
EMD/NMT,Asset Management,0.872,0.35235,624,,,,,,,,
ESSA/IBN,Banks - Regional,0.8897,0.35237,624,,,,,,,,
NDSN/PH,Specialty Industrial Machinery,0.8606,0.35239,624,,,,,,,,
HQH/STT,Asset Management,0.8799,0.3524,624,,,,,,,,
BDX/LMAT,Medical Instruments & Supplies,0.8067,0.3524,624,,,,,,,,
FFC/WEA,Asset Management,0.9642,0.35242,624,,,,,,,,
CIF/EOT,Asset Management,0.9277,0.35242,624,,,,,,,,
PMF/VKQ,Asset Management,0.9256,0.35243,624,,,,,,,,
FNLC/OSBC,Banks - Regional,0.952,0.35243,624,,,,,,,,
FMAO/WTFC,Banks - Regional,0.8125,0.35244,624,,,,,,,,
DHF/GAB,Asset Management,0.9389,0.35244,624,,,,,,,,
JHS/JRS,Asset Management,0.8885,0.35245,624,,,,,,,,
FBIZ/FSFG,Banks - Regional,0.8204,0.35246,624,,,,,,,,
LSBK/UBFO,Banks - Regional,0.8806,0.35246,624,,,,,,,,
HBNC/WAL,Banks - Regional,0.9152,0.35252,624,,,,,,,,
TENX/WINT,Biotechnology,0.8949,0.35253,624,,,,,,,,
HPF/MHD,Asset Management,0.8766,0.35254,624,,,,,,,,
BANR/FISI,Banks - Regional,0.9023,0.35255,624,,,,,,,,
MHI/NMZ,Asset Management,0.8759,0.35257,624,,,,,,,,
AROW/PB,Banks - Regional,0.9193,0.35257,624,,,,,,,,
BSRR/MPB,Banks - Regional,0.9435,0.35259,624,,,,,,,,
NXC/PML,Asset Management,0.8941,0.35259,624,,,,,,,,
ITW/NDSN,Specialty Industrial Machinery,0.9832,0.35259,624,,,,,,,,
MPA/NAZ,Asset Management,0.956,0.35259,624,,,,,,,,
TSI/TY,Asset Management,0.9728,0.3526,624,,,,,,,,
ETB/GRX,Asset Management,0.9697,0.35262,624,,,,,,,,
FULT/NWBI,Banks - Regional,0.951,0.35264,624,,,,,,,,
BTA/NAZ,Asset Management,0.9285,0.35264,624,,,,,,,,
ALRS/TFC,Banks - Regional,0.9361,0.35265,624,,,,,,,,
CAC/COFS,Banks - Regional,0.8761,0.35266,624,,,,,,,,
CFR/GCBC,Banks - Regional,0.9021,0.35266,624,,,,,,,,
FBIZ/FNLC,Banks - Regional,0.8568,0.35267,624,,,,,,,,
PFI/PKW,Unknown,0.9824,0.35268,624,,,,,,,,
COFS/HOMB,Banks - Regional,0.8656,0.35268,624,,,,,,,,
MQY/MUJ,Asset Management,0.9783,0.35269,624,,,,,,,,
BANF/PBHC,Banks - Regional,0.8616,0.3527,624,,,,,,,,
DVY/IGSB,Unknown,0.9302,0.35271,624,,,,,,,,
BANFP/FNX,Unknown,0.9564,0.35272,624,,,,,,,,
BN/ETG,Asset Management,0.983,0.35272,624,,,,,,,,
CCNE/HOPE,Banks - Regional,0.8008,0.35272,624,,,,,,,,
ESSA/PNC,Banks - Regional,0.9338,0.35273,624,,,,,,,,
OBT/OPBK,Banks - Regional,0.8544,0.35274,624,,,,,,,,
ETO/STK,Asset Management,0.9671,0.35274,624,,,,,,,,
ASB/MBWM,Banks - Regional,0.9352,0.35275,624,,,,,,,,
EVF/FCT,Asset Management,0.9769,0.35276,624,,,,,,,,
AZN/LLY,Drug Manufacturers - General,0.8723,0.35276,624,,,,,,,,
PNNT/VVR,Asset Management,0.9569,0.35277,624,,,,,,,,
MBCN/SHBI,Banks - Regional,0.825,0.35278,624,,,,,,,,
CHMG/ONB,Banks - Regional,0.9359,0.35279,624,,,,,,,,
BCPC/LIN,Specialty Chemicals,0.9388,0.3528,624,,,,,,,,
MMT/NMZ,Asset Management,0.9455,0.35281,624,,,,,,,,
EVG/JPC,Asset Management,0.9257,0.35284,624,,,,,,,,
DHF/SPE,Asset Management,0.9496,0.35284,624,,,,,,,,
BVFL/SFBC,Banks - Regional,0.8124,0.35285,624,,,,,,,,
IGSB/KTH,Unknown,0.9612,0.35286,624,,,,,,,,
CORT/HALO,Biotechnology,0.875,0.35287,624,,,,,,,,
BUSE/FMAO,Banks - Regional,0.9005,0.35289,624,,,,,,,,
HTBK/PPBI,Banks - Regional,0.9437,0.3529,624,,,,,,,,
BNY/MIY,Asset Management,0.9275,0.35291,624,,,,,,,,
BKN/PNF,Asset Management,0.8756,0.35293,624,,,,,,,,
CZFS/FNLC,Banks - Regional,0.9085,0.35298,624,,,,,,,,
CMA/ZION,Banks - Regional,0.9602,0.35298,624,,,,,,,,
FNWD/HBCP,Banks - Regional,0.8241,0.353,624,,,,,,,,
HIX/NIM,Asset Management,0.9254,0.35302,624,,,,,,,,
GDO/NXJ,Asset Management,0.9768,0.35302,624,,,,,,,,
PIM/STT,Asset Management,0.8089,0.35302,624,,,,,,,,
EFSC/NKSH,Banks - Regional,0.8929,0.35302,624,,,,,,,,
CCNE/SRCE,Banks - Regional,0.9233,0.35303,624,,,,,,,,
EFSC/HIFS,Banks - Regional,0.916,0.35305,624,,,,,,,,
PFS/VABK,Banks - Regional,0.8894,0.35308,624,,,,,,,,
FCT/PCM,Asset Management,0.9069,0.35308,624,,,,,,,,
BHLB/ISBA,Banks - Regional,0.8039,0.35309,624,,,,,,,,
CWBC/EBMT,Banks - Regional,0.8863,0.3531,624,,,,,,,,
FXNC/PKBK,Banks - Regional,0.9297,0.3531,624,,,,,,,,
CCBG/SNV,Banks - Regional,0.8707,0.35311,624,,,,,,,,
CNOB/MGYR,Banks - Regional,0.9059,0.35313,624,,,,,,,,
BCAL/WSBF,Banks - Regional,0.8444,0.35314,624,,,,,,,,
FRST/MTB,Banks - Regional,0.8464,0.35314,624,,,,,,,,
FNWD/NFBK,Banks - Regional,0.8748,0.35315,624,,,,,,,,
ACN/EXLS,Information Technology Services,0.929,0.35315,624,,,,,,,,
ISBA/UVSP,Banks - Regional,0.8935,0.35316,624,,,,,,,,
BDJ/GAB,Asset Management,0.9707,0.35317,624,,,,,,,,
AB/EXG,Asset Management,0.9704,0.35318,624,,,,,,,,
ABM/RTO,Specialty Business Services,0.8425,0.35321,624,,,,,,,,
CATY/ISBA,Banks - Regional,0.9069,0.35322,624,,,,,,,,
RF/SNV,Banks - Regional,0.9307,0.35322,624,,,,,,,,
TOWN/UBCP,Banks - Regional,0.9135,0.35323,624,,,,,,,,
GCV/RVT,Asset Management,0.9334,0.35323,624,,,,,,,,
DCI/PNR,Specialty Industrial Machinery,0.9147,0.35323,624,,,,,,,,
FNLC/GBCI,Banks - Regional,0.9547,0.35323,624,,,,,,,,
EVN/NZF,Asset Management,0.9702,0.35325,624,,,,,,,,
CMA/SBFG,Banks - Regional,0.8919,0.35327,624,,,,,,,,
JHI/NAN,Asset Management,0.9008,0.35328,624,,,,,,,,
BRKL/BUSE,Banks - Regional,0.9185,0.35328,624,,,,,,,,
PGC/PNC,Banks - Regional,0.8711,0.3533,624,,,,,,,,
HQH/JHI,Asset Management,0.8269,0.35331,624,,,,,,,,
RFI/SPXX,Asset Management,0.9625,0.35332,624,,,,,,,,
CHKP/MSFT,Software - Infrastructure,0.8918,0.35332,624,,,,,,,,
DSU/NFJ,Asset Management,0.9636,0.35333,624,,,,,,,,
FSFG/ZION,Banks - Regional,0.9552,0.35333,624,,,,,,,,
BLDP/OFLX,Specialty Industrial Machinery,0.8171,0.35334,624,,,,,,,,
NTRS/PFN,Asset Management,0.9407,0.35334,624,,,,,,,,
BANC/WNEB,Banks - Regional,0.8098,0.35335,624,,,,,,,,
CIVB/MTB,Banks - Regional,0.9261,0.35336,624,,,,,,,,
LIN/SHW,Specialty Chemicals,0.9616,0.35337,624,,,,,,,,
FHI/JRS,Asset Management,0.8802,0.35337,624,,,,,,,,
CPB/K,Packaged Foods,0.8089,0.35337,624,,,,,,,,
NWN/SR,Utilities - Regulated Gas,0.8602,0.35338,624,,,,,,,,
DCI/DOV,Specialty Industrial Machinery,0.962,0.35338,624,,,,,,,,
BSRR/CMA,Banks - Regional,0.8914,0.35338,624,,,,,,,,
GBCI/TCBK,Banks - Regional,0.9673,0.35338,624,,,,,,,,
NAN/PMX,Asset Management,0.9235,0.35339,624,,,,,,,,
CCNE/CWBC,Banks - Regional,0.9456,0.35341,624,,,,,,,,
PTY/STEW,Asset Management,0.9586,0.35344,624,,,,,,,,
OPOF/QCRH,Banks - Regional,0.808,0.35344,624,,,,,,,,
DSGX/NICE,Software - Application,0.8687,0.35345,624,,,,,,,,
JHI/MYD,Asset Management,0.8516,0.35349,624,,,,,,,,
HOMB/PNFP,Banks - Regional,0.9552,0.35351,624,,,,,,,,
GRX/PFO,Asset Management,0.9437,0.35351,624,,,,,,,,
GJR/VGSH,Unknown,0.8957,0.35351,624,,,,,,,,
PCF/VLT,Asset Management,0.9755,0.35352,624,,,,,,,,
FISI/VABK,Banks - Regional,0.851,0.35353,624,,,,,,,,
ESSA/SYBT,Banks - Regional,0.9582,0.35354,624,,,,,,,,
COFS/UMBF,Banks - Regional,0.8326,0.35354,624,,,,,,,,
PBHC/SBFG,Banks - Regional,0.9288,0.35354,624,,,,,,,,
EVF/FFA,Asset Management,0.9731,0.35356,624,,,,,,,,
FRAF/IBOC,Banks - Regional,0.8943,0.35356,624,,,,,,,,
AFB/VTN,Asset Management,0.9669,0.35359,624,,,,,,,,
PGC/WTBA,Banks - Regional,0.9368,0.3536,624,,,,,,,,
FELE/KAI,Specialty Industrial Machinery,0.9561,0.3536,624,,,,,,,,
CHMG/PGC,Banks - Regional,0.8991,0.35361,624,,,,,,,,
BGT/FFA,Asset Management,0.9654,0.35363,624,,,,,,,,
OPBK/OVLY,Banks - Regional,0.895,0.35363,624,,,,,,,,
FISI/WNEB,Banks - Regional,0.8789,0.35363,624,,,,,,,,
HBAN/PFS,Banks - Regional,0.8956,0.35363,624,,,,,,,,
NXJ/RFI,Asset Management,0.949,0.35363,624,,,,,,,,
UCB/VABK,Banks - Regional,0.9027,0.35365,624,,,,,,,,
CNXN/SNX,Electronics & Computer Distribution,0.9313,0.35365,624,,,,,,,,
ABCB/CIVB,Banks - Regional,0.9321,0.35366,624,,,,,,,,
CXE/WEA,Asset Management,0.9021,0.35366,624,,,,,,,,
FNB/WAL,Banks - Regional,0.8234,0.35367,624,,,,,,,,
BPOPM/PYZ,Unknown,0.9081,0.3537,624,,,,,,,,
FMBH/VLY,Banks - Regional,0.8648,0.3537,624,,,,,,,,
NMI/PCK,Asset Management,0.8537,0.3537,624,,,,,,,,
EVT/UTF,Asset Management,0.9913,0.35371,624,,,,,,,,
CZNC/TOWN,Banks - Regional,0.912,0.35372,624,,,,,,,,
BCBP/KEY,Banks - Regional,0.882,0.35373,624,,,,,,,,
IGA/STEW,Asset Management,0.9876,0.35373,624,,,,,,,,
NWBI/PB,Banks - Regional,0.9327,0.35373,624,,,,,,,,
DCI/SXI,Specialty Industrial Machinery,0.8871,0.35373,624,,,,,,,,
MCI/STK,Asset Management,0.9289,0.35376,624,,,,,,,,
FHI/HQL,Asset Management,0.8356,0.35377,624,,,,,,,,
GDV/STEW,Asset Management,0.9811,0.35377,624,,,,,,,,
BPOPM/VGSH,Unknown,0.9184,0.35377,624,,,,,,,,
MSD/OIA,Asset Management,0.8872,0.35378,624,,,,,,,,
BOKF/BSRR,Banks - Regional,0.9217,0.35378,624,,,,,,,,
AB/ETG,Asset Management,0.9642,0.35379,624,,,,,,,,
CATY/KEY,Banks - Regional,0.933,0.35382,624,,,,,,,,
EVG/JQC,Asset Management,0.9706,0.35384,624,,,,,,,,
GRID/PRN,Unknown,0.978,0.35386,624,,,,,,,,
FULT/FXNC,Banks - Regional,0.8595,0.35387,624,,,,,,,,
MMU/RQI,Asset Management,0.8334,0.35388,624,,,,,,,,
CAF/FFC,Asset Management,0.842,0.35389,624,,,,,,,,
CADE/FDBC,Banks - Regional,0.8308,0.35389,624,,,,,,,,
JMM/NAD,Asset Management,0.9626,0.35389,624,,,,,,,,
MBCN/THFF,Banks - Regional,0.9187,0.35389,624,,,,,,,,
PFIS/PWOD,Banks - Regional,0.8706,0.35389,624,,,,,,,,
FFC/IQI,Asset Management,0.9734,0.3539,624,,,,,,,,
MIN/VKQ,Asset Management,0.9262,0.35391,624,,,,,,,,
ASB/SSB,Banks - Regional,0.9544,0.35391,624,,,,,,,,
CARE/UBFO,Banks - Regional,0.8519,0.35393,624,,,,,,,,
CMU/MYI,Asset Management,0.9524,0.35393,624,,,,,,,,
KEY/MBCN,Banks - Regional,0.8564,0.35395,624,,,,,,,,
CATY/CFR,Banks - Regional,0.957,0.35395,624,,,,,,,,
GUT/MGF,Asset Management,0.8126,0.35396,624,,,,,,,,
NMZ/RFI,Asset Management,0.9273,0.35398,624,,,,,,,,
STBA/WNEB,Banks - Regional,0.8958,0.35398,624,,,,,,,,
COLB/LARK,Banks - Regional,0.8514,0.35399,624,,,,,,,,
FBNC/FUNC,Banks - Regional,0.9017,0.35399,624,,,,,,,,
IBCP/SMBK,Banks - Regional,0.9561,0.35399,624,,,,,,,,
GJR/PDP,Unknown,0.9395,0.35399,624,,,,,,,,
BSRR/PFBC,Banks - Regional,0.9307,0.354,624,,,,,,,,
AWP/JQC,Asset Management,0.9066,0.354,624,,,,,,,,
BFK/EMD,Asset Management,0.8408,0.35401,624,,,,,,,,
ASB/BCBP,Banks - Regional,0.8334,0.35402,624,,,,,,,,
CMU/NCA,Asset Management,0.9439,0.35402,624,,,,,,,,
GDL/JQC,Asset Management,0.9711,0.35403,624,,,,,,,,
PEBO/SSB,Banks - Regional,0.9416,0.35404,624,,,,,,,,
BN/BXMX,Asset Management,0.9649,0.35404,624,,,,,,,,
NAC/NMZ,Asset Management,0.9769,0.35405,624,,,,,,,,
EOD/ETB,Asset Management,0.9231,0.35405,624,,,,,,,,
CHCO/UVSP,Banks - Regional,0.8542,0.35406,624,,,,,,,,
CRL/IDXX,Diagnostics & Research,0.952,0.35406,624,,,,,,,,
FMNB/OPOF,Banks - Regional,0.8415,0.35407,624,,,,,,,,
ETG/IFN,Asset Management,0.9588,0.35411,624,,,,,,,,
BSRR/WTBA,Banks - Regional,0.9132,0.35411,624,,,,,,,,
IBOC/PNFP,Banks - Regional,0.9318,0.35412,624,,,,,,,,
GDV/PFN,Asset Management,0.9689,0.35412,624,,,,,,,,
JMM/MYN,Asset Management,0.9281,0.35412,624,,,,,,,,
FMNB/UVSP,Banks - Regional,0.9324,0.35412,624,,,,,,,,
DSGX/PLUS,Software - Application,0.9284,0.35414,624,,,,,,,,
AME/ETN,Specialty Industrial Machinery,0.9346,0.35415,624,,,,,,,,
GJP/VCIT,Unknown,0.8691,0.35417,624,,,,,,,,
GDO/IQI,Asset Management,0.964,0.35419,624,,,,,,,,
JPC/NXN,Asset Management,0.956,0.3542,624,,,,,,,,
FEX/SHV,Unknown,0.9051,0.3542,624,,,,,,,,
ETB/TY,Asset Management,0.9842,0.35421,624,,,,,,,,
JHI/VCV,Asset Management,0.8815,0.35421,624,,,,,,,,
DHF/MHF,Asset Management,0.9309,0.35423,624,,,,,,,,
FIZZ/PEP,Beverages - Non-Alcoholic,0.8823,0.35424,624,,,,,,,,
DSM/PZC,Asset Management,0.9581,0.35424,624,,,,,,,,
OPBK/RF,Banks - Regional,0.9356,0.35425,624,,,,,,,,
LEO/PZC,Asset Management,0.9557,0.35428,624,,,,,,,,
CBAN/DCOM,Banks - Regional,0.8993,0.35428,624,,,,,,,,
BSRR/ESSA,Banks - Regional,0.8753,0.35428,624,,,,,,,,
CTBI/FRAF,Banks - Regional,0.9256,0.35432,624,,,,,,,,
JMM/PFN,Asset Management,0.9776,0.35433,624,,,,,,,,
EBMT/SNV,Banks - Regional,0.8446,0.35433,624,,,,,,,,
BSRR/PEBO,Banks - Regional,0.9527,0.35434,624,,,,,,,,
FRAF/UNB,Banks - Regional,0.8288,0.35434,624,,,,,,,,
CADE/GBCI,Banks - Regional,0.904,0.35436,624,,,,,,,,
FMY/MSD,Asset Management,0.9351,0.35439,624,,,,,,,,
HPF/MYD,Asset Management,0.9045,0.3544,624,,,,,,,,
MCN/PCN,Asset Management,0.8906,0.3544,624,,,,,,,,
NKSH/PROV,Banks - Regional,0.85,0.35441,624,,,,,,,,
BSRR/PFS,Banks - Regional,0.9024,0.35441,624,,,,,,,,
CVBF/FCF,Banks - Regional,0.9087,0.35441,624,,,,,,,,
NWFL/PEBO,Banks - Regional,0.9244,0.35442,624,,,,,,,,
PFIS/PLBC,Banks - Regional,0.899,0.35442,624,,,,,,,,
PNI/VMO,Asset Management,0.8726,0.35443,624,,,,,,,,
MQT/MUA,Asset Management,0.9742,0.35443,624,,,,,,,,
FCNCA/NECB,Banks - Regional,0.9721,0.35444,624,,,,,,,,
HLIO/ROK,Specialty Industrial Machinery,0.8221,0.35445,624,,,,,,,,
TFC/UMBF,Banks - Regional,0.8959,0.35445,624,,,,,,,,
HTGC/USA,Asset Management,0.9543,0.35445,624,,,,,,,,
FHI/NTRS,Asset Management,0.838,0.35446,624,,,,,,,,
BANR/WBS,Banks - Regional,0.9491,0.35448,624,,,,,,,,
MMT/WIA,Asset Management,0.9413,0.35448,624,,,,,,,,
ESSA/MTB,Banks - Regional,0.8945,0.3545,624,,,,,,,,
BANC/RVSB,Banks - Regional,0.8383,0.3545,624,,,,,,,,
EFSC/WSFS,Banks - Regional,0.9748,0.35451,624,,,,,,,,
BANR/FCF,Banks - Regional,0.9594,0.35451,624,,,,,,,,
SPE/STEW,Asset Management,0.9842,0.35452,624,,,,,,,,
NWFL/WSBF,Banks - Regional,0.8676,0.35454,624,,,,,,,,
FLC/MUE,Asset Management,0.9556,0.35454,624,,,,,,,,
BFZ/PMM,Asset Management,0.926,0.35454,624,,,,,,,,
EBMT/PNC,Banks - Regional,0.8724,0.35454,624,,,,,,,,
CODA/MRCY,Aerospace & Defense,0.8003,0.35455,624,,,,,,,,
JLS/MMT,Asset Management,0.9171,0.35455,624,,,,,,,,
FITB/UBFO,Banks - Regional,0.8637,0.35456,624,,,,,,,,
FEX/GJO,Unknown,0.9732,0.35456,624,,,,,,,,
BOH/PB,Banks - Regional,0.9176,0.35456,624,,,,,,,,
MGEE/PEG,Utilities - Regulated Electric,0.9658,0.35457,624,,,,,,,,
EHC/ENSG,Medical Care Facilities,0.9442,0.35457,624,,,,,,,,
CZNC/SSBI,Banks - Regional,0.8788,0.35458,624,,,,,,,,
FNB/UBSI,Banks - Regional,0.9268,0.35461,624,,,,,,,,
MUC/OIA,Asset Management,0.9317,0.35461,624,,,,,,,,
EBMT/FSFG,Banks - Regional,0.9286,0.35463,624,,,,,,,,
COLB/WSFS,Banks - Regional,0.887,0.35464,624,,,,,,,,
IAE/JEQ,Asset Management,0.8138,0.35464,624,,,,,,,,
FCT/RNP,Asset Management,0.9614,0.35465,624,,,,,,,,
HBAN/SBSI,Banks - Regional,0.9413,0.35465,624,,,,,,,,
AME/WTS,Specialty Industrial Machinery,0.9845,0.35466,624,,,,,,,,
CZNC/WSBC,Banks - Regional,0.9212,0.35467,624,,,,,,,,
EFR/RVT,Asset Management,0.9661,0.35468,624,,,,,,,,
CZWI/PLBC,Banks - Regional,0.8656,0.3547,624,,,,,,,,
SPE/TWN,Asset Management,0.9543,0.35471,624,,,,,,,,
BCML/OVLY,Banks - Regional,0.8988,0.35472,624,,,,,,,,
AVK/JHI,Asset Management,0.8484,0.35472,624,,,,,,,,
FLC/MYI,Asset Management,0.9654,0.35472,624,,,,,,,,
ACIW/VRSN,Software - Infrastructure,0.8209,0.35472,624,,,,,,,,
FDBC/FNWD,Banks - Regional,0.844,0.35473,624,,,,,,,,
JHS/NZF,Asset Management,0.9758,0.35474,624,,,,,,,,
EVF/GOF,Asset Management,0.9501,0.35474,624,,,,,,,,
CBSH/NRIM,Banks - Regional,0.8192,0.35475,624,,,,,,,,
ARKR/JACK,Restaurants,0.8043,0.35477,624,,,,,,,,
BOH/TSBK,Banks - Regional,0.8894,0.35477,624,,,,,,,,
A/LH,Diagnostics & Research,0.9704,0.35478,624,,,,,,,,
DX/NLY,REIT - Mortgage,0.8573,0.35479,624,,,,,,,,
FISI/INDB,Banks - Regional,0.8857,0.35481,624,,,,,,,,
COFS/MGYR,Banks - Regional,0.882,0.35483,624,,,,,,,,
ONB/WAL,Banks - Regional,0.9014,0.35483,624,,,,,,,,
BOKF/CAC,Banks - Regional,0.9256,0.35484,624,,,,,,,,
IQI/MIN,Asset Management,0.922,0.35484,624,,,,,,,,
DSM/IIM,Asset Management,0.9583,0.35485,624,,,,,,,,
FMAO/HFWA,Banks - Regional,0.9371,0.35487,624,,,,,,,,
GLAD/IFN,Asset Management,0.9473,0.35487,624,,,,,,,,
BSRR/HFBL,Banks - Regional,0.8295,0.35489,624,,,,,,,,
HBNC/HOPE,Banks - Regional,0.8494,0.35489,624,,,,,,,,
AB/GCV,Asset Management,0.9261,0.3549,624,,,,,,,,
BNY/NPV,Asset Management,0.8825,0.35492,624,,,,,,,,
EOD/FT,Asset Management,0.9511,0.35492,624,,,,,,,,
CNI/CP,Railroads,0.9722,0.35492,624,,,,,,,,
FUND/VVR,Asset Management,0.9448,0.35495,624,,,,,,,,
AVK/WIA,Asset Management,0.8498,0.35496,624,,,,,,,,
SFNC/TFC,Banks - Regional,0.9092,0.35496,624,,,,,,,,
NAC/NNY,Asset Management,0.9746,0.35496,624,,,,,,,,
ACNB/BFC,Banks - Regional,0.9399,0.35497,624,,,,,,,,
MUE/PCK,Asset Management,0.8952,0.35498,624,,,,,,,,
INDB/MBWM,Banks - Regional,0.8552,0.35498,624,,,,,,,,
AUB/SBCF,Banks - Regional,0.9487,0.35498,624,,,,,,,,
PLBC/SMBC,Banks - Regional,0.9654,0.35499,624,,,,,,,,
IMKTA/KR,Grocery Stores,0.8966,0.35499,624,,,,,,,,
HWC/PNFP,Banks - Regional,0.8907,0.35499,624,,,,,,,,
BOKF/FXNC,Banks - Regional,0.8565,0.355,624,,,,,,,,
RY/TD,Banks - Diversified,0.9514,0.355,624,,,,,,,,
EVF/GAM,Asset Management,0.9742,0.35502,624,,,,,,,,
JHI/NMI,Asset Management,0.8556,0.35504,624,,,,,,,,
FUND/GAB,Asset Management,0.972,0.35506,624,,,,,,,,
A/WAT,Diagnostics & Research,0.975,0.35506,624,,,,,,,,
CBAN/WASH,Banks - Regional,0.9033,0.35506,624,,,,,,,,
MYE/SON,Packaging & Containers,0.8086,0.35508,624,,,,,,,,
BKN/SBI,Asset Management,0.9402,0.3551,624,,,,,,,,
BCBP/PKBK,Banks - Regional,0.9032,0.3551,624,,,,,,,,
BMRC/WSBC,Banks - Regional,0.8044,0.3551,624,,,,,,,,
FFC/MYD,Asset Management,0.9524,0.35512,624,,,,,,,,
BCAL/UBSI,Banks - Regional,0.8228,0.35514,624,,,,,,,,
FCF/PFIS,Banks - Regional,0.9309,0.35514,624,,,,,,,,
AUB/FFIN,Banks - Regional,0.896,0.35515,624,,,,,,,,
BOH/SFNC,Banks - Regional,0.9431,0.35516,624,,,,,,,,
BOE/ETG,Asset Management,0.9897,0.35517,624,,,,,,,,
ASB/SFST,Banks - Regional,0.8645,0.35518,624,,,,,,,,
CWST/WCN,Waste Management,0.9835,0.3552,624,,,,,,,,
CCNE/TRST,Banks - Regional,0.9543,0.35521,624,,,,,,,,
HBAN/MNSB,Banks - Regional,0.8827,0.35521,624,,,,,,,,
NAD/NPV,Asset Management,0.9331,0.35522,624,,,,,,,,
FRAF/OVBC,Banks - Regional,0.8721,0.35522,624,,,,,,,,
CLH/WCN,Waste Management,0.8775,0.35523,624,,,,,,,,
PFIS/TCBK,Banks - Regional,0.9349,0.35523,624,,,,,,,,
PH/ROK,Specialty Industrial Machinery,0.8597,0.35524,624,,,,,,,,
MUA/NZF,Asset Management,0.9764,0.35524,624,,,,,,,,
BTA/HIO,Asset Management,0.9321,0.35525,624,,,,,,,,
HBNC/PGC,Banks - Regional,0.9484,0.35526,624,,,,,,,,
DX/PMT,REIT - Mortgage,0.9206,0.35527,624,,,,,,,,
DX/LOAN,REIT - Mortgage,0.8881,0.35528,624,,,,,,,,
CVBF/CZFS,Banks - Regional,0.8779,0.35529,624,,,,,,,,
HPI/LEO,Asset Management,0.8857,0.35529,624,,,,,,,,
COLB/CZNC,Banks - Regional,0.8491,0.35531,624,,,,,,,,
RJF/TY,Asset Management,0.923,0.35531,624,,,,,,,,
GPN/RTO,Specialty Business Services,0.8936,0.35531,624,,,,,,,,
BRW/STEW,Asset Management,0.9472,0.35532,624,,,,,,,,
FMNB/TOWN,Banks - Regional,0.9528,0.35532,624,,,,,,,,
CXH/MCR,Asset Management,0.926,0.35533,624,,,,,,,,
GBCI/PPBI,Banks - Regional,0.8971,0.35536,624,,,,,,,,
EMD/KTF,Asset Management,0.8481,0.35537,624,,,,,,,,
AEE/NEE,Utilities - Regulated Electric,0.9713,0.35537,624,,,,,,,,
PEBO/PFS,Banks - Regional,0.9033,0.35538,624,,,,,,,,
IGI/MHI,Asset Management,0.8661,0.35539,624,,,,,,,,
AFB/CMU,Asset Management,0.9639,0.35539,624,,,,,,,,
PEBO/PNC,Banks - Regional,0.9364,0.35542,624,,,,,,,,
NRIM/SNV,Banks - Regional,0.8415,0.35542,624,,,,,,,,
CHCO/OSBC,Banks - Regional,0.9234,0.35546,624,,,,,,,,
IBOC/THFF,Banks - Regional,0.9061,0.35546,624,,,,,,,,
IAE/NFJ,Asset Management,0.863,0.35547,624,,,,,,,,
CIVB/FMAO,Banks - Regional,0.911,0.35547,624,,,,,,,,
SMBK/VABK,Banks - Regional,0.9418,0.35549,624,,,,,,,,
UVSP/ZION,Banks - Regional,0.9391,0.35549,624,,,,,,,,
JHS/VKQ,Asset Management,0.973,0.3555,624,,,,,,,,
CHMG/FISI,Banks - Regional,0.8389,0.35551,624,,,,,,,,
ARCC/CII,Asset Management,0.9858,0.35552,624,,,,,,,,
EHI/PFD,Asset Management,0.9341,0.35553,624,,,,,,,,
COFS/WSBF,Banks - Regional,0.8796,0.35553,624,,,,,,,,
SSBI/WTBA,Banks - Regional,0.8873,0.35554,624,,,,,,,,
TRMK/UMBF,Banks - Regional,0.9233,0.35555,624,,,,,,,,
PPT/SCD,Asset Management,0.8327,0.35555,624,,,,,,,,
WASH/WSBC,Banks - Regional,0.9303,0.35556,624,,,,,,,,
BPOPM/FAD,Unknown,0.9389,0.35557,624,,,,,,,,
BOH/WNEB,Banks - Regional,0.8438,0.35558,624,,,,,,,,
FBIZ/ONB,Banks - Regional,0.9026,0.35558,624,,,,,,,,
BFZ/MUE,Asset Management,0.9619,0.35558,624,,,,,,,,
NWBI/PEBK,Banks - Regional,0.9472,0.35559,624,,,,,,,,
ABCB/AROW,Banks - Regional,0.9089,0.35559,624,,,,,,,,
AZN/JNJ,Drug Manufacturers - General,0.9305,0.35559,624,,,,,,,,
CAF/FLC,Asset Management,0.8362,0.3556,624,,,,,,,,
COFS/GBCI,Banks - Regional,0.8897,0.3556,624,,,,,,,,
IAE/MMT,Asset Management,0.8488,0.3556,624,,,,,,,,
BDJ/PIM,Asset Management,0.9022,0.35561,624,,,,,,,,
BPOPM/QTEC,Unknown,0.9223,0.35561,624,,,,,,,,
PFN/VLT,Asset Management,0.981,0.35562,624,,,,,,,,
AGD/IIF,Asset Management,0.9125,0.35563,624,,,,,,,,
BANC/SBSI,Banks - Regional,0.8259,0.35563,624,,,,,,,,
CVBF/MOFG,Banks - Regional,0.9011,0.35565,624,,,,,,,,
PFN/UTF,Asset Management,0.9752,0.35565,624,,,,,,,,
IGR/PDT,Asset Management,0.9324,0.35566,624,,,,,,,,
CBSH/ESSA,Banks - Regional,0.9139,0.35567,624,,,,,,,,
HBNC/SSB,Banks - Regional,0.9153,0.35569,624,,,,,,,,
DIOD/LSCC,Semiconductors,0.9392,0.35569,624,,,,,,,,
BOH/PNFP,Banks - Regional,0.8976,0.35571,624,,,,,,,,
PEY/VCSH,Unknown,0.9388,0.35572,624,,,,,,,,
GBCI/GCBC,Banks - Regional,0.8045,0.35575,624,,,,,,,,
NQP/PMO,Asset Management,0.9827,0.35576,624,,,,,,,,
BVFL/WAFD,Banks - Regional,0.8092,0.35577,624,,,,,,,,
PPBI/WTBA,Banks - Regional,0.9526,0.35579,624,,,,,,,,
INDY/PFM,Unknown,0.9597,0.3558,624,,,,,,,,
CII/EOI,Asset Management,0.9904,0.3558,624,,,,,,,,
CBAN/EBTC,Banks - Regional,0.9273,0.3558,624,,,,,,,,
CBAN/FCBC,Banks - Regional,0.882,0.35581,624,,,,,,,,
ETG/GDV,Asset Management,0.99,0.35583,624,,,,,,,,
BANR/FXNC,Banks - Regional,0.8363,0.35583,624,,,,,,,,
BUSE/FSFG,Banks - Regional,0.9156,0.35586,624,,,,,,,,
ETB/MPV,Asset Management,0.9204,0.35587,624,,,,,,,,
CTBI/KEY,Banks - Regional,0.894,0.35588,624,,,,,,,,
MBWM/WNEB,Banks - Regional,0.8101,0.35588,624,,,,,,,,
PBHC/SFNC,Banks - Regional,0.8602,0.35589,624,,,,,,,,
COFS/SRCE,Banks - Regional,0.9117,0.3559,624,,,,,,,,
CBFV/SBSI,Banks - Regional,0.8515,0.35592,624,,,,,,,,
CFFI/CZNC,Banks - Regional,0.8777,0.35592,624,,,,,,,,
CBSH/WSBC,Banks - Regional,0.8635,0.35593,624,,,,,,,,
FMBH/OVLY,Banks - Regional,0.8452,0.35595,624,,,,,,,,
DSX/GOGL,Marine Shipping,0.8743,0.35595,624,,,,,,,,
ONB/TRMK,Banks - Regional,0.9658,0.35597,624,,,,,,,,
JSM/PFM,Unknown,0.9194,0.356,624,,,,,,,,
PAI/PNI,Asset Management,0.8032,0.35601,624,,,,,,,,
ESSA/HWC,Banks - Regional,0.8852,0.35601,624,,,,,,,,
BSRR/UMBF,Banks - Regional,0.9045,0.35602,624,,,,,,,,
EIX/PEG,Utilities - Regulated Electric,0.8756,0.35603,624,,,,,,,,
EGBN/PPBI,Banks - Regional,0.8545,0.35603,624,,,,,,,,
DSM/HPF,Asset Management,0.8804,0.35604,624,,,,,,,,
BPOPM/IGSB,Unknown,0.9502,0.35605,624,,,,,,,,
CBU/HFBL,Banks - Regional,0.9276,0.35605,624,,,,,,,,
BTA/MQY,Asset Management,0.9705,0.35605,624,,,,,,,,
DSU/WIW,Asset Management,0.8639,0.35607,624,,,,,,,,
GOF/PTY,Asset Management,0.9778,0.35607,624,,,,,,,,
MDT/ZBH,Medical Devices,0.9475,0.35609,624,,,,,,,,
MGF/MUC,Asset Management,0.9182,0.35609,624,,,,,,,,
FAD/JBK,Unknown,0.9545,0.35609,624,,,,,,,,
NRIM/PFIS,Banks - Regional,0.8355,0.35609,624,,,,,,,,
HWBK/KEY,Banks - Regional,0.8816,0.3561,624,,,,,,,,
MQY/PFO,Asset Management,0.9645,0.3561,624,,,,,,,,
BXMX/DHIL,Asset Management,0.8993,0.35611,624,,,,,,,,
ATLO/CNOB,Banks - Regional,0.8557,0.35611,624,,,,,,,,
BANR/FMAO,Banks - Regional,0.8408,0.35612,624,,,,,,,,
BRKL/CTBI,Banks - Regional,0.8076,0.35612,624,,,,,,,,
JMM/TY,Asset Management,0.9616,0.35612,624,,,,,,,,
FITB/PEBK,Banks - Regional,0.8827,0.35615,624,,,,,,,,
CBU/SMBC,Banks - Regional,0.8988,0.35617,624,,,,,,,,
FNX/SOXX,Unknown,0.9643,0.35617,624,,,,,,,,
MAIN/SCD,Asset Management,0.9816,0.35618,624,,,,,,,,
PCQ/PMO,Asset Management,0.8406,0.35618,624,,,,,,,,
PFF/VCLT,Unknown,0.9335,0.35619,624,,,,,,,,
RBCAA/WSFS,Banks - Regional,0.8857,0.3562,624,,,,,,,,
FMNB/PPBI,Banks - Regional,0.9302,0.35622,624,,,,,,,,
LCNB/NWBI,Banks - Regional,0.9084,0.35622,624,,,,,,,,
AFB/PMF,Asset Management,0.9423,0.35622,624,,,,,,,,
GLAD/JFR,Asset Management,0.9409,0.35623,624,,,,,,,,
DHF/MSD,Asset Management,0.9498,0.35624,624,,,,,,,,
AROW/FMNB,Banks - Regional,0.9542,0.35624,624,,,,,,,,
CIVB/CVBF,Banks - Regional,0.9499,0.35625,624,,,,,,,,
CUBE/EXR,REIT - Industrial,0.9898,0.35625,624,,,,,,,,
TRST/WSFS,Banks - Regional,0.9417,0.35626,624,,,,,,,,
CIVB/FXNC,Banks - Regional,0.889,0.35627,624,,,,,,,,
FUNC/GABC,Banks - Regional,0.9011,0.35627,624,,,,,,,,
HPI/MIN,Asset Management,0.9144,0.35628,624,,,,,,,,
K/SENEA,Packaged Foods,0.8343,0.35628,624,,,,,,,,
LARK/PFBC,Banks - Regional,0.8714,0.35629,624,,,,,,,,
AROW/WBS,Banks - Regional,0.9232,0.35631,624,,,,,,,,
BCBP/SRCE,Banks - Regional,0.8319,0.35631,624,,,,,,,,
FTA/SOXX,Unknown,0.9427,0.35632,624,,,,,,,,
HBNC/UMBF,Banks - Regional,0.893,0.35633,624,,,,,,,,
TRST/WAL,Banks - Regional,0.8057,0.35634,624,,,,,,,,
IQI/PMX,Asset Management,0.9415,0.35634,624,,,,,,,,
CADE/RBCAA,Banks - Regional,0.9004,0.35636,624,,,,,,,,
NAC/NQP,Asset Management,0.9648,0.35636,624,,,,,,,,
FLC/NMT,Asset Management,0.9416,0.35639,624,,,,,,,,
PCM/RNP,Asset Management,0.947,0.35641,624,,,,,,,,
HIO/PTY,Asset Management,0.9799,0.35641,624,,,,,,,,
RJF/SPE,Asset Management,0.9705,0.35642,624,,,,,,,,
ASB/CADE,Banks - Regional,0.962,0.35642,624,,,,,,,,
CHCO/UNTY,Banks - Regional,0.9694,0.35646,624,,,,,,,,
BDJ/MCN,Asset Management,0.9708,0.35649,624,,,,,,,,
AUB/RBCAA,Banks - Regional,0.8969,0.3565,624,,,,,,,,
BOE/SOR,Asset Management,0.9805,0.35651,624,,,,,,,,
NFBK/OCFC,Banks - Regional,0.9035,0.35652,624,,,,,,,,
CBU/CWBC,Banks - Regional,0.9248,0.35654,624,,,,,,,,
MCR/MYD,Asset Management,0.8922,0.35655,624,,,,,,,,
CIVB/TFC,Banks - Regional,0.938,0.35657,624,,,,,,,,
COFS/CVBF,Banks - Regional,0.8563,0.35657,624,,,,,,,,
GDO/VMO,Asset Management,0.9423,0.35657,624,,,,,,,,
MHD/NXP,Asset Management,0.8664,0.35659,624,,,,,,,,
BME/CHY,Asset Management,0.953,0.35659,624,,,,,,,,
DHF/VBF,Asset Management,0.9243,0.35659,624,,,,,,,,
NAC/WEA,Asset Management,0.9113,0.35659,624,,,,,,,,
FRST/HBCP,Banks - Regional,0.8462,0.3566,624,,,,,,,,
AUB/AX,Banks - Regional,0.9154,0.35661,624,,,,,,,,
CMA/FFIC,Banks - Regional,0.8594,0.35661,624,,,,,,,,
PKBK/SSBI,Banks - Regional,0.8744,0.35662,624,,,,,,,,
FCCO/TFC,Banks - Regional,0.8914,0.35663,624,,,,,,,,
MBCN/OPOF,Banks - Regional,0.8084,0.35664,624,,,,,,,,
EVT/RNP,Asset Management,0.9916,0.35666,624,,,,,,,,
BFZ/BTA,Asset Management,0.9284,0.35666,624,,,,,,,,
HBAN/HTBK,Banks - Regional,0.8848,0.35667,624,,,,,,,,
FCT/GLAD,Asset Management,0.9444,0.35667,624,,,,,,,,
MQT/NVG,Asset Management,0.975,0.35668,624,,,,,,,,
AROW/FCBC,Banks - Regional,0.86,0.35669,624,,,,,,,,
FHN/THFF,Banks - Regional,0.8915,0.3567,624,,,,,,,,
BANFP/PRFZ,Unknown,0.9538,0.3567,624,,,,,,,,
FCCO/SBSI,Banks - Regional,0.9274,0.35671,624,,,,,,,,
MOFG/PFIS,Banks - Regional,0.8696,0.35672,624,,,,,,,,
PMM/PZC,Asset Management,0.8815,0.35672,624,,,,,,,,
AGD/CGO,Asset Management,0.9433,0.35673,624,,,,,,,,
SSB/TSBK,Banks - Regional,0.8975,0.35674,624,,,,,,,,
BYM/JHI,Asset Management,0.8978,0.35674,624,,,,,,,,
NCA/TSI,Asset Management,0.9237,0.35675,624,,,,,,,,
CIVB/TOWN,Banks - Regional,0.9436,0.35676,624,,,,,,,,
BFZ/BKN,Asset Management,0.929,0.35679,624,,,,,,,,
IQI/NAC,Asset Management,0.9837,0.3568,624,,,,,,,,
SRCE/SSB,Banks - Regional,0.9475,0.3568,624,,,,,,,,
NXN/RQI,Asset Management,0.9148,0.3568,624,,,,,,,,
CHCO/TSBK,Banks - Regional,0.9303,0.35681,624,,,,,,,,
DHF/MCR,Asset Management,0.9493,0.35681,624,,,,,,,,
FRME/HFWA,Banks - Regional,0.9517,0.35681,624,,,,,,,,
PYT/SHV,Unknown,0.8236,0.35682,624,,,,,,,,
OZK/WTBA,Banks - Regional,0.8703,0.35683,624,,,,,,,,
COLB/FNLC,Banks - Regional,0.8159,0.35684,624,,,,,,,,
PGC/SFST,Banks - Regional,0.9341,0.35685,624,,,,,,,,
PRFZ/SMH,Unknown,0.9208,0.35687,624,,,,,,,,
KEY/ZION,Banks - Regional,0.9753,0.35694,624,,,,,,,,
CNS/DHF,Asset Management,0.9283,0.35695,624,,,,,,,,
RFI/SBI,Asset Management,0.8611,0.35696,624,,,,,,,,
SBSI/WAL,Banks - Regional,0.9313,0.35697,624,,,,,,,,
FMY/JEQ,Asset Management,0.8583,0.35698,624,,,,,,,,
NEWT/SBFG,Banks - Regional,0.8472,0.35698,624,,,,,,,,
PMX/VBF,Asset Management,0.8708,0.35698,624,,,,,,,,
FHN/FRAF,Banks - Regional,0.8346,0.357,624,,,,,,,,
CHMG/GSBC,Banks - Regional,0.9482,0.357,624,,,,,,,,
GPC/ORLY,Auto Parts,0.8938,0.35701,624,,,,,,,,
GJH/JBK,Unknown,0.9677,0.35702,624,,,,,,,,
BNY/PAI,Asset Management,0.896,0.35702,624,,,,,,,,
QQEW/QTEC,Unknown,0.9943,0.35703,624,,,,,,,,
NAN/PNI,Asset Management,0.8561,0.35703,624,,,,,,,,
HOMB/RNST,Banks - Regional,0.9242,0.35703,624,,,,,,,,
CCNE/TSBK,Banks - Regional,0.9295,0.35703,624,,,,,,,,
CBAN/CZWI,Banks - Regional,0.9207,0.35706,624,,,,,,,,
HBCP/LKFN,Banks - Regional,0.916,0.35707,624,,,,,,,,
MGEE/PPL,Utilities - Regulated Electric,0.9245,0.35708,624,,,,,,,,
MCI/STEW,Asset Management,0.9465,0.35708,624,,,,,,,,
CHMG/INDB,Banks - Regional,0.8889,0.35709,624,,,,,,,,
BOH/BUSE,Banks - Regional,0.9349,0.35709,624,,,,,,,,
CMU/MIY,Asset Management,0.9428,0.35709,624,,,,,,,,
BOKF/FRME,Banks - Regional,0.9336,0.3571,624,,,,,,,,
CMU/GDO,Asset Management,0.9278,0.35711,624,,,,,,,,
JHI/PFD,Asset Management,0.9112,0.35711,624,,,,,,,,
HFWA/WBS,Banks - Regional,0.9296,0.35712,624,,,,,,,,
AROW/FFBC,Banks - Regional,0.8906,0.35714,624,,,,,,,,
PKBK/WTBA,Banks - Regional,0.9414,0.35716,624,,,,,,,,
LARK/WBS,Banks - Regional,0.9005,0.35716,624,,,,,,,,
CIEN/MSI,Communication Equipment,0.8785,0.35716,624,,,,,,,,
CZFS/HFWA,Banks - Regional,0.8216,0.35716,624,,,,,,,,
AROW/CBU,Banks - Regional,0.9682,0.35716,624,,,,,,,,
BRW/GAIN,Asset Management,0.911,0.35717,624,,,,,,,,
AROW/WAL,Banks - Regional,0.908,0.35721,624,,,,,,,,
CCNE/RBCAA,Banks - Regional,0.8489,0.35721,624,,,,,,,,
GDL/SPE,Asset Management,0.954,0.35722,624,,,,,,,,
AGD/GDV,Asset Management,0.9427,0.35722,624,,,,,,,,
ETV/NIE,Asset Management,0.9737,0.35724,624,,,,,,,,
CMU/MUC,Asset Management,0.9558,0.35724,624,,,,,,,,
FITB/HBNC,Banks - Regional,0.8758,0.35727,624,,,,,,,,
DSM/KTF,Asset Management,0.9454,0.35728,624,,,,,,,,
COHU/UCTT,Semiconductor Equipment & Materials,0.9112,0.35729,624,,,,,,,,
FHI/HQH,Asset Management,0.8522,0.35729,624,,,,,,,,
MMT/NAD,Asset Management,0.9488,0.35729,624,,,,,,,,
NAN/NMZ,Asset Management,0.9827,0.35729,624,,,,,,,,
ON/SLAB,Semiconductors,0.836,0.35729,624,,,,,,,,
FSFG/WBS,Banks - Regional,0.9355,0.35729,624,,,,,,,,
RVSB/WBS,Banks - Regional,0.9068,0.3573,624,,,,,,,,
PRN/PTF,Unknown,0.9812,0.35733,624,,,,,,,,
TFC/ZION,Banks - Regional,0.9618,0.35734,624,,,,,,,,
CIVB/CWBC,Banks - Regional,0.9656,0.35735,624,,,,,,,,
ALRS/EWBC,Banks - Regional,0.8607,0.35736,624,,,,,,,,
SFNC/SHBI,Banks - Regional,0.8618,0.35736,624,,,,,,,,
CFR/WSBC,Banks - Regional,0.8501,0.35736,624,,,,,,,,
BPOPM/PKW,Unknown,0.9229,0.35736,624,,,,,,,,
RFI/VLT,Asset Management,0.9644,0.35737,624,,,,,,,,
AVK/EEA,Asset Management,0.8248,0.35739,624,,,,,,,,
SRCE/UCB,Banks - Regional,0.9041,0.35739,624,,,,,,,,
MOFG/NKSH,Banks - Regional,0.8851,0.3574,624,,,,,,,,
SHY/VGSH,Unknown,0.9998,0.35741,624,,,,,,,,
FMNB/QCRH,Banks - Regional,0.9352,0.35743,624,,,,,,,,
FCT/PCF,Asset Management,0.957,0.35744,624,,,,,,,,
FNX/SHV,Unknown,0.8922,0.35745,624,,,,,,,,
HQL/TY,Asset Management,0.9199,0.35745,624,,,,,,,,
JHI/NUW,Asset Management,0.8547,0.35745,624,,,,,,,,
OBT/OFG,Banks - Regional,0.923,0.35745,624,,,,,,,,
FT/PCN,Asset Management,0.9639,0.35745,624,,,,,,,,
MUJ/PAI,Asset Management,0.9573,0.35746,624,,,,,,,,
OCSL/PSEC,Asset Management,0.8487,0.35747,624,,,,,,,,
HIX/PFD,Asset Management,0.9264,0.35748,624,,,,,,,,
BSRR/WSBF,Banks - Regional,0.8974,0.35751,624,,,,,,,,
BVFL/PFIS,Banks - Regional,0.8177,0.35751,624,,,,,,,,
AROW/CCNE,Banks - Regional,0.9498,0.35753,624,,,,,,,,
AROW/ASRV,Banks - Regional,0.8504,0.35753,624,,,,,,,,
NFJ/PCF,Asset Management,0.9628,0.35754,624,,,,,,,,
ASB/MTB,Banks - Regional,0.961,0.35754,624,,,,,,,,
CMA/CNOB,Banks - Regional,0.934,0.35754,624,,,,,,,,
BHK/PNF,Asset Management,0.8252,0.35754,624,,,,,,,,
DVY/PFM,Unknown,0.9874,0.35755,624,,,,,,,,
PAI/PMX,Asset Management,0.9117,0.35758,624,,,,,,,,
BANF/CZWI,Banks - Regional,0.8286,0.35758,624,,,,,,,,
BHK/CMU,Asset Management,0.927,0.35759,624,,,,,,,,
AOD/TSI,Asset Management,0.8975,0.35759,624,,,,,,,,
BTO/GCV,Asset Management,0.9143,0.35759,624,,,,,,,,
AUB/TFC,Banks - Regional,0.9315,0.3576,624,,,,,,,,
MBCN/STBA,Banks - Regional,0.8835,0.3576,624,,,,,,,,
NKSH/WTBA,Banks - Regional,0.8721,0.35761,624,,,,,,,,
HIO/PMM,Asset Management,0.9252,0.35763,624,,,,,,,,
OPOF/SRCE,Banks - Regional,0.841,0.35764,624,,,,,,,,
FNWD/NWFL,Banks - Regional,0.8295,0.35764,624,,,,,,,,
BBH/IUSG,Unknown,0.8608,0.35765,624,,,,,,,,
CCBG/OSBC,Banks - Regional,0.9349,0.35765,624,,,,,,,,
MNSB/OPOF,Banks - Regional,0.8038,0.35766,624,,,,,,,,
AGD/EFR,Asset Management,0.9435,0.35766,624,,,,,,,,
BCML/MTB,Banks - Regional,0.9394,0.35767,624,,,,,,,,
USIG/VCIT,Unknown,0.9979,0.35768,624,,,,,,,,
EMD/MUE,Asset Management,0.8699,0.35769,624,,,,,,,,
DJCO/IDCC,Software - Application,0.8055,0.3577,624,,,,,,,,
AVK/TROW,Asset Management,0.8461,0.3577,624,,,,,,,,
MUA/RFI,Asset Management,0.8729,0.35771,624,,,,,,,,
FDBC/UNTY,Banks - Regional,0.8153,0.35771,624,,,,,,,,
FMNB/SRCE,Banks - Regional,0.9485,0.35772,624,,,,,,,,
HPF/MVT,Asset Management,0.837,0.35773,624,,,,,,,,
HFWA/TSBK,Banks - Regional,0.9211,0.35774,624,,,,,,,,
OCFC/SNV,Banks - Regional,0.8559,0.35774,624,,,,,,,,
EVF/NIE,Asset Management,0.9684,0.35775,624,,,,,,,,
GJR/PFF,Unknown,0.8595,0.35776,624,,,,,,,,
NAD/VPV,Asset Management,0.9831,0.35778,624,,,,,,,,
HPF/JRS,Asset Management,0.9609,0.35781,624,,,,,,,,
BHLB/UNB,Banks - Regional,0.8706,0.35783,624,,,,,,,,
TFC/UBFO,Banks - Regional,0.8703,0.35783,624,,,,,,,,
INDY/PRN,Unknown,0.9533,0.35786,624,,,,,,,,
OPOF/WSFS,Banks - Regional,0.8801,0.35787,624,,,,,,,,
CCNE/PB,Banks - Regional,0.923,0.35788,624,,,,,,,,
JHI/NFJ,Asset Management,0.9408,0.35788,624,,,,,,,,
BME/QQQX,Asset Management,0.9771,0.35789,624,,,,,,,,
HBNC/UVSP,Banks - Regional,0.9504,0.3579,624,,,,,,,,
FLIC/FRST,Banks - Regional,0.919,0.3579,624,,,,,,,,
CATY/CNOB,Banks - Regional,0.9309,0.35791,624,,,,,,,,
MHN/PMX,Asset Management,0.9419,0.35792,624,,,,,,,,
BANR/CFFI,Banks - Regional,0.9151,0.35793,624,,,,,,,,
BN/EXG,Asset Management,0.9782,0.35793,624,,,,,,,,
MPB/SFNC,Banks - Regional,0.8809,0.35795,624,,,,,,,,
HPF/MUJ,Asset Management,0.9402,0.35796,624,,,,,,,,
CWBC/MNSB,Banks - Regional,0.9264,0.35796,624,,,,,,,,
BHK/MMT,Asset Management,0.9716,0.35798,624,,,,,,,,
KEY/OPBK,Banks - Regional,0.9088,0.35798,624,,,,,,,,
FCNCA/PNC,Banks - Regional,0.8087,0.35799,624,,,,,,,,
GJS/QQXT,Unknown,0.9592,0.35799,624,,,,,,,,
PNNT/SAR,Asset Management,0.8867,0.358,624,,,,,,,,
THFF/UBFO,Banks - Regional,0.9223,0.35801,624,,,,,,,,
CMS/WEC,Utilities - Regulated Electric,0.9941,0.35802,624,,,,,,,,
CBU/PBHC,Banks - Regional,0.9018,0.35804,624,,,,,,,,
BDX/MMSI,Medical Instruments & Supplies,0.8549,0.35805,624,,,,,,,,
FMNB/SHBI,Banks - Regional,0.8873,0.35805,624,,,,,,,,
RNP/TSI,Asset Management,0.9627,0.35808,624,,,,,,,,
JMM/MQT,Asset Management,0.9439,0.3581,624,,,,,,,,
FISI/SBCF,Banks - Regional,0.8935,0.3581,624,,,,,,,,
HIX/MHF,Asset Management,0.9099,0.3581,624,,,,,,,,
PLBC/RBCAA,Banks - Regional,0.9639,0.3581,624,,,,,,,,
EWBC/SMBK,Banks - Regional,0.9436,0.35811,624,,,,,,,,
FYX/INDY,Unknown,0.9505,0.35812,624,,,,,,,,
FMY/PIM,Asset Management,0.9005,0.35813,624,,,,,,,,
CVCO/NVR,Residential Construction,0.9643,0.35813,624,,,,,,,,
FRAF/SBSI,Banks - Regional,0.9271,0.35813,624,,,,,,,,
GJP/SCZ,Unknown,0.8868,0.35817,624,,,,,,,,
PPT/VTN,Asset Management,0.8175,0.35817,624,,,,,,,,
MYN/WEA,Asset Management,0.9185,0.35817,624,,,,,,,,
SBSI/WBS,Banks - Regional,0.9322,0.35819,624,,,,,,,,
NCA/NEA,Asset Management,0.9471,0.35819,624,,,,,,,,
ARCC/UTF,Asset Management,0.9507,0.3582,624,,,,,,,,
BYM/MAV,Asset Management,0.8211,0.3582,624,,,,,,,,
DTF/IIM,Asset Management,0.9431,0.3582,624,,,,,,,,
JQC/SAR,Asset Management,0.9237,0.35822,624,,,,,,,,
JRS/NXC,Asset Management,0.8881,0.35822,624,,,,,,,,
BGT/ETY,Asset Management,0.9687,0.35822,624,,,,,,,,
FISI/FNB,Banks - Regional,0.8142,0.35824,624,,,,,,,,
GLAD/PSEC,Asset Management,0.8243,0.35824,624,,,,,,,,
KAI/ROK,Specialty Industrial Machinery,0.9114,0.35825,624,,,,,,,,
BANFP/PTH,Unknown,0.912,0.35825,624,,,,,,,,
HPS/NUV,Asset Management,0.9284,0.35825,624,,,,,,,,
BKN/BNY,Asset Management,0.9399,0.35825,624,,,,,,,,
MHD/PNF,Asset Management,0.9493,0.35828,624,,,,,,,,
GBCI/NWFL,Banks - Regional,0.8723,0.35828,624,,,,,,,,
BPOPM/SOXX,Unknown,0.8677,0.35828,624,,,,,,,,
IEUS/IPB,Unknown,0.9438,0.35828,624,,,,,,,,
BRW/PNNT,Asset Management,0.8955,0.35828,624,,,,,,,,
GBCI/NRIM,Banks - Regional,0.8056,0.35831,624,,,,,,,,
PEBO/WSFS,Banks - Regional,0.9593,0.35831,624,,,,,,,,
SBFG/WAFD,Banks - Regional,0.9446,0.35832,624,,,,,,,,
NAD/NRK,Asset Management,0.9886,0.35832,624,,,,,,,,
EFR/MCN,Asset Management,0.9456,0.35834,624,,,,,,,,
ISBA/MOFG,Banks - Regional,0.903,0.35835,624,,,,,,,,
JMM/NXC,Asset Management,0.9506,0.35835,624,,,,,,,,
IBOC/WAL,Banks - Regional,0.8579,0.35835,624,,,,,,,,
PHO/SOXX,Unknown,0.9859,0.35838,624,,,,,,,,
CWBC/RF,Banks - Regional,0.8891,0.3584,624,,,,,,,,
GJP/VGSH,Unknown,0.935,0.3584,624,,,,,,,,
CNOB/SBSI,Banks - Regional,0.9408,0.35841,624,,,,,,,,
HWKN/SHW,Specialty Chemicals,0.8097,0.35846,624,,,,,,,,
CAG/MKC,Packaged Foods,0.8249,0.35846,624,,,,,,,,
ARCC/MCN,Asset Management,0.9698,0.35846,624,,,,,,,,
BXMX/PCM,Asset Management,0.9404,0.35847,624,,,,,,,,
DSM/MIN,Asset Management,0.8376,0.35847,624,,,,,,,,
CCBG/FMNB,Banks - Regional,0.8975,0.35847,624,,,,,,,,
FMBH/WASH,Banks - Regional,0.8828,0.35849,624,,,,,,,,
ALNT/LFUS,Electronic Components,0.9298,0.35849,624,,,,,,,,
FLC/MVF,Asset Management,0.9288,0.3585,624,,,,,,,,
NFBK/WASH,Banks - Regional,0.9285,0.35852,624,,,,,,,,
FXNC/PLBC,Banks - Regional,0.9074,0.35854,624,,,,,,,,
BSRR/HIFS,Banks - Regional,0.8734,0.35854,624,,,,,,,,
FCNCA/UNTY,Banks - Regional,0.8898,0.35855,624,,,,,,,,
CHMG/SFST,Banks - Regional,0.8636,0.35856,624,,,,,,,,
BRKL/HBAN,Banks - Regional,0.8603,0.35858,624,,,,,,,,
INDB/MBCN,Banks - Regional,0.8805,0.35858,624,,,,,,,,
PLBC/TCBK,Banks - Regional,0.9313,0.35859,624,,,,,,,,
GLAD/IIF,Asset Management,0.9373,0.3586,624,,,,,,,,
CZWI/OCFC,Banks - Regional,0.8912,0.3586,624,,,,,,,,
HBAN/HFBL,Banks - Regional,0.8689,0.3586,624,,,,,,,,
HBCP/IBOC,Banks - Regional,0.934,0.3586,624,,,,,,,,
CZWI/HWBK,Banks - Regional,0.9004,0.35861,624,,,,,,,,
MYN/NAZ,Asset Management,0.9582,0.35862,624,,,,,,,,
FTA/SMH,Unknown,0.921,0.35862,624,,,,,,,,
IBB/ONEQ,Unknown,0.8352,0.35864,624,,,,,,,,
EFSC/OCFC,Banks - Regional,0.8937,0.35865,624,,,,,,,,
GBCI/SBCF,Banks - Regional,0.9642,0.35866,624,,,,,,,,
NKSH/SBSI,Banks - Regional,0.8623,0.35867,624,,,,,,,,
BKT/PZC,Asset Management,0.9062,0.35868,624,,,,,,,,
PHD/WIW,Asset Management,0.8875,0.35869,624,,,,,,,,
PGC/SFBC,Banks - Regional,0.8782,0.35869,624,,,,,,,,
JMM/MHD,Asset Management,0.9083,0.35869,624,,,,,,,,
CFR/NRIM,Banks - Regional,0.8799,0.3587,624,,,,,,,,
GAM/IFN,Asset Management,0.9489,0.3587,624,,,,,,,,
CAC/NWBI,Banks - Regional,0.9421,0.3587,624,,,,,,,,
FSFG/PFBC,Banks - Regional,0.931,0.35873,624,,,,,,,,
AGD/CHW,Asset Management,0.9318,0.35873,624,,,,,,,,
BTO/SOR,Asset Management,0.9428,0.35874,624,,,,,,,,
ARCC/DSU,Asset Management,0.9795,0.35874,624,,,,,,,,
CSQ/TWN,Asset Management,0.9668,0.35874,624,,,,,,,,
EXG/GOF,Asset Management,0.981,0.35875,624,,,,,,,,
BGT/GDL,Asset Management,0.9445,0.35875,624,,,,,,,,
ANSS/PEGA,Software - Application,0.8537,0.35876,624,,,,,,,,
FEX/FTCS,Unknown,0.9948,0.35876,624,,,,,,,,
CBSH/FMNB,Banks - Regional,0.9628,0.35876,624,,,,,,,,
CIVB/PEBO,Banks - Regional,0.9404,0.35878,624,,,,,,,,
JHS/RNP,Asset Management,0.8931,0.3588,624,,,,,,,,
ESSA/HOMB,Banks - Regional,0.879,0.35881,624,,,,,,,,
JHS/NPV,Asset Management,0.911,0.35882,624,,,,,,,,
PNC/WSBF,Banks - Regional,0.9129,0.35883,624,,,,,,,,
FCF/HFWA,Banks - Regional,0.8862,0.35883,624,,,,,,,,
DHF/PAI,Asset Management,0.9035,0.35885,624,,,,,,,,
ABCB/BFIN,Banks - Regional,0.8308,0.35885,624,,,,,,,,
BKN/PCQ,Asset Management,0.8779,0.35885,624,,,,,,,,
HYT/PFO,Asset Management,0.906,0.35886,624,,,,,,,,
ESSA/STBA,Banks - Regional,0.8703,0.35887,624,,,,,,,,
JBK/PFI,Unknown,0.9472,0.35891,624,,,,,,,,
RF/UCB,Banks - Regional,0.93,0.35891,624,,,,,,,,
FMBH/MPB,Banks - Regional,0.9429,0.35892,624,,,,,,,,
DSM/GDO,Asset Management,0.9171,0.35892,624,,,,,,,,
BPOPM/QQXT,Unknown,0.9476,0.35892,624,,,,,,,,
BLW/IGI,Asset Management,0.8753,0.35892,624,,,,,,,,
FDBC/FRAF,Banks - Regional,0.9088,0.35893,624,,,,,,,,
PCN/PHD,Asset Management,0.9324,0.35895,624,,,,,,,,
BFK/PNF,Asset Management,0.9334,0.35895,624,,,,,,,,
ESS/UDR,REIT - Residential,0.9822,0.35896,624,,,,,,,,
FRME/UVSP,Banks - Regional,0.9557,0.35897,624,,,,,,,,
BOH/CARE,Banks - Regional,0.8469,0.35897,624,,,,,,,,
HWBK/WABC,Banks - Regional,0.864,0.35899,624,,,,,,,,
FRAF/TFC,Banks - Regional,0.8849,0.35902,624,,,,,,,,
CBFV/PWOD,Banks - Regional,0.8599,0.35902,624,,,,,,,,
PFIS/SSB,Banks - Regional,0.9166,0.35902,624,,,,,,,,
CHCO/RBCAA,Banks - Regional,0.9726,0.35903,624,,,,,,,,
HBNC/LKFN,Banks - Regional,0.8865,0.35903,624,,,,,,,,
EFX/VRSK,Consulting Services,0.9483,0.35903,624,,,,,,,,
BOKF/WNEB,Banks - Regional,0.8424,0.35905,624,,,,,,,,
FRAF/SSB,Banks - Regional,0.901,0.35905,624,,,,,,,,
NWE/WEC,Utilities - Regulated Electric,0.9162,0.35905,624,,,,,,,,
HPQ/NTAP,Computer Hardware,0.9119,0.35905,624,,,,,,,,
CVBF/WNEB,Banks - Regional,0.8121,0.35905,624,,,,,,,,
TFC/WBS,Banks - Regional,0.9249,0.35906,624,,,,,,,,
CIVB/UNB,Banks - Regional,0.8637,0.35907,624,,,,,,,,
A/DHR,Diagnostics & Research,0.9888,0.35907,624,,,,,,,,
MUC/PAI,Asset Management,0.9338,0.35907,624,,,,,,,,
USB/WBS,Banks - Regional,0.942,0.35908,624,,,,,,,,
EHI/FFC,Asset Management,0.9474,0.35908,624,,,,,,,,
FFC/MMT,Asset Management,0.9552,0.35909,624,,,,,,,,
BANR/TCBK,Banks - Regional,0.9613,0.35909,624,,,,,,,,
NWFL/OCFC,Banks - Regional,0.8378,0.3591,624,,,,,,,,
FULT/UBFO,Banks - Regional,0.9233,0.35912,624,,,,,,,,
JRS/MCI,Asset Management,0.841,0.35914,624,,,,,,,,
BANFP/PIO,Unknown,0.9419,0.35915,624,,,,,,,,
GAB/IFN,Asset Management,0.9193,0.35917,624,,,,,,,,
CXE/JHI,Asset Management,0.8431,0.35917,624,,,,,,,,
PFD/RNP,Asset Management,0.881,0.35917,624,,,,,,,,
AGD/FOF,Asset Management,0.966,0.35918,624,,,,,,,,
IBOC/UCB,Banks - Regional,0.8709,0.35918,624,,,,,,,,
MQT/PNF,Asset Management,0.8904,0.35919,624,,,,,,,,
AUB/TCBK,Banks - Regional,0.9602,0.35919,624,,,,,,,,
GJR/PEY,Unknown,0.9502,0.35923,624,,,,,,,,
CFFI/CZWI,Banks - Regional,0.8886,0.35924,624,,,,,,,,
OVBC/PKBK,Banks - Regional,0.833,0.35924,624,,,,,,,,
HPS/JHS,Asset Management,0.9171,0.35924,624,,,,,,,,
BLE/PFD,Asset Management,0.9468,0.35924,624,,,,,,,,
GLAD/SOR,Asset Management,0.9574,0.35925,624,,,,,,,,
BMRC/TFC,Banks - Regional,0.8432,0.35926,624,,,,,,,,
KEY/VLY,Banks - Regional,0.8927,0.35926,624,,,,,,,,
CWBC/MBCN,Banks - Regional,0.9199,0.35926,624,,,,,,,,
PFS/PPBI,Banks - Regional,0.9469,0.35927,624,,,,,,,,
NAN/WEA,Asset Management,0.9465,0.35928,624,,,,,,,,
EEA/JEQ,Asset Management,0.9317,0.35929,624,,,,,,,,
MSD/MYD,Asset Management,0.8628,0.35932,624,,,,,,,,
FCCO/PB,Banks - Regional,0.9359,0.35932,624,,,,,,,,
IBOC/KEY,Banks - Regional,0.8228,0.35932,624,,,,,,,,
ASRV/LARK,Banks - Regional,0.8071,0.35934,624,,,,,,,,
DHF/GDO,Asset Management,0.9374,0.35935,624,,,,,,,,
FCF/INDB,Banks - Regional,0.8941,0.3594,624,,,,,,,,
LCNB/SMBC,Banks - Regional,0.8714,0.3594,624,,,,,,,,
MAV/NMT,Asset Management,0.8067,0.3594,624,,,,,,,,
FTA/GJO,Unknown,0.9642,0.35941,624,,,,,,,,
BPOPM/PDP,Unknown,0.9452,0.35942,624,,,,,,,,
FCT/GAM,Asset Management,0.9668,0.35942,624,,,,,,,,
GABC/PKBK,Banks - Regional,0.9639,0.35943,624,,,,,,,,
TCBK/VABK,Banks - Regional,0.9338,0.35943,624,,,,,,,,
BFIN/FRST,Banks - Regional,0.8667,0.35944,624,,,,,,,,
GJT/PTF,Unknown,0.9219,0.35944,624,,,,,,,,
FNB/LKFN,Banks - Regional,0.8395,0.35945,624,,,,,,,,
COFS/IBCP,Banks - Regional,0.9154,0.35946,624,,,,,,,,
JSM/QTEC,Unknown,0.919,0.35947,624,,,,,,,,
CFFI/WNEB,Banks - Regional,0.8048,0.35948,624,,,,,,,,
NTRS/RNP,Asset Management,0.9148,0.35951,624,,,,,,,,
ISBA/RBCAA,Banks - Regional,0.8201,0.35951,624,,,,,,,,
EFR/HYT,Asset Management,0.9686,0.35952,624,,,,,,,,
CMU/MUJ,Asset Management,0.9434,0.35952,624,,,,,,,,
CMS/LNT,Utilities - Regulated Electric,0.9964,0.35954,624,,,,,,,,
RNST/WNEB,Banks - Regional,0.8432,0.35956,624,,,,,,,,
PCF/WIW,Asset Management,0.9184,0.35957,624,,,,,,,,
AFB/PMX,Asset Management,0.9435,0.35958,624,,,,,,,,
FCCO/PNC,Banks - Regional,0.9152,0.35958,624,,,,,,,,
OPOF/WSBC,Banks - Regional,0.8639,0.35958,624,,,,,,,,
BANF/VABK,Banks - Regional,0.8737,0.35959,624,,,,,,,,
AX/BOTJ,Banks - Regional,0.8721,0.3596,624,,,,,,,,
NUV/PZC,Asset Management,0.8943,0.35961,624,,,,,,,,
HCKT/LDOS,Information Technology Services,0.8996,0.35962,624,,,,,,,,
BNY/MGF,Asset Management,0.8968,0.35962,624,,,,,,,,
HIFS/SMBK,Banks - Regional,0.898,0.35963,624,,,,,,,,
MMT/NCA,Asset Management,0.8998,0.35966,624,,,,,,,,
CHW/LGI,Asset Management,0.9654,0.35966,624,,,,,,,,
FRAF/HDB,Banks - Regional,0.9261,0.35968,624,,,,,,,,
IJT/KTN,Unknown,0.96,0.35968,624,,,,,,,,
IGD/STEW,Asset Management,0.9759,0.35969,624,,,,,,,,
NICE/TYL,Software - Application,0.9036,0.3597,624,,,,,,,,
AWF/EFT,Asset Management,0.9738,0.3597,624,,,,,,,,
FCT/JMM,Asset Management,0.9209,0.35971,624,,,,,,,,
CVBF/TSBK,Banks - Regional,0.92,0.35971,624,,,,,,,,
CBAN/TFC,Banks - Regional,0.9486,0.35972,624,,,,,,,,
BYM/MMT,Asset Management,0.9231,0.35972,624,,,,,,,,
BFZ/EHI,Asset Management,0.8655,0.35972,624,,,,,,,,
FOF/NTRS,Asset Management,0.9062,0.35973,624,,,,,,,,
IUSG/RTH,Unknown,0.9949,0.35974,624,,,,,,,,
HYT/WIW,Asset Management,0.9301,0.35974,624,,,,,,,,
FRT/REG,REIT - Retail,0.8965,0.35975,624,,,,,,,,
CAG/CENTA,Packaged Foods,0.8475,0.35977,624,,,,,,,,
FBIZ/FFBC,Banks - Regional,0.8528,0.35981,624,,,,,,,,
CIF/PFL,Asset Management,0.9545,0.35981,624,,,,,,,,
AME/ITW,Specialty Industrial Machinery,0.9829,0.35982,624,,,,,,,,
PLBC/STBA,Banks - Regional,0.862,0.35986,624,,,,,,,,
FFIN/FSFG,Banks - Regional,0.9348,0.35986,624,,,,,,,,
MQT/PMF,Asset Management,0.9363,0.35987,624,,,,,,,,
JPC/NNY,Asset Management,0.9457,0.35987,624,,,,,,,,
LARK/USB,Banks - Regional,0.9086,0.35987,624,,,,,,,,
EMB/VGIT,Unknown,0.9419,0.35988,624,,,,,,,,
CTBI/FMNB,Banks - Regional,0.9294,0.35989,624,,,,,,,,
HWC/UBCP,Banks - Regional,0.8569,0.3599,624,,,,,,,,
FITB/RF,Banks - Regional,0.9817,0.3599,624,,,,,,,,
CARE/EBTC,Banks - Regional,0.8345,0.35991,624,,,,,,,,
KEY/SFNC,Banks - Regional,0.9188,0.35992,624,,,,,,,,
ONB/SBSI,Banks - Regional,0.9027,0.35993,624,,,,,,,,
OIA/PTY,Asset Management,0.9294,0.35994,624,,,,,,,,
BN/CSWC,Asset Management,0.9572,0.35994,624,,,,,,,,
UVSP/WBS,Banks - Regional,0.9521,0.35996,624,,,,,,,,
BLW/MSD,Asset Management,0.9282,0.35996,624,,,,,,,,
TSI/USA,Asset Management,0.9336,0.35996,624,,,,,,,,
EVN/VTN,Asset Management,0.9623,0.35996,624,,,,,,,,
CZFS/FCF,Banks - Regional,0.8848,0.35997,624,,,,,,,,
BKN/PMX,Asset Management,0.936,0.35998,624,,,,,,,,
CBU/LARK,Banks - Regional,0.8962,0.36003,624,,,,,,,,
COFS/FBIZ,Banks - Regional,0.8586,0.36003,624,,,,,,,,
NUV/PFD,Asset Management,0.9704,0.36005,624,,,,,,,,
EOD/GAM,Asset Management,0.9685,0.36005,624,,,,,,,,
CHRW/FDX,Integrated Freight & Logistics,0.8493,0.36006,624,,,,,,,,
ARCC/PTY,Asset Management,0.9298,0.36006,624,,,,,,,,
KFRC/KFY,Staffing & Employment Services,0.9204,0.36007,624,,,,,,,,
FCF/QCRH,Banks - Regional,0.9718,0.36008,624,,,,,,,,
MMU/NPV,Asset Management,0.83,0.36009,624,,,,,,,,
MCR/NNY,Asset Management,0.9363,0.36009,624,,,,,,,,
CXH/DSM,Asset Management,0.9747,0.36009,624,,,,,,,,
AGYS/MANH,Software - Application,0.9503,0.3601,624,,,,,,,,
HBCP/USB,Banks - Regional,0.9061,0.3601,624,,,,,,,,
ETW/RMT,Asset Management,0.97,0.36011,624,,,,,,,,
OPBK/PB,Banks - Regional,0.9472,0.36012,624,,,,,,,,
QQXT/QTEC,Unknown,0.9807,0.36016,624,,,,,,,,
BUSE/NBTB,Banks - Regional,0.9329,0.36016,624,,,,,,,,
CATY/NKSH,Banks - Regional,0.8624,0.36018,624,,,,,,,,
PBHC/WAL,Banks - Regional,0.8865,0.36019,624,,,,,,,,
CGO/KF,Asset Management,0.8604,0.3602,624,,,,,,,,
BANR/UVSP,Banks - Regional,0.9536,0.36021,624,,,,,,,,
IBOC/LCNB,Banks - Regional,0.809,0.36021,624,,,,,,,,
BANR/SBCF,Banks - Regional,0.918,0.36023,624,,,,,,,,
DIOD/MU,Semiconductors,0.8292,0.36023,624,,,,,,,,
PLBC/SSB,Banks - Regional,0.8638,0.36024,624,,,,,,,,
AUB/WAL,Banks - Regional,0.9131,0.36024,624,,,,,,,,
FITB/SFST,Banks - Regional,0.8327,0.36025,624,,,,,,,,
SMBK/TRMK,Banks - Regional,0.9333,0.36025,624,,,,,,,,
CSQ/PCM,Asset Management,0.9154,0.36025,624,,,,,,,,
CZFS/FCBC,Banks - Regional,0.8367,0.36026,624,,,,,,,,
BMRC/WSBF,Banks - Regional,0.8045,0.36026,624,,,,,,,,
MBCN/NBTB,Banks - Regional,0.9457,0.36026,624,,,,,,,,
SHBI/WTFC,Banks - Regional,0.8206,0.36028,624,,,,,,,,
PHD/RMT,Asset Management,0.9562,0.36029,624,,,,,,,,
MAV/MHN,Asset Management,0.8596,0.36031,624,,,,,,,,
CFFI/FUNC,Banks - Regional,0.9116,0.36031,624,,,,,,,,
ATS/FELE,Specialty Industrial Machinery,0.9286,0.36032,624,,,,,,,,
CATY/THFF,Banks - Regional,0.9598,0.36033,624,,,,,,,,
EOT/ETB,Asset Management,0.8591,0.36035,624,,,,,,,,
ETB/OIA,Asset Management,0.9288,0.36035,624,,,,,,,,
AROW/CBFV,Banks - Regional,0.8611,0.36035,624,,,,,,,,
PNF/VGM,Asset Management,0.8943,0.36035,624,,,,,,,,
GJO/PYT,Unknown,0.9605,0.36036,624,,,,,,,,
CTBI/THFF,Banks - Regional,0.9569,0.36037,624,,,,,,,,
SRCE/TCBK,Banks - Regional,0.9517,0.36037,624,,,,,,,,
FITB/IBCP,Banks - Regional,0.9318,0.36039,624,,,,,,,,
BOKF/UVSP,Banks - Regional,0.9442,0.3604,624,,,,,,,,
HPI/JMM,Asset Management,0.9738,0.3604,624,,,,,,,,
HTO/PCYO,Utilities - Regulated Water,0.8897,0.36042,624,,,,,,,,
NWFL/SMBC,Banks - Regional,0.8825,0.36044,624,,,,,,,,
DSU/WIA,Asset Management,0.8272,0.36044,624,,,,,,,,
CWBC/HIFS,Banks - Regional,0.9015,0.36048,624,,,,,,,,
FAD/PFI,Unknown,0.9881,0.36049,624,,,,,,,,
BLW/WIA,Asset Management,0.8957,0.36049,624,,,,,,,,
PYT/WOOD,Unknown,0.9373,0.36053,624,,,,,,,,
FBIZ/QCRH,Banks - Regional,0.9294,0.36054,624,,,,,,,,
TSCO/WINA,Specialty Retail,0.9355,0.36055,624,,,,,,,,
CADE/FULT,Banks - Regional,0.9595,0.36058,624,,,,,,,,
MGF/PFO,Asset Management,0.921,0.36058,624,,,,,,,,
BOKF/SNV,Banks - Regional,0.9544,0.36059,624,,,,,,,,
CHCO/CWBC,Banks - Regional,0.8554,0.3606,624,,,,,,,,
JMM/STK,Asset Management,0.8622,0.36061,624,,,,,,,,
BCBP/UCB,Banks - Regional,0.8805,0.36062,624,,,,,,,,
DSM/EVN,Asset Management,0.9627,0.36063,624,,,,,,,,
ABCB/EBMT,Banks - Regional,0.8498,0.36064,624,,,,,,,,
HPS/PMO,Asset Management,0.9416,0.36064,624,,,,,,,,
LKFN/PPBI,Banks - Regional,0.8599,0.36066,624,,,,,,,,
CBFV/CCBG,Banks - Regional,0.878,0.36066,624,,,,,,,,
IBB/VCSH,Unknown,0.9188,0.36067,624,,,,,,,,
MCR/MUE,Asset Management,0.9064,0.36067,624,,,,,,,,
CBSH/FUNC,Banks - Regional,0.883,0.36068,624,,,,,,,,
BDJ/MAIN,Asset Management,0.9597,0.36068,624,,,,,,,,
FRAF/SSBI,Banks - Regional,0.8277,0.36068,624,,,,,,,,
MBCN/WAFD,Banks - Regional,0.9344,0.3607,624,,,,,,,,
ABEO/VXRT,Biotechnology,0.9445,0.3607,624,,,,,,,,
ABR/BXMT,REIT - Mortgage,0.8218,0.3607,624,,,,,,,,
LPX/TT,Building Products & Equipment,0.9683,0.36071,624,,,,,,,,
UFCS/UVE,Insurance - Property & Casualty,0.841,0.36071,624,,,,,,,,
BMRC/BRKL,Banks - Regional,0.895,0.36071,624,,,,,,,,
EVT/PTY,Asset Management,0.9694,0.36072,624,,,,,,,,
BOE/ETO,Asset Management,0.9825,0.36073,624,,,,,,,,
AEE/EVRG,Utilities - Regulated Electric,0.9762,0.36074,624,,,,,,,,
MQY/NRK,Asset Management,0.9817,0.36074,624,,,,,,,,
BN/GOF,Asset Management,0.9649,0.36074,624,,,,,,,,
PPT/SPXX,Asset Management,0.9096,0.36075,624,,,,,,,,
BUSE/LARK,Banks - Regional,0.8885,0.36075,624,,,,,,,,
CVBF/WBS,Banks - Regional,0.9269,0.36077,624,,,,,,,,
GLAD/PFL,Asset Management,0.8988,0.36077,624,,,,,,,,
MAV/MUE,Asset Management,0.8453,0.36078,624,,,,,,,,
GGG/IEX,Specialty Industrial Machinery,0.9759,0.36078,624,,,,,,,,
COFS/CTBI,Banks - Regional,0.9043,0.36079,624,,,,,,,,
MFM/NKX,Asset Management,0.9738,0.36079,624,,,,,,,,
BFK/PML,Asset Management,0.9592,0.36081,624,,,,,,,,
ECL/LIN,Specialty Chemicals,0.8703,0.36083,624,,,,,,,,
BFZ/JHS,Asset Management,0.9197,0.36084,624,,,,,,,,
CMU/PDT,Asset Management,0.8992,0.36085,624,,,,,,,,
EVF/PCM,Asset Management,0.8818,0.36087,624,,,,,,,,
BOH/CBFV,Banks - Regional,0.856,0.36087,624,,,,,,,,
CWBC/HWC,Banks - Regional,0.8523,0.36089,624,,,,,,,,
IBOC/SNV,Banks - Regional,0.9048,0.3609,624,,,,,,,,
CASH/UCB,Banks - Regional,0.8765,0.36091,624,,,,,,,,
FMBH/TOWN,Banks - Regional,0.9532,0.36091,624,,,,,,,,
BRT/SUI,REIT - Residential,0.8997,0.36093,624,,,,,,,,
GDV/TY,Asset Management,0.9901,0.36095,624,,,,,,,,
GOF/PCN,Asset Management,0.9719,0.36101,624,,,,,,,,
ASB/BANR,Banks - Regional,0.9517,0.36101,624,,,,,,,,
FFBC/WAFD,Banks - Regional,0.9408,0.36102,624,,,,,,,,
AUB/UBCP,Banks - Regional,0.8991,0.36103,624,,,,,,,,
BME/HQL,Asset Management,0.9322,0.36106,624,,,,,,,,
SMBK/VLY,Banks - Regional,0.808,0.36106,624,,,,,,,,
BOKF/HBAN,Banks - Regional,0.9687,0.36106,624,,,,,,,,
CHMG/FMNB,Banks - Regional,0.9453,0.36107,624,,,,,,,,
CCNE/NWBI,Banks - Regional,0.9637,0.36109,624,,,,,,,,
AX/CADE,Banks - Regional,0.9283,0.36109,624,,,,,,,,
CVBF/SBCF,Banks - Regional,0.9433,0.3611,624,,,,,,,,
DSM/RFI,Asset Management,0.8142,0.3611,624,,,,,,,,
CFFI/HFWA,Banks - Regional,0.8078,0.3611,624,,,,,,,,
HPS/MUE,Asset Management,0.8932,0.36111,624,,,,,,,,
PCN/RCS,Asset Management,0.8843,0.36111,624,,,,,,,,
OIA/TSI,Asset Management,0.9476,0.36112,624,,,,,,,,
FFIC/SBSI,Banks - Regional,0.8067,0.36112,624,,,,,,,,
LNG/WMB,Oil & Gas Midstream,0.9082,0.36112,624,,,,,,,,
CHI/ETV,Asset Management,0.9592,0.36112,624,,,,,,,,
GIB/JKHY,Information Technology Services,0.9422,0.36113,624,,,,,,,,
SNV/SSB,Banks - Regional,0.9506,0.36113,624,,,,,,,,
BGT/GLAD,Asset Management,0.9649,0.36113,624,,,,,,,,
HQI/RHI,Staffing & Employment Services,0.8546,0.36114,624,,,,,,,,
CTBI/TFC,Banks - Regional,0.8677,0.36114,624,,,,,,,,
PCM/WIW,Asset Management,0.8948,0.36114,624,,,,,,,,
GPI/RUSHA,Auto & Truck Dealerships,0.967,0.36114,624,,,,,,,,
EHI/HYT,Asset Management,0.966,0.36114,624,,,,,,,,
MCN/STEW,Asset Management,0.9627,0.36116,624,,,,,,,,
HBCP/OPBK,Banks - Regional,0.9347,0.36119,624,,,,,,,,
GJT/SHV,Unknown,0.9227,0.36121,624,,,,,,,,
NOM/PML,Asset Management,0.8164,0.36121,624,,,,,,,,
THFF/UMBF,Banks - Regional,0.9136,0.36122,624,,,,,,,,
GJR/SHY,Unknown,0.8868,0.36122,624,,,,,,,,
BRKL/KEY,Banks - Regional,0.9226,0.36122,624,,,,,,,,
BNY/DSM,Asset Management,0.9678,0.36122,624,,,,,,,,
BN/SPXX,Asset Management,0.9684,0.36122,624,,,,,,,,
QQQX/TSI,Asset Management,0.9649,0.36124,624,,,,,,,,
FMY/VGM,Asset Management,0.8584,0.36126,624,,,,,,,,
JHS/VCV,Asset Management,0.9563,0.36126,624,,,,,,,,
SOR/SPXX,Asset Management,0.986,0.36127,624,,,,,,,,
BOE/EVG,Asset Management,0.9716,0.36128,624,,,,,,,,
BLE/NPV,Asset Management,0.8758,0.36128,624,,,,,,,,
CWBC/SSBI,Banks - Regional,0.8454,0.36129,624,,,,,,,,
BOH/SSB,Banks - Regional,0.9023,0.36129,624,,,,,,,,
DGII/EXTR,Communication Equipment,0.8525,0.36129,624,,,,,,,,
LSBK/WABC,Banks - Regional,0.8198,0.3613,624,,,,,,,,
FITB/PBHC,Banks - Regional,0.8832,0.3613,624,,,,,,,,
IAE/PPT,Asset Management,0.8072,0.36131,624,,,,,,,,
ETB/JMM,Asset Management,0.9459,0.36132,624,,,,,,,,
FBIZ/ISBA,Banks - Regional,0.8571,0.36132,624,,,,,,,,
MHN/MUA,Asset Management,0.9697,0.36136,624,,,,,,,,
IIM/PFD,Asset Management,0.9559,0.36136,624,,,,,,,,
SRCE/USB,Banks - Regional,0.8937,0.36137,624,,,,,,,,
BANC/FMNB,Banks - Regional,0.8221,0.36138,624,,,,,,,,
LCNB/RNST,Banks - Regional,0.9256,0.36138,624,,,,,,,,
NXJ/SBI,Asset Management,0.9464,0.3614,624,,,,,,,,
FUNC/WSFS,Banks - Regional,0.8756,0.3614,624,,,,,,,,
AUB/WSBC,Banks - Regional,0.9388,0.36143,624,,,,,,,,
EFSC/TSBK,Banks - Regional,0.9751,0.36144,624,,,,,,,,
PNF/VKQ,Asset Management,0.8871,0.36145,624,,,,,,,,
CATY/PB,Banks - Regional,0.9572,0.36146,624,,,,,,,,
FULT/HBAN,Banks - Regional,0.9691,0.36146,624,,,,,,,,
FMNB/FRAF,Banks - Regional,0.9543,0.36147,624,,,,,,,,
BANC/FRME,Banks - Regional,0.8602,0.36147,624,,,,,,,,
JMM/NUV,Asset Management,0.9582,0.36147,624,,,,,,,,
BVFL/FSFG,Banks - Regional,0.8261,0.36148,624,,,,,,,,
PB/SSB,Banks - Regional,0.9266,0.36148,624,,,,,,,,
BANFP/PYZ,Unknown,0.9352,0.36151,624,,,,,,,,
NMZ/VPV,Asset Management,0.9748,0.36152,624,,,,,,,,
CMU/DTF,Asset Management,0.9414,0.36153,624,,,,,,,,
CADE/ONB,Banks - Regional,0.9543,0.36154,624,,,,,,,,
QQQX/RJF,Asset Management,0.9332,0.36154,624,,,,,,,,
FISI/RNST,Banks - Regional,0.932,0.36155,624,,,,,,,,
HBAN/OPOF,Banks - Regional,0.8255,0.36155,624,,,,,,,,
BME/STK,Asset Management,0.9236,0.36156,624,,,,,,,,
CBSH/OPBK,Banks - Regional,0.9122,0.36157,624,,,,,,,,
CNOB/HBAN,Banks - Regional,0.9266,0.36157,624,,,,,,,,
FUND/PCF,Asset Management,0.9425,0.36157,624,,,,,,,,
NZF/PMX,Asset Management,0.9273,0.36157,624,,,,,,,,
LCNB/SYBT,Banks - Regional,0.8228,0.36159,624,,,,,,,,
PYN/VMO,Asset Management,0.869,0.36159,624,,,,,,,,
CCNE/UVSP,Banks - Regional,0.9368,0.3616,624,,,,,,,,
NNI/SLM,Credit Services,0.924,0.3616,624,,,,,,,,
CXE/SBI,Asset Management,0.9334,0.36162,624,,,,,,,,
JHS/MGF,Asset Management,0.9443,0.36162,624,,,,,,,,
ASB/ESSA,Banks - Regional,0.8844,0.36163,624,,,,,,,,
COLB/HFWA,Banks - Regional,0.9063,0.36164,624,,,,,,,,
NAC/NAZ,Asset Management,0.9671,0.36164,624,,,,,,,,
NWBI/VABK,Banks - Regional,0.9371,0.36164,624,,,,,,,,
HBCP/MNSB,Banks - Regional,0.8884,0.36165,624,,,,,,,,
BOE/EFR,Asset Management,0.9707,0.36165,624,,,,,,,,
MTB/OSBC,Banks - Regional,0.9388,0.36165,624,,,,,,,,
CIF/PFO,Asset Management,0.9588,0.36165,624,,,,,,,,
EBMT/NBTB,Banks - Regional,0.8372,0.36168,624,,,,,,,,
ETB/JRS,Asset Management,0.9522,0.36168,624,,,,,,,,
ASB/CMA,Banks - Regional,0.9149,0.36168,624,,,,,,,,
MPB/SFBC,Banks - Regional,0.9471,0.36169,624,,,,,,,,
IFN/STEW,Asset Management,0.9647,0.3617,624,,,,,,,,
GDL/HTGC,Asset Management,0.9132,0.3617,624,,,,,,,,
BLE/EMD,Asset Management,0.848,0.3617,624,,,,,,,,
LKFN/WAFD,Banks - Regional,0.9229,0.3617,624,,,,,,,,
CZNC/PFBC,Banks - Regional,0.8968,0.36171,624,,,,,,,,
CZNC/UCB,Banks - Regional,0.8816,0.36173,624,,,,,,,,
PEBK/SMBC,Banks - Regional,0.925,0.36173,624,,,,,,,,
MHF/RFI,Asset Management,0.936,0.36174,624,,,,,,,,
BME/PCF,Asset Management,0.9552,0.36174,624,,,,,,,,
NKSH/UVSP,Banks - Regional,0.8696,0.36174,624,,,,,,,,
ALRS/NEWT,Banks - Regional,0.9101,0.36174,624,,,,,,,,
BANF/SBFG,Banks - Regional,0.857,0.36175,624,,,,,,,,
RVSB/USB,Banks - Regional,0.88,0.36175,624,,,,,,,,
GJO/JBK,Unknown,0.9565,0.36175,624,,,,,,,,
SSB/WNEB,Banks - Regional,0.8237,0.36177,624,,,,,,,,
CXE/DTF,Asset Management,0.9451,0.36177,624,,,,,,,,
AFG/MKL,Insurance - Property & Casualty,0.9378,0.36182,624,,,,,,,,
PEY/SHY,Unknown,0.877,0.36183,624,,,,,,,,
ACNB/AROW,Banks - Regional,0.8605,0.36184,624,,,,,,,,
CYCC/SNGX,Biotechnology,0.8876,0.36186,624,,,,,,,,
CB/DGICA,Insurance - Property & Casualty,0.9161,0.36187,624,,,,,,,,
FCCO/NEWT,Banks - Regional,0.8048,0.36188,624,,,,,,,,
PFIS/SHBI,Banks - Regional,0.811,0.36189,624,,,,,,,,
LEN/TOL,Residential Construction,0.9524,0.36189,624,,,,,,,,
CHCO/MBWM,Banks - Regional,0.9639,0.3619,624,,,,,,,,
MGF/MYI,Asset Management,0.9174,0.36191,624,,,,,,,,
ASML/CAMT,Semiconductor Equipment & Materials,0.9072,0.36194,624,,,,,,,,
E/SHEL,Oil & Gas Integrated,0.8784,0.36194,624,,,,,,,,
BOH/SSBI,Banks - Regional,0.8034,0.36195,624,,,,,,,,
JHI/NIM,Asset Management,0.9146,0.36196,624,,,,,,,,
BBH/GJP,Unknown,0.8431,0.36196,624,,,,,,,,
WEA/WIW,Asset Management,0.9177,0.36198,624,,,,,,,,
BME/CNS,Asset Management,0.9256,0.36199,624,,,,,,,,
CVBF/FBIZ,Banks - Regional,0.8078,0.36204,624,,,,,,,,
HFBL/SBSI,Banks - Regional,0.9444,0.36204,624,,,,,,,,
BANF/HBAN,Banks - Regional,0.9027,0.36206,624,,,,,,,,
CBSH/UBFO,Banks - Regional,0.8916,0.36206,624,,,,,,,,
BFK/MAV,Asset Management,0.8646,0.36207,624,,,,,,,,
GJO/QQXT,Unknown,0.9697,0.36207,624,,,,,,,,
DTE/LNT,Utilities - Regulated Electric,0.9922,0.36209,624,,,,,,,,
PYZ/SOXX,Unknown,0.9099,0.36209,624,,,,,,,,
CCNE/OCFC,Banks - Regional,0.9282,0.36211,624,,,,,,,,
PHD/STK,Asset Management,0.949,0.36211,624,,,,,,,,
BAC/CM,Banks - Diversified,0.9448,0.36212,624,,,,,,,,
BYD/GDEN,Resorts & Casinos,0.9341,0.36212,624,,,,,,,,
BFZ/VMO,Asset Management,0.9519,0.36213,624,,,,,,,,
NXST/TGNA,Broadcasting,0.8556,0.36214,624,,,,,,,,
GDL/RJF,Asset Management,0.9165,0.36215,624,,,,,,,,
AROW/HWBK,Banks - Regional,0.8886,0.36215,624,,,,,,,,
AWP/IFN,Asset Management,0.8352,0.36217,624,,,,,,,,
DHF/TWN,Asset Management,0.8885,0.36217,624,,,,,,,,
HTBK/SHBI,Banks - Regional,0.8671,0.36217,624,,,,,,,,
CIVB/PNC,Banks - Regional,0.9087,0.36217,624,,,,,,,,
PNI/VKQ,Asset Management,0.8555,0.36219,624,,,,,,,,
KF/RMT,Asset Management,0.8181,0.3622,624,,,,,,,,
BTZ/NIM,Asset Management,0.9653,0.3622,624,,,,,,,,
ONB/UMBF,Banks - Regional,0.9433,0.36221,624,,,,,,,,
PCM/RQI,Asset Management,0.947,0.36221,624,,,,,,,,
NQP/PAI,Asset Management,0.9638,0.36225,624,,,,,,,,
HBCP/WSBC,Banks - Regional,0.9167,0.36225,624,,,,,,,,
GDO/NXP,Asset Management,0.9693,0.36226,624,,,,,,,,
AROW/PFIS,Banks - Regional,0.875,0.36227,624,,,,,,,,
CBU/SBFG,Banks - Regional,0.9494,0.36227,624,,,,,,,,
GABC/NWFL,Banks - Regional,0.9051,0.36228,624,,,,,,,,
EOI/SOR,Asset Management,0.9841,0.36228,624,,,,,,,,
AGCO/LNN,Farm & Heavy Construction Machinery,0.9333,0.36228,624,,,,,,,,
CZNC/PROV,Banks - Regional,0.8546,0.36229,624,,,,,,,,
FRST/KEY,Banks - Regional,0.8929,0.3623,624,,,,,,,,
CBU/UBCP,Banks - Regional,0.9162,0.36231,624,,,,,,,,
SSBI/TSBK,Banks - Regional,0.8591,0.36233,624,,,,,,,,
BKT/MPA,Asset Management,0.9412,0.36234,624,,,,,,,,
HPF/NMI,Asset Management,0.9132,0.36234,624,,,,,,,,
IQI/MUA,Asset Management,0.9823,0.36234,624,,,,,,,,
STBA/UBFO,Banks - Regional,0.9411,0.36235,624,,,,,,,,
NEA/PFD,Asset Management,0.9714,0.36236,624,,,,,,,,
FUNC/LKFN,Banks - Regional,0.872,0.36237,624,,,,,,,,
GCBC/HBCP,Banks - Regional,0.8645,0.36238,624,,,,,,,,
BRKL/OCFC,Banks - Regional,0.9377,0.36241,624,,,,,,,,
KEY/PEBK,Banks - Regional,0.9085,0.36242,624,,,,,,,,
BLW/PFL,Asset Management,0.9734,0.36243,624,,,,,,,,
FRAF/LKFN,Banks - Regional,0.904,0.36243,624,,,,,,,,
CZWI/MBCN,Banks - Regional,0.8947,0.36243,624,,,,,,,,
AUB/BUSE,Banks - Regional,0.9611,0.36245,624,,,,,,,,
FITB/NRIM,Banks - Regional,0.9067,0.36246,624,,,,,,,,
HTGC/SCD,Asset Management,0.9837,0.36246,624,,,,,,,,
CWBC/PNC,Banks - Regional,0.9062,0.36248,624,,,,,,,,
GLAD/PFN,Asset Management,0.8976,0.36248,624,,,,,,,,
PFIS/UCB,Banks - Regional,0.8812,0.36249,624,,,,,,,,
CZNC/TSBK,Banks - Regional,0.9348,0.36249,624,,,,,,,,
FISI/VLY,Banks - Regional,0.8302,0.36249,624,,,,,,,,
JHX/VMC,Building Materials,0.9265,0.36251,624,,,,,,,,
EFR/USA,Asset Management,0.9654,0.36251,624,,,,,,,,
BK/JPM,Banks - Diversified,0.9424,0.36252,624,,,,,,,,
ASB/CHCO,Banks - Regional,0.8666,0.36252,624,,,,,,,,
DSU/STEW,Asset Management,0.9819,0.36253,624,,,,,,,,
AB/EVT,Asset Management,0.9662,0.36253,624,,,,,,,,
BOE/RJF,Asset Management,0.9595,0.36256,624,,,,,,,,
HIO/NMZ,Asset Management,0.9106,0.36257,624,,,,,,,,
AROW/NWFL,Banks - Regional,0.8835,0.36257,624,,,,,,,,
CCBG/SRCE,Banks - Regional,0.9418,0.36259,624,,,,,,,,
OVLY/PB,Banks - Regional,0.8811,0.3626,624,,,,,,,,
CHMG/KEY,Banks - Regional,0.8935,0.3626,624,,,,,,,,
FLC/NMI,Asset Management,0.9428,0.36261,624,,,,,,,,
FRAF/NBTB,Banks - Regional,0.9487,0.36261,624,,,,,,,,
FXNC/NWFL,Banks - Regional,0.8826,0.36264,624,,,,,,,,
KEY/SNV,Banks - Regional,0.9433,0.36264,624,,,,,,,,
MAIN/STK,Asset Management,0.9539,0.36265,624,,,,,,,,
BHE/GLW,Electronic Components,0.8496,0.36267,624,,,,,,,,
CATY/HAFC,Banks - Regional,0.8143,0.36268,624,,,,,,,,
GJR/IGIB,Unknown,0.8292,0.36269,624,,,,,,,,
PNFP/WASH,Banks - Regional,0.8059,0.36269,624,,,,,,,,
ECL/KWR,Specialty Chemicals,0.8725,0.3627,624,,,,,,,,
AROW/SNV,Banks - Regional,0.893,0.36275,624,,,,,,,,
BHLB/DCOM,Banks - Regional,0.8478,0.36276,624,,,,,,,,
EHI/PCN,Asset Management,0.9705,0.36278,624,,,,,,,,
IGI/PTY,Asset Management,0.8976,0.36278,624,,,,,,,,
CIF/PFN,Asset Management,0.9528,0.3628,624,,,,,,,,
PFO/PMF,Asset Management,0.8919,0.3628,624,,,,,,,,
GABC/HOMB,Banks - Regional,0.9313,0.3628,624,,,,,,,,
MGEE/SO,Utilities - Regulated Electric,0.9382,0.36281,624,,,,,,,,
FMBH/FRST,Banks - Regional,0.8676,0.36284,624,,,,,,,,
CFFI/PFBC,Banks - Regional,0.9153,0.36285,624,,,,,,,,
BHK/PMM,Asset Management,0.9835,0.36285,624,,,,,,,,
HBAN/UBFO,Banks - Regional,0.931,0.36288,624,,,,,,,,
BANR/WTFC,Banks - Regional,0.9295,0.36288,624,,,,,,,,
AGD/DSU,Asset Management,0.9408,0.3629,624,,,,,,,,
BOKF/OBT,Banks - Regional,0.8785,0.3629,624,,,,,,,,
CCNE/WABC,Banks - Regional,0.9006,0.3629,624,,,,,,,,
CWBC/MOFG,Banks - Regional,0.885,0.36291,624,,,,,,,,
EOI/USA,Asset Management,0.9867,0.36291,624,,,,,,,,
GRID/SMH,Unknown,0.9773,0.36291,624,,,,,,,,
IAE/PIM,Asset Management,0.8154,0.36292,624,,,,,,,,
FUND/GOF,Asset Management,0.9574,0.36292,624,,,,,,,,
CFR/RF,Banks - Regional,0.9809,0.36293,624,,,,,,,,
RFI/VBF,Asset Management,0.9417,0.36293,624,,,,,,,,
BUSE/FUNC,Banks - Regional,0.8458,0.36293,624,,,,,,,,
LGI/VRTS,Asset Management,0.8541,0.36293,624,,,,,,,,
AVB/EQR,REIT - Residential,0.9875,0.36295,624,,,,,,,,
DTF/MYD,Asset Management,0.9635,0.36296,624,,,,,,,,
EBTC/NKSH,Banks - Regional,0.8814,0.36296,624,,,,,,,,
CASH/PNFP,Banks - Regional,0.9463,0.36296,624,,,,,,,,
FMBH/HBAN,Banks - Regional,0.942,0.36296,624,,,,,,,,
PZC/VTN,Asset Management,0.9101,0.36298,624,,,,,,,,
BRW/NTRS,Asset Management,0.8454,0.36299,624,,,,,,,,
FNX/PRFZ,Unknown,0.9965,0.36299,624,,,,,,,,
NMI/TSI,Asset Management,0.9011,0.36299,624,,,,,,,,
HBAN/PFIS,Banks - Regional,0.9313,0.36299,624,,,,,,,,
UDR/UMH,REIT - Residential,0.9457,0.363,624,,,,,,,,
FFBC/MTB,Banks - Regional,0.9489,0.363,624,,,,,,,,
OPOF/SSB,Banks - Regional,0.8348,0.36304,624,,,,,,,,
EVT/RQI,Asset Management,0.9864,0.36305,624,,,,,,,,
ETV/RFI,Asset Management,0.9742,0.36305,624,,,,,,,,
GDV/PFL,Asset Management,0.9705,0.36306,624,,,,,,,,
FRST/WTBA,Banks - Regional,0.8969,0.36308,624,,,,,,,,
PRGS/VRSN,Software - Infrastructure,0.8794,0.36309,624,,,,,,,,
NUE/TX,Steel,0.8911,0.36309,624,,,,,,,,
OCFC/SBSI,Banks - Regional,0.8606,0.36309,624,,,,,,,,
BANC/WBS,Banks - Regional,0.8625,0.36309,624,,,,,,,,
FEX/KTN,Unknown,0.939,0.36309,624,,,,,,,,
GAM/SCD,Asset Management,0.9915,0.3631,624,,,,,,,,
FLC/MUC,Asset Management,0.9412,0.36311,624,,,,,,,,
HTBK/UCB,Banks - Regional,0.868,0.36311,624,,,,,,,,
FCF/WTBA,Banks - Regional,0.9187,0.36312,624,,,,,,,,
PEZ/PTF,Unknown,0.9637,0.36312,624,,,,,,,,
FFC/FMN,Asset Management,0.9481,0.36313,624,,,,,,,,
GAB/RJF,Asset Management,0.942,0.36313,624,,,,,,,,
GJH/VMBS,Unknown,0.8503,0.36317,624,,,,,,,,
FISI/LARK,Banks - Regional,0.8996,0.36317,624,,,,,,,,
ETV/HTGC,Asset Management,0.9158,0.36317,624,,,,,,,,
MUJ/NXJ,Asset Management,0.9854,0.36318,624,,,,,,,,
BOE/CGO,Asset Management,0.9492,0.36318,624,,,,,,,,
INDB/UCB,Banks - Regional,0.9098,0.36319,624,,,,,,,,
SRCE/WAL,Banks - Regional,0.8845,0.36319,624,,,,,,,,
FUNC/PWOD,Banks - Regional,0.8341,0.3632,624,,,,,,,,
ASB/BCML,Banks - Regional,0.9179,0.36321,624,,,,,,,,
EMD/VPV,Asset Management,0.9058,0.36321,624,,,,,,,,
MFIC/NFJ,Asset Management,0.8534,0.36322,624,,,,,,,,
AKAM/MSFT,Software - Infrastructure,0.82,0.36322,624,,,,,,,,
BFIN/WSBC,Banks - Regional,0.8718,0.36322,624,,,,,,,,
CCBG/HBCP,Banks - Regional,0.9233,0.36323,624,,,,,,,,
BVFL/FRME,Banks - Regional,0.8004,0.36323,624,,,,,,,,
BGT/JQC,Asset Management,0.9671,0.36324,624,,,,,,,,
JBTM/MIDD,Specialty Industrial Machinery,0.8908,0.36326,624,,,,,,,,
ESS/SUI,REIT - Residential,0.9282,0.36326,624,,,,,,,,
FCT/SOR,Asset Management,0.9748,0.36327,624,,,,,,,,
KTN/PSL,Unknown,0.97,0.36329,624,,,,,,,,
HBCP/PFS,Banks - Regional,0.9065,0.36329,624,,,,,,,,
CNOB/SMBC,Banks - Regional,0.8932,0.36331,624,,,,,,,,
TFC/WSFS,Banks - Regional,0.9219,0.36331,624,,,,,,,,
SHEL/TTE,Oil & Gas Integrated,0.9281,0.36332,624,,,,,,,,
NAC/NPV,Asset Management,0.8882,0.36334,624,,,,,,,,
MSA/NSSC,Security & Protection Services,0.8969,0.36334,624,,,,,,,,
IAG/ODV,Gold,0.8362,0.36334,624,,,,,,,,
HBAN/KEY,Banks - Regional,0.9524,0.36334,624,,,,,,,,
CZFS/NKSH,Banks - Regional,0.8181,0.36335,624,,,,,,,,
AVK/NFJ,Asset Management,0.8361,0.36335,624,,,,,,,,
UNTY/WBS,Banks - Regional,0.8886,0.36335,624,,,,,,,,
DHF/NXN,Asset Management,0.8988,0.36336,624,,,,,,,,
ACNB/CARE,Banks - Regional,0.8041,0.36338,624,,,,,,,,
THFF/WAL,Banks - Regional,0.8928,0.36338,624,,,,,,,,
GSBC/HBNC,Banks - Regional,0.9284,0.36341,624,,,,,,,,
BLW/DHF,Asset Management,0.9737,0.36341,624,,,,,,,,
BUSE/WAFD,Banks - Regional,0.9565,0.36342,624,,,,,,,,
LCNB/WTBA,Banks - Regional,0.9141,0.36342,624,,,,,,,,
FNWD/MTB,Banks - Regional,0.8257,0.36343,624,,,,,,,,
MUJ/SBI,Asset Management,0.963,0.36343,624,,,,,,,,
FMNB/WNEB,Banks - Regional,0.8107,0.36343,624,,,,,,,,
JQC/PFN,Asset Management,0.9499,0.36344,624,,,,,,,,
OCFC/TRST,Banks - Regional,0.948,0.36345,624,,,,,,,,
JMM/NEA,Asset Management,0.9529,0.36346,624,,,,,,,,
GDL/STK,Asset Management,0.918,0.36346,624,,,,,,,,
FISI/PB,Banks - Regional,0.8766,0.36346,624,,,,,,,,
FT/VLT,Asset Management,0.9771,0.36348,624,,,,,,,,
MBCN/MNSB,Banks - Regional,0.9143,0.36348,624,,,,,,,,
DTF/NUV,Asset Management,0.9257,0.36352,624,,,,,,,,
EVN/PNI,Asset Management,0.8686,0.36353,624,,,,,,,,
EOD/ETO,Asset Management,0.9538,0.36353,624,,,,,,,,
FFA/TSI,Asset Management,0.9371,0.36354,624,,,,,,,,
FUNC/NWBI,Banks - Regional,0.8669,0.36355,624,,,,,,,,
BANF/NWFL,Banks - Regional,0.8387,0.36356,624,,,,,,,,
OPBK/WBS,Banks - Regional,0.9183,0.36356,624,,,,,,,,
HIX/NXC,Asset Management,0.889,0.36357,624,,,,,,,,
ESSA/FDBC,Banks - Regional,0.8269,0.36358,624,,,,,,,,
HWBK/PFIS,Banks - Regional,0.9162,0.36359,624,,,,,,,,
BRT/MAA,REIT - Residential,0.9504,0.36361,624,,,,,,,,
OVLY/WSFS,Banks - Regional,0.8708,0.36363,624,,,,,,,,
PPT/VPV,Asset Management,0.8818,0.36364,624,,,,,,,,
MUA/WEA,Asset Management,0.9271,0.36366,624,,,,,,,,
FRME/FRST,Banks - Regional,0.9165,0.36371,624,,,,,,,,
CBU/DCOM,Banks - Regional,0.8692,0.36371,624,,,,,,,,
CNA/HIG,Insurance - Property & Casualty,0.9527,0.36372,624,,,,,,,,
AME/ITT,Specialty Industrial Machinery,0.977,0.36374,624,,,,,,,,
CGO/GOF,Asset Management,0.9534,0.36374,624,,,,,,,,
FFBC/IBOC,Banks - Regional,0.9163,0.36375,624,,,,,,,,
FRAF/UCB,Banks - Regional,0.9112,0.36375,624,,,,,,,,
ASRV/CNOB,Banks - Regional,0.8569,0.36376,624,,,,,,,,
ETG/PIM,Asset Management,0.8992,0.36377,624,,,,,,,,
CBSH/THFF,Banks - Regional,0.9417,0.36377,624,,,,,,,,
FRA/IFN,Asset Management,0.9445,0.36378,624,,,,,,,,
SOR/STEW,Asset Management,0.9895,0.3638,624,,,,,,,,
PUI/VCIT,Unknown,0.9287,0.36381,624,,,,,,,,
EFR/SPE,Asset Management,0.9743,0.36381,624,,,,,,,,
JHS/MHD,Asset Management,0.9394,0.36382,624,,,,,,,,
TSM/TXN,Semiconductors,0.9272,0.36382,624,,,,,,,,
HBCP/RNST,Banks - Regional,0.8965,0.36383,624,,,,,,,,
CAC/ONB,Banks - Regional,0.9371,0.36383,624,,,,,,,,
EFSC/HBNC,Banks - Regional,0.9456,0.36386,624,,,,,,,,
CCNE/GSBC,Banks - Regional,0.934,0.36386,624,,,,,,,,
VGM/WEA,Asset Management,0.9339,0.36387,624,,,,,,,,
BCML/FRAF,Banks - Regional,0.9459,0.36387,624,,,,,,,,
BKT/NAC,Asset Management,0.9618,0.36388,624,,,,,,,,
EFT/TWN,Asset Management,0.9455,0.36389,624,,,,,,,,
AOD/SOR,Asset Management,0.9602,0.36389,624,,,,,,,,
AWK/YORW,Utilities - Regulated Water,0.9667,0.3639,624,,,,,,,,
HTBK/MNSB,Banks - Regional,0.8786,0.3639,624,,,,,,,,
GABC/SBCF,Banks - Regional,0.9582,0.36391,624,,,,,,,,
CMA/FCCO,Banks - Regional,0.8859,0.36391,624,,,,,,,,
GJP/IGF,Unknown,0.9334,0.36392,624,,,,,,,,
BGT/NTRS,Asset Management,0.8184,0.36392,624,,,,,,,,
NRIM/WSFS,Banks - Regional,0.8023,0.36393,624,,,,,,,,
AROW/PFBC,Banks - Regional,0.8812,0.36394,624,,,,,,,,
CII/IFN,Asset Management,0.9727,0.36394,624,,,,,,,,
GSBC/WNEB,Banks - Regional,0.8083,0.36396,624,,,,,,,,
FNWD/TCBK,Banks - Regional,0.8385,0.36397,624,,,,,,,,
FBIZ/SSB,Banks - Regional,0.9064,0.36398,624,,,,,,,,
MUA/SBI,Asset Management,0.9636,0.36399,624,,,,,,,,
CBAN/PFS,Banks - Regional,0.9118,0.36399,624,,,,,,,,
FXNC/TFC,Banks - Regional,0.8418,0.36399,624,,,,,,,,
ETO/SAR,Asset Management,0.9668,0.36399,624,,,,,,,,
BOTJ/SYBT,Banks - Regional,0.8491,0.36399,624,,,,,,,,
HPF/MPA,Asset Management,0.9371,0.364,624,,,,,,,,
CCBG/SBFG,Banks - Regional,0.9005,0.36402,624,,,,,,,,
NOVT/SOTK,Scientific & Technical Instruments,0.9149,0.36402,624,,,,,,,,
JSM/PRFZ,Unknown,0.9325,0.36403,624,,,,,,,,
HTH/IX,Financial Conglomerates,0.8969,0.36404,624,,,,,,,,
BPOPM/SHY,Unknown,0.9137,0.36404,624,,,,,,,,
FUNC/SBCF,Banks - Regional,0.8242,0.36405,624,,,,,,,,
GOF/JCE,Asset Management,0.976,0.36406,624,,,,,,,,
FE/OGE,Utilities - Regulated Electric,0.872,0.36408,624,,,,,,,,
HI/IEX,Specialty Industrial Machinery,0.8581,0.36409,624,,,,,,,,
CBU/FCCO,Banks - Regional,0.9183,0.3641,624,,,,,,,,
CBAN/FNLC,Banks - Regional,0.9288,0.3641,624,,,,,,,,
IUSG/KTH,Unknown,0.9373,0.3641,624,,,,,,,,
JRS/NMZ,Asset Management,0.9267,0.36411,624,,,,,,,,
DTF/MYI,Asset Management,0.943,0.36412,624,,,,,,,,
NRIM/PNFP,Banks - Regional,0.8879,0.36412,624,,,,,,,,
CHCO/SNV,Banks - Regional,0.8658,0.36412,624,,,,,,,,
GJH/ONEQ,Unknown,0.9554,0.36413,624,,,,,,,,
MHF/RNP,Asset Management,0.9416,0.36413,624,,,,,,,,
SBCF/WSBF,Banks - Regional,0.9518,0.36414,624,,,,,,,,
ETW/USA,Asset Management,0.9561,0.36414,624,,,,,,,,
BOH/QCRH,Banks - Regional,0.8569,0.36414,624,,,,,,,,
BME/NTRS,Asset Management,0.914,0.36415,624,,,,,,,,
SMBC/UBCP,Banks - Regional,0.9483,0.36415,624,,,,,,,,
COFS/TOWN,Banks - Regional,0.863,0.36417,624,,,,,,,,
KRNY/WASH,Banks - Regional,0.8868,0.36417,624,,,,,,,,
CNS/FOF,Asset Management,0.9639,0.36418,624,,,,,,,,
DHF/ETJ,Asset Management,0.9288,0.36418,624,,,,,,,,
PFIS/QCRH,Banks - Regional,0.9073,0.36418,624,,,,,,,,
BVFL/HIFS,Banks - Regional,0.8853,0.36419,624,,,,,,,,
CTBI/FHN,Banks - Regional,0.8591,0.36419,624,,,,,,,,
BOKF/RNST,Banks - Regional,0.8641,0.3642,624,,,,,,,,
INDB/WSBC,Banks - Regional,0.9054,0.3642,624,,,,,,,,
VBF/VTN,Asset Management,0.9092,0.36422,624,,,,,,,,
CIVB/TRMK,Banks - Regional,0.9329,0.36424,624,,,,,,,,
GSBC/OVBC,Banks - Regional,0.8141,0.36424,624,,,,,,,,
RMD/WST,Medical Instruments & Supplies,0.9454,0.36425,624,,,,,,,,
ASB/INDB,Banks - Regional,0.8647,0.36425,624,,,,,,,,
FISI/MOFG,Banks - Regional,0.9464,0.36425,624,,,,,,,,
FFA/PCM,Asset Management,0.9185,0.36426,624,,,,,,,,
NEWT/TFC,Banks - Regional,0.9045,0.36427,624,,,,,,,,
EFT/HTGC,Asset Management,0.9672,0.36429,624,,,,,,,,
PCM/RMT,Asset Management,0.9381,0.36429,624,,,,,,,,
MMT/MYN,Asset Management,0.8967,0.36429,624,,,,,,,,
ETO/TSI,Asset Management,0.953,0.3643,624,,,,,,,,
ETR/LNT,Utilities - Regulated Electric,0.9229,0.36432,624,,,,,,,,
EXP/VMC,Building Materials,0.9445,0.36432,624,,,,,,,,
GATX/MGRC,Rental & Leasing Services,0.9723,0.36432,624,,,,,,,,
CIF/MVT,Asset Management,0.8579,0.36432,624,,,,,,,,
MHI/OIA,Asset Management,0.8181,0.36433,624,,,,,,,,
CZWI/UNTY,Banks - Regional,0.8879,0.36434,624,,,,,,,,
ETN/PH,Specialty Industrial Machinery,0.9902,0.36435,624,,,,,,,,
CSQ/ETV,Asset Management,0.9712,0.36438,624,,,,,,,,
VMO/VPV,Asset Management,0.9736,0.36439,624,,,,,,,,
MUC/NXP,Asset Management,0.8893,0.36439,624,,,,,,,,
CXE/EVN,Asset Management,0.9507,0.36439,624,,,,,,,,
EHI/NNY,Asset Management,0.9149,0.36439,624,,,,,,,,
BGT/PNNT,Asset Management,0.9443,0.3644,624,,,,,,,,
ETG/GDL,Asset Management,0.9617,0.36441,624,,,,,,,,
DGX/QGEN,Diagnostics & Research,0.9136,0.36443,624,,,,,,,,
EFR/NTRS,Asset Management,0.8543,0.36445,624,,,,,,,,
AROW/FCF,Banks - Regional,0.9039,0.36445,624,,,,,,,,
LARK/TFC,Banks - Regional,0.8849,0.36445,624,,,,,,,,
CTO/WPC,REIT - Diversified,0.8656,0.36445,624,,,,,,,,
PH/SXI,Specialty Industrial Machinery,0.9254,0.36446,624,,,,,,,,
MOFG/UMBF,Banks - Regional,0.8311,0.36447,624,,,,,,,,
HBAN/TFC,Banks - Regional,0.9341,0.36447,624,,,,,,,,
CMS/DTE,Utilities - Regulated Electric,0.9905,0.3645,624,,,,,,,,
NKSH/UBFO,Banks - Regional,0.8483,0.36451,624,,,,,,,,
CHMG/DCOM,Banks - Regional,0.8251,0.36451,624,,,,,,,,
CSQ/PIM,Asset Management,0.8913,0.36452,624,,,,,,,,
CATY/FULT,Banks - Regional,0.9729,0.36453,624,,,,,,,,
CFFI/WBS,Banks - Regional,0.8851,0.36453,624,,,,,,,,
EVG/PFN,Asset Management,0.9567,0.36453,624,,,,,,,,
DVY/GJS,Unknown,0.9699,0.36454,624,,,,,,,,
SPNS/TYL,Software - Application,0.962,0.36454,624,,,,,,,,
MVF/NMZ,Asset Management,0.9554,0.36455,624,,,,,,,,
UBSI/WBS,Banks - Regional,0.9241,0.36455,624,,,,,,,,
SRCE/UVSP,Banks - Regional,0.9404,0.36456,624,,,,,,,,
BNY/NUV,Asset Management,0.9259,0.36456,624,,,,,,,,
CFR/HWBK,Banks - Regional,0.929,0.36457,624,,,,,,,,
BRKL/HWBK,Banks - Regional,0.8073,0.36457,624,,,,,,,,
NEWT/SSBI,Banks - Regional,0.889,0.3646,624,,,,,,,,
FGB/OXSQ,Asset Management,0.8473,0.3646,624,,,,,,,,
ETV/FFA,Asset Management,0.9758,0.36461,624,,,,,,,,
ITT/TNC,Specialty Industrial Machinery,0.8818,0.36462,624,,,,,,,,
FRA/GOF,Asset Management,0.9428,0.36462,624,,,,,,,,
AGD/JHI,Asset Management,0.9073,0.36464,624,,,,,,,,
HYT/STK,Asset Management,0.9644,0.36464,624,,,,,,,,
PFS/USB,Banks - Regional,0.9411,0.36465,624,,,,,,,,
PKBK/ZION,Banks - Regional,0.9443,0.36465,624,,,,,,,,
FHN/PEBK,Banks - Regional,0.8494,0.36466,624,,,,,,,,
KF/WIW,Asset Management,0.8507,0.3647,624,,,,,,,,
HPS/NXJ,Asset Management,0.9654,0.3647,624,,,,,,,,
DWSN/GEOS,Oil & Gas Equipment & Services,0.9193,0.36471,624,,,,,,,,
BN/PCF,Asset Management,0.9589,0.36471,624,,,,,,,,
RF/UBCP,Banks - Regional,0.9497,0.36471,624,,,,,,,,
FCBC/ORRF,Banks - Regional,0.8181,0.36471,624,,,,,,,,
AMP/TWN,Asset Management,0.9671,0.36472,624,,,,,,,,
HFWA/PFS,Banks - Regional,0.9324,0.36473,624,,,,,,,,
HYT/PHD,Asset Management,0.9753,0.36473,624,,,,,,,,
NFJ/PHD,Asset Management,0.9635,0.36474,624,,,,,,,,
PEY/SHV,Unknown,0.8477,0.36474,624,,,,,,,,
IGR/UTF,Asset Management,0.9336,0.36476,624,,,,,,,,
BOE/PCF,Asset Management,0.9684,0.36476,624,,,,,,,,
FRAF/PNFP,Banks - Regional,0.9019,0.36477,624,,,,,,,,
NTRS/STEW,Asset Management,0.8877,0.36477,624,,,,,,,,
UBSI/USB,Banks - Regional,0.9024,0.36478,624,,,,,,,,
PIM/TROW,Asset Management,0.8651,0.36478,624,,,,,,,,
FTC/IUSG,Unknown,0.9967,0.36479,624,,,,,,,,
BLK/GCV,Asset Management,0.8994,0.36479,624,,,,,,,,
RVSB/SFBC,Banks - Regional,0.8264,0.36479,624,,,,,,,,
LUMN/TV,Telecom Services,0.8847,0.36481,624,,,,,,,,
FRME/PGC,Banks - Regional,0.9534,0.36481,624,,,,,,,,
EWBC/FSFG,Banks - Regional,0.9175,0.36482,624,,,,,,,,
GBCI/WAL,Banks - Regional,0.9528,0.36485,624,,,,,,,,
CAF/JMM,Asset Management,0.8006,0.36485,624,,,,,,,,
IGI/PNI,Asset Management,0.8359,0.36486,624,,,,,,,,
EHI/NXP,Asset Management,0.959,0.36487,624,,,,,,,,
NMI/PYN,Asset Management,0.8336,0.36487,624,,,,,,,,
PIO/SOXX,Unknown,0.9647,0.36488,624,,,,,,,,
CADE/ESSA,Banks - Regional,0.8827,0.36491,624,,,,,,,,
CATY/FNB,Banks - Regional,0.9328,0.36491,624,,,,,,,,
OCFC/UBFO,Banks - Regional,0.8493,0.36491,624,,,,,,,,
CFR/UNTY,Banks - Regional,0.9416,0.36492,624,,,,,,,,
JMM/VMO,Asset Management,0.9299,0.36492,624,,,,,,,,
CBFV/EBMT,Banks - Regional,0.8044,0.36492,624,,,,,,,,
FUNC/IBOC,Banks - Regional,0.9568,0.36493,624,,,,,,,,
SBSI/WAFD,Banks - Regional,0.9566,0.36494,624,,,,,,,,
CZWI/WSBF,Banks - Regional,0.8977,0.36495,624,,,,,,,,
ETW/LGI,Asset Management,0.961,0.36495,624,,,,,,,,
BNY/MFM,Asset Management,0.945,0.36496,624,,,,,,,,
FHI/NIE,Asset Management,0.9174,0.36496,624,,,,,,,,
FFC/MUC,Asset Management,0.9473,0.36498,624,,,,,,,,
PFIS/TSBK,Banks - Regional,0.9088,0.36499,624,,,,,,,,
ETG/STK,Asset Management,0.977,0.36501,624,,,,,,,,
CADE/MTB,Banks - Regional,0.9534,0.36504,624,,,,,,,,
FCT/MMT,Asset Management,0.9411,0.36504,624,,,,,,,,
NEWT/PBHC,Banks - Regional,0.8422,0.36505,624,,,,,,,,
BANC/BUSE,Banks - Regional,0.8746,0.36506,624,,,,,,,,
GGG/WTS,Specialty Industrial Machinery,0.9681,0.36507,624,,,,,,,,
LCNB/SHBI,Banks - Regional,0.8034,0.36507,624,,,,,,,,
MPB/SFST,Banks - Regional,0.9292,0.36508,624,,,,,,,,
CBFV/FDBC,Banks - Regional,0.8355,0.36511,624,,,,,,,,
CADE/INBK,Banks - Regional,0.8389,0.36511,624,,,,,,,,
AROW/EFSC,Banks - Regional,0.9364,0.36512,624,,,,,,,,
JHI/MUA,Asset Management,0.8679,0.36514,624,,,,,,,,
FISI/PFIS,Banks - Regional,0.8468,0.36515,624,,,,,,,,
MIY/NAC,Asset Management,0.9702,0.36516,624,,,,,,,,
AGD/JMM,Asset Management,0.8646,0.36517,624,,,,,,,,
FFBC/WAL,Banks - Regional,0.8682,0.36517,624,,,,,,,,
FMNB/TSBK,Banks - Regional,0.9637,0.36517,624,,,,,,,,
DGX/RVTY,Diagnostics & Research,0.9012,0.36517,624,,,,,,,,
HYT/PCM,Asset Management,0.9399,0.36518,624,,,,,,,,
FUND/SAR,Asset Management,0.9696,0.36518,624,,,,,,,,
MTB/UCB,Banks - Regional,0.9055,0.36518,624,,,,,,,,
CBFV/SYBT,Banks - Regional,0.8419,0.36519,624,,,,,,,,
GBCI/IBCP,Banks - Regional,0.8945,0.36519,624,,,,,,,,
FULT/UBCP,Banks - Regional,0.8855,0.3652,624,,,,,,,,
KEY/WAL,Banks - Regional,0.9559,0.3652,624,,,,,,,,
CFFI/CHCO,Banks - Regional,0.9113,0.3652,624,,,,,,,,
PNC/SBSI,Banks - Regional,0.9355,0.36521,624,,,,,,,,
OZK/SMBC,Banks - Regional,0.8594,0.36523,624,,,,,,,,
BMI/NOVT,Scientific & Technical Instruments,0.8902,0.36523,624,,,,,,,,
FNB/PNC,Banks - Regional,0.8577,0.36523,624,,,,,,,,
NBTB/NKSH,Banks - Regional,0.8302,0.36524,624,,,,,,,,
DIOD/POWI,Semiconductors,0.9744,0.36525,624,,,,,,,,
AUB/ZION,Banks - Regional,0.9327,0.3653,624,,,,,,,,
BOKF/OCFC,Banks - Regional,0.8181,0.3653,624,,,,,,,,
CBAN/NWFL,Banks - Regional,0.8865,0.36531,624,,,,,,,,
MIY/MMU,Asset Management,0.9429,0.36533,624,,,,,,,,
DSM/NAC,Asset Management,0.9788,0.36534,624,,,,,,,,
ILMN/NEOG,Diagnostics & Research,0.9341,0.36534,624,,,,,,,,
CRK/NOG,Oil & Gas E&P,0.8654,0.36535,624,,,,,,,,
FYX/GJS,Unknown,0.9475,0.36536,624,,,,,,,,
IAE/MCR,Asset Management,0.8214,0.3654,624,,,,,,,,
COLB/WSBF,Banks - Regional,0.8757,0.3654,624,,,,,,,,
CLMB/NSIT,Electronics & Computer Distribution,0.8439,0.3654,624,,,,,,,,
HBNC/WTFC,Banks - Regional,0.868,0.36542,624,,,,,,,,
MPA/NUV,Asset Management,0.9713,0.36543,624,,,,,,,,
DSU/ETO,Asset Management,0.9651,0.36543,624,,,,,,,,
MCR/NAN,Asset Management,0.9371,0.36544,624,,,,,,,,
BANF/SMBC,Banks - Regional,0.9501,0.36544,624,,,,,,,,
AUB/BCBP,Banks - Regional,0.8688,0.36544,624,,,,,,,,
CAG/CENT,Packaged Foods,0.8277,0.36545,624,,,,,,,,
CNA/GBLI,Insurance - Property & Casualty,0.8105,0.36547,624,,,,,,,,
ASRV/PPBI,Banks - Regional,0.8903,0.36547,624,,,,,,,,
NTRS/WIW,Asset Management,0.8482,0.36548,624,,,,,,,,
STK/TWN,Asset Management,0.977,0.36548,624,,,,,,,,
PFI/SOXX,Unknown,0.9348,0.36549,624,,,,,,,,
JMM/MQY,Asset Management,0.9431,0.36549,624,,,,,,,,
CMU/MSD,Asset Management,0.88,0.3655,624,,,,,,,,
FULT/WSBF,Banks - Regional,0.8709,0.36552,624,,,,,,,,
MUJ/PMO,Asset Management,0.9831,0.36553,624,,,,,,,,
UBSI/WSBC,Banks - Regional,0.9111,0.36553,624,,,,,,,,
BXMX/PCN,Asset Management,0.9567,0.36554,624,,,,,,,,
EFR/RJF,Asset Management,0.9597,0.36554,624,,,,,,,,
BN/ETW,Asset Management,0.9486,0.36555,624,,,,,,,,
FMNB/ZION,Banks - Regional,0.9377,0.36556,624,,,,,,,,
CZNC/HFWA,Banks - Regional,0.9154,0.36556,624,,,,,,,,
AOD/ETG,Asset Management,0.976,0.36556,624,,,,,,,,
FMY/NMT,Asset Management,0.8217,0.36557,624,,,,,,,,
GJO/QQEW,Unknown,0.9713,0.36557,624,,,,,,,,
SFBC/SFNC,Banks - Regional,0.8244,0.36559,624,,,,,,,,
CZWI/PEBO,Banks - Regional,0.94,0.3656,624,,,,,,,,
FFC/JPC,Asset Management,0.971,0.3656,624,,,,,,,,
JMM/WIA,Asset Management,0.8888,0.36561,624,,,,,,,,
DHF/EMD,Asset Management,0.9329,0.36564,624,,,,,,,,
PFIS/SBFG,Banks - Regional,0.9028,0.36565,624,,,,,,,,
FNX/GJO,Unknown,0.9627,0.36565,624,,,,,,,,
FHI/IGD,Asset Management,0.9385,0.36565,624,,,,,,,,
NBTB/UCB,Banks - Regional,0.9199,0.36567,624,,,,,,,,
GCBC/MBWM,Banks - Regional,0.8968,0.36567,624,,,,,,,,
FUNC/SNV,Banks - Regional,0.8969,0.36569,624,,,,,,,,
IGA/SPXX,Asset Management,0.9849,0.3657,624,,,,,,,,
PDEX/RMD,Medical Instruments & Supplies,0.8674,0.3657,624,,,,,,,,
FFC/MHN,Asset Management,0.9457,0.36571,624,,,,,,,,
PFL/USA,Asset Management,0.9576,0.36572,624,,,,,,,,
AROW/MNSB,Banks - Regional,0.9041,0.36575,624,,,,,,,,
MHN/WEA,Asset Management,0.9014,0.36576,624,,,,,,,,
HIX/PMO,Asset Management,0.9332,0.36577,624,,,,,,,,
AB/BME,Asset Management,0.9313,0.36578,624,,,,,,,,
CMU/NKX,Asset Management,0.9555,0.3658,624,,,,,,,,
FOF/JMM,Asset Management,0.9372,0.36581,624,,,,,,,,
CBU/FFIN,Banks - Regional,0.9615,0.36581,624,,,,,,,,
IUSV/KTN,Unknown,0.9256,0.36582,624,,,,,,,,
PCN/RNP,Asset Management,0.9682,0.36582,624,,,,,,,,
AMSF/RDN,Insurance - Specialty,0.8659,0.36582,624,,,,,,,,
INFY/WNS,Information Technology Services,0.8415,0.36584,624,,,,,,,,
FMY/IIM,Asset Management,0.8573,0.36584,624,,,,,,,,
NVR/PHM,Residential Construction,0.9652,0.36584,624,,,,,,,,
BNY/MIN,Asset Management,0.817,0.36586,624,,,,,,,,
HBNC/WNEB,Banks - Regional,0.8675,0.36587,624,,,,,,,,
PHD/SOR,Asset Management,0.9692,0.36587,624,,,,,,,,
BLE/SBI,Asset Management,0.9554,0.36587,624,,,,,,,,
CXH/NXJ,Asset Management,0.9691,0.36588,624,,,,,,,,
EWBC/UMBF,Banks - Regional,0.9765,0.36588,624,,,,,,,,
PCM/TWN,Asset Management,0.8091,0.36588,624,,,,,,,,
GJT/QTEC,Unknown,0.9448,0.36588,624,,,,,,,,
CHMG/TOWN,Banks - Regional,0.9433,0.36589,624,,,,,,,,
FCT/MAIN,Asset Management,0.9646,0.36589,624,,,,,,,,
HPI/NCA,Asset Management,0.9244,0.36589,624,,,,,,,,
HIO/VCV,Asset Management,0.8788,0.36589,624,,,,,,,,
BME/CSQ,Asset Management,0.9463,0.36591,624,,,,,,,,
CZNC/FBNC,Banks - Regional,0.9359,0.36591,624,,,,,,,,
CCBG/ORRF,Banks - Regional,0.8132,0.36591,624,,,,,,,,
GSBC/NEWT,Banks - Regional,0.8646,0.36592,624,,,,,,,,
CVBF/FUNC,Banks - Regional,0.8197,0.36593,624,,,,,,,,
AGD/RJF,Asset Management,0.9435,0.36594,624,,,,,,,,
FDBC/GSBC,Banks - Regional,0.8975,0.36595,624,,,,,,,,
CFR/CIVB,Banks - Regional,0.8961,0.36595,624,,,,,,,,
MCN/PSEC,Asset Management,0.9215,0.36595,624,,,,,,,,
ASB/NWFL,Banks - Regional,0.8536,0.36595,624,,,,,,,,
CQP/OKE,Oil & Gas Midstream,0.93,0.36596,624,,,,,,,,
SMBK/TSBK,Banks - Regional,0.9475,0.36597,624,,,,,,,,
BFK/JHI,Asset Management,0.8323,0.36598,624,,,,,,,,
CHW/PCM,Asset Management,0.9482,0.36601,624,,,,,,,,
CWBC/FMAO,Banks - Regional,0.8795,0.36602,624,,,,,,,,
BYM/PNF,Asset Management,0.885,0.36605,624,,,,,,,,
EFSC/SBCF,Banks - Regional,0.948,0.36608,624,,,,,,,,
MMT/NAN,Asset Management,0.93,0.36608,624,,,,,,,,
HDB/ZIONP,Banks - Regional,0.8795,0.3661,624,,,,,,,,
CHMG/RBCAA,Banks - Regional,0.9338,0.36611,624,,,,,,,,
EMD/FMN,Asset Management,0.8701,0.36611,624,,,,,,,,
FDBC/OVLY,Banks - Regional,0.8724,0.36611,624,,,,,,,,
IIF/STK,Asset Management,0.9216,0.36611,624,,,,,,,,
BOKF/GABC,Banks - Regional,0.9396,0.36611,624,,,,,,,,
ELV/MOH,Healthcare Plans,0.9774,0.36612,624,,,,,,,,
HBNC/PEBO,Banks - Regional,0.9381,0.36612,624,,,,,,,,
DSWL/GLW,Electronic Components,0.8314,0.36612,624,,,,,,,,
BCML/NRIM,Banks - Regional,0.8292,0.36613,624,,,,,,,,
FCF/ONB,Banks - Regional,0.9662,0.36614,624,,,,,,,,
AER/R,Rental & Leasing Services,0.8966,0.36615,624,,,,,,,,
MPV/RQI,Asset Management,0.9061,0.36615,624,,,,,,,,
BRC/MSA,Security & Protection Services,0.9397,0.36615,624,,,,,,,,
BRKL/TSBK,Banks - Regional,0.8634,0.36616,624,,,,,,,,
KEY/WSBF,Banks - Regional,0.9282,0.36618,624,,,,,,,,
NAC/VPV,Asset Management,0.965,0.3662,624,,,,,,,,
ETN/NDSN,Specialty Industrial Machinery,0.8478,0.3662,624,,,,,,,,
TFC/UNTY,Banks - Regional,0.8108,0.36621,624,,,,,,,,
TRMK/UBSI,Banks - Regional,0.9058,0.36622,624,,,,,,,,
AOD/IIF,Asset Management,0.9225,0.36622,624,,,,,,,,
CCNE/EFSC,Banks - Regional,0.9496,0.36623,624,,,,,,,,
FFC/MFM,Asset Management,0.958,0.36624,624,,,,,,,,
PBHC/SFBC,Banks - Regional,0.933,0.36625,624,,,,,,,,
FSFG/VLY,Banks - Regional,0.8522,0.36625,624,,,,,,,,
EFT/IFN,Asset Management,0.9428,0.36625,624,,,,,,,,
EFSC/GCBC,Banks - Regional,0.8467,0.36626,624,,,,,,,,
EVN/JHI,Asset Management,0.8763,0.36626,624,,,,,,,,
GDL/GOF,Asset Management,0.9613,0.36626,624,,,,,,,,
HWC/UBFO,Banks - Regional,0.8521,0.36626,624,,,,,,,,
FBNC/NEWT,Banks - Regional,0.8845,0.36627,624,,,,,,,,
LCNB/OVLY,Banks - Regional,0.8073,0.36627,624,,,,,,,,
FCNCA/OVLY,Banks - Regional,0.8662,0.36628,624,,,,,,,,
OCFC/WSBF,Banks - Regional,0.8531,0.3663,624,,,,,,,,
GRX/USA,Asset Management,0.9424,0.36631,624,,,,,,,,
LXP/PLD,REIT - Industrial,0.9247,0.36632,624,,,,,,,,
ATO/RGCO,Utilities - Regulated Gas,0.8598,0.36632,624,,,,,,,,
BSRR/EWBC,Banks - Regional,0.9082,0.36634,624,,,,,,,,
GAB/GDV,Asset Management,0.9781,0.36634,624,,,,,,,,
IPG/OMC,Advertising Agencies,0.9129,0.36635,624,,,,,,,,
CFR/PGC,Banks - Regional,0.8979,0.36635,624,,,,,,,,
CHMG/FRST,Banks - Regional,0.8016,0.36636,624,,,,,,,,
PSEC/UTF,Asset Management,0.8867,0.36639,624,,,,,,,,
FSFG/PBHC,Banks - Regional,0.925,0.36639,624,,,,,,,,
BUSE/CCNE,Banks - Regional,0.9515,0.36641,624,,,,,,,,
CXH/EVN,Asset Management,0.9818,0.36641,624,,,,,,,,
MGYR/OZK,Banks - Regional,0.9139,0.36644,624,,,,,,,,
CBFV/GBCI,Banks - Regional,0.8357,0.36645,624,,,,,,,,
CBSH/FMBH,Banks - Regional,0.9407,0.36645,624,,,,,,,,
CNS/PFO,Asset Management,0.8551,0.36645,624,,,,,,,,
BFZ/MUC,Asset Management,0.9695,0.36646,624,,,,,,,,
IPB/MBB,Unknown,0.8925,0.36647,624,,,,,,,,
NKSH/SBCF,Banks - Regional,0.8747,0.36648,624,,,,,,,,
EXG/GDL,Asset Management,0.9606,0.36648,624,,,,,,,,
FCF/UBCP,Banks - Regional,0.9203,0.36648,624,,,,,,,,
CHCO/FRME,Banks - Regional,0.8641,0.36648,624,,,,,,,,
NOVT/TDY,Scientific & Technical Instruments,0.9738,0.3665,624,,,,,,,,
CVBF/FMBH,Banks - Regional,0.9038,0.36654,624,,,,,,,,
EMD/FMY,Asset Management,0.9006,0.36655,624,,,,,,,,
EFR/ETW,Asset Management,0.9351,0.36657,624,,,,,,,,
NWFL/WABC,Banks - Regional,0.8769,0.36658,624,,,,,,,,
JQC/SPE,Asset Management,0.9633,0.36658,624,,,,,,,,
OSBC/SRCE,Banks - Regional,0.9612,0.36658,624,,,,,,,,
ASG/GF,Asset Management,0.897,0.36661,624,,,,,,,,
GRX/WIW,Asset Management,0.8953,0.36661,624,,,,,,,,
OVLY/UVSP,Banks - Regional,0.8293,0.36662,624,,,,,,,,
DHF/PSEC,Asset Management,0.8227,0.36663,624,,,,,,,,
FBIZ/UCB,Banks - Regional,0.8147,0.36663,624,,,,,,,,
AWF/MSD,Asset Management,0.9398,0.36663,624,,,,,,,,
CAF/PIM,Asset Management,0.8025,0.36665,624,,,,,,,,
AGD/UTF,Asset Management,0.9459,0.36666,624,,,,,,,,
CHMG/HFWA,Banks - Regional,0.8874,0.36667,624,,,,,,,,
BME/CII,Asset Management,0.9542,0.36667,624,,,,,,,,
FNLC/NWBI,Banks - Regional,0.9311,0.36668,624,,,,,,,,
RJF/TSI,Asset Management,0.8695,0.36672,624,,,,,,,,
EMB/MBB,Unknown,0.9565,0.36672,624,,,,,,,,
OIA/VGM,Asset Management,0.9587,0.36674,624,,,,,,,,
PPT/RNP,Asset Management,0.9182,0.36675,624,,,,,,,,
TXNM/WEC,Utilities - Regulated Electric,0.9721,0.36677,624,,,,,,,,
JSM/PIE,Unknown,0.8549,0.36677,624,,,,,,,,
FUND/PCM,Asset Management,0.9111,0.36677,624,,,,,,,,
CBU/EBTC,Banks - Regional,0.9202,0.36678,624,,,,,,,,
AROW/KEY,Banks - Regional,0.9429,0.36679,624,,,,,,,,
LCNB/OSBC,Banks - Regional,0.8863,0.3668,624,,,,,,,,
ASML/NVMI,Semiconductor Equipment & Materials,0.9422,0.3668,624,,,,,,,,
PFIS/ZION,Banks - Regional,0.877,0.36681,624,,,,,,,,
ACWI/SHV,Unknown,0.9206,0.36681,624,,,,,,,,
DHF/ETB,Asset Management,0.9295,0.36682,624,,,,,,,,
BBH/QQQ,Unknown,0.8398,0.36683,624,,,,,,,,
GUT/WEA,Asset Management,0.8227,0.36683,624,,,,,,,,
HIX/WIA,Asset Management,0.9474,0.36683,624,,,,,,,,
NWFL/RVSB,Banks - Regional,0.876,0.36683,624,,,,,,,,
PB/USB,Banks - Regional,0.9289,0.36683,624,,,,,,,,
GBCI/HIFS,Banks - Regional,0.9551,0.36684,624,,,,,,,,
PPT/VBF,Asset Management,0.9314,0.36685,624,,,,,,,,
KF/LGI,Asset Management,0.8071,0.36685,624,,,,,,,,
HOMB/TCBK,Banks - Regional,0.9181,0.36685,624,,,,,,,,
FLC/FMN,Asset Management,0.9432,0.36685,624,,,,,,,,
MYN/VTN,Asset Management,0.9734,0.36685,624,,,,,,,,
FHN/HTBK,Banks - Regional,0.8377,0.36686,624,,,,,,,,
ETW/STT,Asset Management,0.9167,0.36686,624,,,,,,,,
ACN/FI,Information Technology Services,0.9268,0.36686,624,,,,,,,,
CVBF/MTB,Banks - Regional,0.9257,0.36686,624,,,,,,,,
CMA/RVSB,Banks - Regional,0.9119,0.36687,624,,,,,,,,
NHI/WELL,REIT - Healthcare Facilities,0.8789,0.36687,624,,,,,,,,
HWBK/STBA,Banks - Regional,0.8919,0.36687,624,,,,,,,,
PFN/PIM,Asset Management,0.9673,0.36688,624,,,,,,,,
SBCF/TSBK,Banks - Regional,0.94,0.36688,624,,,,,,,,
FNB/PWOD,Banks - Regional,0.8465,0.36689,624,,,,,,,,
MFM/MMT,Asset Management,0.9063,0.36691,624,,,,,,,,
LAZ/SF,Capital Markets,0.8258,0.36691,624,,,,,,,,
OCFC/OSBC,Banks - Regional,0.8479,0.36691,624,,,,,,,,
FTCS/IUSG,Unknown,0.9857,0.36693,624,,,,,,,,
IIM/PMX,Asset Management,0.9225,0.36694,624,,,,,,,,
IBCP/OPBK,Banks - Regional,0.9462,0.36694,624,,,,,,,,
EWBC/WTBA,Banks - Regional,0.8953,0.36695,624,,,,,,,,
CASH/SFBC,Banks - Regional,0.9415,0.36696,624,,,,,,,,
BANF/MGYR,Banks - Regional,0.893,0.36696,624,,,,,,,,
BOH/NWFL,Banks - Regional,0.8464,0.36698,624,,,,,,,,
CFFI/CVBF,Banks - Regional,0.8381,0.36699,624,,,,,,,,
MUA/VMO,Asset Management,0.9724,0.36699,624,,,,,,,,
FNB/SBSI,Banks - Regional,0.8276,0.367,624,,,,,,,,
FNWD/PBHC,Banks - Regional,0.8554,0.36701,624,,,,,,,,
BRKL/FRAF,Banks - Regional,0.876,0.36701,624,,,,,,,,
CARE/OPOF,Banks - Regional,0.8338,0.36702,624,,,,,,,,
BSRR/CVBF,Banks - Regional,0.9025,0.36702,624,,,,,,,,
EOD/JPC,Asset Management,0.8567,0.36702,624,,,,,,,,
GBCI/KEY,Banks - Regional,0.9487,0.36704,624,,,,,,,,
CBSH/LARK,Banks - Regional,0.8982,0.36705,624,,,,,,,,
ESSA/OFG,Banks - Regional,0.8484,0.3671,624,,,,,,,,
EVF/TWN,Asset Management,0.9534,0.3671,624,,,,,,,,
CHMG/FMBH,Banks - Regional,0.935,0.3671,624,,,,,,,,
PEBK/PEBO,Banks - Regional,0.9631,0.36711,624,,,,,,,,
BDJ/PFL,Asset Management,0.959,0.36711,624,,,,,,,,
GBCI/TFC,Banks - Regional,0.9536,0.36711,624,,,,,,,,
GDO/WIA,Asset Management,0.9215,0.36712,624,,,,,,,,
BFZ/NNY,Asset Management,0.9441,0.36712,624,,,,,,,,
KMPR/THG,Insurance - Property & Casualty,0.8412,0.36714,624,,,,,,,,
GBCI/LARK,Banks - Regional,0.8843,0.36714,624,,,,,,,,
BANR/FUNC,Banks - Regional,0.9005,0.36714,624,,,,,,,,
JSM/PDP,Unknown,0.9395,0.36715,624,,,,,,,,
FUNC/PNC,Banks - Regional,0.9235,0.36715,624,,,,,,,,
BFZ/NAN,Asset Management,0.9609,0.36719,624,,,,,,,,
CTBI/NBN,Banks - Regional,0.833,0.3672,624,,,,,,,,
MPB/PB,Banks - Regional,0.9416,0.3672,624,,,,,,,,
UBFO/UNB,Banks - Regional,0.8575,0.36721,624,,,,,,,,
RF/SRCE,Banks - Regional,0.9445,0.36722,624,,,,,,,,
CADE/OSBC,Banks - Regional,0.9403,0.36722,624,,,,,,,,
DDT/KTH,Unknown,0.9533,0.36723,624,,,,,,,,
BKD/CYH,Medical Care Facilities,0.9302,0.36723,624,,,,,,,,
PFS/UCB,Banks - Regional,0.8825,0.36724,624,,,,,,,,
LPX/MAS,Building Products & Equipment,0.9223,0.36724,624,,,,,,,,
DSU/PSEC,Asset Management,0.8315,0.36725,624,,,,,,,,
ATRC/STAA,Medical Instruments & Supplies,0.9215,0.36726,624,,,,,,,,
BME/RJF,Asset Management,0.8873,0.36727,624,,,,,,,,
DTF/PMM,Asset Management,0.9113,0.36727,624,,,,,,,,
GDL/USA,Asset Management,0.939,0.36727,624,,,,,,,,
MSD/NUW,Asset Management,0.8621,0.36729,624,,,,,,,,
ALRS/WSBF,Banks - Regional,0.9482,0.3673,624,,,,,,,,
HQH/OIA,Asset Management,0.8877,0.3673,624,,,,,,,,
BUSE/CATY,Banks - Regional,0.9456,0.36731,624,,,,,,,,
AROW/CARE,Banks - Regional,0.8104,0.36731,624,,,,,,,,
GDL/GDV,Asset Management,0.9782,0.36731,624,,,,,,,,
FDBC/FUNC,Banks - Regional,0.8224,0.36732,624,,,,,,,,
MBCN/TOWN,Banks - Regional,0.9269,0.36733,624,,,,,,,,
CODI/OTTR,Conglomerates,0.8951,0.36733,624,,,,,,,,
CNS/RNP,Asset Management,0.968,0.36734,624,,,,,,,,
FUNC/TOWN,Banks - Regional,0.9165,0.36734,624,,,,,,,,
JHS/NMZ,Asset Management,0.9739,0.36735,624,,,,,,,,
CCK/PKG,Packaging & Containers,0.858,0.36735,624,,,,,,,,
SHBI/TCBK,Banks - Regional,0.9021,0.36735,624,,,,,,,,
BME/HTGC,Asset Management,0.8721,0.36741,624,,,,,,,,
BZH/HOV,Residential Construction,0.8144,0.36741,624,,,,,,,,
CNS/RFI,Asset Management,0.9618,0.36742,624,,,,,,,,
BUSE/EBMT,Banks - Regional,0.8718,0.36742,624,,,,,,,,
FCCO/FXNC,Banks - Regional,0.8839,0.36742,624,,,,,,,,
RVSB/STBA,Banks - Regional,0.8599,0.36742,624,,,,,,,,
NTRS/SEIC,Asset Management,0.9281,0.36743,624,,,,,,,,
GDV/PIM,Asset Management,0.9104,0.36743,624,,,,,,,,
AGD/TY,Asset Management,0.9443,0.36743,624,,,,,,,,
BCPC/IOSP,Specialty Chemicals,0.9573,0.36744,624,,,,,,,,
BDJ/NIE,Asset Management,0.9747,0.36744,624,,,,,,,,
EXG/PCM,Asset Management,0.9347,0.36744,624,,,,,,,,
MGYR/TFC,Banks - Regional,0.8668,0.36745,624,,,,,,,,
BOH/LARK,Banks - Regional,0.9096,0.36745,624,,,,,,,,
ASRT/TEVA,Drug Manufacturers - Specialty & Generic,0.8069,0.3675,624,,,,,,,,
BLK/TWN,Asset Management,0.9548,0.36751,624,,,,,,,,
CBSH/FISI,Banks - Regional,0.8648,0.36751,624,,,,,,,,
HPF/NUV,Asset Management,0.9312,0.36752,624,,,,,,,,
BPOP/QCRH,Banks - Regional,0.9214,0.36752,624,,,,,,,,
ETG/EVF,Asset Management,0.967,0.36754,624,,,,,,,,
EMB/GJH,Unknown,0.8982,0.36755,624,,,,,,,,
IBOC/QCRH,Banks - Regional,0.966,0.36757,624,,,,,,,,
OPOF/OVBC,Banks - Regional,0.864,0.36757,624,,,,,,,,
AGD/WEA,Asset Management,0.8691,0.36758,624,,,,,,,,
DCO/ESLT,Aerospace & Defense,0.8494,0.36758,624,,,,,,,,
BCAL/UBFO,Banks - Regional,0.9023,0.36759,624,,,,,,,,
LCNB/SFNC,Banks - Regional,0.8571,0.3676,624,,,,,,,,
MPV/RFI,Asset Management,0.8912,0.3676,624,,,,,,,,
BMRC/CFFN,Banks - Regional,0.9073,0.36761,624,,,,,,,,
MCR/VKQ,Asset Management,0.9344,0.36761,624,,,,,,,,
COLB/CVBF,Banks - Regional,0.8778,0.36762,624,,,,,,,,
HBCP/LARK,Banks - Regional,0.8965,0.36762,624,,,,,,,,
CVLT/MSTR,Software - Application,0.8593,0.36764,624,,,,,,,,
LARK/SSB,Banks - Regional,0.9057,0.36764,624,,,,,,,,
BKN/PML,Asset Management,0.933,0.36764,624,,,,,,,,
BOKF/PKBK,Banks - Regional,0.9305,0.36766,624,,,,,,,,
FMNB/SBCF,Banks - Regional,0.9689,0.36766,624,,,,,,,,
CFR/PEBO,Banks - Regional,0.9285,0.36766,624,,,,,,,,
IDA/LNT,Utilities - Regulated Electric,0.9843,0.36767,624,,,,,,,,
CRL/WAT,Diagnostics & Research,0.8931,0.36768,624,,,,,,,,
CTBI/FBIZ,Banks - Regional,0.9329,0.36768,624,,,,,,,,
BRKL/VLY,Banks - Regional,0.884,0.36769,624,,,,,,,,
CHY/PCF,Asset Management,0.9688,0.36772,624,,,,,,,,
ASRV/RNST,Banks - Regional,0.8626,0.36773,624,,,,,,,,
SBSI/TSBK,Banks - Regional,0.9286,0.36773,624,,,,,,,,
HQH/SBI,Asset Management,0.8899,0.36775,624,,,,,,,,
CVBF/VABK,Banks - Regional,0.8973,0.36776,624,,,,,,,,
FRAF/FRME,Banks - Regional,0.9517,0.36776,624,,,,,,,,
CHCO/CHMG,Banks - Regional,0.93,0.36776,624,,,,,,,,
ENTG/FORM,Semiconductor Equipment & Materials,0.96,0.36776,624,,,,,,,,
MIN/NMT,Asset Management,0.8977,0.36776,624,,,,,,,,
DTF/MFM,Asset Management,0.9443,0.36776,624,,,,,,,,
CSQ/FFA,Asset Management,0.9972,0.36777,624,,,,,,,,
BTZ/PCN,Asset Management,0.974,0.36778,624,,,,,,,,
AROW/COFS,Banks - Regional,0.8655,0.36778,624,,,,,,,,
PGC/UNB,Banks - Regional,0.8404,0.36778,624,,,,,,,,
JSM/VGSH,Unknown,0.898,0.36778,624,,,,,,,,
NWFL/PNFP,Banks - Regional,0.8089,0.36779,624,,,,,,,,
MHD/WEA,Asset Management,0.8847,0.3678,624,,,,,,,,
GSBC/TRMK,Banks - Regional,0.9332,0.3678,624,,,,,,,,
PFD/WIA,Asset Management,0.9,0.36781,624,,,,,,,,
MHD/NAZ,Asset Management,0.9399,0.36784,624,,,,,,,,
SFST/SMBC,Banks - Regional,0.8617,0.36784,624,,,,,,,,
FOF/PPT,Asset Management,0.9221,0.36785,624,,,,,,,,
ARTNA/HTO,Utilities - Regulated Water,0.9527,0.36786,624,,,,,,,,
AROW/UNTY,Banks - Regional,0.825,0.36787,624,,,,,,,,
BRKL/PB,Banks - Regional,0.8455,0.36788,624,,,,,,,,
HQH/MUE,Asset Management,0.8633,0.36789,624,,,,,,,,
MNSB/PKBK,Banks - Regional,0.9524,0.36789,624,,,,,,,,
GDL/PTY,Asset Management,0.9476,0.36789,624,,,,,,,,
NKSH/USB,Banks - Regional,0.8832,0.3679,624,,,,,,,,
HBAN/PPBI,Banks - Regional,0.8859,0.36792,624,,,,,,,,
HOMB/PLBC,Banks - Regional,0.881,0.36793,624,,,,,,,,
TWN/WIW,Asset Management,0.8641,0.36793,624,,,,,,,,
FITB/PGC,Banks - Regional,0.845,0.36793,624,,,,,,,,
SBSI/THFF,Banks - Regional,0.9276,0.36794,624,,,,,,,,
TFC/TSBK,Banks - Regional,0.8793,0.36794,624,,,,,,,,
SBCF/VABK,Banks - Regional,0.9195,0.36794,624,,,,,,,,
PGC/UMBF,Banks - Regional,0.8566,0.36795,624,,,,,,,,
MMT/PFN,Asset Management,0.9803,0.36795,624,,,,,,,,
BMRC/WTBA,Banks - Regional,0.8014,0.36796,624,,,,,,,,
NBTB/SNV,Banks - Regional,0.9268,0.36797,624,,,,,,,,
GJR/PHO,Unknown,0.9601,0.36797,624,,,,,,,,
FBNC/TFC,Banks - Regional,0.9358,0.36798,624,,,,,,,,
CBAN/PBHC,Banks - Regional,0.8999,0.36798,624,,,,,,,,
GSBC/HFWA,Banks - Regional,0.8993,0.36798,624,,,,,,,,
BLE/PYN,Asset Management,0.9173,0.36799,624,,,,,,,,
GAB/JCE,Asset Management,0.9659,0.36799,624,,,,,,,,
JSM/VGIT,Unknown,0.8731,0.36801,624,,,,,,,,
EXG/RMT,Asset Management,0.9885,0.36801,624,,,,,,,,
NWFL/SMBK,Banks - Regional,0.8841,0.36802,624,,,,,,,,
HPS/NUW,Asset Management,0.9161,0.36803,624,,,,,,,,
NPV/VBF,Asset Management,0.9111,0.36803,624,,,,,,,,
MIY/PMX,Asset Management,0.919,0.36805,624,,,,,,,,
NWFL/PGC,Banks - Regional,0.8667,0.36805,624,,,,,,,,
ABCB/CAC,Banks - Regional,0.9405,0.36806,624,,,,,,,,
MHI/PAI,Asset Management,0.837,0.36806,624,,,,,,,,
GBCI/HFWA,Banks - Regional,0.8954,0.36808,624,,,,,,,,
NOM/PCQ,Asset Management,0.8266,0.36809,624,,,,,,,,
GLAD/IGA,Asset Management,0.9649,0.36809,624,,,,,,,,
EFR/NFJ,Asset Management,0.9609,0.3681,624,,,,,,,,
NFJ/USA,Asset Management,0.9779,0.3681,624,,,,,,,,
CNOB/VLY,Banks - Regional,0.8682,0.36812,624,,,,,,,,
CZNC/WTBA,Banks - Regional,0.9549,0.36813,624,,,,,,,,
PPBI/SNV,Banks - Regional,0.897,0.36813,624,,,,,,,,
PNC/SMBK,Banks - Regional,0.9375,0.36813,624,,,,,,,,
DHF/WIA,Asset Management,0.9077,0.36814,624,,,,,,,,
CBU/WASH,Banks - Regional,0.9109,0.36814,624,,,,,,,,
PMM/WEA,Asset Management,0.9625,0.36815,624,,,,,,,,
GDL/QQQX,Asset Management,0.9567,0.36817,624,,,,,,,,
BANF/BFC,Banks - Regional,0.9582,0.36818,624,,,,,,,,
MHI/VPV,Asset Management,0.9081,0.36819,624,,,,,,,,
FNB/MTB,Banks - Regional,0.9008,0.3682,624,,,,,,,,
NEWT/USB,Banks - Regional,0.8602,0.36821,624,,,,,,,,
HOPE/HTBK,Banks - Regional,0.8735,0.36821,624,,,,,,,,
CTBI/ISBA,Banks - Regional,0.8933,0.36821,624,,,,,,,,
HWBK/TFC,Banks - Regional,0.8751,0.36823,624,,,,,,,,
GJR/VCIT,Unknown,0.8184,0.36823,624,,,,,,,,
FUNC/WTBA,Banks - Regional,0.8167,0.36824,624,,,,,,,,
RF/SSB,Banks - Regional,0.8882,0.36824,624,,,,,,,,
WAFD/WSFS,Banks - Regional,0.96,0.36825,624,,,,,,,,
BTO/CSWC,Asset Management,0.8921,0.36826,624,,,,,,,,
FFBC/RF,Banks - Regional,0.9127,0.36826,624,,,,,,,,
UHAL/URI,Rental & Leasing Services,0.8635,0.36827,624,,,,,,,,
TRMK/WSFS,Banks - Regional,0.9443,0.36829,624,,,,,,,,
CBU/SHBI,Banks - Regional,0.8776,0.36829,624,,,,,,,,
GABC/MBWM,Banks - Regional,0.9466,0.3683,624,,,,,,,,
AGCO/CAT,Farm & Heavy Construction Machinery,0.858,0.3683,624,,,,,,,,
DHF/VRTS,Asset Management,0.8283,0.36831,624,,,,,,,,
BANFP/PID,Unknown,0.8895,0.36831,624,,,,,,,,
BRW/RFI,Asset Management,0.893,0.36833,624,,,,,,,,
CMA/FNWD,Banks - Regional,0.8874,0.36834,624,,,,,,,,
NXP/PMX,Asset Management,0.8282,0.36834,624,,,,,,,,
PFBC/PNC,Banks - Regional,0.9673,0.36835,624,,,,,,,,
FFBC/PNFP,Banks - Regional,0.9181,0.36835,624,,,,,,,,
FNB/WTFC,Banks - Regional,0.9272,0.36835,624,,,,,,,,
EMD/MUC,Asset Management,0.855,0.36837,624,,,,,,,,
CASY/TSCO,Specialty Retail,0.9419,0.36838,624,,,,,,,,
FULT/TRMK,Banks - Regional,0.9662,0.3684,624,,,,,,,,
FTA/GJT,Unknown,0.9533,0.3684,624,,,,,,,,
GJH/SMH,Unknown,0.8864,0.3684,624,,,,,,,,
ASX/RMBS,Semiconductors,0.8744,0.36841,624,,,,,,,,
FMBH/FRME,Banks - Regional,0.9589,0.36842,624,,,,,,,,
FSFG/RNST,Banks - Regional,0.8652,0.36842,624,,,,,,,,
KTH/PHO,Unknown,0.9175,0.36842,624,,,,,,,,
BBH/PSL,Unknown,0.9265,0.36843,624,,,,,,,,
AGD/CSQ,Asset Management,0.9746,0.36844,624,,,,,,,,
AGD/WIA,Asset Management,0.8821,0.36844,624,,,,,,,,
FMAO/UNB,Banks - Regional,0.8704,0.36844,624,,,,,,,,
BSRR/NBTB,Banks - Regional,0.947,0.36844,624,,,,,,,,
NMZ/PFD,Asset Management,0.9679,0.36845,624,,,,,,,,
MIN/PMO,Asset Management,0.9354,0.36848,624,,,,,,,,
GSK/MRK,Drug Manufacturers - General,0.8456,0.36848,624,,,,,,,,
AEP/ES,Utilities - Regulated Electric,0.9262,0.3685,624,,,,,,,,
HBNC/MBWM,Banks - Regional,0.8926,0.3685,624,,,,,,,,
HPI/NMT,Asset Management,0.8736,0.3685,624,,,,,,,,
PHT/VLT,Asset Management,0.8015,0.36851,624,,,,,,,,
GRC/IEX,Specialty Industrial Machinery,0.8536,0.36851,624,,,,,,,,
FNX/PKW,Unknown,0.9963,0.36855,624,,,,,,,,
NMT/NXP,Asset Management,0.8974,0.36856,624,,,,,,,,
AFB/PNI,Asset Management,0.8789,0.36858,624,,,,,,,,
BKT/IIM,Asset Management,0.9508,0.36858,624,,,,,,,,
CBSH/MBCN,Banks - Regional,0.9142,0.3686,624,,,,,,,,
GDL/TSI,Asset Management,0.9564,0.3686,624,,,,,,,,
IJT/SHV,Unknown,0.8374,0.36861,624,,,,,,,,
ABCB/BUSE,Banks - Regional,0.9627,0.36862,624,,,,,,,,
NBTB/SFNC,Banks - Regional,0.8126,0.36862,624,,,,,,,,
BXMX/GDL,Asset Management,0.9726,0.36862,624,,,,,,,,
CBU/FISI,Banks - Regional,0.8817,0.36864,624,,,,,,,,
MUA/MUJ,Asset Management,0.9686,0.36864,624,,,,,,,,
CHMG/THFF,Banks - Regional,0.9296,0.36866,624,,,,,,,,
FLC/MPA,Asset Management,0.9658,0.36866,624,,,,,,,,
HYT/VLT,Asset Management,0.985,0.36867,624,,,,,,,,
HTBK/MOFG,Banks - Regional,0.9337,0.36869,624,,,,,,,,
PFS/SSB,Banks - Regional,0.8887,0.3687,624,,,,,,,,
ADP/PAYX,Software - Application,0.9948,0.3687,624,,,,,,,,
MCR/NMZ,Asset Management,0.9544,0.36871,624,,,,,,,,
NEWT/WSFS,Banks - Regional,0.8195,0.36871,624,,,,,,,,
AROW/PFS,Banks - Regional,0.9284,0.36872,624,,,,,,,,
FMAO/HTBK,Banks - Regional,0.8988,0.36872,624,,,,,,,,
MWA/PH,Specialty Industrial Machinery,0.9168,0.36873,624,,,,,,,,
PPBI/UNB,Banks - Regional,0.8544,0.36873,624,,,,,,,,
ETO/JMM,Asset Management,0.9421,0.36874,624,,,,,,,,
SHBI/VLY,Banks - Regional,0.903,0.36876,624,,,,,,,,
MHF/MSD,Asset Management,0.9317,0.36876,624,,,,,,,,
HOPE/INBK,Banks - Regional,0.8858,0.36877,624,,,,,,,,
PHD/VVR,Asset Management,0.9691,0.36879,624,,,,,,,,
MUJ/PYN,Asset Management,0.8408,0.3688,624,,,,,,,,
AFB/PYN,Asset Management,0.8769,0.3688,624,,,,,,,,
ALRS/FFIN,Banks - Regional,0.9247,0.3688,624,,,,,,,,
CVBF/USB,Banks - Regional,0.9163,0.36883,624,,,,,,,,
CMA/FSFG,Banks - Regional,0.9126,0.36883,624,,,,,,,,
OPOF/RNST,Banks - Regional,0.853,0.36884,624,,,,,,,,
MAIN/MCI,Asset Management,0.976,0.36889,624,,,,,,,,
CADE/RNST,Banks - Regional,0.9106,0.36891,624,,,,,,,,
EVT/HTGC,Asset Management,0.9307,0.36891,624,,,,,,,,
MAIN/RQI,Asset Management,0.933,0.36892,624,,,,,,,,
CXH/PMX,Asset Management,0.9367,0.36894,624,,,,,,,,
LKFN/NEWT,Banks - Regional,0.8974,0.36895,624,,,,,,,,
SSBI/VABK,Banks - Regional,0.8165,0.36895,624,,,,,,,,
JSM/SOXX,Unknown,0.8609,0.36895,624,,,,,,,,
BKT/PMF,Asset Management,0.926,0.36897,624,,,,,,,,
SMBC/TSBK,Banks - Regional,0.9507,0.36898,624,,,,,,,,
GDL/LGI,Asset Management,0.9397,0.36898,624,,,,,,,,
PFS/QCRH,Banks - Regional,0.8352,0.36899,624,,,,,,,,
HTBK/WAL,Banks - Regional,0.8244,0.369,624,,,,,,,,
BMRC/WABC,Banks - Regional,0.8532,0.369,624,,,,,,,,
D/ES,Utilities - Regulated Electric,0.9098,0.36901,624,,,,,,,,
CADE/NKSH,Banks - Regional,0.8431,0.36903,624,,,,,,,,
NUV/PNF,Asset Management,0.8717,0.36903,624,,,,,,,,
MAV/VKQ,Asset Management,0.8071,0.36904,624,,,,,,,,
EHI/MYI,Asset Management,0.9144,0.36905,624,,,,,,,,
FITB/GCBC,Banks - Regional,0.8689,0.36905,624,,,,,,,,
EPD/OKE,Oil & Gas Midstream,0.9572,0.36905,624,,,,,,,,
MAV/VMO,Asset Management,0.8175,0.36906,624,,,,,,,,
BLW/PFN,Asset Management,0.9733,0.36907,624,,,,,,,,
NOG/USEG,Oil & Gas E&P,0.8788,0.36908,624,,,,,,,,
GDV/HTGC,Asset Management,0.9338,0.36908,624,,,,,,,,
BOKF/CNOB,Banks - Regional,0.8994,0.36908,624,,,,,,,,
AROW/WSBC,Banks - Regional,0.9071,0.36909,624,,,,,,,,
BSRR/TCBK,Banks - Regional,0.9193,0.36909,624,,,,,,,,
FLIC/MOFG,Banks - Regional,0.8519,0.3691,624,,,,,,,,
CIVB/WNEB,Banks - Regional,0.8629,0.36911,624,,,,,,,,
BANF/IBOC,Banks - Regional,0.9667,0.36913,624,,,,,,,,
BMRC/CBU,Banks - Regional,0.8515,0.36916,624,,,,,,,,
GDO/NUW,Asset Management,0.9385,0.36916,624,,,,,,,,
HWC/THFF,Banks - Regional,0.8969,0.36917,624,,,,,,,,
EMN/MTX,Specialty Chemicals,0.8524,0.36917,624,,,,,,,,
FMY/NCA,Asset Management,0.8356,0.36918,624,,,,,,,,
EXG/NIE,Asset Management,0.986,0.36918,624,,,,,,,,
EIX/SO,Utilities - Regulated Electric,0.8566,0.36918,624,,,,,,,,
CWBC/FMBH,Banks - Regional,0.9327,0.36919,624,,,,,,,,
CIVB/PFBC,Banks - Regional,0.9082,0.36919,624,,,,,,,,
CCNE/CFR,Banks - Regional,0.8713,0.36919,624,,,,,,,,
DCOM/FMBH,Banks - Regional,0.8883,0.36919,624,,,,,,,,
PBHC/SBSI,Banks - Regional,0.9504,0.3692,624,,,,,,,,
DCOM/GBCI,Banks - Regional,0.8697,0.3692,624,,,,,,,,
CGO/PCF,Asset Management,0.9671,0.3692,624,,,,,,,,
DIOD/SLAB,Semiconductors,0.9351,0.36921,624,,,,,,,,
UVSP/WSBC,Banks - Regional,0.9239,0.36924,624,,,,,,,,
GSBC/HIFS,Banks - Regional,0.9175,0.36924,624,,,,,,,,
SBCF/WNEB,Banks - Regional,0.8103,0.36925,624,,,,,,,,
BRKL/PFS,Banks - Regional,0.95,0.36926,624,,,,,,,,
FRA/JFR,Asset Management,0.978,0.36927,624,,,,,,,,
FLC/MYD,Asset Management,0.9464,0.36927,624,,,,,,,,
BCPC/SXT,Specialty Chemicals,0.8784,0.36928,624,,,,,,,,
AVNT/MTX,Specialty Chemicals,0.9055,0.36929,624,,,,,,,,
BCML/PEBK,Banks - Regional,0.9284,0.36929,624,,,,,,,,
NZF/PCQ,Asset Management,0.8504,0.3693,624,,,,,,,,
PNF/VCV,Asset Management,0.8845,0.36931,624,,,,,,,,
CIVB/IBCP,Banks - Regional,0.8797,0.36931,624,,,,,,,,
AWF/OIA,Asset Management,0.914,0.36932,624,,,,,,,,
BOH/CHMG,Banks - Regional,0.8699,0.36935,624,,,,,,,,
GSBC/NRIM,Banks - Regional,0.8397,0.36936,624,,,,,,,,
HBNC/NWFL,Banks - Regional,0.8675,0.36937,624,,,,,,,,
UCB/WAL,Banks - Regional,0.9101,0.36937,624,,,,,,,,
MSD/MUA,Asset Management,0.8779,0.36937,624,,,,,,,,
ALNY/HALO,Biotechnology,0.9233,0.36939,624,,,,,,,,
HBNC/ONB,Banks - Regional,0.9108,0.36939,624,,,,,,,,
HWBK/WAL,Banks - Regional,0.8765,0.3694,624,,,,,,,,
EFT/STK,Asset Management,0.957,0.3694,624,,,,,,,,
ASB/AUB,Banks - Regional,0.9491,0.36942,624,,,,,,,,
UCB/WAFD,Banks - Regional,0.9462,0.36942,624,,,,,,,,
JPC/MHF,Asset Management,0.9652,0.36942,624,,,,,,,,
NRK/PFO,Asset Management,0.9672,0.36942,624,,,,,,,,
FIZZ/KO,Beverages - Non-Alcoholic,0.8529,0.36942,624,,,,,,,,
DHI/MTH,Residential Construction,0.9867,0.36942,624,,,,,,,,
EHI/MIN,Asset Management,0.9586,0.36943,624,,,,,,,,
MPB/RNST,Banks - Regional,0.9105,0.36944,624,,,,,,,,
NXJ/VMO,Asset Management,0.9676,0.36945,624,,,,,,,,
HIO/NUV,Asset Management,0.9088,0.36945,624,,,,,,,,
BTO/HTGC,Asset Management,0.8619,0.36947,624,,,,,,,,
BTO/FRA,Asset Management,0.8952,0.36947,624,,,,,,,,
CCBG/EWBC,Banks - Regional,0.9129,0.36948,624,,,,,,,,
EOI/ETO,Asset Management,0.9777,0.3695,624,,,,,,,,
HBAN/STBA,Banks - Regional,0.928,0.36951,624,,,,,,,,
DHIL/ETB,Asset Management,0.9059,0.36951,624,,,,,,,,
BDX/COO,Medical Instruments & Supplies,0.952,0.36952,624,,,,,,,,
SNV/UMBF,Banks - Regional,0.9437,0.36952,624,,,,,,,,
CIF/NZF,Asset Management,0.9623,0.36953,624,,,,,,,,
FCT/VVR,Asset Management,0.9661,0.36954,624,,,,,,,,
EVG/GAM,Asset Management,0.9677,0.36955,624,,,,,,,,
LNT/MGEE,Utilities - Regulated Electric,0.9837,0.36956,624,,,,,,,,
BBH/PNQI,Unknown,0.9027,0.36959,624,,,,,,,,
BYM/FMY,Asset Management,0.8528,0.36959,624,,,,,,,,
EOT/HIX,Asset Management,0.8775,0.36959,624,,,,,,,,
VABK/WTFC,Banks - Regional,0.9128,0.36959,624,,,,,,,,
FTI/OIS,Oil & Gas Equipment & Services,0.8155,0.3696,624,,,,,,,,
BXMX/HTGC,Asset Management,0.9423,0.3696,624,,,,,,,,
D/LNT,Utilities - Regulated Electric,0.8231,0.3696,624,,,,,,,,
BFC/INDB,Banks - Regional,0.8363,0.36961,624,,,,,,,,
BMRN/IONS,Biotechnology,0.8251,0.36963,624,,,,,,,,
EEFT/TCX,Software - Infrastructure,0.8189,0.36963,624,,,,,,,,
HTBK/MTB,Banks - Regional,0.9077,0.36963,624,,,,,,,,
ASRV/SFST,Banks - Regional,0.8919,0.36966,624,,,,,,,,
EHI/NXC,Asset Management,0.9108,0.36966,624,,,,,,,,
PFO/PZC,Asset Management,0.8855,0.36967,624,,,,,,,,
HOMB/QCRH,Banks - Regional,0.935,0.36967,624,,,,,,,,
CNS/PCF,Asset Management,0.9388,0.36968,624,,,,,,,,
BFIN/CADE,Banks - Regional,0.8424,0.36969,624,,,,,,,,
FHN/UVSP,Banks - Regional,0.9049,0.36969,624,,,,,,,,
DSU/SPE,Asset Management,0.9767,0.36972,624,,,,,,,,
GBCI/SFST,Banks - Regional,0.9219,0.36972,624,,,,,,,,
DSGR/FAST,Industrial Distribution,0.9185,0.36973,624,,,,,,,,
BANF/FCCO,Banks - Regional,0.8589,0.36974,624,,,,,,,,
GRC/MWA,Specialty Industrial Machinery,0.8492,0.36976,624,,,,,,,,
FISI/HTBK,Banks - Regional,0.9228,0.36976,624,,,,,,,,
DSM/NMZ,Asset Management,0.9549,0.36976,624,,,,,,,,
HWC/ZION,Banks - Regional,0.9098,0.36977,624,,,,,,,,
BOH/PFBC,Banks - Regional,0.8694,0.36977,624,,,,,,,,
FRPH/MLP,Real Estate Services,0.8002,0.36978,624,,,,,,,,
CRM/FICO,Software - Application,0.8272,0.3698,624,,,,,,,,
LH/QGEN,Diagnostics & Research,0.9197,0.36981,624,,,,,,,,
NRIM/QCRH,Banks - Regional,0.9196,0.36981,624,,,,,,,,
SBSI/UCB,Banks - Regional,0.9301,0.36984,624,,,,,,,,
CWBC/SBFG,Banks - Regional,0.9422,0.36984,624,,,,,,,,
CIF/MHF,Asset Management,0.9253,0.36985,624,,,,,,,,
BOKF/FMNB,Banks - Regional,0.9273,0.36986,624,,,,,,,,
GCBC/WSFS,Banks - Regional,0.8027,0.36987,624,,,,,,,,
MOFG/ONB,Banks - Regional,0.8529,0.36989,624,,,,,,,,
DOV/WTS,Specialty Industrial Machinery,0.9784,0.3699,624,,,,,,,,
ETO/RFI,Asset Management,0.9796,0.3699,624,,,,,,,,
JPC/PMM,Asset Management,0.9529,0.36991,624,,,,,,,,
FMY/NKX,Asset Management,0.8662,0.36992,624,,,,,,,,
GABC/THFF,Banks - Regional,0.9635,0.36995,624,,,,,,,,
BFZ/BKT,Asset Management,0.9164,0.36995,624,,,,,,,,
PPL/WEC,Utilities - Regulated Electric,0.8694,0.36996,624,,,,,,,,
SFST/UNB,Banks - Regional,0.8296,0.36996,624,,,,,,,,
FYX/WOOD,Unknown,0.9692,0.36996,624,,,,,,,,
FDBC/PNC,Banks - Regional,0.8618,0.36998,624,,,,,,,,
MCRI/MTN,Resorts & Casinos,0.8445,0.36999,624,,,,,,,,
BCML/GCBC,Banks - Regional,0.8103,0.36999,624,,,,,,,,
HWC/KEY,Banks - Regional,0.8651,0.36999,624,,,,,,,,
BFIN/CARE,Banks - Regional,0.8694,0.37,624,,,,,,,,
FMNB/WAFD,Banks - Regional,0.9667,0.37,624,,,,,,,,
CACI/HCKT,Information Technology Services,0.9105,0.37,624,,,,,,,,
ADBE/ROP,Software - Application,0.9562,0.37001,624,,,,,,,,
BRKL/KRNY,Banks - Regional,0.8398,0.37002,624,,,,,,,,
ISBA/PBHC,Banks - Regional,0.9054,0.37003,624,,,,,,,,
BUSE/FLIC,Banks - Regional,0.8131,0.37004,624,,,,,,,,
ESSA/RF,Banks - Regional,0.952,0.37005,624,,,,,,,,
WASH/WSBF,Banks - Regional,0.9191,0.37006,624,,,,,,,,
COLB/HBCP,Banks - Regional,0.8097,0.37006,624,,,,,,,,
CREX/FTFT,Software - Application,0.8735,0.37006,624,,,,,,,,
TCBK/UCB,Banks - Regional,0.9563,0.37006,624,,,,,,,,
HBCP/PNFP,Banks - Regional,0.9422,0.37007,624,,,,,,,,
JBK/SHV,Unknown,0.8145,0.37008,624,,,,,,,,
MGF/MIN,Asset Management,0.9394,0.37008,624,,,,,,,,
PKW/SHV,Unknown,0.9133,0.37009,624,,,,,,,,
FRST/PPBI,Banks - Regional,0.9419,0.37009,624,,,,,,,,
FOF/JQC,Asset Management,0.9694,0.37009,624,,,,,,,,
AUB/OVBC,Banks - Regional,0.8203,0.37009,624,,,,,,,,
NTRS/RQI,Asset Management,0.9244,0.3701,624,,,,,,,,
HQH/MUC,Asset Management,0.8539,0.37011,624,,,,,,,,
EVT/FFA,Asset Management,0.9859,0.37011,624,,,,,,,,
BME/EOI,Asset Management,0.937,0.37012,624,,,,,,,,
EVT/PFN,Asset Management,0.9694,0.37012,624,,,,,,,,
FITB/SNV,Banks - Regional,0.9353,0.37012,624,,,,,,,,
RNST/WSBF,Banks - Regional,0.9057,0.37014,624,,,,,,,,
ADSK/ROP,Software - Application,0.9555,0.37015,624,,,,,,,,
FCBC/FUNC,Banks - Regional,0.9568,0.37017,624,,,,,,,,
CGO/HQL,Asset Management,0.8784,0.37017,624,,,,,,,,
EHI/NIM,Asset Management,0.9385,0.37018,624,,,,,,,,
EVN/WEA,Asset Management,0.9275,0.37018,624,,,,,,,,
AIA/PRN,Unknown,0.8357,0.3702,624,,,,,,,,
GAIN/STEW,Asset Management,0.9823,0.37021,624,,,,,,,,
AROW/RVSB,Banks - Regional,0.8996,0.37021,624,,,,,,,,
PLXS/SANM,Electronic Components,0.9465,0.37021,624,,,,,,,,
HBCP/WAL,Banks - Regional,0.8945,0.37022,624,,,,,,,,
RMT/USA,Asset Management,0.9856,0.37023,624,,,,,,,,
AROW/SFNC,Banks - Regional,0.9073,0.37023,624,,,,,,,,
PIO/PTF,Unknown,0.9731,0.37025,624,,,,,,,,
CATY/PNC,Banks - Regional,0.9573,0.37025,624,,,,,,,,
PCN/SPXX,Asset Management,0.9579,0.37025,624,,,,,,,,
FFIC/MOFG,Banks - Regional,0.9023,0.37025,624,,,,,,,,
EVG/GDO,Asset Management,0.9027,0.37026,624,,,,,,,,
BANR/FHN,Banks - Regional,0.9052,0.37027,624,,,,,,,,
BKT/FFC,Asset Management,0.9438,0.37027,624,,,,,,,,
FULT/PB,Banks - Regional,0.9423,0.37028,624,,,,,,,,
ISBA/PGC,Banks - Regional,0.8719,0.37029,624,,,,,,,,
CZFS/RF,Banks - Regional,0.8782,0.37029,624,,,,,,,,
BXMX/STEW,Asset Management,0.9875,0.3703,624,,,,,,,,
EBMT/USB,Banks - Regional,0.896,0.37031,624,,,,,,,,
PZC/WEA,Asset Management,0.8023,0.37031,624,,,,,,,,
GYRE/SNGX,Biotechnology,0.8852,0.37032,624,,,,,,,,
FMY/WIA,Asset Management,0.879,0.37034,624,,,,,,,,
COO/RMD,Medical Instruments & Supplies,0.9355,0.37035,624,,,,,,,,
PCM/SCD,Asset Management,0.8416,0.37036,624,,,,,,,,
NEA/WEA,Asset Management,0.9491,0.37037,624,,,,,,,,
NWFL/WAFD,Banks - Regional,0.9188,0.3704,624,,,,,,,,
HQH/VBF,Asset Management,0.8758,0.3704,624,,,,,,,,
FFBC/USB,Banks - Regional,0.8898,0.37041,624,,,,,,,,
DTF/PFO,Asset Management,0.9095,0.37042,624,,,,,,,,
BAC/RY,Banks - Diversified,0.9566,0.37045,624,,,,,,,,
BOE/IAE,Asset Management,0.8865,0.37046,624,,,,,,,,
FFC/MYI,Asset Management,0.9692,0.37047,624,,,,,,,,
EMD/NXC,Asset Management,0.8358,0.37047,624,,,,,,,,
GPI/RUSHB,Auto & Truck Dealerships,0.9595,0.37047,624,,,,,,,,
UBCP/UMBF,Banks - Regional,0.9017,0.37048,624,,,,,,,,
FCT/NIE,Asset Management,0.9597,0.37048,624,,,,,,,,
BRKL/TFC,Banks - Regional,0.9232,0.37049,624,,,,,,,,
UBCP/UVSP,Banks - Regional,0.874,0.37049,624,,,,,,,,
BKN/MFM,Asset Management,0.9518,0.37049,624,,,,,,,,
COLB/UVSP,Banks - Regional,0.8552,0.37051,624,,,,,,,,
GSBC/INDB,Banks - Regional,0.9349,0.37051,624,,,,,,,,
SYK/UFPT,Medical Devices,0.8522,0.37052,624,,,,,,,,
AMGN/AZN,Drug Manufacturers - General,0.9613,0.37054,624,,,,,,,,
OBT/PBHC,Banks - Regional,0.8006,0.37055,624,,,,,,,,
CBU/OCFC,Banks - Regional,0.8528,0.37056,624,,,,,,,,
NMT/PFO,Asset Management,0.9411,0.37056,624,,,,,,,,
FUND/SPXX,Asset Management,0.9679,0.37058,624,,,,,,,,
KNX/TFII,Trucking,0.8686,0.37058,624,,,,,,,,
CNOB/PBHC,Banks - Regional,0.9145,0.37059,624,,,,,,,,
AGD/EFT,Asset Management,0.933,0.3706,624,,,,,,,,
EVF/FOF,Asset Management,0.9724,0.3706,624,,,,,,,,
ASB/BFC,Banks - Regional,0.8099,0.3706,624,,,,,,,,
FRAF/SFNC,Banks - Regional,0.841,0.37062,624,,,,,,,,
JCE/STK,Asset Management,0.9768,0.37062,624,,,,,,,,
CARE/PFS,Banks - Regional,0.9118,0.37063,624,,,,,,,,
IQI/PNF,Asset Management,0.8961,0.37064,624,,,,,,,,
FTC/SMH,Unknown,0.9538,0.37065,624,,,,,,,,
FFBC/RNST,Banks - Regional,0.9023,0.37066,624,,,,,,,,
CMA/IBCP,Banks - Regional,0.8229,0.37067,624,,,,,,,,
HQH/NIM,Asset Management,0.8852,0.37067,624,,,,,,,,
MPB/PNFP,Banks - Regional,0.9111,0.37069,624,,,,,,,,
IGR/JHS,Asset Management,0.8913,0.3707,624,,,,,,,,
GAB/SCD,Asset Management,0.9452,0.37072,624,,,,,,,,
JBK/PIO,Unknown,0.9474,0.37072,624,,,,,,,,
ESSA/UVSP,Banks - Regional,0.8815,0.37072,624,,,,,,,,
BCAL/EBMT,Banks - Regional,0.8185,0.37072,624,,,,,,,,
EVT/RJF,Asset Management,0.9494,0.37074,624,,,,,,,,
BVFL/EFSC,Banks - Regional,0.8008,0.37075,624,,,,,,,,
CSR/UMH,REIT - Residential,0.837,0.37077,624,,,,,,,,
JHS/NAC,Asset Management,0.9581,0.37078,624,,,,,,,,
HWC/USB,Banks - Regional,0.8075,0.3708,624,,,,,,,,
HPS/MPV,Asset Management,0.9234,0.37081,624,,,,,,,,
FFBC/STBA,Banks - Regional,0.9645,0.37081,624,,,,,,,,
AB/JCE,Asset Management,0.9468,0.37082,624,,,,,,,,
NAZ/NIM,Asset Management,0.939,0.37082,624,,,,,,,,
QQQX/TWN,Asset Management,0.9093,0.37084,624,,,,,,,,
RF/WTFC,Banks - Regional,0.9568,0.37084,624,,,,,,,,
DORM/GPC,Auto Parts,0.8344,0.37085,624,,,,,,,,
BANFP/IBB,Unknown,0.8848,0.37088,624,,,,,,,,
CCNE/SSB,Banks - Regional,0.8944,0.37088,624,,,,,,,,
IUSG/JBK,Unknown,0.9353,0.37089,624,,,,,,,,
ENS/HUBB,Electrical Equipment & Parts,0.8053,0.37091,624,,,,,,,,
ONB/TRST,Banks - Regional,0.8907,0.37091,624,,,,,,,,
ETV/RJF,Asset Management,0.9311,0.37092,624,,,,,,,,
PKBK/SFNC,Banks - Regional,0.8566,0.37094,624,,,,,,,,
BNY/PCK,Asset Management,0.9323,0.37094,624,,,,,,,,
EVN/MMT,Asset Management,0.9153,0.37096,624,,,,,,,,
BLE/HPF,Asset Management,0.8582,0.37097,624,,,,,,,,
BKN/BTZ,Asset Management,0.9298,0.37098,624,,,,,,,,
JHS/NKX,Asset Management,0.9607,0.37098,624,,,,,,,,
CXH/MUJ,Asset Management,0.9712,0.371,624,,,,,,,,
HIX/MYI,Asset Management,0.898,0.37101,624,,,,,,,,
KTN/PRN,Unknown,0.8871,0.37101,624,,,,,,,,
ASB/OSBC,Banks - Regional,0.9374,0.37102,624,,,,,,,,
TSBK/UVSP,Banks - Regional,0.9154,0.37103,624,,,,,,,,
BBVA/MUFG,Banks - Diversified,0.8918,0.37103,624,,,,,,,,
HTGC/UTF,Asset Management,0.9137,0.37104,624,,,,,,,,
HQH/NAZ,Asset Management,0.8668,0.37106,624,,,,,,,,
ALL/L,Insurance - Property & Casualty,0.9245,0.37106,624,,,,,,,,
ODC/RPM,Specialty Chemicals,0.8237,0.37107,624,,,,,,,,
EMD/NIM,Asset Management,0.8707,0.37108,624,,,,,,,,
CCNE/FFIN,Banks - Regional,0.8547,0.37109,624,,,,,,,,
MMT/PMO,Asset Management,0.9537,0.37109,624,,,,,,,,
L/PGR,Insurance - Property & Casualty,0.9357,0.37109,624,,,,,,,,
NPO/PNR,Specialty Industrial Machinery,0.9431,0.37109,624,,,,,,,,
CATY/SRCE,Banks - Regional,0.9756,0.3711,624,,,,,,,,
BDJ/SPE,Asset Management,0.9707,0.3711,624,,,,,,,,
GDL/STEW,Asset Management,0.9621,0.37112,624,,,,,,,,
IIM/TSI,Asset Management,0.9065,0.37112,624,,,,,,,,
CIF/MUJ,Asset Management,0.9443,0.37113,624,,,,,,,,
ASB/RF,Banks - Regional,0.9063,0.37113,624,,,,,,,,
IIF/JCE,Asset Management,0.9393,0.37114,624,,,,,,,,
CNS/GRX,Asset Management,0.9245,0.37116,624,,,,,,,,
EFR/EOI,Asset Management,0.9719,0.37117,624,,,,,,,,
BRW/STK,Asset Management,0.9013,0.37117,624,,,,,,,,
JCE/SAR,Asset Management,0.9691,0.37118,624,,,,,,,,
ETB/JQC,Asset Management,0.9516,0.37121,624,,,,,,,,
ADBE/DJCO,Software - Application,0.8541,0.37122,624,,,,,,,,
FCF/KEY,Banks - Regional,0.9193,0.37123,624,,,,,,,,
JFR/SPXX,Asset Management,0.9573,0.37124,624,,,,,,,,
NFBK/RVSB,Banks - Regional,0.8538,0.37126,624,,,,,,,,
ETB/PCM,Asset Management,0.9421,0.37126,624,,,,,,,,
RF/SFST,Banks - Regional,0.8314,0.37128,624,,,,,,,,
HIX/KF,Asset Management,0.8495,0.37128,624,,,,,,,,
PFD/VKQ,Asset Management,0.9627,0.37129,624,,,,,,,,
DSM/NCA,Asset Management,0.9454,0.3713,624,,,,,,,,
FTA/SHV,Unknown,0.8742,0.3713,624,,,,,,,,
HWBK/SBSI,Banks - Regional,0.9078,0.37132,624,,,,,,,,
NAC/VKQ,Asset Management,0.9773,0.37133,624,,,,,,,,
FLC/HTD,Asset Management,0.9324,0.37134,624,,,,,,,,
OVBC/USB,Banks - Regional,0.8005,0.37136,624,,,,,,,,
ASB/UBFO,Banks - Regional,0.9137,0.37136,624,,,,,,,,
OPBK/WTFC,Banks - Regional,0.9363,0.37137,624,,,,,,,,
EMD/VCV,Asset Management,0.8875,0.37137,624,,,,,,,,
FUNC/UVSP,Banks - Regional,0.8907,0.37137,624,,,,,,,,
BLK/SOR,Asset Management,0.9757,0.37137,624,,,,,,,,
IQI/MCR,Asset Management,0.9408,0.37137,624,,,,,,,,
CZNC/IBOC,Banks - Regional,0.831,0.37139,624,,,,,,,,
CZNC/OVBC,Banks - Regional,0.8344,0.3714,624,,,,,,,,
ARCC/FRA,Asset Management,0.9752,0.3714,624,,,,,,,,
FCCO/OPBK,Banks - Regional,0.9242,0.37141,624,,,,,,,,
GDO/VCV,Asset Management,0.9439,0.37142,624,,,,,,,,
CRL/MTD,Diagnostics & Research,0.9244,0.37142,624,,,,,,,,
CHCO/SSB,Banks - Regional,0.8764,0.37143,624,,,,,,,,
BKN/WEA,Asset Management,0.9159,0.37143,624,,,,,,,,
AGD/PIM,Asset Management,0.8838,0.37143,624,,,,,,,,
MBCN/PB,Banks - Regional,0.9188,0.37144,624,,,,,,,,
BANFP/FYX,Unknown,0.9493,0.37144,624,,,,,,,,
ACNB/NWBI,Banks - Regional,0.9225,0.37144,624,,,,,,,,
CNOB/PNFP,Banks - Regional,0.9212,0.37145,624,,,,,,,,
HQH/PMM,Asset Management,0.87,0.37147,624,,,,,,,,
OIA/WIA,Asset Management,0.8575,0.37148,624,,,,,,,,
BRW/GAM,Asset Management,0.9602,0.3715,624,,,,,,,,
BUSE/FHN,Banks - Regional,0.8385,0.37151,624,,,,,,,,
PEZ/PYT,Unknown,0.934,0.37151,624,,,,,,,,
FCT/VRTS,Asset Management,0.8327,0.37151,624,,,,,,,,
JQC/TSI,Asset Management,0.9584,0.37153,624,,,,,,,,
GBCI/INDB,Banks - Regional,0.9497,0.37153,624,,,,,,,,
CWBC/TRST,Banks - Regional,0.935,0.37153,624,,,,,,,,
PEBO/SFST,Banks - Regional,0.8804,0.37154,624,,,,,,,,
BOE/GDL,Asset Management,0.9592,0.37155,624,,,,,,,,
CBSH/SMBK,Banks - Regional,0.9219,0.37155,624,,,,,,,,
HPS/NCA,Asset Management,0.9126,0.37157,624,,,,,,,,
J/MTZ,Engineering & Construction,0.9464,0.37158,624,,,,,,,,
BMRC/EBMT,Banks - Regional,0.8603,0.37159,624,,,,,,,,
HFBL/SMBC,Banks - Regional,0.8771,0.3716,624,,,,,,,,
BRKL/COLB,Banks - Regional,0.9354,0.3716,624,,,,,,,,
CIF/MYI,Asset Management,0.9168,0.37161,624,,,,,,,,
COFS/TFSL,Banks - Regional,0.8703,0.37161,624,,,,,,,,
MBWM/NWBI,Banks - Regional,0.9261,0.37161,624,,,,,,,,
FRME/UCB,Banks - Regional,0.9313,0.37161,624,,,,,,,,
BRKL/UVSP,Banks - Regional,0.9019,0.37161,624,,,,,,,,
HBNC/RNST,Banks - Regional,0.937,0.37162,624,,,,,,,,
INFY/MGIC,Information Technology Services,0.9019,0.37163,624,,,,,,,,
AUB/QCRH,Banks - Regional,0.9343,0.37163,624,,,,,,,,
JHS/MMU,Asset Management,0.928,0.37165,624,,,,,,,,
FMBH/ISBA,Banks - Regional,0.8534,0.37166,624,,,,,,,,
CWBC/NEWT,Banks - Regional,0.842,0.37167,624,,,,,,,,
AX/PNC,Banks - Regional,0.9539,0.37169,624,,,,,,,,
BOE/JOF,Asset Management,0.8704,0.37169,624,,,,,,,,
A/MTD,Diagnostics & Research,0.9916,0.37169,624,,,,,,,,
CZFS/PBHC,Banks - Regional,0.9247,0.3717,624,,,,,,,,
HBNC/WSBC,Banks - Regional,0.9497,0.3717,624,,,,,,,,
CXE/PDT,Asset Management,0.8918,0.37171,624,,,,,,,,
CZWI/SFST,Banks - Regional,0.9044,0.37172,624,,,,,,,,
ASB/NKSH,Banks - Regional,0.8808,0.37172,624,,,,,,,,
FMY/NMI,Asset Management,0.8425,0.37173,624,,,,,,,,
HTGC/NFJ,Asset Management,0.9448,0.37175,624,,,,,,,,
FISI/SSB,Banks - Regional,0.9016,0.37175,624,,,,,,,,
HPF/NMZ,Asset Management,0.9501,0.37177,624,,,,,,,,
CARE/FISI,Banks - Regional,0.8782,0.37177,624,,,,,,,,
HCKT/JKHY,Information Technology Services,0.901,0.37177,624,,,,,,,,
AROW/AUB,Banks - Regional,0.9401,0.37177,624,,,,,,,,
BANR/BRKL,Banks - Regional,0.8531,0.37178,624,,,,,,,,
BSRR/GABC,Banks - Regional,0.9497,0.37179,624,,,,,,,,
CXH/KTF,Asset Management,0.942,0.3718,624,,,,,,,,
PEBO/UVSP,Banks - Regional,0.9355,0.37181,624,,,,,,,,
CIF/NAD,Asset Management,0.9464,0.37181,624,,,,,,,,
BFZ/NIM,Asset Management,0.9356,0.37181,624,,,,,,,,
CMU/FLC,Asset Management,0.9343,0.37182,624,,,,,,,,
GDV/PCN,Asset Management,0.9622,0.37182,624,,,,,,,,
BOH/LCNB,Banks - Regional,0.8909,0.37185,624,,,,,,,,
FCCO/ISBA,Banks - Regional,0.9017,0.37187,624,,,,,,,,
DHF/GOF,Asset Management,0.954,0.37189,624,,,,,,,,
NMI/RFI,Asset Management,0.8549,0.3719,624,,,,,,,,
IGI/JOF,Asset Management,0.8949,0.3719,624,,,,,,,,
CHN/GCV,Asset Management,0.8693,0.37192,624,,,,,,,,
BFK/VPV,Asset Management,0.9503,0.37195,624,,,,,,,,
FFC/MVT,Asset Management,0.9126,0.37195,624,,,,,,,,
HIX/PAI,Asset Management,0.9223,0.37195,624,,,,,,,,
AGYS/PAYX,Software - Application,0.899,0.37195,624,,,,,,,,
CZNC/GABC,Banks - Regional,0.9382,0.37197,624,,,,,,,,
LARK/PNC,Banks - Regional,0.8688,0.37197,624,,,,,,,,
AUB/NWFL,Banks - Regional,0.9172,0.37198,624,,,,,,,,
NECB/ONB,Banks - Regional,0.8524,0.37198,624,,,,,,,,
CVBF/MNSB,Banks - Regional,0.9099,0.372,624,,,,,,,,
FNLC/GSBC,Banks - Regional,0.9798,0.372,624,,,,,,,,
FULT/NWFL,Banks - Regional,0.8688,0.37201,624,,,,,,,,
CAF/PFO,Asset Management,0.8528,0.37201,624,,,,,,,,
HTD/MPV,Asset Management,0.9204,0.37201,624,,,,,,,,
CVBF/QCRH,Banks - Regional,0.882,0.37202,624,,,,,,,,
NBTB/WTBA,Banks - Regional,0.8973,0.37203,624,,,,,,,,
PEO/PNNT,Asset Management,0.8875,0.37203,624,,,,,,,,
BMRC/FRME,Banks - Regional,0.8134,0.37203,624,,,,,,,,
MYRG/STRL,Engineering & Construction,0.8067,0.37206,624,,,,,,,,
HUM/UNH,Healthcare Plans,0.9025,0.37207,624,,,,,,,,
DCOM/SYBT,Banks - Regional,0.8096,0.37207,624,,,,,,,,
GABC/UNTY,Banks - Regional,0.915,0.37208,624,,,,,,,,
AEE/LNT,Utilities - Regulated Electric,0.9949,0.37209,624,,,,,,,,
BME/BX,Asset Management,0.858,0.37209,624,,,,,,,,
CNS/GUT,Asset Management,0.8282,0.3721,624,,,,,,,,
MUJ/NXP,Asset Management,0.9479,0.3721,624,,,,,,,,
CNS/IGR,Asset Management,0.9144,0.37211,624,,,,,,,,
CZNC/PB,Banks - Regional,0.929,0.37211,624,,,,,,,,
ESSA/GBCI,Banks - Regional,0.901,0.37211,624,,,,,,,,
FCCO/ZION,Banks - Regional,0.9016,0.37211,624,,,,,,,,
FRST/WBS,Banks - Regional,0.9011,0.37212,624,,,,,,,,
ISBA/QCRH,Banks - Regional,0.8748,0.37213,624,,,,,,,,
FLC/NKX,Asset Management,0.9716,0.37214,624,,,,,,,,
FMN/PYN,Asset Management,0.8869,0.37216,624,,,,,,,,
CBAN/FBNC,Banks - Regional,0.9519,0.37217,624,,,,,,,,
BCAL/HFBL,Banks - Regional,0.8397,0.37218,624,,,,,,,,
HTGC/MCN,Asset Management,0.9478,0.37218,624,,,,,,,,
GABC/PB,Banks - Regional,0.9557,0.37219,624,,,,,,,,
BSRR/CCBG,Banks - Regional,0.8821,0.3722,624,,,,,,,,
ASB/UBCP,Banks - Regional,0.8439,0.37221,624,,,,,,,,
AGCO/PCAR,Farm & Heavy Construction Machinery,0.817,0.37223,624,,,,,,,,
EVG/PCM,Asset Management,0.9058,0.37224,624,,,,,,,,
EVF/GLAD,Asset Management,0.96,0.37224,624,,,,,,,,
BMRC/CAC,Banks - Regional,0.8122,0.37224,624,,,,,,,,
HPI/JRS,Asset Management,0.9488,0.37225,624,,,,,,,,
EXG/PCF,Asset Management,0.979,0.37226,624,,,,,,,,
EBTC/NWFL,Banks - Regional,0.8804,0.37227,624,,,,,,,,
DSM/IQI,Asset Management,0.9722,0.37228,624,,,,,,,,
EFR/ETO,Asset Management,0.9623,0.37228,624,,,,,,,,
HLX/OIS,Oil & Gas Equipment & Services,0.8344,0.37229,624,,,,,,,,
KTF/MQY,Asset Management,0.9406,0.3723,624,,,,,,,,
CGO/VRTS,Asset Management,0.823,0.3723,624,,,,,,,,
LKFN/UCB,Banks - Regional,0.9283,0.37232,624,,,,,,,,
BK/WFC,Banks - Diversified,0.9209,0.37232,624,,,,,,,,
CBU/SFST,Banks - Regional,0.943,0.37233,624,,,,,,,,
NCA/VPV,Asset Management,0.9487,0.37233,624,,,,,,,,
CASS/MMS,Specialty Business Services,0.8478,0.37234,624,,,,,,,,
FCT/RVT,Asset Management,0.9646,0.37234,624,,,,,,,,
EBMT/PBHC,Banks - Regional,0.8505,0.37235,624,,,,,,,,
GABC/WNEB,Banks - Regional,0.8058,0.37236,624,,,,,,,,
JMM/MVF,Asset Management,0.9122,0.37237,624,,,,,,,,
FRST/SFST,Banks - Regional,0.9306,0.37237,624,,,,,,,,
RJF/UTF,Asset Management,0.9281,0.37241,624,,,,,,,,
CBFV/OZK,Banks - Regional,0.8058,0.37242,624,,,,,,,,
FBNC/PB,Banks - Regional,0.9451,0.37244,624,,,,,,,,
PNFP/WSFS,Banks - Regional,0.9445,0.37244,624,,,,,,,,
CZNC/NKSH,Banks - Regional,0.906,0.37244,624,,,,,,,,
FMNB/ISBA,Banks - Regional,0.8606,0.37245,624,,,,,,,,
AX/KEY,Banks - Regional,0.8825,0.37247,624,,,,,,,,
DVY/SHV,Unknown,0.8702,0.37247,624,,,,,,,,
FMN/MMT,Asset Management,0.8837,0.37248,624,,,,,,,,
BRW/MPV,Asset Management,0.9376,0.3725,624,,,,,,,,
PRFZ/SOXX,Unknown,0.9455,0.3725,624,,,,,,,,
FLC/NRK,Asset Management,0.9684,0.3725,624,,,,,,,,
AFB/MCR,Asset Management,0.9198,0.37251,624,,,,,,,,
LEN/MHO,Residential Construction,0.964,0.37252,624,,,,,,,,
ADSK/INTU,Software - Application,0.9332,0.37252,624,,,,,,,,
FBIZ/FRAF,Banks - Regional,0.8433,0.37253,624,,,,,,,,
CMA/OVBC,Banks - Regional,0.856,0.37254,624,,,,,,,,
NRIM/TCBK,Banks - Regional,0.8391,0.37256,624,,,,,,,,
MAV/NAC,Asset Management,0.855,0.37257,624,,,,,,,,
CCBG/HFWA,Banks - Regional,0.8172,0.37258,624,,,,,,,,
AZN/NVS,Drug Manufacturers - General,0.9523,0.37259,624,,,,,,,,
SFBC/TRMK,Banks - Regional,0.9306,0.37259,624,,,,,,,,
WAL/WSBF,Banks - Regional,0.9163,0.37259,624,,,,,,,,
HYT/JHI,Asset Management,0.9639,0.37259,624,,,,,,,,
DTF/NAZ,Asset Management,0.9393,0.3726,624,,,,,,,,
NKX/PYN,Asset Management,0.8458,0.37261,624,,,,,,,,
FAD/GJS,Unknown,0.9569,0.37261,624,,,,,,,,
FCT/GOF,Asset Management,0.9649,0.37262,624,,,,,,,,
EFSC/SSBI,Banks - Regional,0.8317,0.37262,624,,,,,,,,
LGI/USA,Asset Management,0.9934,0.37264,624,,,,,,,,
TEF/VEON,Telecom Services,0.8447,0.37264,624,,,,,,,,
IIM/JPC,Asset Management,0.9389,0.37265,624,,,,,,,,
EVG/TY,Asset Management,0.9649,0.37267,624,,,,,,,,
EOI/HTGC,Asset Management,0.9757,0.37268,624,,,,,,,,
FMNB/MNSB,Banks - Regional,0.9325,0.37268,624,,,,,,,,
ASB/CASH,Banks - Regional,0.8696,0.37271,624,,,,,,,,
AWF/JPC,Asset Management,0.9506,0.37271,624,,,,,,,,
BVFL/CHMG,Banks - Regional,0.803,0.37272,624,,,,,,,,
NAC/PMF,Asset Management,0.9539,0.37274,624,,,,,,,,
BSRR/GBCI,Banks - Regional,0.9138,0.37275,624,,,,,,,,
BMRC/HTBK,Banks - Regional,0.8181,0.37277,624,,,,,,,,
ADP/PLUS,Software - Application,0.9399,0.37277,624,,,,,,,,
GAM/PTY,Asset Management,0.9354,0.37278,624,,,,,,,,
CFR/HIFS,Banks - Regional,0.9198,0.37279,624,,,,,,,,
ALRS/HBAN,Banks - Regional,0.9031,0.37282,624,,,,,,,,
EVN/MCR,Asset Management,0.926,0.37283,624,,,,,,,,
EOT/HTD,Asset Management,0.8854,0.37284,624,,,,,,,,
CMA/HIFS,Banks - Regional,0.8964,0.37285,624,,,,,,,,
FCBC/LSBK,Banks - Regional,0.8044,0.37285,624,,,,,,,,
FFA/PCN,Asset Management,0.946,0.37286,624,,,,,,,,
MHD/MIN,Asset Management,0.8281,0.37288,624,,,,,,,,
NRIM/UVSP,Banks - Regional,0.8259,0.37289,624,,,,,,,,
IGD/MAIN,Asset Management,0.9688,0.37289,624,,,,,,,,
BSRR/SFNC,Banks - Regional,0.8803,0.37289,624,,,,,,,,
KRNY/SFNC,Banks - Regional,0.8799,0.3729,624,,,,,,,,
LARK/MPB,Banks - Regional,0.9037,0.37291,624,,,,,,,,
NAN/OIA,Asset Management,0.962,0.37292,624,,,,,,,,
GJP/SHY,Unknown,0.9285,0.37292,624,,,,,,,,
JMM/MUE,Asset Management,0.9344,0.37294,624,,,,,,,,
CFFI/MTB,Banks - Regional,0.9049,0.37294,624,,,,,,,,
ABR/ARI,REIT - Mortgage,0.8563,0.37294,624,,,,,,,,
ALG/PCAR,Farm & Heavy Construction Machinery,0.9252,0.37295,624,,,,,,,,
GBCI/WSFS,Banks - Regional,0.9227,0.37297,624,,,,,,,,
HPI/VGM,Asset Management,0.9231,0.37298,624,,,,,,,,
RFI/VMO,Asset Management,0.8698,0.37298,624,,,,,,,,
FBIZ/OFG,Banks - Regional,0.8806,0.37299,624,,,,,,,,
FFBC/QCRH,Banks - Regional,0.9388,0.37299,624,,,,,,,,
DTF/FFC,Asset Management,0.9092,0.373,624,,,,,,,,
FEX/INDY,Unknown,0.9655,0.37301,624,,,,,,,,
COFS/NBTB,Banks - Regional,0.9155,0.37301,624,,,,,,,,
SMBC/TCBK,Banks - Regional,0.9609,0.37301,624,,,,,,,,
GCBC/VABK,Banks - Regional,0.8529,0.37301,624,,,,,,,,
BCBP/MPB,Banks - Regional,0.8905,0.37301,624,,,,,,,,
ISBA/LCNB,Banks - Regional,0.8958,0.37305,624,,,,,,,,
CIF/NVG,Asset Management,0.9607,0.37306,624,,,,,,,,
EGBN/OCFC,Banks - Regional,0.8647,0.37307,624,,,,,,,,
BMRC/FCAP,Banks - Regional,0.8149,0.37307,624,,,,,,,,
MGYR/PLBC,Banks - Regional,0.9129,0.37309,624,,,,,,,,
CCNE/FCF,Banks - Regional,0.9297,0.37309,624,,,,,,,,
ETB/NZF,Asset Management,0.9012,0.3731,624,,,,,,,,
BME/FFA,Asset Management,0.9503,0.37311,624,,,,,,,,
GJS/PID,Unknown,0.9097,0.37312,624,,,,,,,,
COLB/WBS,Banks - Regional,0.8761,0.37313,624,,,,,,,,
CZNC/PNFP,Banks - Regional,0.8867,0.37313,624,,,,,,,,
BOKF/WTBA,Banks - Regional,0.8969,0.37315,624,,,,,,,,
STBA/TSBK,Banks - Regional,0.9228,0.37316,624,,,,,,,,
IBOC/TRST,Banks - Regional,0.8083,0.37317,624,,,,,,,,
JHS/MIY,Asset Management,0.9726,0.37317,624,,,,,,,,
UBCP/UCB,Banks - Regional,0.9104,0.37317,624,,,,,,,,
HQH/NXC,Asset Management,0.9149,0.37318,624,,,,,,,,
BHK/KTF,Asset Management,0.8684,0.37318,624,,,,,,,,
JQC/MAIN,Asset Management,0.9672,0.37322,624,,,,,,,,
HDB/PEBK,Banks - Regional,0.9011,0.37323,624,,,,,,,,
FNB/PB,Banks - Regional,0.8737,0.37324,624,,,,,,,,
BVFL/GABC,Banks - Regional,0.8332,0.37325,624,,,,,,,,
COHR/GRMN,Scientific & Technical Instruments,0.8829,0.37325,624,,,,,,,,
CL/CLX,Household & Personal Products,0.8656,0.37326,624,,,,,,,,
EQNR/TTE,Oil & Gas Integrated,0.8928,0.37328,624,,,,,,,,
BCPC/RPM,Specialty Chemicals,0.9717,0.3733,624,,,,,,,,
CIVB/WAFD,Banks - Regional,0.9599,0.3733,624,,,,,,,,
MBCN/TRMK,Banks - Regional,0.8806,0.37331,624,,,,,,,,
GJO/PHO,Unknown,0.9574,0.37332,624,,,,,,,,
OCFC/USB,Banks - Regional,0.8982,0.37332,624,,,,,,,,
GCV/STT,Asset Management,0.8098,0.37333,624,,,,,,,,
GAM/TWN,Asset Management,0.9476,0.37333,624,,,,,,,,
FFIN/WSBF,Banks - Regional,0.9346,0.37334,624,,,,,,,,
CARE/WASH,Banks - Regional,0.8449,0.37335,624,,,,,,,,
FUND/MFIC,Asset Management,0.8735,0.37335,624,,,,,,,,
HPS/PFO,Asset Management,0.943,0.37336,624,,,,,,,,
CBFV/LCNB,Banks - Regional,0.8576,0.37336,624,,,,,,,,
ULTA/WINA,Specialty Retail,0.8792,0.37337,624,,,,,,,,
OZK/SMBK,Banks - Regional,0.8781,0.37339,624,,,,,,,,
UBFO/WNEB,Banks - Regional,0.8539,0.37339,624,,,,,,,,
EFR/ETY,Asset Management,0.9728,0.37339,624,,,,,,,,
HBNC/PPBI,Banks - Regional,0.9565,0.3734,624,,,,,,,,
JHI/TWN,Asset Management,0.8674,0.3734,624,,,,,,,,
AROW/BFC,Banks - Regional,0.8283,0.37341,624,,,,,,,,
HOPE/SSB,Banks - Regional,0.8385,0.37341,624,,,,,,,,
CIVB/SRCE,Banks - Regional,0.9226,0.37342,624,,,,,,,,
DHF/HQL,Asset Management,0.8748,0.37343,624,,,,,,,,
BVFL/SBFG,Banks - Regional,0.8125,0.37344,624,,,,,,,,
ETO/RVT,Asset Management,0.9901,0.37345,624,,,,,,,,
BOKF/KEY,Banks - Regional,0.9131,0.37346,624,,,,,,,,
MHN/PMF,Asset Management,0.9494,0.37346,624,,,,,,,,
PSEC/RNP,Asset Management,0.8899,0.37351,624,,,,,,,,
NCA/NQP,Asset Management,0.955,0.37351,624,,,,,,,,
GJO/QQQ,Unknown,0.961,0.37353,624,,,,,,,,
ACM/DY,Engineering & Construction,0.815,0.37353,624,,,,,,,,
CADE/TRST,Banks - Regional,0.9175,0.37354,624,,,,,,,,
OCFC/THFF,Banks - Regional,0.8827,0.37355,624,,,,,,,,
AON/WTW,Insurance Brokers,0.9762,0.37355,624,,,,,,,,
CZNC/FRME,Banks - Regional,0.9576,0.37355,624,,,,,,,,
FGB/RCS,Asset Management,0.8687,0.37356,624,,,,,,,,
SSBI/WSFS,Banks - Regional,0.8307,0.37356,624,,,,,,,,
FNWD/KEY,Banks - Regional,0.9058,0.37356,624,,,,,,,,
NBTB/TRMK,Banks - Regional,0.9576,0.37359,624,,,,,,,,
CASH/SSB,Banks - Regional,0.8737,0.3736,624,,,,,,,,
CCBG/CIVB,Banks - Regional,0.8601,0.3736,624,,,,,,,,
PCK/PNF,Asset Management,0.9512,0.37361,624,,,,,,,,
GAB/STK,Asset Management,0.944,0.37361,624,,,,,,,,
CFFI/FBNC,Banks - Regional,0.8748,0.37361,624,,,,,,,,
FXNC/HBCP,Banks - Regional,0.8911,0.37362,624,,,,,,,,
FNLC/HOMB,Banks - Regional,0.9125,0.37363,624,,,,,,,,
BANR/SFST,Banks - Regional,0.8794,0.37364,624,,,,,,,,
BUSE/SSB,Banks - Regional,0.9335,0.37364,624,,,,,,,,
PFL/PPT,Asset Management,0.9633,0.37365,624,,,,,,,,
ABCB/PLBC,Banks - Regional,0.9047,0.37365,624,,,,,,,,
GJO/PKW,Unknown,0.9669,0.37365,624,,,,,,,,
SOR/SPE,Asset Management,0.9775,0.37367,624,,,,,,,,
CWBC/PFIS,Banks - Regional,0.8961,0.37368,624,,,,,,,,
SMFG/UBS,Banks - Diversified,0.8559,0.37368,624,,,,,,,,
NWBI/RBCAA,Banks - Regional,0.8688,0.37369,624,,,,,,,,
EW/MDT,Medical Devices,0.9082,0.3737,624,,,,,,,,
GJH/PTF,Unknown,0.9294,0.3737,624,,,,,,,,
CCBG/SMBK,Banks - Regional,0.928,0.3737,624,,,,,,,,
GOF/NIE,Asset Management,0.9775,0.37371,624,,,,,,,,
HQL/PCF,Asset Management,0.8898,0.37372,624,,,,,,,,
BOH/FXNC,Banks - Regional,0.8297,0.37372,624,,,,,,,,
NMT/PNI,Asset Management,0.8595,0.37373,624,,,,,,,,
GJT/PNQI,Unknown,0.8654,0.37374,624,,,,,,,,
MYN/VPV,Asset Management,0.9726,0.37376,624,,,,,,,,
JPC/KTF,Asset Management,0.8803,0.37376,624,,,,,,,,
DCOM/MTB,Banks - Regional,0.8906,0.37377,624,,,,,,,,
HQH/MPA,Asset Management,0.8683,0.37378,624,,,,,,,,
BUSE/CBAN,Banks - Regional,0.9217,0.37378,624,,,,,,,,
ETW/GDV,Asset Management,0.9876,0.37379,624,,,,,,,,
HWBK/WTBA,Banks - Regional,0.8855,0.3738,624,,,,,,,,
GGG/ITW,Specialty Industrial Machinery,0.9912,0.37381,624,,,,,,,,
SHY/TVE,Unknown,0.8772,0.37382,624,,,,,,,,
BR/WNS,Information Technology Services,0.8456,0.37382,624,,,,,,,,
FYX/GJR,Unknown,0.9277,0.37382,624,,,,,,,,
GABC/ONB,Banks - Regional,0.9563,0.37383,624,,,,,,,,
FRAF/THFF,Banks - Regional,0.9458,0.37383,624,,,,,,,,
FYX/SHV,Unknown,0.8477,0.37383,624,,,,,,,,
NFJ/PCM,Asset Management,0.9184,0.37384,624,,,,,,,,
NXC/NXJ,Asset Management,0.9558,0.37384,624,,,,,,,,
CBFV/USB,Banks - Regional,0.8576,0.37388,624,,,,,,,,
FRST/SBCF,Banks - Regional,0.8853,0.37389,624,,,,,,,,
NMZ/WEA,Asset Management,0.9519,0.3739,624,,,,,,,,
IGF/PRN,Unknown,0.9424,0.37391,624,,,,,,,,
ALNT/GLW,Electronic Components,0.8238,0.37392,624,,,,,,,,
INDB/VABK,Banks - Regional,0.9107,0.37393,624,,,,,,,,
FMY/NPV,Asset Management,0.8386,0.37395,624,,,,,,,,
BANFP/JSM,Unknown,0.9286,0.37395,624,,,,,,,,
SSBI/UCB,Banks - Regional,0.8574,0.37396,624,,,,,,,,
CBFV/CMA,Banks - Regional,0.8338,0.37396,624,,,,,,,,
NZF/PNF,Asset Management,0.876,0.37398,624,,,,,,,,
MGYR/NKSH,Banks - Regional,0.8472,0.37398,624,,,,,,,,
NXC/TSI,Asset Management,0.9337,0.37399,624,,,,,,,,
IPB/JSM,Unknown,0.966,0.37399,624,,,,,,,,
AUB/HIFS,Banks - Regional,0.9045,0.374,624,,,,,,,,
MTB/THFF,Banks - Regional,0.954,0.374,624,,,,,,,,
FMY/MYN,Asset Management,0.8294,0.37401,624,,,,,,,,
BTA/TSI,Asset Management,0.9421,0.37401,624,,,,,,,,
ETG/RVT,Asset Management,0.9911,0.37403,624,,,,,,,,
BCAL/CASH,Banks - Regional,0.8481,0.37403,624,,,,,,,,
ADP/INTU,Software - Application,0.9683,0.37404,624,,,,,,,,
EPSN/HES,Oil & Gas E&P,0.8795,0.37404,624,,,,,,,,
HBCP/OSBC,Banks - Regional,0.9621,0.37405,624,,,,,,,,
EVF/NFJ,Asset Management,0.957,0.37405,624,,,,,,,,
CII/SAR,Asset Management,0.9809,0.37406,624,,,,,,,,
HBNC/IBOC,Banks - Regional,0.8132,0.37406,624,,,,,,,,
SBCF/UBCP,Banks - Regional,0.9284,0.37407,624,,,,,,,,
BBH/PEY,Unknown,0.9001,0.37408,624,,,,,,,,
PKBK/WSFS,Banks - Regional,0.949,0.37408,624,,,,,,,,
BCAL/WABC,Banks - Regional,0.8345,0.3741,624,,,,,,,,
CIF/FLC,Asset Management,0.9641,0.37411,624,,,,,,,,
MGF/NAZ,Asset Management,0.8968,0.37411,624,,,,,,,,
GJS/PFM,Unknown,0.9725,0.37414,624,,,,,,,,
MHF/VLT,Asset Management,0.9464,0.37415,624,,,,,,,,
JSM/SMH,Unknown,0.8146,0.37416,624,,,,,,,,
ETB/STEW,Asset Management,0.972,0.37417,624,,,,,,,,
GDO/MIY,Asset Management,0.9651,0.37418,624,,,,,,,,
DKS/TSCO,Specialty Retail,0.9182,0.37418,624,,,,,,,,
MUA/VPV,Asset Management,0.9638,0.37418,624,,,,,,,,
AUB/USB,Banks - Regional,0.9499,0.37419,624,,,,,,,,
PEBK/SFST,Banks - Regional,0.8982,0.3742,624,,,,,,,,
RJF/RVT,Asset Management,0.9515,0.37421,624,,,,,,,,
EVG/IGI,Asset Management,0.8338,0.37422,624,,,,,,,,
DIOD/QCOM,Semiconductors,0.8719,0.37423,624,,,,,,,,
FRST/WSFS,Banks - Regional,0.9067,0.37423,624,,,,,,,,
FULT/LKFN,Banks - Regional,0.9113,0.37424,624,,,,,,,,
SOR/USA,Asset Management,0.9763,0.37424,624,,,,,,,,
EXG/UTF,Asset Management,0.9803,0.37425,624,,,,,,,,
CIF/PCF,Asset Management,0.9341,0.37426,624,,,,,,,,
HPF/NAD,Asset Management,0.9398,0.37428,624,,,,,,,,
KTH/PIO,Unknown,0.9343,0.37428,624,,,,,,,,
EBMT/WBS,Banks - Regional,0.8712,0.37428,624,,,,,,,,
HBNC/RF,Banks - Regional,0.8723,0.37429,624,,,,,,,,
MCR/NVG,Asset Management,0.9589,0.37429,624,,,,,,,,
DSM/PYN,Asset Management,0.9238,0.37429,624,,,,,,,,
ETB/NVG,Asset Management,0.8936,0.3743,624,,,,,,,,
EVN/MFM,Asset Management,0.9732,0.3743,624,,,,,,,,
JHS/NCA,Asset Management,0.9455,0.37431,624,,,,,,,,
NAD/NXJ,Asset Management,0.987,0.37434,624,,,,,,,,
PEBK/PFIS,Banks - Regional,0.9214,0.37437,624,,,,,,,,
BOKF/EWBC,Banks - Regional,0.9634,0.37437,624,,,,,,,,
SHBI/THFF,Banks - Regional,0.8836,0.37438,624,,,,,,,,
JNJ/NVS,Drug Manufacturers - General,0.9176,0.37438,624,,,,,,,,
MSD/MVF,Asset Management,0.8456,0.37439,624,,,,,,,,
ASB/HWC,Banks - Regional,0.9205,0.37439,624,,,,,,,,
FBIZ/OPBK,Banks - Regional,0.9236,0.3744,624,,,,,,,,
JHI/VTN,Asset Management,0.8421,0.3744,624,,,,,,,,
EHI/TSI,Asset Management,0.9613,0.37441,624,,,,,,,,
LGI/SOR,Asset Management,0.97,0.37441,624,,,,,,,,
ETR/EXC,Utilities - Regulated Electric,0.8999,0.37443,624,,,,,,,,
PBHC/WAFD,Banks - Regional,0.9331,0.37443,624,,,,,,,,
SMBK/UMBF,Banks - Regional,0.9177,0.37443,624,,,,,,,,
AROW/VABK,Banks - Regional,0.9038,0.37444,624,,,,,,,,
MCR/NQP,Asset Management,0.9592,0.37444,624,,,,,,,,
GDL/NFJ,Asset Management,0.943,0.37445,624,,,,,,,,
CBAN/UNTY,Banks - Regional,0.8643,0.37446,624,,,,,,,,
CDNS/PLUS,Software - Application,0.8966,0.37447,624,,,,,,,,
AXS/EIG,Insurance - Specialty,0.9,0.37448,624,,,,,,,,
BKN/JHI,Asset Management,0.8822,0.37448,624,,,,,,,,
MUA/MUC,Asset Management,0.9647,0.3745,624,,,,,,,,
MIN/PFO,Asset Management,0.9191,0.37451,624,,,,,,,,
NKSH/PKBK,Banks - Regional,0.8578,0.37451,624,,,,,,,,
PFO/PYN,Asset Management,0.8312,0.37452,624,,,,,,,,
HLX/OII,Oil & Gas Equipment & Services,0.9198,0.37456,624,,,,,,,,
ASB/CZNC,Banks - Regional,0.8825,0.37457,624,,,,,,,,
NTRS/TSI,Asset Management,0.9025,0.37459,624,,,,,,,,
EXG/STEW,Asset Management,0.9846,0.37461,624,,,,,,,,
IGD/SPE,Asset Management,0.9673,0.37461,624,,,,,,,,
EHI/NCA,Asset Management,0.8922,0.37462,624,,,,,,,,
CVCO/SKY,Residential Construction,0.9366,0.37462,624,,,,,,,,
NMZ/VGM,Asset Management,0.9787,0.37463,624,,,,,,,,
CVBF/WSFS,Banks - Regional,0.937,0.37463,624,,,,,,,,
QCRH/TOWN,Banks - Regional,0.9681,0.37465,624,,,,,,,,
NXP/TSI,Asset Management,0.9509,0.37466,624,,,,,,,,
HQH/IIM,Asset Management,0.8894,0.37466,624,,,,,,,,
CATY/UBFO,Banks - Regional,0.9158,0.37466,624,,,,,,,,
CTBI/OSBC,Banks - Regional,0.944,0.37466,624,,,,,,,,
OBT/TBBK,Banks - Regional,0.887,0.37471,624,,,,,,,,
CADE/PPBI,Banks - Regional,0.8651,0.37471,624,,,,,,,,
MSD/PCN,Asset Management,0.9254,0.37472,624,,,,,,,,
UBCP/WAFD,Banks - Regional,0.9036,0.37474,624,,,,,,,,
NNY/RNP,Asset Management,0.886,0.37474,624,,,,,,,,
FITB/HWBK,Banks - Regional,0.9232,0.37474,624,,,,,,,,
EEA/JOF,Asset Management,0.8807,0.37475,624,,,,,,,,
MHI/NAC,Asset Management,0.9174,0.37479,624,,,,,,,,
ACNB/HFBL,Banks - Regional,0.8298,0.37479,624,,,,,,,,
CWBC/FSFG,Banks - Regional,0.9225,0.37479,624,,,,,,,,
DTF/PYN,Asset Management,0.91,0.3748,624,,,,,,,,
FTA/PYZ,Unknown,0.9823,0.37481,624,,,,,,,,
ESSA/ISBA,Banks - Regional,0.8034,0.37481,624,,,,,,,,
JHI/PCN,Asset Management,0.954,0.37481,624,,,,,,,,
BSRR/TOWN,Banks - Regional,0.9532,0.37483,624,,,,,,,,
HBAN/SFNC,Banks - Regional,0.8669,0.37483,624,,,,,,,,
CNS/IGI,Asset Management,0.816,0.37483,624,,,,,,,,
BCE/CHT,Telecom Services,0.8542,0.37483,624,,,,,,,,
INDY/QQXT,Unknown,0.9494,0.37484,624,,,,,,,,
SHY/VMBS,Unknown,0.855,0.37487,624,,,,,,,,
BCML/BSRR,Banks - Regional,0.9417,0.37487,624,,,,,,,,
FBNC/SFNC,Banks - Regional,0.8608,0.37488,624,,,,,,,,
FCT/QQQX,Asset Management,0.9544,0.37492,624,,,,,,,,
LARK/SBSI,Banks - Regional,0.9138,0.37492,624,,,,,,,,
NNY/NPV,Asset Management,0.874,0.37493,624,,,,,,,,
CCBG/INDB,Banks - Regional,0.8365,0.37494,624,,,,,,,,
ATS/EMR,Specialty Industrial Machinery,0.8703,0.37495,624,,,,,,,,
HBI/UAA,Apparel Manufacturing,0.897,0.37496,624,,,,,,,,
PCF/STK,Asset Management,0.9435,0.37497,624,,,,,,,,
CASY/WINA,Specialty Retail,0.95,0.37498,624,,,,,,,,
FCT/RQI,Asset Management,0.9516,0.37499,624,,,,,,,,
RNST/UVSP,Banks - Regional,0.9128,0.37502,624,,,,,,,,
BHK/NUV,Asset Management,0.9831,0.37502,624,,,,,,,,
ASB/FUNC,Banks - Regional,0.8823,0.37502,624,,,,,,,,
RNST/SMBC,Banks - Regional,0.8315,0.37502,624,,,,,,,,
FCT/PCN,Asset Management,0.9364,0.37503,624,,,,,,,,
HIO/NXC,Asset Management,0.8814,0.37504,624,,,,,,,,
BOH/FCF,Banks - Regional,0.8927,0.37505,624,,,,,,,,
CBFV/CNOB,Banks - Regional,0.8464,0.37505,624,,,,,,,,
FMY/JPC,Asset Management,0.9101,0.37506,624,,,,,,,,
FRA/NTRS,Asset Management,0.8203,0.37506,624,,,,,,,,
CVBF/FBNC,Banks - Regional,0.919,0.37506,624,,,,,,,,
ARCC/NTRS,Asset Management,0.8221,0.37507,624,,,,,,,,
CADE/SFNC,Banks - Regional,0.8749,0.37508,624,,,,,,,,
JHI/MHD,Asset Management,0.8133,0.3751,624,,,,,,,,
NCA/RFI,Asset Management,0.8692,0.3751,624,,,,,,,,
IBN/NBN,Banks - Regional,0.9352,0.37511,624,,,,,,,,
CATY/FISI,Banks - Regional,0.8962,0.37513,624,,,,,,,,
OVBC/UNB,Banks - Regional,0.8929,0.37513,624,,,,,,,,
VABK/ZION,Banks - Regional,0.8983,0.37515,624,,,,,,,,
SLAB/VSH,Semiconductors,0.8623,0.37517,624,,,,,,,,
ESSA/OVLY,Banks - Regional,0.9234,0.37517,624,,,,,,,,
NMZ/VKQ,Asset Management,0.9797,0.37518,624,,,,,,,,
GJH/SOXX,Unknown,0.9104,0.37519,624,,,,,,,,
CBAN/CBSH,Banks - Regional,0.942,0.3752,624,,,,,,,,
CVX/TTE,Oil & Gas Integrated,0.9389,0.3752,624,,,,,,,,
AROW/CASH,Banks - Regional,0.8029,0.3752,624,,,,,,,,
FRME/SHBI,Banks - Regional,0.8966,0.37521,624,,,,,,,,
ESSA/PEBO,Banks - Regional,0.8971,0.37522,624,,,,,,,,
CNS/HTGC,Asset Management,0.927,0.37525,624,,,,,,,,
CNC/ELV,Healthcare Plans,0.9319,0.37526,624,,,,,,,,
HTO/WTRG,Utilities - Regulated Water,0.9532,0.37526,624,,,,,,,,
CCBG/UNTY,Banks - Regional,0.9614,0.37527,624,,,,,,,,
ETO/GLAD,Asset Management,0.9462,0.37527,624,,,,,,,,
PKBK/UBFO,Banks - Regional,0.9402,0.37528,624,,,,,,,,
ATS/DOV,Specialty Industrial Machinery,0.8865,0.37528,624,,,,,,,,
DDT/SHV,Unknown,0.8793,0.37528,624,,,,,,,,
NIE/PTY,Asset Management,0.9671,0.37529,624,,,,,,,,
CZWI/NBTB,Banks - Regional,0.915,0.37531,624,,,,,,,,
NKSH/OPBK,Banks - Regional,0.8146,0.37531,624,,,,,,,,
GF/TDF,Asset Management,0.907,0.37532,624,,,,,,,,
FFC/NPV,Asset Management,0.9036,0.37532,624,,,,,,,,
CHMG/CTBI,Banks - Regional,0.9507,0.37533,624,,,,,,,,
DDT/RTH,Unknown,0.9668,0.37534,624,,,,,,,,
PMX/VMO,Asset Management,0.9366,0.37535,624,,,,,,,,
BSRR/WTFC,Banks - Regional,0.9156,0.37535,624,,,,,,,,
FBNC/HFWA,Banks - Regional,0.9329,0.37537,624,,,,,,,,
BDJ/RFI,Asset Management,0.9731,0.37537,624,,,,,,,,
AGD/SOR,Asset Management,0.9423,0.37537,624,,,,,,,,
ASB/WTBA,Banks - Regional,0.9,0.3754,624,,,,,,,,
PIM/RNP,Asset Management,0.9182,0.3754,624,,,,,,,,
BOE/HTGC,Asset Management,0.9564,0.3754,624,,,,,,,,
JHI/MMU,Asset Management,0.8129,0.37541,624,,,,,,,,
PFO/SBI,Asset Management,0.9378,0.37545,624,,,,,,,,
ABCB/HWBK,Banks - Regional,0.9147,0.37545,624,,,,,,,,
FXNC/UBFO,Banks - Regional,0.9249,0.37545,624,,,,,,,,
BANR/OSBC,Banks - Regional,0.9503,0.37548,624,,,,,,,,
AROW/QCRH,Banks - Regional,0.8686,0.37548,624,,,,,,,,
BSRR/PB,Banks - Regional,0.9404,0.3755,624,,,,,,,,
BCH/BSAC,Banks - Regional,0.819,0.37551,624,,,,,,,,
NKSH/PB,Banks - Regional,0.8632,0.37551,624,,,,,,,,
SFST/WSBF,Banks - Regional,0.9462,0.37552,624,,,,,,,,
AROW/MBCN,Banks - Regional,0.8671,0.37553,624,,,,,,,,
CXE/PYN,Asset Management,0.9094,0.37554,624,,,,,,,,
MUJ/NNY,Asset Management,0.9668,0.37555,624,,,,,,,,
FISI/PNC,Banks - Regional,0.8532,0.37555,624,,,,,,,,
BOTJ/CFFI,Banks - Regional,0.8349,0.37557,624,,,,,,,,
BANR/CFR,Banks - Regional,0.9369,0.37557,624,,,,,,,,
RQI/SAR,Asset Management,0.9548,0.37558,624,,,,,,,,
EOI/STK,Asset Management,0.9869,0.37558,624,,,,,,,,
GOF/RJF,Asset Management,0.9416,0.37559,624,,,,,,,,
EVF/HYT,Asset Management,0.9695,0.37561,624,,,,,,,,
BLK/TY,Asset Management,0.9719,0.37562,624,,,,,,,,
MCR/MYN,Asset Management,0.9036,0.37563,624,,,,,,,,
USIG/VCLT,Unknown,0.9858,0.37564,624,,,,,,,,
DTE/DUK,Utilities - Regulated Electric,0.9871,0.37565,624,,,,,,,,
LKFN/SMBK,Banks - Regional,0.9198,0.37565,624,,,,,,,,
CWBC/SFNC,Banks - Regional,0.8888,0.37565,624,,,,,,,,
FHI/MCI,Asset Management,0.9004,0.37567,624,,,,,,,,
CBSH/PFIS,Banks - Regional,0.9061,0.37567,624,,,,,,,,
DCOM/NKSH,Banks - Regional,0.8589,0.37568,624,,,,,,,,
BME/LGI,Asset Management,0.9484,0.37568,624,,,,,,,,
NRK/WEA,Asset Management,0.9501,0.37568,624,,,,,,,,
KTF/MMU,Asset Management,0.9557,0.3757,624,,,,,,,,
FRST/SFNC,Banks - Regional,0.9488,0.3757,624,,,,,,,,
EWBC/PFBC,Banks - Regional,0.9745,0.37571,624,,,,,,,,
BTE/CRK,Oil & Gas E&P,0.8582,0.37571,624,,,,,,,,
JSM/SHY,Unknown,0.8949,0.37573,624,,,,,,,,
IGF/PUI,Unknown,0.9753,0.37573,624,,,,,,,,
RBCAA/USB,Banks - Regional,0.8237,0.37575,624,,,,,,,,
CWBC/OVBC,Banks - Regional,0.8454,0.37575,624,,,,,,,,
CNS/NVG,Asset Management,0.8623,0.37577,624,,,,,,,,
BANFP/BBH,Unknown,0.9081,0.37577,624,,,,,,,,
FITB/UVSP,Banks - Regional,0.915,0.37578,624,,,,,,,,
FHN/UNTY,Banks - Regional,0.8465,0.37578,624,,,,,,,,
ALRS/WBS,Banks - Regional,0.8876,0.37579,624,,,,,,,,
OZK/QCRH,Banks - Regional,0.8624,0.37581,624,,,,,,,,
FHI/GRX,Asset Management,0.8972,0.37582,624,,,,,,,,
CIGI/FRPH,Real Estate Services,0.9135,0.37582,624,,,,,,,,
PPT/RQI,Asset Management,0.9061,0.37583,624,,,,,,,,
FLC/NAN,Asset Management,0.9698,0.37585,624,,,,,,,,
FMY/VLT,Asset Management,0.9456,0.37585,624,,,,,,,,
NXN/TSI,Asset Management,0.9429,0.37586,624,,,,,,,,
BOE/CHI,Asset Management,0.9712,0.37586,624,,,,,,,,
CSQ/PFL,Asset Management,0.9506,0.37587,624,,,,,,,,
BOKF/SSB,Banks - Regional,0.9208,0.37588,624,,,,,,,,
NMI/PCQ,Asset Management,0.8092,0.37589,624,,,,,,,,
CATY/SFNC,Banks - Regional,0.8651,0.3759,624,,,,,,,,
HWBK/PEBO,Banks - Regional,0.934,0.3759,624,,,,,,,,
CHY/PTY,Asset Management,0.9572,0.37591,624,,,,,,,,
MHN/PFO,Asset Management,0.9453,0.37591,624,,,,,,,,
PIE/SWZ,Unknown,0.8431,0.37591,624,,,,,,,,
HOPE/PFS,Banks - Regional,0.8736,0.37591,624,,,,,,,,
BANR/CTBI,Banks - Regional,0.9616,0.37593,624,,,,,,,,
CMU/NMZ,Asset Management,0.9566,0.37595,624,,,,,,,,
FRST/INDB,Banks - Regional,0.889,0.37596,624,,,,,,,,
ETY/SAR,Asset Management,0.9717,0.37598,624,,,,,,,,
BXMX/RQI,Asset Management,0.9718,0.37598,624,,,,,,,,
COFS/FULT,Banks - Regional,0.8694,0.37599,624,,,,,,,,
PEBK/STBA,Banks - Regional,0.9339,0.376,624,,,,,,,,
RVT/USA,Asset Management,0.989,0.376,624,,,,,,,,
HOPE/SFST,Banks - Regional,0.8014,0.376,624,,,,,,,,
SFBC/ZION,Banks - Regional,0.9113,0.376,624,,,,,,,,
PFBC/WBS,Banks - Regional,0.9373,0.37601,624,,,,,,,,
CTBI/FMAO,Banks - Regional,0.8302,0.37603,624,,,,,,,,
FFIC/WNEB,Banks - Regional,0.8123,0.37604,624,,,,,,,,
IGI/TY,Asset Management,0.8968,0.37605,624,,,,,,,,
GJR/IMCV,Unknown,0.9505,0.37606,624,,,,,,,,
GABC/SSB,Banks - Regional,0.9264,0.37607,624,,,,,,,,
NBTB/STBA,Banks - Regional,0.9365,0.37607,624,,,,,,,,
MGYR/SFST,Banks - Regional,0.8655,0.3761,624,,,,,,,,
SBCF/TFC,Banks - Regional,0.9574,0.37611,624,,,,,,,,
GFF/SPXC,Building Products & Equipment,0.9665,0.37611,624,,,,,,,,
NRK/VTN,Asset Management,0.961,0.37612,624,,,,,,,,
EXG/SAR,Asset Management,0.9707,0.37613,624,,,,,,,,
ACWX/PSL,Unknown,0.9542,0.37613,624,,,,,,,,
BRKL/PEBO,Banks - Regional,0.8533,0.37613,624,,,,,,,,
EFR/STEW,Asset Management,0.9725,0.37614,624,,,,,,,,
FRME/WAL,Banks - Regional,0.9179,0.37615,624,,,,,,,,
CHMG/CVBF,Banks - Regional,0.8992,0.37616,624,,,,,,,,
PLBC/UBFO,Banks - Regional,0.9002,0.37617,624,,,,,,,,
NAC/PYN,Asset Management,0.8975,0.37617,624,,,,,,,,
GDO/LEO,Asset Management,0.93,0.3762,624,,,,,,,,
MQT/WEA,Asset Management,0.9322,0.37621,624,,,,,,,,
PSL/SHV,Unknown,0.8702,0.37622,624,,,,,,,,
BKN/CMU,Asset Management,0.9296,0.37622,624,,,,,,,,
FAB/SHV,Unknown,0.8668,0.37623,624,,,,,,,,
RFI/SCD,Asset Management,0.9065,0.37624,624,,,,,,,,
NFJ/SPE,Asset Management,0.9704,0.37624,624,,,,,,,,
CXH/NVG,Asset Management,0.9719,0.37625,624,,,,,,,,
CHCO/FRAF,Banks - Regional,0.9049,0.37626,624,,,,,,,,
MBWM/WSFS,Banks - Regional,0.9424,0.37626,624,,,,,,,,
OPOF/UCB,Banks - Regional,0.8268,0.37626,624,,,,,,,,
CWBC/FBIZ,Banks - Regional,0.8055,0.37626,624,,,,,,,,
KTF/PCK,Asset Management,0.8881,0.37627,624,,,,,,,,
ESSA/VABK,Banks - Regional,0.9055,0.37628,624,,,,,,,,
BME/GOF,Asset Management,0.9623,0.3763,624,,,,,,,,
FDBC/GBCI,Banks - Regional,0.8872,0.3763,624,,,,,,,,
GGG/KAI,Specialty Industrial Machinery,0.9475,0.37634,624,,,,,,,,
FUNC/OBT,Banks - Regional,0.8973,0.37635,624,,,,,,,,
BFZ/MVF,Asset Management,0.9735,0.37636,624,,,,,,,,
MNSB/SMBK,Banks - Regional,0.8844,0.37637,624,,,,,,,,
NWFL/THFF,Banks - Regional,0.8942,0.37637,624,,,,,,,,
LCNB/PGC,Banks - Regional,0.9172,0.37638,624,,,,,,,,
CAF/PMX,Asset Management,0.9026,0.37639,624,,,,,,,,
SSB/THFF,Banks - Regional,0.9244,0.37639,624,,,,,,,,
CCNE/WSFS,Banks - Regional,0.944,0.37641,624,,,,,,,,
LCNB/SBCF,Banks - Regional,0.8742,0.37641,624,,,,,,,,
BYM/HPI,Asset Management,0.9213,0.37641,624,,,,,,,,
GRC/MIDD,Specialty Industrial Machinery,0.8042,0.37643,624,,,,,,,,
IGA/STT,Asset Management,0.8808,0.37643,624,,,,,,,,
ETO/EVG,Asset Management,0.9709,0.37643,624,,,,,,,,
CCNE/OSBC,Banks - Regional,0.9188,0.37644,624,,,,,,,,
LEO/NXP,Asset Management,0.8923,0.37644,624,,,,,,,,
IEF/KTH,Unknown,0.8131,0.37646,624,,,,,,,,
CTBI/INDB,Banks - Regional,0.8655,0.37646,624,,,,,,,,
NNY/TSI,Asset Management,0.9259,0.37646,624,,,,,,,,
HIFS/UBCP,Banks - Regional,0.9462,0.37647,624,,,,,,,,
HPS/JRS,Asset Management,0.9632,0.37648,624,,,,,,,,
BOE/FOF,Asset Management,0.9865,0.37648,624,,,,,,,,
MUC/PYN,Asset Management,0.9023,0.37649,624,,,,,,,,
ABCB/HBAN,Banks - Regional,0.9729,0.37649,624,,,,,,,,
HIX/LEO,Asset Management,0.863,0.37649,624,,,,,,,,
HIX/MVF,Asset Management,0.8374,0.3765,624,,,,,,,,
KTN/PHO,Unknown,0.893,0.37652,624,,,,,,,,
HIFS/TFC,Banks - Regional,0.9382,0.37652,624,,,,,,,,
CADE/LCNB,Banks - Regional,0.8765,0.37652,624,,,,,,,,
HPS/MUJ,Asset Management,0.9373,0.37652,624,,,,,,,,
EFR/JCE,Asset Management,0.9728,0.37653,624,,,,,,,,
PIE/WOOD,Unknown,0.8916,0.37654,624,,,,,,,,
BVFL/MBCN,Banks - Regional,0.8224,0.37655,624,,,,,,,,
BFZ/CXH,Asset Management,0.9572,0.37655,624,,,,,,,,
HPS/MYN,Asset Management,0.8844,0.37656,624,,,,,,,,
OVBC/SMBK,Banks - Regional,0.8049,0.37657,624,,,,,,,,
HBCP/HWBK,Banks - Regional,0.9417,0.37657,624,,,,,,,,
FBIZ/FBNC,Banks - Regional,0.8326,0.37658,624,,,,,,,,
FRA/SOR,Asset Management,0.9688,0.3766,624,,,,,,,,
HPF/JHS,Asset Management,0.9214,0.37661,624,,,,,,,,
CIF/VTN,Asset Management,0.8773,0.37662,624,,,,,,,,
HQH/PMO,Asset Management,0.8798,0.37662,624,,,,,,,,
GAM/MAIN,Asset Management,0.9882,0.37663,624,,,,,,,,
BGT/SPXX,Asset Management,0.9503,0.37663,624,,,,,,,,
MIY/OIA,Asset Management,0.9666,0.37663,624,,,,,,,,
BGT/BN,Asset Management,0.9461,0.37665,624,,,,,,,,
MFIC/MPV,Asset Management,0.883,0.37665,624,,,,,,,,
JMM/MHN,Asset Management,0.911,0.37667,624,,,,,,,,
JHS/NQP,Asset Management,0.9704,0.37668,624,,,,,,,,
ABEO/PSTV,Biotechnology,0.8861,0.37668,624,,,,,,,,
MGYR/PFIS,Banks - Regional,0.9401,0.3767,624,,,,,,,,
FHI/FOF,Asset Management,0.9293,0.37671,624,,,,,,,,
MGF/MUA,Asset Management,0.9106,0.37672,624,,,,,,,,
PODD/SYK,Medical Devices,0.8842,0.37672,624,,,,,,,,
EVN/PFD,Asset Management,0.9593,0.37672,624,,,,,,,,
BOTJ/UBCP,Banks - Regional,0.8638,0.37672,624,,,,,,,,
CSQ/ETJ,Asset Management,0.9848,0.37674,624,,,,,,,,
PFS/WSFS,Banks - Regional,0.9432,0.37675,624,,,,,,,,
FTCS/KTH,Unknown,0.9704,0.37675,624,,,,,,,,
AMGN/BMY,Drug Manufacturers - General,0.8142,0.37676,624,,,,,,,,
DDT/VGSH,Unknown,0.8849,0.37677,624,,,,,,,,
CIVB/CTBI,Banks - Regional,0.9032,0.37677,624,,,,,,,,
BRW/BTO,Asset Management,0.9019,0.37677,624,,,,,,,,
ALRS/GBCI,Banks - Regional,0.9361,0.37678,624,,,,,,,,
ETV/MPV,Asset Management,0.9179,0.37678,624,,,,,,,,
CZFS/PFBC,Banks - Regional,0.8639,0.37679,624,,,,,,,,
BOTJ/CCBG,Banks - Regional,0.8327,0.37679,624,,,,,,,,
GAIN/NIE,Asset Management,0.9738,0.3768,624,,,,,,,,
HBCP/PLBC,Banks - Regional,0.9331,0.37681,624,,,,,,,,
HQH/MYI,Asset Management,0.9007,0.37682,624,,,,,,,,
INDY/PID,Unknown,0.9362,0.37682,624,,,,,,,,
HIX/MVT,Asset Management,0.8072,0.37682,624,,,,,,,,
GJO/PUI,Unknown,0.9689,0.37683,624,,,,,,,,
PCM/PSEC,Asset Management,0.8849,0.37684,624,,,,,,,,
HWBK/OFG,Banks - Regional,0.8084,0.37684,624,,,,,,,,
GJP/QABA,Unknown,0.8085,0.37685,624,,,,,,,,
CZNC/HWC,Banks - Regional,0.81,0.37685,624,,,,,,,,
GRX/SOR,Asset Management,0.9475,0.37685,624,,,,,,,,
PEBK/WAFD,Banks - Regional,0.9562,0.37685,624,,,,,,,,
FISI/OCFC,Banks - Regional,0.9141,0.37685,624,,,,,,,,
EVN/PYN,Asset Management,0.8637,0.37686,624,,,,,,,,
PEBO/UMBF,Banks - Regional,0.9184,0.37688,624,,,,,,,,
HWBK/HWC,Banks - Regional,0.8569,0.37688,624,,,,,,,,
CIVB/FUNC,Banks - Regional,0.8395,0.37689,624,,,,,,,,
JHS/WIA,Asset Management,0.9145,0.37689,624,,,,,,,,
FLC/NAC,Asset Management,0.9555,0.37689,624,,,,,,,,
IAE/TY,Asset Management,0.838,0.37691,624,,,,,,,,
FRAF/HBNC,Banks - Regional,0.9144,0.37694,624,,,,,,,,
MAIN/RNP,Asset Management,0.9476,0.37694,624,,,,,,,,
PHD/WIA,Asset Management,0.8543,0.37696,624,,,,,,,,
GJR/KTH,Unknown,0.9184,0.37697,624,,,,,,,,
AUB/PNFP,Banks - Regional,0.9343,0.37697,624,,,,,,,,
AB/EOS,Asset Management,0.955,0.37698,624,,,,,,,,
CMA/HBNC,Banks - Regional,0.9482,0.37699,624,,,,,,,,
ES/NEE,Utilities - Regulated Electric,0.9417,0.37699,624,,,,,,,,
LARK/UCB,Banks - Regional,0.8534,0.377,624,,,,,,,,
FLC/VCV,Asset Management,0.9599,0.377,624,,,,,,,,
UBSI/WSBF,Banks - Regional,0.9003,0.377,624,,,,,,,,
NUV/PCQ,Asset Management,0.8439,0.377,624,,,,,,,,
HFBL/SMBK,Banks - Regional,0.8549,0.37701,624,,,,,,,,
CIVB/SFNC,Banks - Regional,0.9166,0.37701,624,,,,,,,,
GJO/IUSG,Unknown,0.9661,0.37701,624,,,,,,,,
OPBK/SRCE,Banks - Regional,0.9459,0.37704,624,,,,,,,,
HPF/PMO,Asset Management,0.9433,0.37705,624,,,,,,,,
BTO/DHIL,Asset Management,0.9129,0.37706,624,,,,,,,,
FFC/MYN,Asset Management,0.9537,0.37707,624,,,,,,,,
ABCB/NRIM,Banks - Regional,0.8595,0.37707,624,,,,,,,,
KTH/PFI,Unknown,0.9456,0.37709,624,,,,,,,,
GBCI/OCFC,Banks - Regional,0.8079,0.37709,624,,,,,,,,
DHF/NZF,Asset Management,0.9087,0.3771,624,,,,,,,,
COLB/FRAF,Banks - Regional,0.8192,0.37714,624,,,,,,,,
HIO/PFN,Asset Management,0.9758,0.37715,624,,,,,,,,
MGF/VTN,Asset Management,0.8838,0.37715,624,,,,,,,,
SMBC/VABK,Banks - Regional,0.9351,0.37716,624,,,,,,,,
MMT/VKQ,Asset Management,0.928,0.37716,624,,,,,,,,
EFSC/OPOF,Banks - Regional,0.8831,0.37716,624,,,,,,,,
CCBG/KEY,Banks - Regional,0.8177,0.37716,624,,,,,,,,
BFC/OVLY,Banks - Regional,0.9422,0.37717,624,,,,,,,,
INDB/WSFS,Banks - Regional,0.9247,0.37717,624,,,,,,,,
ADP/DJCO,Software - Application,0.9071,0.37718,624,,,,,,,,
JHX/MLM,Building Materials,0.9335,0.37718,624,,,,,,,,
EOD/GLAD,Asset Management,0.9712,0.37718,624,,,,,,,,
PRFZ/PYT,Unknown,0.9532,0.37718,624,,,,,,,,
LCNB/PKBK,Banks - Regional,0.8827,0.37718,624,,,,,,,,
FFC/VMO,Asset Management,0.9559,0.37719,624,,,,,,,,
ETB/FLC,Asset Management,0.9239,0.3772,624,,,,,,,,
HIX/MUC,Asset Management,0.8703,0.3772,624,,,,,,,,
IBCP/RF,Banks - Regional,0.9339,0.3772,624,,,,,,,,
SBCF/SSB,Banks - Regional,0.8712,0.37721,624,,,,,,,,
CHMG/HIFS,Banks - Regional,0.8874,0.37721,624,,,,,,,,
CFR/CHMG,Banks - Regional,0.9422,0.37721,624,,,,,,,,
FBNC/FRAF,Banks - Regional,0.9525,0.37721,624,,,,,,,,
JCE/PCN,Asset Management,0.9403,0.37721,624,,,,,,,,
FBNC/USB,Banks - Regional,0.9154,0.37721,624,,,,,,,,
HFWA/MNSB,Banks - Regional,0.9017,0.37722,624,,,,,,,,
MMT/NVG,Asset Management,0.9509,0.37722,624,,,,,,,,
IBOC/OZK,Banks - Regional,0.8213,0.37725,624,,,,,,,,
BOKF/RBCAA,Banks - Regional,0.9312,0.37726,624,,,,,,,,
HBAN/TCBK,Banks - Regional,0.9613,0.37726,624,,,,,,,,
FCT/GDV,Asset Management,0.9727,0.37728,624,,,,,,,,
ALRS/HIFS,Banks - Regional,0.9193,0.37729,624,,,,,,,,
ACHV/TTNP,Biotechnology,0.8232,0.37729,624,,,,,,,,
FUNC/OPBK,Banks - Regional,0.9181,0.37729,624,,,,,,,,
FYX/PYT,Unknown,0.9474,0.3773,624,,,,,,,,
HYT/PFL,Asset Management,0.9747,0.37731,624,,,,,,,,
FDBC/TFC,Banks - Regional,0.8612,0.37732,624,,,,,,,,
OSBC/RBCAA,Banks - Regional,0.9128,0.37732,624,,,,,,,,
CXE/FMN,Asset Management,0.963,0.37733,624,,,,,,,,
FHN/WNEB,Banks - Regional,0.8271,0.37738,624,,,,,,,,
CBAN/PLBC,Banks - Regional,0.8641,0.37739,624,,,,,,,,
CCBG/COFS,Banks - Regional,0.8945,0.37739,624,,,,,,,,
WAFD/WASH,Banks - Regional,0.8872,0.3774,624,,,,,,,,
ETV/PCN,Asset Management,0.97,0.3774,624,,,,,,,,
CFFI/FSFG,Banks - Regional,0.8574,0.37741,624,,,,,,,,
MPA/NCA,Asset Management,0.9517,0.37741,624,,,,,,,,
ASB/LARK,Banks - Regional,0.8753,0.37742,624,,,,,,,,
FCBC/FXNC,Banks - Regional,0.8983,0.37743,624,,,,,,,,
USB/VABK,Banks - Regional,0.8821,0.37743,624,,,,,,,,
BLE/MMT,Asset Management,0.8527,0.37744,624,,,,,,,,
AUB/CVBF,Banks - Regional,0.938,0.37744,624,,,,,,,,
FBIZ/NBN,Banks - Regional,0.8916,0.37745,624,,,,,,,,
EFSC/WSBC,Banks - Regional,0.927,0.37745,624,,,,,,,,
CXE/JMM,Asset Management,0.9175,0.37748,624,,,,,,,,
MCHP/STM,Semiconductors,0.9686,0.37748,624,,,,,,,,
CNOB/EWBC,Banks - Regional,0.8934,0.3775,624,,,,,,,,
FUNC/TFC,Banks - Regional,0.8171,0.3775,624,,,,,,,,
GJS/PPH,Unknown,0.9411,0.3775,624,,,,,,,,
CATY/LKFN,Banks - Regional,0.9497,0.37751,624,,,,,,,,
IGD/RJF,Asset Management,0.9526,0.37751,624,,,,,,,,
FAD/GJH,Unknown,0.9696,0.37751,624,,,,,,,,
ESOA/FIX,Engineering & Construction,0.8972,0.37752,624,,,,,,,,
CHY/RMT,Asset Management,0.9876,0.37752,624,,,,,,,,
GABC/VLY,Banks - Regional,0.8306,0.37753,624,,,,,,,,
GUT/JHS,Asset Management,0.824,0.37753,624,,,,,,,,
OVBC/SHBI,Banks - Regional,0.8023,0.37754,624,,,,,,,,
OPOF/RVSB,Banks - Regional,0.8866,0.37754,624,,,,,,,,
ETV/STK,Asset Management,0.9508,0.37758,624,,,,,,,,
BFC/HIFS,Banks - Regional,0.8562,0.37758,624,,,,,,,,
HIO/NCA,Asset Management,0.8604,0.37758,624,,,,,,,,
CIF/NXJ,Asset Management,0.9531,0.37761,624,,,,,,,,
BFZ/MIN,Asset Management,0.8577,0.37761,624,,,,,,,,
LKFN/THFF,Banks - Regional,0.916,0.37763,624,,,,,,,,
WAFD/WTBA,Banks - Regional,0.9399,0.37764,624,,,,,,,,
FRAF/FRST,Banks - Regional,0.8424,0.37766,624,,,,,,,,
BRKL/FMBH,Banks - Regional,0.9068,0.37767,624,,,,,,,,
JCE/PCM,Asset Management,0.9077,0.37768,624,,,,,,,,
BHK/FMN,Asset Management,0.946,0.37768,624,,,,,,,,
HQH/PFO,Asset Management,0.8966,0.37769,624,,,,,,,,
LII/MAS,Building Products & Equipment,0.9508,0.37769,624,,,,,,,,
HBCP/SFNC,Banks - Regional,0.8531,0.37769,624,,,,,,,,
MAV/MVF,Asset Management,0.8792,0.37769,624,,,,,,,,
ARCC/BN,Asset Management,0.9646,0.3777,624,,,,,,,,
FCN/VRSK,Consulting Services,0.9435,0.3777,624,,,,,,,,
PNC/TFC,Banks - Regional,0.9323,0.3777,624,,,,,,,,
ITT/KAI,Specialty Industrial Machinery,0.9786,0.37771,624,,,,,,,,
AROW/IBOC,Banks - Regional,0.8133,0.37773,624,,,,,,,,
FMY/MQY,Asset Management,0.8562,0.37774,624,,,,,,,,
FRST/OCFC,Banks - Regional,0.9478,0.37774,624,,,,,,,,
IMCV/KTN,Unknown,0.9425,0.37775,624,,,,,,,,
CVBF/LARK,Banks - Regional,0.9122,0.37775,624,,,,,,,,
CHCO/WAL,Banks - Regional,0.8326,0.37777,624,,,,,,,,
NWBI/TCBK,Banks - Regional,0.9304,0.37778,624,,,,,,,,
MIN/NEA,Asset Management,0.9423,0.37778,624,,,,,,,,
ASB/SFNC,Banks - Regional,0.8861,0.37778,624,,,,,,,,
EFSC/TOWN,Banks - Regional,0.9765,0.37778,624,,,,,,,,
RJF/USA,Asset Management,0.9582,0.37779,624,,,,,,,,
FISI/FITB,Banks - Regional,0.8272,0.3778,624,,,,,,,,
PFS/SSBI,Banks - Regional,0.8291,0.37781,624,,,,,,,,
BOE/TSI,Asset Management,0.9206,0.37782,624,,,,,,,,
DSU/GLAD,Asset Management,0.9651,0.37783,624,,,,,,,,
CFR/SBCF,Banks - Regional,0.9159,0.37783,624,,,,,,,,
MAV/MQT,Asset Management,0.832,0.37784,624,,,,,,,,
GAM/PCM,Asset Management,0.8634,0.37785,624,,,,,,,,
NAN/NXP,Asset Management,0.9428,0.37785,624,,,,,,,,
USB/WSBC,Banks - Regional,0.9319,0.37785,624,,,,,,,,
PDP/VGSH,Unknown,0.9579,0.37787,624,,,,,,,,
PSEC/VLT,Asset Management,0.8492,0.37788,624,,,,,,,,
BME/HQH,Asset Management,0.925,0.37788,624,,,,,,,,
FFA/PTY,Asset Management,0.9627,0.37792,624,,,,,,,,
DHF/JEQ,Asset Management,0.9189,0.37792,624,,,,,,,,
EOD/JCE,Asset Management,0.965,0.37792,624,,,,,,,,
NEWT/PGC,Banks - Regional,0.8191,0.37793,624,,,,,,,,
ABCB/QCRH,Banks - Regional,0.9639,0.37794,624,,,,,,,,
PFI/RTH,Unknown,0.9735,0.37795,624,,,,,,,,
CASH/CWBC,Banks - Regional,0.845,0.37795,624,,,,,,,,
BCML/INDB,Banks - Regional,0.8667,0.37796,624,,,,,,,,
CVBF/WTFC,Banks - Regional,0.8523,0.37797,624,,,,,,,,
JSM/PHO,Unknown,0.8955,0.37797,624,,,,,,,,
BHE/CTS,Electronic Components,0.8286,0.37797,624,,,,,,,,
MSD/NCA,Asset Management,0.849,0.37798,624,,,,,,,,
FBIZ/WBS,Banks - Regional,0.8327,0.37801,624,,,,,,,,
ASB/PNC,Banks - Regional,0.9021,0.37802,624,,,,,,,,
HOMB/LCNB,Banks - Regional,0.9219,0.37802,624,,,,,,,,
MAIN/SPXX,Asset Management,0.97,0.37804,624,,,,,,,,
NZF/RNP,Asset Management,0.9187,0.37804,624,,,,,,,,
CFR/FBNC,Banks - Regional,0.9502,0.37805,624,,,,,,,,
CFR/CWBC,Banks - Regional,0.8932,0.37805,624,,,,,,,,
NTRS/PFL,Asset Management,0.9399,0.37806,624,,,,,,,,
CXH/JHI,Asset Management,0.8844,0.37807,624,,,,,,,,
HDB/PLBC,Banks - Regional,0.9195,0.37808,624,,,,,,,,
EBMT/LARK,Banks - Regional,0.8788,0.37808,624,,,,,,,,
PCN/STK,Asset Management,0.9132,0.37809,624,,,,,,,,
CMA/FMAO,Banks - Regional,0.9054,0.37809,624,,,,,,,,
IBB/QQQ,Unknown,0.8121,0.3781,624,,,,,,,,
EFSC/RVSB,Banks - Regional,0.8998,0.37811,624,,,,,,,,
ASRV/SFNC,Banks - Regional,0.8551,0.37811,624,,,,,,,,
FBIZ/GABC,Banks - Regional,0.8585,0.37812,624,,,,,,,,
OVBC/UVSP,Banks - Regional,0.8089,0.37812,624,,,,,,,,
UBSI/WAL,Banks - Regional,0.8767,0.37812,624,,,,,,,,
PRFZ/SHV,Unknown,0.8629,0.37812,624,,,,,,,,
TRMK/ZIONP,Banks - Regional,0.8791,0.37814,624,,,,,,,,
BSRR/COLB,Banks - Regional,0.8647,0.37814,624,,,,,,,,
GILD/NVS,Drug Manufacturers - General,0.8189,0.37815,624,,,,,,,,
CFFI/FMNB,Banks - Regional,0.8712,0.37817,624,,,,,,,,
TRMK/WABC,Banks - Regional,0.8927,0.37817,624,,,,,,,,
LEO/NXJ,Asset Management,0.9392,0.37818,624,,,,,,,,
FRAF/UVSP,Banks - Regional,0.9204,0.37819,624,,,,,,,,
PDP/QQEW,Unknown,0.9921,0.3782,624,,,,,,,,
SMBC/WSBC,Banks - Regional,0.8558,0.37821,624,,,,,,,,
PFBC/WNEB,Banks - Regional,0.8074,0.37823,624,,,,,,,,
JRS/MFM,Asset Management,0.8917,0.37823,624,,,,,,,,
FXNC/SBFG,Banks - Regional,0.8951,0.37824,624,,,,,,,,
FRST/RNST,Banks - Regional,0.935,0.37825,624,,,,,,,,
EPD/LNG,Oil & Gas Midstream,0.949,0.37826,624,,,,,,,,
MPB/UNB,Banks - Regional,0.8373,0.37827,624,,,,,,,,
DSU/PFN,Asset Management,0.9396,0.3783,624,,,,,,,,
NWE/OGE,Utilities - Regulated Electric,0.8936,0.3783,624,,,,,,,,
BUSE/INDB,Banks - Regional,0.9172,0.37831,624,,,,,,,,
EFR/IIF,Asset Management,0.9343,0.37831,624,,,,,,,,
RFI/STK,Asset Management,0.9376,0.37831,624,,,,,,,,
NEWT/VLY,Banks - Regional,0.8686,0.37832,624,,,,,,,,
FCF/TFC,Banks - Regional,0.895,0.37832,624,,,,,,,,
BRW/DSU,Asset Management,0.9606,0.37833,624,,,,,,,,
SBSI/VLY,Banks - Regional,0.8488,0.37833,624,,,,,,,,
MS/SF,Capital Markets,0.9796,0.37834,624,,,,,,,,
GJP/PUI,Unknown,0.9355,0.37835,624,,,,,,,,
EQR/UMH,REIT - Residential,0.9098,0.37836,624,,,,,,,,
PGC/WSFS,Banks - Regional,0.9377,0.37836,624,,,,,,,,
EIX/XEL,Utilities - Regulated Electric,0.837,0.37837,624,,,,,,,,
JCE/LGI,Asset Management,0.9763,0.37838,624,,,,,,,,
BFZ/NAD,Asset Management,0.9478,0.37838,624,,,,,,,,
FMNB/RBCAA,Banks - Regional,0.9019,0.3784,624,,,,,,,,
HBAN/WAL,Banks - Regional,0.9426,0.3784,624,,,,,,,,
FULT/HIFS,Banks - Regional,0.8625,0.37841,624,,,,,,,,
NEA/NPV,Asset Management,0.9493,0.37842,624,,,,,,,,
ASG/CHI,Asset Management,0.9669,0.37843,624,,,,,,,,
BLE/JMM,Asset Management,0.902,0.37845,624,,,,,,,,
MBWM/SBSI,Banks - Regional,0.9059,0.37846,624,,,,,,,,
IIM/RFI,Asset Management,0.8989,0.37846,624,,,,,,,,
RFI/STT,Asset Management,0.813,0.37847,624,,,,,,,,
PBHC/TSBK,Banks - Regional,0.9243,0.37847,624,,,,,,,,
FTA/GJR,Unknown,0.9542,0.37849,624,,,,,,,,
BOKF/MTB,Banks - Regional,0.9528,0.37849,624,,,,,,,,
BXMX/MPV,Asset Management,0.9403,0.37852,624,,,,,,,,
KTF/MUJ,Asset Management,0.9144,0.37852,624,,,,,,,,
BBH/PPH,Unknown,0.915,0.37853,624,,,,,,,,
FNWD/MPB,Banks - Regional,0.8797,0.37854,624,,,,,,,,
BCML/FUNC,Banks - Regional,0.9191,0.37854,624,,,,,,,,
PIO/QCLN,Unknown,0.8183,0.37855,624,,,,,,,,
PCH/SELF,REIT - Specialty,0.9204,0.37855,624,,,,,,,,
UVSP/WNEB,Banks - Regional,0.8997,0.37856,624,,,,,,,,
ASRV/CBU,Banks - Regional,0.8314,0.37857,624,,,,,,,,
CIVB/PFIS,Banks - Regional,0.8935,0.37857,624,,,,,,,,
FT/UTF,Asset Management,0.99,0.37858,624,,,,,,,,
BMRN/INCY,Biotechnology,0.8346,0.37859,624,,,,,,,,
CHCO/FNB,Banks - Regional,0.8802,0.37859,624,,,,,,,,
OCFC/SBCF,Banks - Regional,0.878,0.3786,624,,,,,,,,
NWFL/QCRH,Banks - Regional,0.8612,0.3786,624,,,,,,,,
FCT/NTRS,Asset Management,0.8749,0.37861,624,,,,,,,,
COFS/SBSI,Banks - Regional,0.8743,0.37861,624,,,,,,,,
ASB/RNST,Banks - Regional,0.9291,0.37862,624,,,,,,,,
ETJ/PCN,Asset Management,0.9455,0.37863,624,,,,,,,,
CARE/GSBC,Banks - Regional,0.8357,0.37864,624,,,,,,,,
BLE/PMF,Asset Management,0.9646,0.37864,624,,,,,,,,
RVSB/SBFG,Banks - Regional,0.8841,0.37865,624,,,,,,,,
JHS/MHI,Asset Management,0.8777,0.37866,624,,,,,,,,
CZNC/WSFS,Banks - Regional,0.9285,0.37867,624,,,,,,,,
CASH/WAL,Banks - Regional,0.9041,0.37868,624,,,,,,,,
ASB/QCRH,Banks - Regional,0.9273,0.37868,624,,,,,,,,
EVT/STK,Asset Management,0.9656,0.37868,624,,,,,,,,
ALRS/SFST,Banks - Regional,0.9188,0.3787,624,,,,,,,,
MHN/PNI,Asset Management,0.8994,0.3787,624,,,,,,,,
CWBC/OPBK,Banks - Regional,0.897,0.3787,624,,,,,,,,
HAFC/OCFC,Banks - Regional,0.8328,0.37872,624,,,,,,,,
OBT/SMBK,Banks - Regional,0.8513,0.37873,624,,,,,,,,
SPXC/TT,Building Products & Equipment,0.9868,0.37873,624,,,,,,,,
DSM/HPS,Asset Management,0.8618,0.37873,624,,,,,,,,
BRKL/CWBC,Banks - Regional,0.9075,0.37873,624,,,,,,,,
PSL/PTF,Unknown,0.9391,0.37874,624,,,,,,,,
TCBK/UBCP,Banks - Regional,0.9394,0.37874,624,,,,,,,,
NAZ/PYN,Asset Management,0.8587,0.37876,624,,,,,,,,
LARK/PGC,Banks - Regional,0.8852,0.37877,624,,,,,,,,
BVFL/SBSI,Banks - Regional,0.8622,0.37878,624,,,,,,,,
GBCI/WASH,Banks - Regional,0.8773,0.37878,624,,,,,,,,
SFBC/VABK,Banks - Regional,0.9565,0.37878,624,,,,,,,,
AXP/SLMBP,Credit Services,0.9258,0.37882,624,,,,,,,,
BHK/MYN,Asset Management,0.9542,0.37882,624,,,,,,,,
OVBC/TRST,Banks - Regional,0.8871,0.37883,624,,,,,,,,
FCCO/WSBF,Banks - Regional,0.9143,0.37884,624,,,,,,,,
DSM/NUV,Asset Management,0.9444,0.37884,624,,,,,,,,
NWN/UGI,Utilities - Regulated Gas,0.878,0.37887,624,,,,,,,,
BUSE/OVBC,Banks - Regional,0.8665,0.37887,624,,,,,,,,
PPG/SHW,Specialty Chemicals,0.8677,0.37888,624,,,,,,,,
BNY/CXE,Asset Management,0.9482,0.37888,624,,,,,,,,
CHY/ETV,Asset Management,0.9624,0.37888,624,,,,,,,,
FFC/MPA,Asset Management,0.9639,0.3789,624,,,,,,,,
AB/GOF,Asset Management,0.9441,0.37891,624,,,,,,,,
CII/EOS,Asset Management,0.9848,0.37892,624,,,,,,,,
APD/ECL,Specialty Chemicals,0.9345,0.37893,624,,,,,,,,
MUC/WEA,Asset Management,0.9,0.37893,624,,,,,,,,
JRS/VBF,Asset Management,0.9026,0.37895,624,,,,,,,,
AROW/IBCP,Banks - Regional,0.8645,0.37896,624,,,,,,,,
ASB/CFFI,Banks - Regional,0.8888,0.37896,624,,,,,,,,
FRAF/SBFG,Banks - Regional,0.9558,0.37897,624,,,,,,,,
CADE/EFSC,Banks - Regional,0.9349,0.37899,624,,,,,,,,
EFR/PCF,Asset Management,0.9528,0.379,624,,,,,,,,
IRD/VXRT,Biotechnology,0.8249,0.37901,624,,,,,,,,
LCNB/RVSB,Banks - Regional,0.8465,0.37901,624,,,,,,,,
AVB/UMH,REIT - Residential,0.932,0.37903,624,,,,,,,,
VTN/WEA,Asset Management,0.8956,0.37904,624,,,,,,,,
NXJ/PFO,Asset Management,0.9685,0.37905,624,,,,,,,,
EXG/FFA,Asset Management,0.9912,0.37906,624,,,,,,,,
FNWD/WAFD,Banks - Regional,0.8789,0.37906,624,,,,,,,,
HPF/MVF,Asset Management,0.8832,0.37907,624,,,,,,,,
BCAL/SYBT,Banks - Regional,0.8597,0.37908,624,,,,,,,,
PKBK/WTFC,Banks - Regional,0.9098,0.37908,624,,,,,,,,
CWBC/FFIN,Banks - Regional,0.8706,0.37909,624,,,,,,,,
GJT/RTH,Unknown,0.952,0.3791,624,,,,,,,,
BOE/JEQ,Asset Management,0.9116,0.37911,624,,,,,,,,
O/REG,REIT - Retail,0.8857,0.37911,624,,,,,,,,
FRME/SSBI,Banks - Regional,0.8548,0.37911,624,,,,,,,,
AGD/MHF,Asset Management,0.8558,0.37911,624,,,,,,,,
FRME/WTFC,Banks - Regional,0.9011,0.37917,624,,,,,,,,
BPOP/HWBK,Banks - Regional,0.9045,0.37917,624,,,,,,,,
BKN/PCK,Asset Management,0.8661,0.37918,624,,,,,,,,
AWF/FMY,Asset Management,0.9448,0.37919,624,,,,,,,,
BANR/USB,Banks - Regional,0.9228,0.3792,624,,,,,,,,
GCBC/HWBK,Banks - Regional,0.8549,0.3792,624,,,,,,,,
NAZ/NUW,Asset Management,0.9466,0.3792,624,,,,,,,,
DSU/JMM,Asset Management,0.9032,0.37922,624,,,,,,,,
ABCB/UNTY,Banks - Regional,0.9189,0.37924,624,,,,,,,,
BFIN/WSFS,Banks - Regional,0.8424,0.37925,624,,,,,,,,
CADE/COFS,Banks - Regional,0.8786,0.37926,624,,,,,,,,
HPS/JMM,Asset Management,0.9728,0.37927,624,,,,,,,,
CHCO/FMNB,Banks - Regional,0.8909,0.37928,624,,,,,,,,
SFNC/THFF,Banks - Regional,0.8633,0.37928,624,,,,,,,,
PGC/RNST,Banks - Regional,0.9238,0.37928,624,,,,,,,,
IJT/PFI,Unknown,0.9816,0.37928,624,,,,,,,,
JMM/NAC,Asset Management,0.9307,0.37931,624,,,,,,,,
FLC/NCA,Asset Management,0.9494,0.37932,624,,,,,,,,
IDA/WEC,Utilities - Regulated Electric,0.9737,0.37935,624,,,,,,,,
CIF/MFM,Asset Management,0.9324,0.37935,624,,,,,,,,
PHD/SPXX,Asset Management,0.9538,0.37936,624,,,,,,,,
CBSH/PEBK,Banks - Regional,0.9164,0.37936,624,,,,,,,,
NBTB/PEBO,Banks - Regional,0.9499,0.37937,624,,,,,,,,
NRIM/TBBK,Banks - Regional,0.9021,0.37938,624,,,,,,,,
BLW/FLC,Asset Management,0.9197,0.37938,624,,,,,,,,
HQH/MQT,Asset Management,0.8804,0.37941,624,,,,,,,,
RVSB/UVSP,Banks - Regional,0.865,0.37941,624,,,,,,,,
FHI/GLAD,Asset Management,0.9247,0.37942,624,,,,,,,,
BTO/IGD,Asset Management,0.9419,0.37942,624,,,,,,,,
CMU/EMD,Asset Management,0.88,0.37943,624,,,,,,,,
HBNC/NKSH,Banks - Regional,0.9079,0.37944,624,,,,,,,,
QQXT/VGSH,Unknown,0.9361,0.37946,624,,,,,,,,
BUSE/WSBC,Banks - Regional,0.949,0.37947,624,,,,,,,,
NIM/PCK,Asset Management,0.8036,0.37948,624,,,,,,,,
HFWA/UNTY,Banks - Regional,0.8087,0.37948,624,,,,,,,,
ETV/PCF,Asset Management,0.9761,0.3795,624,,,,,,,,
JACK/PZZA,Restaurants,0.8523,0.37951,624,,,,,,,,
MPB/THFF,Banks - Regional,0.9556,0.37951,624,,,,,,,,
CZWI/OVLY,Banks - Regional,0.837,0.37952,624,,,,,,,,
FISI/OVBC,Banks - Regional,0.8093,0.37952,624,,,,,,,,
ABCB/HBNC,Banks - Regional,0.9395,0.37954,624,,,,,,,,
CAF/PML,Asset Management,0.911,0.37955,624,,,,,,,,
BTE/USEG,Oil & Gas E&P,0.8335,0.37956,624,,,,,,,,
BLK/HQH,Asset Management,0.8674,0.37957,624,,,,,,,,
HWBK/OPBK,Banks - Regional,0.9349,0.37958,624,,,,,,,,
NKSH/SNV,Banks - Regional,0.8468,0.37958,624,,,,,,,,
FMBH/PFBC,Banks - Regional,0.9279,0.37958,624,,,,,,,,
AUB/CARE,Banks - Regional,0.8474,0.37959,624,,,,,,,,
DHIL/JCE,Asset Management,0.8632,0.37959,624,,,,,,,,
MSD/VLT,Asset Management,0.9456,0.37961,624,,,,,,,,
KTF/NCA,Asset Management,0.9338,0.37961,624,,,,,,,,
ACWI/PRFZ,Unknown,0.9861,0.37961,624,,,,,,,,
CARE/FULT,Banks - Regional,0.8372,0.37961,624,,,,,,,,
BOE/DSU,Asset Management,0.9714,0.37962,624,,,,,,,,
BTE/OVV,Oil & Gas E&P,0.8256,0.37963,624,,,,,,,,
BRW/IIF,Asset Management,0.8982,0.37963,624,,,,,,,,
NCA/PMX,Asset Management,0.905,0.37964,624,,,,,,,,
IBOC/PNC,Banks - Regional,0.9355,0.37964,624,,,,,,,,
BTA/CIF,Asset Management,0.9553,0.37968,624,,,,,,,,
TFC/VABK,Banks - Regional,0.8723,0.3797,624,,,,,,,,
CII/FFA,Asset Management,0.9962,0.37971,624,,,,,,,,
CMS/POR,Utilities - Regulated Electric,0.9605,0.37973,624,,,,,,,,
PLBC/WSBF,Banks - Regional,0.8571,0.37974,624,,,,,,,,
CIF/VPV,Asset Management,0.9304,0.37974,624,,,,,,,,
CZNC/TFC,Banks - Regional,0.9217,0.37976,624,,,,,,,,
KTF/PYN,Asset Management,0.8572,0.37976,624,,,,,,,,
FRA/STEW,Asset Management,0.9715,0.37976,624,,,,,,,,
CHCO/PFIS,Banks - Regional,0.892,0.37976,624,,,,,,,,
DDT/IMCV,Unknown,0.9846,0.37978,624,,,,,,,,
BOE/IIF,Asset Management,0.944,0.37978,624,,,,,,,,
CIF/MUC,Asset Management,0.9008,0.37978,624,,,,,,,,
FHN/INDB,Banks - Regional,0.8254,0.37979,624,,,,,,,,
TFC/UCB,Banks - Regional,0.9106,0.37981,624,,,,,,,,
HQH/VMO,Asset Management,0.8356,0.37981,624,,,,,,,,
RVT/SOR,Asset Management,0.9777,0.37988,624,,,,,,,,
DUK/TXNM,Utilities - Regulated Electric,0.9415,0.37988,624,,,,,,,,
BKT/NMZ,Asset Management,0.9425,0.37989,624,,,,,,,,
PFM/VGSH,Unknown,0.9334,0.3799,624,,,,,,,,
NAN/PFO,Asset Management,0.9699,0.37991,624,,,,,,,,
EMD/WIW,Asset Management,0.8723,0.37992,624,,,,,,,,
AVK/WIW,Asset Management,0.854,0.37993,624,,,,,,,,
FDBC/USB,Banks - Regional,0.8439,0.37995,624,,,,,,,,
ASB/CNOB,Banks - Regional,0.9191,0.37995,624,,,,,,,,
PCQ/PZC,Asset Management,0.929,0.37996,624,,,,,,,,
ADI/SLAB,Semiconductors,0.8884,0.37997,624,,,,,,,,
OBT/SRCE,Banks - Regional,0.8809,0.37997,624,,,,,,,,
IMOS/MRVL,Semiconductors,0.8318,0.38,624,,,,,,,,
AWF/GLAD,Asset Management,0.9337,0.38,624,,,,,,,,
GJP/WOOD,Unknown,0.8998,0.38,624,,,,,,,,
BLE/PNI,Asset Management,0.9288,0.38002,624,,,,,,,,
ALE/BIP,Utilities - Diversified,0.8392,0.38003,624,,,,,,,,
CGO/JEQ,Asset Management,0.9424,0.38005,624,,,,,,,,
BOH/TFC,Banks - Regional,0.9592,0.38006,624,,,,,,,,
WBS/WSBF,Banks - Regional,0.9057,0.38007,624,,,,,,,,
NECB/OVLY,Banks - Regional,0.8925,0.38008,624,,,,,,,,
KEY/RNST,Banks - Regional,0.9052,0.38009,624,,,,,,,,
BKT/PCK,Asset Management,0.8964,0.38009,624,,,,,,,,
ETW/GDL,Asset Management,0.9691,0.38009,624,,,,,,,,
HWBK/UBFO,Banks - Regional,0.9405,0.38009,624,,,,,,,,
CIVB/LKFN,Banks - Regional,0.9,0.3801,624,,,,,,,,
GJP/IEUS,Unknown,0.8782,0.38011,624,,,,,,,,
CHCO/TCBK,Banks - Regional,0.9158,0.38011,624,,,,,,,,
FCCO/OVBC,Banks - Regional,0.8707,0.38012,624,,,,,,,,
FMY/SBI,Asset Management,0.8376,0.38013,624,,,,,,,,
BGT/FOF,Asset Management,0.9614,0.38013,624,,,,,,,,
BLK/CGO,Asset Management,0.9522,0.38015,624,,,,,,,,
ARCC/BDJ,Asset Management,0.9718,0.38015,624,,,,,,,,
JSM/VMBS,Unknown,0.8682,0.38017,624,,,,,,,,
BBH/QTEC,Unknown,0.8622,0.38017,624,,,,,,,,
LRCX/TER,Semiconductor Equipment & Materials,0.9406,0.38019,624,,,,,,,,
PPT/WIA,Asset Management,0.8441,0.3802,624,,,,,,,,
BANR/ONB,Banks - Regional,0.9549,0.3802,624,,,,,,,,
CCBG/OBT,Banks - Regional,0.919,0.38022,624,,,,,,,,
MNSB/NBTB,Banks - Regional,0.884,0.38023,624,,,,,,,,
AROW/FMAO,Banks - Regional,0.871,0.38024,624,,,,,,,,
LARK/PLBC,Banks - Regional,0.8171,0.38025,624,,,,,,,,
RJF/SAR,Asset Management,0.957,0.38026,624,,,,,,,,
MCR/MUA,Asset Management,0.9164,0.38028,624,,,,,,,,
EBTC/FBIZ,Banks - Regional,0.8478,0.38029,624,,,,,,,,
HPF/PMM,Asset Management,0.9484,0.38029,624,,,,,,,,
DAL/UAL,Airlines,0.916,0.3803,624,,,,,,,,
BTZ/HIO,Asset Management,0.9775,0.38031,624,,,,,,,,
HBCP/NBTB,Banks - Regional,0.9672,0.38031,624,,,,,,,,
IFN/RJF,Asset Management,0.947,0.38032,624,,,,,,,,
ACWX/GJS,Unknown,0.9366,0.38034,624,,,,,,,,
BGT/NIE,Asset Management,0.9549,0.38035,624,,,,,,,,
GBCI/SHBI,Banks - Regional,0.8865,0.38036,624,,,,,,,,
FBIZ/PWOD,Banks - Regional,0.8395,0.38036,624,,,,,,,,
HIFS/QCRH,Banks - Regional,0.8813,0.38039,624,,,,,,,,
BFC/CZNC,Banks - Regional,0.8573,0.38039,624,,,,,,,,
NRK/OIA,Asset Management,0.9634,0.3804,624,,,,,,,,
FCF/ISBA,Banks - Regional,0.8789,0.38041,624,,,,,,,,
HPS/NQP,Asset Management,0.9492,0.38043,624,,,,,,,,
DHIL/ETY,Asset Management,0.8357,0.38043,624,,,,,,,,
PCM/SAR,Asset Management,0.9245,0.38044,624,,,,,,,,
MNDO/OTEX,Software - Application,0.8886,0.38045,624,,,,,,,,
NRIM/PB,Banks - Regional,0.8359,0.38045,624,,,,,,,,
FBIZ/PB,Banks - Regional,0.87,0.38045,624,,,,,,,,
CBU/HWBK,Banks - Regional,0.9085,0.38046,624,,,,,,,,
BOTJ/TFSL,Banks - Regional,0.8998,0.38047,624,,,,,,,,
IIM/PCQ,Asset Management,0.8411,0.38048,624,,,,,,,,
CCBG/WAL,Banks - Regional,0.8384,0.38049,624,,,,,,,,
CBAN/IBCP,Banks - Regional,0.8944,0.38049,624,,,,,,,,
FHI/SCD,Asset Management,0.9361,0.38049,624,,,,,,,,
FEX/IPB,Unknown,0.944,0.38049,624,,,,,,,,
AB/FFA,Asset Management,0.9618,0.3805,624,,,,,,,,
PPL/XEL,Utilities - Regulated Electric,0.8537,0.3805,624,,,,,,,,
GDV/UTF,Asset Management,0.9788,0.3805,624,,,,,,,,
NNN/REG,REIT - Retail,0.9275,0.38052,624,,,,,,,,
FFIN/HIFS,Banks - Regional,0.9598,0.38054,624,,,,,,,,
AOD/SPE,Asset Management,0.9659,0.38055,624,,,,,,,,
DSM/PFD,Asset Management,0.9364,0.38055,624,,,,,,,,
CIVB/LARK,Banks - Regional,0.9242,0.38056,624,,,,,,,,
BSRR/INDB,Banks - Regional,0.9071,0.38056,624,,,,,,,,
BFZ/MYD,Asset Management,0.9643,0.38057,624,,,,,,,,
MOFG/PEBO,Banks - Regional,0.8758,0.38057,624,,,,,,,,
PFD/RFI,Asset Management,0.8901,0.38057,624,,,,,,,,
PGC/VABK,Banks - Regional,0.8989,0.38057,624,,,,,,,,
BANC/RNST,Banks - Regional,0.8722,0.38057,624,,,,,,,,
HTBK/HWBK,Banks - Regional,0.816,0.38058,624,,,,,,,,
BOE/CSWC,Asset Management,0.9636,0.38059,624,,,,,,,,
AFB/JHI,Asset Management,0.89,0.3806,624,,,,,,,,
FDS/MSCI,Financial Data & Stock Exchanges,0.9763,0.3806,624,,,,,,,,
PDP/SHV,Unknown,0.8966,0.38062,624,,,,,,,,
ABCB/RVSB,Banks - Regional,0.8534,0.38062,624,,,,,,,,
CHCO/NBN,Banks - Regional,0.9109,0.38063,624,,,,,,,,
JQC/PSEC,Asset Management,0.8204,0.38065,624,,,,,,,,
CQP/ENB,Oil & Gas Midstream,0.8664,0.38065,624,,,,,,,,
FRA/SPXX,Asset Management,0.9549,0.38065,624,,,,,,,,
FRAF/WAL,Banks - Regional,0.8623,0.38067,624,,,,,,,,
MMT/NQP,Asset Management,0.9551,0.38069,624,,,,,,,,
NWE/PNW,Utilities - Regulated Electric,0.9594,0.38069,624,,,,,,,,
FHI/USA,Asset Management,0.9214,0.3807,624,,,,,,,,
BOTJ/OVBC,Banks - Regional,0.8281,0.38071,624,,,,,,,,
BFZ/MHD,Asset Management,0.9568,0.38071,624,,,,,,,,
SFBC/THFF,Banks - Regional,0.9426,0.38072,624,,,,,,,,
NFJ/PTY,Asset Management,0.9507,0.38072,624,,,,,,,,
JFR/SAR,Asset Management,0.9331,0.38073,624,,,,,,,,
NIE/PCN,Asset Management,0.9487,0.38074,624,,,,,,,,
EOT/HIO,Asset Management,0.8601,0.38074,624,,,,,,,,
NOM/PNF,Asset Management,0.8327,0.38076,624,,,,,,,,
CZFS/WTFC,Banks - Regional,0.8159,0.38076,624,,,,,,,,
ASB/THFF,Banks - Regional,0.9443,0.38076,624,,,,,,,,
IGR/JQC,Asset Management,0.8996,0.38077,624,,,,,,,,
FRST/TSBK,Banks - Regional,0.8227,0.38078,624,,,,,,,,
MMT/VGM,Asset Management,0.9194,0.38078,624,,,,,,,,
EFSC/NRIM,Banks - Regional,0.8437,0.3808,624,,,,,,,,
MITK/PEGA,Software - Application,0.8128,0.3808,624,,,,,,,,
ESLT/LMT,Aerospace & Defense,0.9122,0.38082,624,,,,,,,,
BPOP/SFBC,Banks - Regional,0.9095,0.38082,624,,,,,,,,
PFBC/SRCE,Banks - Regional,0.9799,0.38085,624,,,,,,,,
BTA/EHI,Asset Management,0.9509,0.38085,624,,,,,,,,
CHCO/OBT,Banks - Regional,0.9507,0.38085,624,,,,,,,,
MCI/SEIC,Asset Management,0.8573,0.38086,624,,,,,,,,
SBSI/TRST,Banks - Regional,0.9022,0.38087,624,,,,,,,,
CBSH/RBCAA,Banks - Regional,0.8965,0.38089,624,,,,,,,,
CCBG/WBS,Banks - Regional,0.8658,0.3809,624,,,,,,,,
BRKL/OVBC,Banks - Regional,0.8711,0.3809,624,,,,,,,,
SBSI/WTFC,Banks - Regional,0.8624,0.38092,624,,,,,,,,
NFBK/WTBA,Banks - Regional,0.8871,0.38096,624,,,,,,,,
BFC/CBSH,Banks - Regional,0.9197,0.38098,624,,,,,,,,
EVT/JCE,Asset Management,0.9832,0.38098,624,,,,,,,,
CBFV/CZFS,Banks - Regional,0.8097,0.38099,624,,,,,,,,
ASB/SBCF,Banks - Regional,0.8908,0.38099,624,,,,,,,,
FISI/FRME,Banks - Regional,0.9305,0.38104,624,,,,,,,,
PPBI/WASH,Banks - Regional,0.9591,0.38105,624,,,,,,,,
FMY/PCN,Asset Management,0.9342,0.38105,624,,,,,,,,
CADE/WAFD,Banks - Regional,0.9357,0.38106,624,,,,,,,,
FCNCA/IBOC,Banks - Regional,0.9227,0.38106,624,,,,,,,,
FRST/GABC,Banks - Regional,0.8474,0.38108,624,,,,,,,,
CBU/GBCI,Banks - Regional,0.9714,0.38109,624,,,,,,,,
ARCC/PFL,Asset Management,0.911,0.3811,624,,,,,,,,
BRW/JRS,Asset Management,0.8895,0.3811,624,,,,,,,,
SAR/STK,Asset Management,0.9658,0.38111,624,,,,,,,,
HQL/NTRS,Asset Management,0.8996,0.38111,624,,,,,,,,
DSM/NXP,Asset Management,0.8666,0.38112,624,,,,,,,,
WSFS/WTFC,Banks - Regional,0.9225,0.38113,624,,,,,,,,
NFBK/PFS,Banks - Regional,0.9206,0.38113,624,,,,,,,,
NQP/PMF,Asset Management,0.8942,0.38114,624,,,,,,,,
FNWD/SMBK,Banks - Regional,0.809,0.38114,624,,,,,,,,
FCT/TSI,Asset Management,0.9446,0.38114,624,,,,,,,,
PCK/VMO,Asset Management,0.8751,0.38115,624,,,,,,,,
BTZ/NCA,Asset Management,0.9297,0.38116,624,,,,,,,,
FCBC/NWFL,Banks - Regional,0.8967,0.38116,624,,,,,,,,
JHI/NAC,Asset Management,0.8457,0.38117,624,,,,,,,,
MOFG/WTBA,Banks - Regional,0.9116,0.38118,624,,,,,,,,
CRL/QGEN,Diagnostics & Research,0.9209,0.38118,624,,,,,,,,
AB/CII,Asset Management,0.9629,0.38118,624,,,,,,,,
BFK/MHI,Asset Management,0.9255,0.38118,624,,,,,,,,
FSFG/SFNC,Banks - Regional,0.8707,0.3812,624,,,,,,,,
TRST/WTFC,Banks - Regional,0.8331,0.3812,624,,,,,,,,
CBFV/TFC,Banks - Regional,0.8274,0.3812,624,,,,,,,,
ACWX/GJP,Unknown,0.9285,0.38121,624,,,,,,,,
HWC/NRIM,Banks - Regional,0.8624,0.38122,624,,,,,,,,
CHMG/SSB,Banks - Regional,0.8978,0.38122,624,,,,,,,,
ETY/STEW,Asset Management,0.9931,0.38122,624,,,,,,,,
CCNE/FFBC,Banks - Regional,0.9349,0.38124,624,,,,,,,,
HQH/NAD,Asset Management,0.8889,0.38124,624,,,,,,,,
CVBF/FISI,Banks - Regional,0.8835,0.38125,624,,,,,,,,
PNC/WSFS,Banks - Regional,0.9261,0.38125,624,,,,,,,,
EOI/GAIN,Asset Management,0.98,0.38126,624,,,,,,,,
FCF/RBCAA,Banks - Regional,0.9533,0.38127,624,,,,,,,,
ABCB/PEBK,Banks - Regional,0.9437,0.38127,624,,,,,,,,
UNB/USB,Banks - Regional,0.8287,0.38127,624,,,,,,,,
FRME/SRCE,Banks - Regional,0.9542,0.3813,624,,,,,,,,
EOT/EVG,Asset Management,0.8088,0.38131,624,,,,,,,,
HPF/NQP,Asset Management,0.9498,0.38132,624,,,,,,,,
BOTJ/OZK,Banks - Regional,0.857,0.38134,624,,,,,,,,
PID/SHV,Unknown,0.8631,0.38135,624,,,,,,,,
JRS/PAI,Asset Management,0.888,0.38135,624,,,,,,,,
CBU/HOMB,Banks - Regional,0.8579,0.38136,624,,,,,,,,
NBTB/PNFP,Banks - Regional,0.9399,0.38136,624,,,,,,,,
HFWA/MOFG,Banks - Regional,0.8548,0.38137,624,,,,,,,,
HQH/MQY,Asset Management,0.8803,0.38138,624,,,,,,,,
AUB/GBCI,Banks - Regional,0.9417,0.38138,624,,,,,,,,
PCK/VCV,Asset Management,0.8637,0.3814,624,,,,,,,,
IBB/IUSG,Unknown,0.835,0.38141,624,,,,,,,,
FULT/PPBI,Banks - Regional,0.865,0.38146,624,,,,,,,,
GAM/JQC,Asset Management,0.9687,0.38146,624,,,,,,,,
ISBA/MGYR,Banks - Regional,0.9198,0.38147,624,,,,,,,,
CZFS/SBSI,Banks - Regional,0.903,0.38148,624,,,,,,,,
PFBC/SHBI,Banks - Regional,0.8451,0.38149,624,,,,,,,,
BKN/MHI,Asset Management,0.8973,0.38149,624,,,,,,,,
GBCI/PKBK,Banks - Regional,0.9493,0.3815,624,,,,,,,,
BANR/GABC,Banks - Regional,0.9469,0.3815,624,,,,,,,,
BOH/WSBC,Banks - Regional,0.9283,0.38151,624,,,,,,,,
EXG/TY,Asset Management,0.9855,0.38151,624,,,,,,,,
APA/OVV,Oil & Gas E&P,0.9269,0.38151,624,,,,,,,,
IGA/IGD,Asset Management,0.9888,0.38151,624,,,,,,,,
ACWI/JBK,Unknown,0.9442,0.38151,624,,,,,,,,
BOKF/INDB,Banks - Regional,0.8636,0.38152,624,,,,,,,,
JCE/UTF,Asset Management,0.9716,0.38154,624,,,,,,,,
NAZ/PNI,Asset Management,0.8545,0.38154,624,,,,,,,,
ONB/OZK,Banks - Regional,0.8316,0.38155,624,,,,,,,,
ETG/GAM,Asset Management,0.9751,0.38155,624,,,,,,,,
LARK/OCFC,Banks - Regional,0.8492,0.38156,624,,,,,,,,
BFZ/IIM,Asset Management,0.9627,0.38156,624,,,,,,,,
BFC/WTBA,Banks - Regional,0.8289,0.38157,624,,,,,,,,
CSQ/PCF,Asset Management,0.9683,0.38159,624,,,,,,,,
FFIC/RNST,Banks - Regional,0.9037,0.38159,624,,,,,,,,
FBNC/MBCN,Banks - Regional,0.9298,0.38161,624,,,,,,,,
NMZ/NXJ,Asset Management,0.9809,0.38162,624,,,,,,,,
FCCO/UBCP,Banks - Regional,0.8903,0.38162,624,,,,,,,,
GRID/SWZ,Unknown,0.9418,0.38162,624,,,,,,,,
FLC/PCK,Asset Management,0.8083,0.38162,624,,,,,,,,
BFC/NRIM,Banks - Regional,0.9144,0.38163,624,,,,,,,,
FISI/WAFD,Banks - Regional,0.898,0.38164,624,,,,,,,,
PKBK/TFC,Banks - Regional,0.9196,0.38164,624,,,,,,,,
MIN/PFD,Asset Management,0.9134,0.38164,624,,,,,,,,
ACWX/PIO,Unknown,0.9764,0.38165,624,,,,,,,,
EFR/ETG,Asset Management,0.9726,0.38165,624,,,,,,,,
WTBA/WTFC,Banks - Regional,0.8524,0.38166,624,,,,,,,,
MGYR/ZION,Banks - Regional,0.8879,0.38166,624,,,,,,,,
GJO/SMH,Unknown,0.919,0.38167,624,,,,,,,,
NWBI/TSBK,Banks - Regional,0.9369,0.38168,624,,,,,,,,
BTA/PCK,Asset Management,0.8027,0.38168,624,,,,,,,,
BOKF/CARE,Banks - Regional,0.8009,0.38168,624,,,,,,,,
CZNC/EBMT,Banks - Regional,0.8891,0.38169,624,,,,,,,,
GDV/PTY,Asset Management,0.9659,0.38169,624,,,,,,,,
CHMG/SBSI,Banks - Regional,0.9151,0.38169,624,,,,,,,,
PYN/VGM,Asset Management,0.8668,0.3817,624,,,,,,,,
THFF/WABC,Banks - Regional,0.8794,0.38171,624,,,,,,,,
GRX/STK,Asset Management,0.8972,0.38172,624,,,,,,,,
EVF/EVG,Asset Management,0.9799,0.38172,624,,,,,,,,
PGC/SSBI,Banks - Regional,0.8617,0.38172,624,,,,,,,,
FFC/FMY,Asset Management,0.8793,0.38173,624,,,,,,,,
ALRS/SFNC,Banks - Regional,0.8884,0.38174,624,,,,,,,,
CGO/TY,Asset Management,0.9646,0.38175,624,,,,,,,,
EMR/GGG,Specialty Industrial Machinery,0.9591,0.38176,624,,,,,,,,
AROW/FFIN,Banks - Regional,0.9177,0.38176,624,,,,,,,,
SAFT/TRV,Insurance - Property & Casualty,0.8927,0.38176,624,,,,,,,,
GCV/USA,Asset Management,0.9125,0.38177,624,,,,,,,,
JHS/VMO,Asset Management,0.9631,0.38177,624,,,,,,,,
IFN/SPXX,Asset Management,0.9485,0.38177,624,,,,,,,,
PKBK/VLY,Banks - Regional,0.8562,0.38178,624,,,,,,,,
GAM/UTF,Asset Management,0.9455,0.38181,624,,,,,,,,
FCT/STEW,Asset Management,0.9655,0.38184,624,,,,,,,,
TOWN/UNB,Banks - Regional,0.8325,0.38187,624,,,,,,,,
AFB/MAV,Asset Management,0.8441,0.38187,624,,,,,,,,
UBFO/ZION,Banks - Regional,0.8903,0.38188,624,,,,,,,,
CBAN/ESSA,Banks - Regional,0.8541,0.38192,624,,,,,,,,
FHN/PFBC,Banks - Regional,0.8795,0.38192,624,,,,,,,,
CCBG/CCNE,Banks - Regional,0.8408,0.38194,624,,,,,,,,
PEBK/SSB,Banks - Regional,0.9296,0.38195,624,,,,,,,,
DHF/EOS,Asset Management,0.9448,0.38196,624,,,,,,,,
ETG/GLAD,Asset Management,0.9612,0.38197,624,,,,,,,,
BHK/CXE,Asset Management,0.9269,0.38198,624,,,,,,,,
LARK/MGYR,Banks - Regional,0.9254,0.38199,624,,,,,,,,
FFBC/SSB,Banks - Regional,0.929,0.38199,624,,,,,,,,
SWKH/TWN,Asset Management,0.8207,0.38199,624,,,,,,,,
TRN/UNP,Railroads,0.8941,0.382,624,,,,,,,,
PIO/QTEC,Unknown,0.9847,0.38201,624,,,,,,,,
RF/TOWN,Banks - Regional,0.9358,0.38201,624,,,,,,,,
NWBI/WNEB,Banks - Regional,0.892,0.38201,624,,,,,,,,
BOH/USB,Banks - Regional,0.9653,0.38202,624,,,,,,,,
ENFY/IPI,Agricultural Inputs,0.8169,0.38204,624,,,,,,,,
MGEE/WEC,Utilities - Regulated Electric,0.9698,0.38205,624,,,,,,,,
CCNE/PEBO,Banks - Regional,0.9409,0.38205,624,,,,,,,,
MMT/SBI,Asset Management,0.8879,0.38205,624,,,,,,,,
CNS/ETV,Asset Management,0.945,0.38208,624,,,,,,,,
FCT/RJF,Asset Management,0.942,0.38208,624,,,,,,,,
CNS/VBF,Asset Management,0.904,0.38209,624,,,,,,,,
CVBF/PNC,Banks - Regional,0.8867,0.38211,624,,,,,,,,
RMT/TWN,Asset Management,0.9324,0.38211,624,,,,,,,,
RVSB/SSBI,Banks - Regional,0.8362,0.38211,624,,,,,,,,
MPB/VABK,Banks - Regional,0.9561,0.38214,624,,,,,,,,
BNY/NIM,Asset Management,0.9046,0.38214,624,,,,,,,,
AAXJ/GJP,Unknown,0.8189,0.38216,624,,,,,,,,
CCBG/PFBC,Banks - Regional,0.9551,0.38217,624,,,,,,,,
HDB/SSBI,Banks - Regional,0.8849,0.38218,624,,,,,,,,
FDS/VALU,Financial Data & Stock Exchanges,0.9141,0.3822,624,,,,,,,,
TOWN/TSBK,Banks - Regional,0.9541,0.38221,624,,,,,,,,
GSBC/OPOF,Banks - Regional,0.8322,0.38221,624,,,,,,,,
FCBC/UNTY,Banks - Regional,0.9702,0.38222,624,,,,,,,,
EFSC/WBS,Banks - Regional,0.9705,0.38222,624,,,,,,,,
FCF/FITB,Banks - Regional,0.9525,0.38223,624,,,,,,,,
AUB/WAFD,Banks - Regional,0.9716,0.38223,624,,,,,,,,
CMS/IDA,Utilities - Regulated Electric,0.9846,0.38225,624,,,,,,,,
JMM/VTN,Asset Management,0.9141,0.38225,624,,,,,,,,
WSFS/WTBA,Banks - Regional,0.9498,0.38225,624,,,,,,,,
PSEC/SPE,Asset Management,0.835,0.38225,624,,,,,,,,
B/CGAU,Gold,0.8986,0.38227,624,,,,,,,,
GBCI/WAFD,Banks - Regional,0.9324,0.3823,624,,,,,,,,
BRW/JCE,Asset Management,0.9444,0.38232,624,,,,,,,,
FAB/GJO,Unknown,0.9527,0.38234,624,,,,,,,,
GAB/RFI,Asset Management,0.9526,0.38234,624,,,,,,,,
GATX/URI,Rental & Leasing Services,0.9532,0.38234,624,,,,,,,,
CZFS/IBOC,Banks - Regional,0.8233,0.38234,624,,,,,,,,
HBAN/WSBF,Banks - Regional,0.9185,0.38234,624,,,,,,,,
PAI/RQI,Asset Management,0.8978,0.38235,624,,,,,,,,
AER/GATX,Rental & Leasing Services,0.8969,0.38237,624,,,,,,,,
DCI/PH,Specialty Industrial Machinery,0.915,0.38237,624,,,,,,,,
CARE/PWOD,Banks - Regional,0.8284,0.38238,624,,,,,,,,
PKBK/SNV,Banks - Regional,0.9255,0.38238,624,,,,,,,,
FMY/RNP,Asset Management,0.9349,0.38239,624,,,,,,,,
ACHV/CAPR,Biotechnology,0.8131,0.3824,624,,,,,,,,
MOFG/NBTB,Banks - Regional,0.8363,0.38243,624,,,,,,,,
FBIZ/LKFN,Banks - Regional,0.8784,0.38244,624,,,,,,,,
CNS/NFJ,Asset Management,0.96,0.38244,624,,,,,,,,
ETY/HTGC,Asset Management,0.9727,0.38244,624,,,,,,,,
FFIN/LARK,Banks - Regional,0.8445,0.38245,624,,,,,,,,
FRAF/PB,Banks - Regional,0.918,0.38245,624,,,,,,,,
HIO/NXP,Asset Management,0.9526,0.38245,624,,,,,,,,
ABCB/COLB,Banks - Regional,0.8405,0.38246,624,,,,,,,,
BUSE/FNB,Banks - Regional,0.8617,0.38247,624,,,,,,,,
BCBP/MTB,Banks - Regional,0.8529,0.38248,624,,,,,,,,
APA/USEG,Oil & Gas E&P,0.8834,0.38249,624,,,,,,,,
BOH/TOWN,Banks - Regional,0.9128,0.38249,624,,,,,,,,
NFJ/SOR,Asset Management,0.9677,0.3825,624,,,,,,,,
CARE/CATY,Banks - Regional,0.8245,0.38253,624,,,,,,,,
HWC/LKFN,Banks - Regional,0.868,0.38254,624,,,,,,,,
GABC/UCB,Banks - Regional,0.9312,0.38255,624,,,,,,,,
INDY/QQEW,Unknown,0.9576,0.38255,624,,,,,,,,
CHMG/FBIZ,Banks - Regional,0.8791,0.38256,624,,,,,,,,
RJF/RMT,Asset Management,0.9478,0.38257,624,,,,,,,,
ALRS/SFBC,Banks - Regional,0.8862,0.38258,624,,,,,,,,
CTBI/WTBA,Banks - Regional,0.8942,0.38258,624,,,,,,,,
MNKD/SLS,Biotechnology,0.8578,0.38259,624,,,,,,,,
EFR/PSEC,Asset Management,0.8471,0.38259,624,,,,,,,,
ALRS/PLBC,Banks - Regional,0.8163,0.38261,624,,,,,,,,
CATY/PEBO,Banks - Regional,0.9659,0.38262,624,,,,,,,,
GDO/NKX,Asset Management,0.9528,0.38263,624,,,,,,,,
NKX/NMZ,Asset Management,0.9845,0.38264,624,,,,,,,,
CZWI/FMAO,Banks - Regional,0.8595,0.38265,624,,,,,,,,
COFS/UVSP,Banks - Regional,0.8276,0.38267,624,,,,,,,,
ETG/FOF,Asset Management,0.9914,0.38267,624,,,,,,,,
BGT/CSQ,Asset Management,0.9597,0.38267,624,,,,,,,,
EHI/WIA,Asset Management,0.931,0.38268,624,,,,,,,,
CMI/DCI,Specialty Industrial Machinery,0.9568,0.38269,624,,,,,,,,
JFR/PNNT,Asset Management,0.9263,0.38271,624,,,,,,,,
PPBI/WSBF,Banks - Regional,0.9375,0.38271,624,,,,,,,,
ACM/TTEK,Engineering & Construction,0.9517,0.38272,624,,,,,,,,
GJT/PRFZ,Unknown,0.9444,0.38272,624,,,,,,,,
BOTJ/NWFL,Banks - Regional,0.8529,0.38274,624,,,,,,,,
CTBI/NWBI,Banks - Regional,0.934,0.38275,624,,,,,,,,
HTGC/TWN,Asset Management,0.9702,0.38276,624,,,,,,,,
BCAL/BPOP,Banks - Regional,0.8164,0.38276,624,,,,,,,,
EVRG/TXNM,Utilities - Regulated Electric,0.9761,0.38276,624,,,,,,,,
BHK/NVG,Asset Management,0.9815,0.38276,624,,,,,,,,
ETW/PCM,Asset Management,0.9495,0.38276,624,,,,,,,,
FMNB/HTBK,Banks - Regional,0.9052,0.38279,624,,,,,,,,
CCBG/HBNC,Banks - Regional,0.8171,0.38281,624,,,,,,,,
BHLB/WSBC,Banks - Regional,0.8949,0.38281,624,,,,,,,,
CZWI/LARK,Banks - Regional,0.9252,0.38282,624,,,,,,,,
SFNC/WSBF,Banks - Regional,0.8997,0.38282,624,,,,,,,,
HWBK/SFST,Banks - Regional,0.8356,0.38285,624,,,,,,,,
DVY/VCSH,Unknown,0.9379,0.38286,624,,,,,,,,
BOH/TRMK,Banks - Regional,0.9314,0.38286,624,,,,,,,,
DDT/PUI,Unknown,0.9591,0.38286,624,,,,,,,,
NKX/PAI,Asset Management,0.9659,0.38287,624,,,,,,,,
GDO/VLT,Asset Management,0.9531,0.38288,624,,,,,,,,
HBAN/RF,Banks - Regional,0.9652,0.38289,624,,,,,,,,
CFR/MBCN,Banks - Regional,0.9317,0.38289,624,,,,,,,,
ALG/TEX,Farm & Heavy Construction Machinery,0.8224,0.38289,624,,,,,,,,
FGB/PHK,Asset Management,0.8639,0.3829,624,,,,,,,,
PSTV/RIGL,Biotechnology,0.8279,0.3829,624,,,,,,,,
MQY/OIA,Asset Management,0.957,0.38291,624,,,,,,,,
CRH/SMID,Building Materials,0.9257,0.38293,624,,,,,,,,
WRB/WTM,Insurance - Property & Casualty,0.9673,0.38294,624,,,,,,,,
PFN/RFI,Asset Management,0.9643,0.38295,624,,,,,,,,
MUJ/OIA,Asset Management,0.9686,0.38295,624,,,,,,,,
EMR/IEX,Specialty Industrial Machinery,0.9148,0.38295,624,,,,,,,,
GLAD/PNNT,Asset Management,0.9409,0.38295,624,,,,,,,,
CHMG/OCFC,Banks - Regional,0.8217,0.38296,624,,,,,,,,
CHI/PTY,Asset Management,0.9555,0.38296,624,,,,,,,,
MUC/NRK,Asset Management,0.9657,0.38296,624,,,,,,,,
PSEC/SCD,Asset Management,0.8103,0.38296,624,,,,,,,,
CCNE/NBTB,Banks - Regional,0.9119,0.38297,624,,,,,,,,
CBSH/EFSC,Banks - Regional,0.9481,0.38299,624,,,,,,,,
FFBC/PPBI,Banks - Regional,0.881,0.38299,624,,,,,,,,
JFR/MAIN,Asset Management,0.97,0.383,624,,,,,,,,
DSU/VLT,Asset Management,0.9627,0.38303,624,,,,,,,,
FHI/HTD,Asset Management,0.9215,0.38304,624,,,,,,,,
CASH/CBSH,Banks - Regional,0.8884,0.38305,624,,,,,,,,
GRX/HQH,Asset Management,0.9534,0.38306,624,,,,,,,,
EOD/UTF,Asset Management,0.9378,0.3831,624,,,,,,,,
BTO/SPE,Asset Management,0.929,0.3831,624,,,,,,,,
COFS/FMBH,Banks - Regional,0.8432,0.3831,624,,,,,,,,
PGC/TRMK,Banks - Regional,0.8997,0.38311,624,,,,,,,,
ESSA/FBIZ,Banks - Regional,0.9125,0.38312,624,,,,,,,,
DVY/SMH,Unknown,0.908,0.38316,624,,,,,,,,
ICLR/QGEN,Diagnostics & Research,0.922,0.38316,624,,,,,,,,
ATS/ETN,Specialty Industrial Machinery,0.8074,0.38317,624,,,,,,,,
PFL/PIM,Asset Management,0.9621,0.38317,624,,,,,,,,
DCOM/TFC,Banks - Regional,0.9006,0.38317,624,,,,,,,,
KTH/PEY,Unknown,0.9657,0.38317,624,,,,,,,,
RFI/VRTS,Asset Management,0.8068,0.38318,624,,,,,,,,
AX/IBCP,Banks - Regional,0.9566,0.38318,624,,,,,,,,
AOD/OIA,Asset Management,0.8503,0.38319,624,,,,,,,,
FMBH/SHBI,Banks - Regional,0.886,0.38319,624,,,,,,,,
ETO/QQQX,Asset Management,0.9874,0.3832,624,,,,,,,,
AB/IGA,Asset Management,0.9255,0.3832,624,,,,,,,,
FXNC/SBSI,Banks - Regional,0.8473,0.38321,624,,,,,,,,
GAM/IIF,Asset Management,0.9466,0.38323,624,,,,,,,,
CFR/TSBK,Banks - Regional,0.931,0.38323,624,,,,,,,,
BFZ/PYN,Asset Management,0.8354,0.38323,624,,,,,,,,
NIE/TY,Asset Management,0.9761,0.38323,624,,,,,,,,
NVG/WEA,Asset Management,0.9542,0.38324,624,,,,,,,,
ESSA/TRST,Banks - Regional,0.807,0.38325,624,,,,,,,,
AGD/DHF,Asset Management,0.9112,0.38325,624,,,,,,,,
IJT/PNQI,Unknown,0.9416,0.38325,624,,,,,,,,
DHF/UTF,Asset Management,0.9444,0.38326,624,,,,,,,,
OBT/OSBC,Banks - Regional,0.8465,0.38326,624,,,,,,,,
OSBC/WBS,Banks - Regional,0.9454,0.38327,624,,,,,,,,
NBN/NRIM,Banks - Regional,0.967,0.38327,624,,,,,,,,
MWA/SXI,Specialty Industrial Machinery,0.9254,0.38328,624,,,,,,,,
BKT/NXJ,Asset Management,0.9286,0.38329,624,,,,,,,,
JSM/ONEQ,Unknown,0.9075,0.38329,624,,,,,,,,
AIT/WCC,Industrial Distribution,0.9109,0.3833,624,,,,,,,,
CVBF/RBCAA,Banks - Regional,0.817,0.38333,624,,,,,,,,
FRA/TWN,Asset Management,0.9489,0.38333,624,,,,,,,,
BLE/NAZ,Asset Management,0.9387,0.38334,624,,,,,,,,
LRCX/NVMI,Semiconductor Equipment & Materials,0.9648,0.38334,624,,,,,,,,
JHS/LEO,Asset Management,0.9589,0.38335,624,,,,,,,,
BOH/FFBC,Banks - Regional,0.8921,0.38335,624,,,,,,,,
ISBA/OCFC,Banks - Regional,0.8109,0.38335,624,,,,,,,,
BTO/ETY,Asset Management,0.9284,0.38335,624,,,,,,,,
EBMT/NWBI,Banks - Regional,0.846,0.38336,624,,,,,,,,
NEA/PMF,Asset Management,0.9036,0.38337,624,,,,,,,,
BHLB/RNST,Banks - Regional,0.8537,0.3834,624,,,,,,,,
BLW/HIO,Asset Management,0.9869,0.38341,624,,,,,,,,
BTZ/NXN,Asset Management,0.9583,0.38341,624,,,,,,,,
EOD/STEW,Asset Management,0.9627,0.38341,624,,,,,,,,
GDO/MPA,Asset Management,0.9582,0.38342,624,,,,,,,,
IBOC/PB,Banks - Regional,0.9055,0.38342,624,,,,,,,,
CBU/OVLY,Banks - Regional,0.812,0.38343,624,,,,,,,,
BN/ETJ,Asset Management,0.9741,0.38344,624,,,,,,,,
SBCF/WSFS,Banks - Regional,0.9432,0.38345,624,,,,,,,,
FRAF/IBCP,Banks - Regional,0.9239,0.38345,624,,,,,,,,
FAB/PYZ,Unknown,0.9854,0.38345,624,,,,,,,,
MAIN/PCN,Asset Management,0.9205,0.38345,624,,,,,,,,
GABC/WSBC,Banks - Regional,0.8938,0.38346,624,,,,,,,,
BANC/PGC,Banks - Regional,0.8599,0.38346,624,,,,,,,,
FISI/PEBO,Banks - Regional,0.8778,0.38346,624,,,,,,,,
EXLS/G,Information Technology Services,0.847,0.38348,624,,,,,,,,
IBCP/KEY,Banks - Regional,0.8744,0.38349,624,,,,,,,,
FAD/KTH,Unknown,0.9536,0.38349,624,,,,,,,,
RBCAA/TOWN,Banks - Regional,0.931,0.3835,624,,,,,,,,
CHMG/SNV,Banks - Regional,0.9176,0.3835,624,,,,,,,,
GRC/ROK,Specialty Industrial Machinery,0.8573,0.38351,624,,,,,,,,
JRS/NVG,Asset Management,0.9068,0.38352,624,,,,,,,,
HPF/MUE,Asset Management,0.9023,0.38354,624,,,,,,,,
CCBG/STBA,Banks - Regional,0.8752,0.38354,624,,,,,,,,
SAR/SEIC,Asset Management,0.8831,0.38355,624,,,,,,,,
MPV/SAR,Asset Management,0.9336,0.38355,624,,,,,,,,
BKT/PNI,Asset Management,0.8697,0.38356,624,,,,,,,,
FMNB/FULT,Banks - Regional,0.9304,0.38357,624,,,,,,,,
EWBC/SBFG,Banks - Regional,0.9096,0.38357,624,,,,,,,,
PFF/PFI,Unknown,0.9508,0.38357,624,,,,,,,,
DHF/IAE,Asset Management,0.8854,0.38358,624,,,,,,,,
BUSE/UCB,Banks - Regional,0.9046,0.3836,624,,,,,,,,
CIF/DSU,Asset Management,0.8446,0.38361,624,,,,,,,,
PID/SMH,Unknown,0.9069,0.38362,624,,,,,,,,
HBNC/PNC,Banks - Regional,0.9055,0.38362,624,,,,,,,,
HIO/MIN,Asset Management,0.9606,0.38362,624,,,,,,,,
MAIN/STEW,Asset Management,0.9804,0.38363,624,,,,,,,,
HQH/NQP,Asset Management,0.8685,0.38364,624,,,,,,,,
JFR/RFI,Asset Management,0.9176,0.38365,624,,,,,,,,
HIG/THG,Insurance - Property & Casualty,0.9099,0.38366,624,,,,,,,,
PTF/QQQ,Unknown,0.9914,0.38368,624,,,,,,,,
ES/MGEE,Utilities - Regulated Electric,0.8994,0.3837,624,,,,,,,,
FFA/TWN,Asset Management,0.9623,0.38371,624,,,,,,,,
PHK/RMT,Asset Management,0.8297,0.38371,624,,,,,,,,
DHF/PFO,Asset Management,0.9142,0.38371,624,,,,,,,,
BDN/KRC,REIT - Office,0.9148,0.38372,624,,,,,,,,
LCNB/SSBI,Banks - Regional,0.8296,0.38373,624,,,,,,,,
HPI/JLS,Asset Management,0.9604,0.38376,624,,,,,,,,
HIO/VPV,Asset Management,0.912,0.3838,624,,,,,,,,
LINC/UTI,Education & Training Services,0.8603,0.38383,624,,,,,,,,
BSRR/PGC,Banks - Regional,0.8905,0.38384,624,,,,,,,,
GLAD/USA,Asset Management,0.9631,0.38386,624,,,,,,,,
BOE/EXG,Asset Management,0.9888,0.38386,624,,,,,,,,
RBA/RELX,Specialty Business Services,0.9507,0.38387,624,,,,,,,,
BCBP/EBTC,Banks - Regional,0.86,0.38388,624,,,,,,,,
MUJ/RFI,Asset Management,0.9241,0.38388,624,,,,,,,,
ETB/IFN,Asset Management,0.9289,0.38391,624,,,,,,,,
BNY/PMO,Asset Management,0.9047,0.38392,624,,,,,,,,
BND/GJH,Unknown,0.8964,0.38392,624,,,,,,,,
CNOB/PGC,Banks - Regional,0.9412,0.38393,624,,,,,,,,
JBK/RTH,Unknown,0.9497,0.38394,624,,,,,,,,
BFZ/PNI,Asset Management,0.8639,0.38395,624,,,,,,,,
CARE/STBA,Banks - Regional,0.8963,0.38396,624,,,,,,,,
DHIL/IIF,Asset Management,0.8267,0.38396,624,,,,,,,,
MQT/NZF,Asset Management,0.9745,0.38396,624,,,,,,,,
PML/VBF,Asset Management,0.8783,0.38397,624,,,,,,,,
LSCC/MRVL,Semiconductors,0.8674,0.38397,624,,,,,,,,
PEBK/SNV,Banks - Regional,0.9194,0.38397,624,,,,,,,,
PNC/UMBF,Banks - Regional,0.9639,0.38397,624,,,,,,,,
CFR/IBCP,Banks - Regional,0.9074,0.38397,624,,,,,,,,
JRS/MUJ,Asset Management,0.9227,0.38398,624,,,,,,,,
NRT/SJT,Oil & Gas E&P,0.8398,0.38398,624,,,,,,,,
EMD/MCR,Asset Management,0.8903,0.38399,624,,,,,,,,
CCBG/HDB,Banks - Regional,0.9053,0.38399,624,,,,,,,,
BKN/CXH,Asset Management,0.9553,0.38401,624,,,,,,,,
FRST/HBAN,Banks - Regional,0.8332,0.38401,624,,,,,,,,
BOE/PFL,Asset Management,0.9469,0.38402,624,,,,,,,,
CZNC/FHN,Banks - Regional,0.8146,0.38402,624,,,,,,,,
DTF/PMO,Asset Management,0.908,0.38403,624,,,,,,,,
RF/SBSI,Banks - Regional,0.9133,0.38404,624,,,,,,,,
FUND/LGI,Asset Management,0.9702,0.38404,624,,,,,,,,
FCT/SPXX,Asset Management,0.9631,0.38405,624,,,,,,,,
MIN/NZF,Asset Management,0.9335,0.38405,624,,,,,,,,
FUND/JCE,Asset Management,0.9671,0.38405,624,,,,,,,,
CHMG/MOFG,Banks - Regional,0.8268,0.38406,624,,,,,,,,
LEO/MSD,Asset Management,0.8309,0.38408,624,,,,,,,,
JRS/PSEC,Asset Management,0.8673,0.38408,624,,,,,,,,
LMT/NOC,Aerospace & Defense,0.9893,0.38408,624,,,,,,,,
MHD/NPV,Asset Management,0.8508,0.3841,624,,,,,,,,
TFC/WSBC,Banks - Regional,0.889,0.38411,624,,,,,,,,
CBAN/HIFS,Banks - Regional,0.9229,0.38411,624,,,,,,,,
FMY/NXC,Asset Management,0.8498,0.38413,624,,,,,,,,
EBMT/MOFG,Banks - Regional,0.8068,0.38414,624,,,,,,,,
PFF/VGIT,Unknown,0.901,0.38415,624,,,,,,,,
BXMX/VVR,Asset Management,0.9495,0.38416,624,,,,,,,,
DTF/EOT,Asset Management,0.9273,0.38417,624,,,,,,,,
TROW/TSI,Asset Management,0.8664,0.38418,624,,,,,,,,
AUB/UMBF,Banks - Regional,0.9147,0.38418,624,,,,,,,,
HQH/HYT,Asset Management,0.877,0.38419,624,,,,,,,,
TRST/UCB,Banks - Regional,0.8828,0.38419,624,,,,,,,,
DCI/GRC,Specialty Industrial Machinery,0.886,0.38419,624,,,,,,,,
DCOM/USB,Banks - Regional,0.9137,0.3842,624,,,,,,,,
PFM/VCSH,Unknown,0.9519,0.38421,624,,,,,,,,
BPOP/ORRF,Banks - Regional,0.8417,0.38421,624,,,,,,,,
HD/LOW,Home Improvement Retail,0.9899,0.38421,624,,,,,,,,
BXMX/ETO,Asset Management,0.9842,0.38422,624,,,,,,,,
LCNB/TSBK,Banks - Regional,0.8843,0.38423,624,,,,,,,,
SHBI/SNV,Banks - Regional,0.8947,0.38423,624,,,,,,,,
CGNX/MKSI,Scientific & Technical Instruments,0.9452,0.38424,624,,,,,,,,
EIX/EVRG,Utilities - Regulated Electric,0.8884,0.38424,624,,,,,,,,
EFSC/OSBC,Banks - Regional,0.9666,0.38425,624,,,,,,,,
GDV/SPXX,Asset Management,0.9876,0.38425,624,,,,,,,,
FRME/LARK,Banks - Regional,0.9283,0.38426,624,,,,,,,,
PPT/VCV,Asset Management,0.8692,0.38427,624,,,,,,,,
K/SJM,Packaged Foods,0.829,0.38428,624,,,,,,,,
COFS/CZFS,Banks - Regional,0.8428,0.38429,624,,,,,,,,
LAZ/MS,Capital Markets,0.8165,0.38429,624,,,,,,,,
HQH/MCR,Asset Management,0.8836,0.3843,624,,,,,,,,
ETB/ETG,Asset Management,0.976,0.38431,624,,,,,,,,
MSD/NAN,Asset Management,0.9058,0.38432,624,,,,,,,,
BUSE/EFSC,Banks - Regional,0.9634,0.38432,624,,,,,,,,
LCNB/SBFG,Banks - Regional,0.8938,0.38432,624,,,,,,,,
FDBC/MNSB,Banks - Regional,0.9035,0.38432,624,,,,,,,,
EWBC/HIFS,Banks - Regional,0.8903,0.38434,624,,,,,,,,
PIM/SPXX,Asset Management,0.9105,0.38434,624,,,,,,,,
HBAN/VLY,Banks - Regional,0.8256,0.38434,624,,,,,,,,
GJT/PEY,Unknown,0.9516,0.38434,624,,,,,,,,
CADE/LARK,Banks - Regional,0.8651,0.38434,624,,,,,,,,
ADX/BN,Asset Management,0.9813,0.38436,624,,,,,,,,
HPS/MQY,Asset Management,0.9058,0.38437,624,,,,,,,,
IAE/MSD,Asset Management,0.8422,0.38437,624,,,,,,,,
DSU/NTRS,Asset Management,0.8446,0.38437,624,,,,,,,,
BDJ/HTGC,Asset Management,0.9374,0.38438,624,,,,,,,,
CIGI/JLL,Real Estate Services,0.9084,0.38439,624,,,,,,,,
FCNCA/SMBC,Banks - Regional,0.8295,0.3844,624,,,,,,,,
BOE/PPT,Asset Management,0.8916,0.3844,624,,,,,,,,
ABCB/OVLY,Banks - Regional,0.8899,0.3844,624,,,,,,,,
BTO/EVT,Asset Management,0.9633,0.3844,624,,,,,,,,
AIA/BANFP,Unknown,0.8577,0.38441,624,,,,,,,,
EOD/IIF,Asset Management,0.9281,0.38442,624,,,,,,,,
J/TTEK,Engineering & Construction,0.9726,0.38443,624,,,,,,,,
COFS/WSFS,Banks - Regional,0.8718,0.38444,624,,,,,,,,
MCN/SOR,Asset Management,0.962,0.38445,624,,,,,,,,
MYN/PMX,Asset Management,0.9408,0.38445,624,,,,,,,,
CLH/CWST,Waste Management,0.8756,0.38445,624,,,,,,,,
MOFG/PPBI,Banks - Regional,0.8987,0.38448,624,,,,,,,,
MAV/MQY,Asset Management,0.8341,0.38449,624,,,,,,,,
BFZ/EMD,Asset Management,0.8506,0.38449,624,,,,,,,,
AAXJ/JSM,Unknown,0.9104,0.3845,624,,,,,,,,
EVN/LEO,Asset Management,0.9722,0.38451,624,,,,,,,,
ACWX/PTF,Unknown,0.9417,0.38452,624,,,,,,,,
GEOS/HLX,Oil & Gas Equipment & Services,0.8514,0.38452,624,,,,,,,,
FCCO/FITB,Banks - Regional,0.8833,0.38452,624,,,,,,,,
PYN/VTN,Asset Management,0.8579,0.38452,624,,,,,,,,
PFIS/WTBA,Banks - Regional,0.909,0.38453,624,,,,,,,,
CTBI/PPBI,Banks - Regional,0.8391,0.38454,624,,,,,,,,
EBMT/PB,Banks - Regional,0.8653,0.38454,624,,,,,,,,
BANF/BSRR,Banks - Regional,0.836,0.38454,624,,,,,,,,
UMBF/USB,Banks - Regional,0.8896,0.38454,624,,,,,,,,
IBCP/NBTB,Banks - Regional,0.9647,0.38454,624,,,,,,,,
DOX/PRGS,Software - Infrastructure,0.9324,0.38454,624,,,,,,,,
ABCB/OPOF,Banks - Regional,0.8575,0.38455,624,,,,,,,,
HQH/VKQ,Asset Management,0.844,0.38456,624,,,,,,,,
BXMX/IFN,Asset Management,0.9553,0.38456,624,,,,,,,,
CVBF/INDB,Banks - Regional,0.9622,0.38456,624,,,,,,,,
DHF/EVF,Asset Management,0.9429,0.38456,624,,,,,,,,
CHCO/PFBC,Banks - Regional,0.965,0.38457,624,,,,,,,,
BSRR/TRMK,Banks - Regional,0.955,0.38459,624,,,,,,,,
AUBN/CFFN,Banks - Regional,0.8317,0.3846,624,,,,,,,,
AROW/FBNC,Banks - Regional,0.9421,0.38462,624,,,,,,,,
GRX/NVG,Asset Management,0.9239,0.38462,624,,,,,,,,
ABCB/LARK,Banks - Regional,0.9025,0.38465,624,,,,,,,,
CFFI/WTFC,Banks - Regional,0.9174,0.38467,624,,,,,,,,
JPC/MHD,Asset Management,0.9068,0.38468,624,,,,,,,,
BTO/EFT,Asset Management,0.91,0.38469,624,,,,,,,,
NKSH/UCB,Banks - Regional,0.8212,0.3847,624,,,,,,,,
DHF/ETW,Asset Management,0.9463,0.38474,624,,,,,,,,
PFO/PNF,Asset Management,0.8685,0.38474,624,,,,,,,,
NWBI/WAFD,Banks - Regional,0.9559,0.38474,624,,,,,,,,
ETG/TSI,Asset Management,0.9447,0.38475,624,,,,,,,,
GCBC/LKFN,Banks - Regional,0.8969,0.38477,624,,,,,,,,
BEN/IVZ,Asset Management,0.8063,0.38477,624,,,,,,,,
MHI/MYD,Asset Management,0.9212,0.38478,624,,,,,,,,
CHMG/TRST,Banks - Regional,0.8773,0.38479,624,,,,,,,,
CBAN/FULT,Banks - Regional,0.9031,0.38479,624,,,,,,,,
AIV/CPT,REIT - Residential,0.9184,0.38479,624,,,,,,,,
FULT/RBCAA,Banks - Regional,0.9316,0.3848,624,,,,,,,,
OIA/RCS,Asset Management,0.8644,0.38483,624,,,,,,,,
IUSG/SOXX,Unknown,0.9827,0.38483,624,,,,,,,,
KEY/PFBC,Banks - Regional,0.8992,0.38484,624,,,,,,,,
CMA/UNB,Banks - Regional,0.8465,0.38486,624,,,,,,,,
BTZ/NXC,Asset Management,0.9452,0.38486,624,,,,,,,,
AZTA/RMD,Medical Instruments & Supplies,0.8937,0.38487,624,,,,,,,,
BOE/FCT,Asset Management,0.9604,0.38487,624,,,,,,,,
MCI/MFIC,Asset Management,0.8929,0.38487,624,,,,,,,,
FXNC/PEBK,Banks - Regional,0.8604,0.38487,624,,,,,,,,
JSM/PKW,Unknown,0.9114,0.38488,624,,,,,,,,
NICE/OTEX,Software - Application,0.8948,0.38489,624,,,,,,,,
KEQU/VIRC,"Furnishings, Fixtures & Appliances",0.8213,0.38489,624,,,,,,,,
FISI/OPBK,Banks - Regional,0.8585,0.38489,624,,,,,,,,
MPA/RFI,Asset Management,0.9115,0.3849,624,,,,,,,,
IGR/PFO,Asset Management,0.9093,0.3849,624,,,,,,,,
DCOM/PEBO,Banks - Regional,0.8464,0.38491,624,,,,,,,,
HIFS/SBSI,Banks - Regional,0.9538,0.38491,624,,,,,,,,
CVBF/WAL,Banks - Regional,0.8726,0.38492,624,,,,,,,,
MPV/STEW,Asset Management,0.9559,0.38494,624,,,,,,,,
MBWM/WBS,Banks - Regional,0.9306,0.38495,624,,,,,,,,
HUN/OLN,Chemicals,0.8126,0.38496,624,,,,,,,,
AUB/MOFG,Banks - Regional,0.8925,0.38496,624,,,,,,,,
HBNC/UBCP,Banks - Regional,0.8685,0.38498,624,,,,,,,,
PPH/QQQ,Unknown,0.922,0.38499,624,,,,,,,,
BXMX/JLS,Asset Management,0.9106,0.385,624,,,,,,,,
PYT/VMBS,Unknown,0.8487,0.385,624,,,,,,,,
DDT/IUSG,Unknown,0.9585,0.38502,624,,,,,,,,
ESE/GRMN,Scientific & Technical Instruments,0.9432,0.38503,624,,,,,,,,
MPB/SSB,Banks - Regional,0.9214,0.38504,624,,,,,,,,
MVF/PML,Asset Management,0.9247,0.38507,624,,,,,,,,
EMD/EVN,Asset Management,0.8556,0.38507,624,,,,,,,,
MYI/NMZ,Asset Management,0.9812,0.38507,624,,,,,,,,
JLS/PFN,Asset Management,0.9563,0.38508,624,,,,,,,,
AB/EOI,Asset Management,0.9507,0.38508,624,,,,,,,,
ACNB/GCBC,Banks - Regional,0.9105,0.38509,624,,,,,,,,
ACWX/GJR,Unknown,0.9103,0.38509,624,,,,,,,,
NXN/PFN,Asset Management,0.9381,0.3851,624,,,,,,,,
MUC/PMX,Asset Management,0.9443,0.3851,624,,,,,,,,
FLC/MVT,Asset Management,0.9025,0.3851,624,,,,,,,,
CSGP/FRPH,Real Estate Services,0.8629,0.38511,624,,,,,,,,
JMM/PMF,Asset Management,0.8325,0.38511,624,,,,,,,,
ASGN/TTGT,Information Technology Services,0.8266,0.38511,624,,,,,,,,
AWP/CSWC,Asset Management,0.8508,0.38511,624,,,,,,,,
MUC/PMF,Asset Management,0.9523,0.38512,624,,,,,,,,
FMBH/IBOC,Banks - Regional,0.8719,0.38512,624,,,,,,,,
FHN/TOWN,Banks - Regional,0.8876,0.38513,624,,,,,,,,
GDV/GLAD,Asset Management,0.9423,0.38515,624,,,,,,,,
COFS/SMBC,Banks - Regional,0.8884,0.38515,624,,,,,,,,
BRKL/ZION,Banks - Regional,0.907,0.38515,624,,,,,,,,
BUSE/LCNB,Banks - Regional,0.9108,0.38515,624,,,,,,,,
AGM/NNI,Credit Services,0.9532,0.38516,624,,,,,,,,
PYZ/QABA,Unknown,0.9245,0.38516,624,,,,,,,,
DCOM/OSBC,Banks - Regional,0.843,0.38516,624,,,,,,,,
PRGS/WEX,Software - Infrastructure,0.8155,0.38517,624,,,,,,,,
PGC/SBSI,Banks - Regional,0.9271,0.38517,624,,,,,,,,
CHMG/RNST,Banks - Regional,0.8484,0.38518,624,,,,,,,,
LEO/PML,Asset Management,0.9591,0.38519,624,,,,,,,,
JOUT/MODG,Leisure,0.9349,0.3852,624,,,,,,,,
PBHC/USB,Banks - Regional,0.8965,0.3852,624,,,,,,,,
BFK/EHI,Asset Management,0.8606,0.3852,624,,,,,,,,
PEBO/SNV,Banks - Regional,0.9373,0.38521,624,,,,,,,,
FITB/MGYR,Banks - Regional,0.9063,0.38523,624,,,,,,,,
NBTB/SBSI,Banks - Regional,0.9217,0.38523,624,,,,,,,,
FUND/WIW,Asset Management,0.8726,0.38524,624,,,,,,,,
PFD/VGM,Asset Management,0.9628,0.38526,624,,,,,,,,
ASB/WAL,Banks - Regional,0.8813,0.38526,624,,,,,,,,
HIX/NAD,Asset Management,0.924,0.38527,624,,,,,,,,
OBT/UNTY,Banks - Regional,0.9254,0.38528,624,,,,,,,,
DHF/JPC,Asset Management,0.9462,0.38529,624,,,,,,,,
PEBO/UCB,Banks - Regional,0.9121,0.38529,624,,,,,,,,
GJT/JBK,Unknown,0.9133,0.3853,624,,,,,,,,
FULT/UCB,Banks - Regional,0.9145,0.38531,624,,,,,,,,
BME/USA,Asset Management,0.9536,0.38533,624,,,,,,,,
BMRC/SFNC,Banks - Regional,0.838,0.38533,624,,,,,,,,
MKL/WTM,Insurance - Property & Casualty,0.953,0.38533,624,,,,,,,,
BOE/GAB,Asset Management,0.9687,0.38534,624,,,,,,,,
NTRS/RMT,Asset Management,0.9047,0.38536,624,,,,,,,,
CHCO/HBAN,Banks - Regional,0.9265,0.38536,624,,,,,,,,
ETV/TY,Asset Management,0.9918,0.38537,624,,,,,,,,
ETO/NFJ,Asset Management,0.9773,0.38537,624,,,,,,,,
BBH/BJK,Unknown,0.8263,0.38537,624,,,,,,,,
ALRS/LKFN,Banks - Regional,0.8939,0.38538,624,,,,,,,,
PFIS/RVSB,Banks - Regional,0.8089,0.3854,624,,,,,,,,
AFB/NMZ,Asset Management,0.9775,0.3854,624,,,,,,,,
MPB/UNTY,Banks - Regional,0.8962,0.3854,624,,,,,,,,
PUI/PYZ,Unknown,0.9259,0.38543,624,,,,,,,,
AIA/GJP,Unknown,0.8457,0.38544,624,,,,,,,,
OPBK/ZION,Banks - Regional,0.9118,0.38544,624,,,,,,,,
CADE/PFIS,Banks - Regional,0.885,0.38544,624,,,,,,,,
JSM/PIO,Unknown,0.9263,0.38546,624,,,,,,,,
CIVB/ONB,Banks - Regional,0.9077,0.38546,624,,,,,,,,
CHCO/WTBA,Banks - Regional,0.8138,0.38547,624,,,,,,,,
BCBP/PFBC,Banks - Regional,0.8496,0.38547,624,,,,,,,,
JPC/NEA,Asset Management,0.9402,0.38548,624,,,,,,,,
IGI/PIM,Asset Management,0.9115,0.38551,624,,,,,,,,
HQH/NEA,Asset Management,0.8543,0.38552,624,,,,,,,,
IPB/TVE,Unknown,0.9159,0.38552,624,,,,,,,,
SFST/UCB,Banks - Regional,0.9041,0.38554,624,,,,,,,,
HRL/LANC,Packaged Foods,0.8685,0.38556,624,,,,,,,,
CZWI/EFSC,Banks - Regional,0.9509,0.38558,624,,,,,,,,
JSM/QQEW,Unknown,0.9322,0.38558,624,,,,,,,,
NKSH/TFC,Banks - Regional,0.8491,0.3856,624,,,,,,,,
BXMX/DSU,Asset Management,0.9715,0.3856,624,,,,,,,,
FRME/PEBO,Banks - Regional,0.9688,0.38561,624,,,,,,,,
NKX/NQP,Asset Management,0.9772,0.38562,624,,,,,,,,
JHI/MQY,Asset Management,0.887,0.38565,624,,,,,,,,
JPC/PFN,Asset Management,0.973,0.38565,624,,,,,,,,
SFBC/WAFD,Banks - Regional,0.9411,0.38565,624,,,,,,,,
KEY/RVSB,Banks - Regional,0.8757,0.38566,624,,,,,,,,
ACWI/FAD,Unknown,0.9945,0.38569,624,,,,,,,,
BOE/GDV,Asset Management,0.981,0.3857,624,,,,,,,,
AROW/PNFP,Banks - Regional,0.8843,0.38573,624,,,,,,,,
FUND/PIM,Asset Management,0.8305,0.38573,624,,,,,,,,
GCBC/TCBK,Banks - Regional,0.8784,0.38574,624,,,,,,,,
DHI/PHM,Residential Construction,0.9819,0.38574,624,,,,,,,,
HOLX/ISRG,Medical Instruments & Supplies,0.8658,0.38576,624,,,,,,,,
MRK/NVO,Drug Manufacturers - General,0.9184,0.38576,624,,,,,,,,
BFIN/SMBK,Banks - Regional,0.8001,0.38577,624,,,,,,,,
BPOPM/IJT,Unknown,0.9562,0.38578,624,,,,,,,,
SBSI/WSFS,Banks - Regional,0.9448,0.38578,624,,,,,,,,
CCBG/NRIM,Banks - Regional,0.9204,0.38579,624,,,,,,,,
DCI/WTS,Specialty Industrial Machinery,0.9438,0.3858,624,,,,,,,,
IIM/PNF,Asset Management,0.876,0.3858,624,,,,,,,,
RFI/VVR,Asset Management,0.8941,0.3858,624,,,,,,,,
GJS/IUSG,Unknown,0.955,0.38581,624,,,,,,,,
AGD/EVG,Asset Management,0.9524,0.38584,624,,,,,,,,
TFC/WTFC,Banks - Regional,0.8315,0.38588,624,,,,,,,,
BFK/PCQ,Asset Management,0.9075,0.3859,624,,,,,,,,
FCFS/V,Credit Services,0.9099,0.3859,624,,,,,,,,
FFBC/WSBF,Banks - Regional,0.8517,0.38591,624,,,,,,,,
PIO/SMH,Unknown,0.9351,0.38592,624,,,,,,,,
MCN/PHD,Asset Management,0.9237,0.38592,624,,,,,,,,
EBTC/TRST,Banks - Regional,0.9094,0.38592,624,,,,,,,,
IGR/SCD,Asset Management,0.8574,0.38592,624,,,,,,,,
BOKF/OPOF,Banks - Regional,0.802,0.38594,624,,,,,,,,
FITB/INBK,Banks - Regional,0.8103,0.38594,624,,,,,,,,
FFIC/HFWA,Banks - Regional,0.8149,0.38595,624,,,,,,,,
BSRR/FNB,Banks - Regional,0.8436,0.38595,624,,,,,,,,
BYM/VTN,Asset Management,0.9606,0.38595,624,,,,,,,,
CZNC/SNV,Banks - Regional,0.8737,0.38595,624,,,,,,,,
KEY/PKBK,Banks - Regional,0.932,0.38596,624,,,,,,,,
EQR/SUI,REIT - Residential,0.9265,0.38597,624,,,,,,,,
EMD/VMO,Asset Management,0.8807,0.38597,624,,,,,,,,
GLAD/MCN,Asset Management,0.9425,0.38598,624,,,,,,,,
CFFI/PKBK,Banks - Regional,0.8686,0.38598,624,,,,,,,,
EIX/LNT,Utilities - Regulated Electric,0.8776,0.38598,624,,,,,,,,
CIF/MUE,Asset Management,0.9186,0.386,624,,,,,,,,
AOD/PCN,Asset Management,0.9319,0.386,624,,,,,,,,
CARE/WAFD,Banks - Regional,0.858,0.386,624,,,,,,,,
AGD/JCE,Asset Management,0.9532,0.38601,624,,,,,,,,
DHF/GAM,Asset Management,0.9291,0.38601,624,,,,,,,,
DHF/JLS,Asset Management,0.9194,0.38601,624,,,,,,,,
HBNC/UNB,Banks - Regional,0.8643,0.38602,624,,,,,,,,
KEY/OPOF,Banks - Regional,0.8238,0.38603,624,,,,,,,,
MUC/NNY,Asset Management,0.9529,0.38604,624,,,,,,,,
PGC/PPBI,Banks - Regional,0.9401,0.38605,624,,,,,,,,
FICO/INTU,Software - Application,0.8642,0.38607,624,,,,,,,,
PTY/RMT,Asset Management,0.9602,0.38609,624,,,,,,,,
BSX/SYK,Medical Devices,0.9702,0.38609,624,,,,,,,,
GDL/MSD,Asset Management,0.9107,0.3861,624,,,,,,,,
BOE/DHF,Asset Management,0.9482,0.38611,624,,,,,,,,
BHK/MMU,Asset Management,0.9092,0.38612,624,,,,,,,,
BPOPM/GJT,Unknown,0.9216,0.38615,624,,,,,,,,
DHF/USA,Asset Management,0.9434,0.38617,624,,,,,,,,
CZWI/FSFG,Banks - Regional,0.9344,0.38618,624,,,,,,,,
ETY/FFA,Asset Management,0.9953,0.38618,624,,,,,,,,
FNWD/RVSB,Banks - Regional,0.924,0.3862,624,,,,,,,,
FMNB/NFBK,Banks - Regional,0.8058,0.3862,624,,,,,,,,
HAFC/SSB,Banks - Regional,0.8685,0.38622,624,,,,,,,,
BANR/MBWM,Banks - Regional,0.9419,0.38626,624,,,,,,,,
EMD/PMO,Asset Management,0.8544,0.38626,624,,,,,,,,
ICLR/MTD,Diagnostics & Research,0.957,0.38627,624,,,,,,,,
CATY/FHN,Banks - Regional,0.8935,0.38628,624,,,,,,,,
FTCS/PTF,Unknown,0.9619,0.38628,624,,,,,,,,
CII/USA,Asset Management,0.9917,0.38628,624,,,,,,,,
BVFL/SBCF,Banks - Regional,0.8601,0.38629,624,,,,,,,,
RGEN/WST,Medical Instruments & Supplies,0.9613,0.3863,624,,,,,,,,
AROW/NWBI,Banks - Regional,0.9325,0.3863,624,,,,,,,,
PFO/TSI,Asset Management,0.9393,0.38632,624,,,,,,,,
GRX/PMM,Asset Management,0.9362,0.38632,624,,,,,,,,
CHI/HQH,Asset Management,0.8601,0.38632,624,,,,,,,,
CHMG/LKFN,Banks - Regional,0.9284,0.38635,624,,,,,,,,
EWBC/LARK,Banks - Regional,0.8616,0.38635,624,,,,,,,,
GOF/MAIN,Asset Management,0.9557,0.38636,624,,,,,,,,
PIM/SCD,Asset Management,0.8359,0.38636,624,,,,,,,,
IGD/SPXX,Asset Management,0.9729,0.38636,624,,,,,,,,
EBMT/SBFG,Banks - Regional,0.9081,0.38638,624,,,,,,,,
PCK/PMM,Asset Management,0.8199,0.38639,624,,,,,,,,
ATLC/SLM,Credit Services,0.8343,0.3864,624,,,,,,,,
COFS/UBSI,Banks - Regional,0.8658,0.3864,624,,,,,,,,
FULT/PFIS,Banks - Regional,0.9067,0.38642,624,,,,,,,,
ASB/LCNB,Banks - Regional,0.8994,0.38642,624,,,,,,,,
CBZ/CTAS,Specialty Business Services,0.9826,0.38642,624,,,,,,,,
CROX/DECK,Footwear & Accessories,0.8543,0.38642,624,,,,,,,,
CADE/UBCP,Banks - Regional,0.8447,0.38646,624,,,,,,,,
FISI/FMAO,Banks - Regional,0.8094,0.38646,624,,,,,,,,
CNS/MGF,Asset Management,0.8023,0.38649,624,,,,,,,,
LCII/WGO,Recreational Vehicles,0.9503,0.38651,624,,,,,,,,
IIM/MQY,Asset Management,0.9814,0.38651,624,,,,,,,,
MGYR/PPBI,Banks - Regional,0.867,0.38651,624,,,,,,,,
AWP/SPE,Asset Management,0.8905,0.38652,624,,,,,,,,
CHY/PCN,Asset Management,0.9413,0.38652,624,,,,,,,,
AKR/ALX,REIT - Retail,0.831,0.38654,624,,,,,,,,
CATY/WSBC,Banks - Regional,0.9197,0.38655,624,,,,,,,,
FULT/HAFC,Banks - Regional,0.8242,0.38658,624,,,,,,,,
PPT/RFI,Asset Management,0.911,0.38659,624,,,,,,,,
ACNB/EBTC,Banks - Regional,0.8949,0.3866,624,,,,,,,,
CFFI/FRME,Banks - Regional,0.8818,0.3866,624,,,,,,,,
JQC/TWN,Asset Management,0.8949,0.3866,624,,,,,,,,
IBB/PEY,Unknown,0.8763,0.38661,624,,,,,,,,
CENTA/JJSF,Packaged Foods,0.8612,0.38661,624,,,,,,,,
UCB/WSBF,Banks - Regional,0.9123,0.38661,624,,,,,,,,
WSBC/WSFS,Banks - Regional,0.9486,0.38662,624,,,,,,,,
GOF/HTGC,Asset Management,0.9288,0.38662,624,,,,,,,,
BXMX/IIF,Asset Management,0.9269,0.38662,624,,,,,,,,
FISI/FRAF,Banks - Regional,0.8656,0.38662,624,,,,,,,,
INDY/QTEC,Unknown,0.9578,0.38663,624,,,,,,,,
JSM/MBB,Unknown,0.8608,0.38663,624,,,,,,,,
FSFG/SSBI,Banks - Regional,0.816,0.38664,624,,,,,,,,
CADE/PWOD,Banks - Regional,0.8357,0.38665,624,,,,,,,,
EFT/HYT,Asset Management,0.9657,0.38666,624,,,,,,,,
FCCO/TRST,Banks - Regional,0.9342,0.38667,624,,,,,,,,
PZC/VPV,Asset Management,0.8747,0.38668,624,,,,,,,,
BOKF/ONB,Banks - Regional,0.956,0.38669,624,,,,,,,,
GLAD/NIE,Asset Management,0.964,0.3867,624,,,,,,,,
PFL/UTF,Asset Management,0.9766,0.38671,624,,,,,,,,
MYN/NXP,Asset Management,0.9084,0.38672,624,,,,,,,,
BLK/USA,Asset Management,0.9868,0.38674,624,,,,,,,,
PHD/RCS,Asset Management,0.8574,0.38677,624,,,,,,,,
CBSH/MOFG,Banks - Regional,0.8275,0.38677,624,,,,,,,,
BSRR/THFF,Banks - Regional,0.9535,0.38678,624,,,,,,,,
CFFI/ISBA,Banks - Regional,0.9007,0.38679,624,,,,,,,,
INDB/SSB,Banks - Regional,0.8536,0.3868,624,,,,,,,,
FBNC/HBNC,Banks - Regional,0.9356,0.3868,624,,,,,,,,
IGR/NZF,Asset Management,0.9034,0.38682,624,,,,,,,,
BXMT/LOAN,REIT - Mortgage,0.9124,0.38682,624,,,,,,,,
FXNC/MBWM,Banks - Regional,0.8553,0.38683,624,,,,,,,,
RVT/STT,Asset Management,0.8748,0.38683,624,,,,,,,,
BRW/CII,Asset Management,0.923,0.38683,624,,,,,,,,
CXE/GDO,Asset Management,0.9262,0.38685,624,,,,,,,,
RF/TCBK,Banks - Regional,0.9552,0.38685,624,,,,,,,,
INDB/RNST,Banks - Regional,0.8882,0.38685,624,,,,,,,,
KEY/PFIS,Banks - Regional,0.8861,0.38685,624,,,,,,,,
AFB/MMT,Asset Management,0.9121,0.38688,624,,,,,,,,
LEO/MIN,Asset Management,0.8612,0.38689,624,,,,,,,,
MHF/WIA,Asset Management,0.8855,0.38689,624,,,,,,,,
MHI/NNY,Asset Management,0.8641,0.38689,624,,,,,,,,
PNFP/PPBI,Banks - Regional,0.8643,0.3869,624,,,,,,,,
ACWX/PRN,Unknown,0.9516,0.38691,624,,,,,,,,
CVBF/FFBC,Banks - Regional,0.8886,0.38691,624,,,,,,,,
CHMG/COFS,Banks - Regional,0.8771,0.38692,624,,,,,,,,
OIA/SOR,Asset Management,0.8942,0.38693,624,,,,,,,,
BOTJ/UBFO,Banks - Regional,0.9165,0.38693,624,,,,,,,,
MHI/NCA,Asset Management,0.8729,0.38694,624,,,,,,,,
CGO/OIA,Asset Management,0.8968,0.38698,624,,,,,,,,
HBCP/MOFG,Banks - Regional,0.8752,0.38699,624,,,,,,,,
GJO/ONEQ,Unknown,0.9636,0.387,624,,,,,,,,
NVG/WIA,Asset Management,0.9195,0.38701,624,,,,,,,,
RNST/TCBI,Banks - Regional,0.8803,0.38701,624,,,,,,,,
DSU/JQC,Asset Management,0.9759,0.38702,624,,,,,,,,
HIX/VCV,Asset Management,0.8829,0.38702,624,,,,,,,,
CMU/PCK,Asset Management,0.8976,0.38702,624,,,,,,,,
FYX/SWZ,Unknown,0.9679,0.38704,624,,,,,,,,
PB/QCRH,Banks - Regional,0.9226,0.38704,624,,,,,,,,
EMF/HIX,Asset Management,0.8249,0.38704,624,,,,,,,,
ESEA/GOGL,Marine Shipping,0.9253,0.38705,624,,,,,,,,
JPC/NUW,Asset Management,0.9404,0.38706,624,,,,,,,,
GDL/IGD,Asset Management,0.9625,0.38707,624,,,,,,,,
CWBC/VLY,Banks - Regional,0.8143,0.38707,624,,,,,,,,
CFR/HFWA,Banks - Regional,0.8513,0.38707,624,,,,,,,,
FELE/IEX,Specialty Industrial Machinery,0.9457,0.38708,624,,,,,,,,
FMY/MPA,Asset Management,0.8742,0.38708,624,,,,,,,,
ETG/GAB,Asset Management,0.9783,0.38708,624,,,,,,,,
BSRR/CZNC,Banks - Regional,0.9039,0.3871,624,,,,,,,,
GUT/MIN,Asset Management,0.8308,0.3871,624,,,,,,,,
CARE/CWBC,Banks - Regional,0.8607,0.38711,624,,,,,,,,
ETV/GAB,Asset Management,0.9557,0.38712,624,,,,,,,,
FFC/NXP,Asset Management,0.9505,0.38712,624,,,,,,,,
GDL/STT,Asset Management,0.897,0.38713,624,,,,,,,,
ALRS/PPBI,Banks - Regional,0.9073,0.38716,624,,,,,,,,
CADE/WSBF,Banks - Regional,0.8782,0.38717,624,,,,,,,,
ADBE/NICE,Software - Application,0.9586,0.38717,624,,,,,,,,
GJT/PID,Unknown,0.8981,0.38717,624,,,,,,,,
FFA/PFL,Asset Management,0.9509,0.38719,624,,,,,,,,
MTB/QCRH,Banks - Regional,0.9428,0.3872,624,,,,,,,,
BFZ/MUA,Asset Management,0.9438,0.38723,624,,,,,,,,
CII/CSWC,Asset Management,0.9802,0.38725,624,,,,,,,,
ADSK/CDNS,Software - Application,0.8534,0.38727,624,,,,,,,,
CNOB/WAL,Banks - Regional,0.9322,0.38727,624,,,,,,,,
EA/NTES,Electronic Gaming & Multimedia,0.9328,0.38728,624,,,,,,,,
CWBC/SNV,Banks - Regional,0.9178,0.38729,624,,,,,,,,
FRA/RFI,Asset Management,0.8989,0.3873,624,,,,,,,,
FLIC/RVSB,Banks - Regional,0.8673,0.3873,624,,,,,,,,
ETO/GDL,Asset Management,0.9634,0.38731,624,,,,,,,,
PMF/VBF,Asset Management,0.8433,0.38731,624,,,,,,,,
FNWD/PEBO,Banks - Regional,0.8376,0.38732,624,,,,,,,,
EWBC/SNV,Banks - Regional,0.9605,0.38732,624,,,,,,,,
BUSE/CASH,Banks - Regional,0.8323,0.38733,624,,,,,,,,
ALNY/VRTX,Biotechnology,0.9102,0.38735,624,,,,,,,,
LKQ/THRM,Auto Parts,0.8342,0.38738,624,,,,,,,,
EOT/PCN,Asset Management,0.9086,0.3874,624,,,,,,,,
FCT/GAIN,Asset Management,0.944,0.3874,624,,,,,,,,
MIY/PYN,Asset Management,0.84,0.38741,624,,,,,,,,
IOSP/LIN,Specialty Chemicals,0.9045,0.38741,624,,,,,,,,
BOH/FDBC,Banks - Regional,0.8442,0.38741,624,,,,,,,,
AROW/BRKL,Banks - Regional,0.9344,0.38742,624,,,,,,,,
JRS/MMU,Asset Management,0.8637,0.38742,624,,,,,,,,
PEBK/PNFP,Banks - Regional,0.9034,0.38747,624,,,,,,,,
IBCP/WAL,Banks - Regional,0.88,0.38748,624,,,,,,,,
BSRR/HFWA,Banks - Regional,0.9149,0.38749,624,,,,,,,,
THFF/UBSI,Banks - Regional,0.92,0.3875,624,,,,,,,,
SFST/ZION,Banks - Regional,0.9238,0.38751,624,,,,,,,,
CBSH/HOMB,Banks - Regional,0.8895,0.38751,624,,,,,,,,
CAC/INBK,Banks - Regional,0.813,0.38751,624,,,,,,,,
BRW/MCI,Asset Management,0.934,0.38754,624,,,,,,,,
EFT/PSEC,Asset Management,0.8296,0.38754,624,,,,,,,,
NVG/NXJ,Asset Management,0.9838,0.38754,624,,,,,,,,
CXT/FELE,Specialty Industrial Machinery,0.9259,0.38756,624,,,,,,,,
AUB/ESSA,Banks - Regional,0.8962,0.38756,624,,,,,,,,
FUNC/RF,Banks - Regional,0.9225,0.38757,624,,,,,,,,
EGBN/HTBK,Banks - Regional,0.8392,0.38757,624,,,,,,,,
NEWT/PFBC,Banks - Regional,0.8177,0.38757,624,,,,,,,,
HWBK/RVSB,Banks - Regional,0.8091,0.3876,624,,,,,,,,
HXL/LHX,Aerospace & Defense,0.8065,0.3876,624,,,,,,,,
FRAF/NEWT,Banks - Regional,0.832,0.38761,624,,,,,,,,
HQH/NKX,Asset Management,0.8895,0.38761,624,,,,,,,,
FTA/KTN,Unknown,0.9349,0.38762,624,,,,,,,,
CIF/CMU,Asset Management,0.9114,0.38763,624,,,,,,,,
AUB/TRMK,Banks - Regional,0.9403,0.38764,624,,,,,,,,
FLC/NPV,Asset Management,0.9121,0.38764,624,,,,,,,,
FBNC/PEBO,Banks - Regional,0.9512,0.38764,624,,,,,,,,
MUE/PML,Asset Management,0.9259,0.38765,624,,,,,,,,
BOE/QQQX,Asset Management,0.9707,0.38767,624,,,,,,,,
EMD/NXJ,Asset Management,0.9005,0.38769,624,,,,,,,,
KGC/SA,Gold,0.8641,0.3877,624,,,,,,,,
FTCS/VGSH,Unknown,0.9351,0.3877,624,,,,,,,,
FHI/MAIN,Asset Management,0.9361,0.38771,624,,,,,,,,
BRW/ETB,Asset Management,0.9304,0.38773,624,,,,,,,,
CZFS/USB,Banks - Regional,0.8148,0.38773,624,,,,,,,,
HYT/JMM,Asset Management,0.9496,0.38775,624,,,,,,,,
BSRR/WAFD,Banks - Regional,0.9398,0.38776,624,,,,,,,,
BFK/MSD,Asset Management,0.8159,0.38778,624,,,,,,,,
FNWD/TRMK,Banks - Regional,0.8369,0.38778,624,,,,,,,,
FOF/PHD,Asset Management,0.974,0.3878,624,,,,,,,,
OXSQ/PHK,Asset Management,0.8773,0.38781,624,,,,,,,,
EVG/VBF,Asset Management,0.9039,0.38782,624,,,,,,,,
WSBC/WTFC,Banks - Regional,0.8513,0.38783,624,,,,,,,,
ETY/NIE,Asset Management,0.9907,0.38783,624,,,,,,,,
FRAF/NKSH,Banks - Regional,0.8524,0.38784,624,,,,,,,,
AUB/BANR,Banks - Regional,0.9546,0.38786,624,,,,,,,,
FBIZ/WAFD,Banks - Regional,0.8337,0.38787,624,,,,,,,,
GABC/SBSI,Banks - Regional,0.9632,0.38788,624,,,,,,,,
GDL/JFR,Asset Management,0.9684,0.38788,624,,,,,,,,
COF/SLMBP,Credit Services,0.8823,0.38788,624,,,,,,,,
CTBI/OBT,Banks - Regional,0.8715,0.38789,624,,,,,,,,
BME/SOR,Asset Management,0.9596,0.38791,624,,,,,,,,
FRA/PCM,Asset Management,0.8517,0.38794,624,,,,,,,,
HWC/UCB,Banks - Regional,0.8897,0.38795,624,,,,,,,,
FUNC/SBSI,Banks - Regional,0.8345,0.38797,624,,,,,,,,
AWP/BRW,Asset Management,0.8551,0.38799,624,,,,,,,,
BOH/CBSH,Banks - Regional,0.9323,0.388,624,,,,,,,,
IJT/PEZ,Unknown,0.9736,0.388,624,,,,,,,,
BRKL/FBNC,Banks - Regional,0.905,0.38801,624,,,,,,,,
GDO/JLS,Asset Management,0.9222,0.38801,624,,,,,,,,
PFN/PPT,Asset Management,0.9686,0.38802,624,,,,,,,,
MAIN/MCR,Asset Management,0.8935,0.38802,624,,,,,,,,
BRW/IGR,Asset Management,0.8422,0.38802,624,,,,,,,,
HFWA/SBCF,Banks - Regional,0.9342,0.38802,624,,,,,,,,
CTS/PLXS,Electronic Components,0.9395,0.38802,624,,,,,,,,
AUB/SBSI,Banks - Regional,0.9586,0.38802,624,,,,,,,,
BLW/PFO,Asset Management,0.8975,0.38803,624,,,,,,,,
RFI/RJF,Asset Management,0.9073,0.38805,624,,,,,,,,
FDBC/RBCAA,Banks - Regional,0.8449,0.38806,624,,,,,,,,
BXC/WCC,Industrial Distribution,0.8812,0.38806,624,,,,,,,,
CBU/PKBK,Banks - Regional,0.9448,0.38807,624,,,,,,,,
ACWI/GJS,Unknown,0.967,0.38807,624,,,,,,,,
UMBF/WSBF,Banks - Regional,0.8609,0.38808,624,,,,,,,,
ABCB/FRME,Banks - Regional,0.9647,0.38809,624,,,,,,,,
FMN/JMM,Asset Management,0.9183,0.38811,624,,,,,,,,
HPF/PMX,Asset Management,0.8251,0.38811,624,,,,,,,,
CADE/INDB,Banks - Regional,0.8726,0.38813,624,,,,,,,,
HAFC/ISBA,Banks - Regional,0.8381,0.38815,624,,,,,,,,
NFBK/USB,Banks - Regional,0.8919,0.38815,624,,,,,,,,
NXJ/VTN,Asset Management,0.9437,0.38816,624,,,,,,,,
PLBC/UMBF,Banks - Regional,0.9106,0.38816,624,,,,,,,,
BGT/JLS,Asset Management,0.8782,0.38816,624,,,,,,,,
BKT/PFO,Asset Management,0.9476,0.38817,624,,,,,,,,
PFF/SMH,Unknown,0.8042,0.38819,624,,,,,,,,
UBCP/WBS,Banks - Regional,0.882,0.38821,624,,,,,,,,
PBHC/TOWN,Banks - Regional,0.9242,0.38822,624,,,,,,,,
BRKL/SRCE,Banks - Regional,0.8242,0.38822,624,,,,,,,,
FFC/NAN,Asset Management,0.9705,0.38822,624,,,,,,,,
AVGO/MPWR,Semiconductors,0.902,0.38823,624,,,,,,,,
ARCC/FOF,Asset Management,0.9708,0.38824,624,,,,,,,,
HPF/MYI,Asset Management,0.9304,0.38824,624,,,,,,,,
SBSI/SNV,Banks - Regional,0.9054,0.38825,624,,,,,,,,
RCI/TLK,Telecom Services,0.8614,0.38825,624,,,,,,,,
CHMG/NEWT,Banks - Regional,0.832,0.38825,624,,,,,,,,
DHF/EOD,Asset Management,0.928,0.38825,624,,,,,,,,
KF/RVT,Asset Management,0.8141,0.38826,624,,,,,,,,
AU/IAG,Gold,0.8034,0.38829,624,,,,,,,,
LSBK/UBCP,Banks - Regional,0.8018,0.38829,624,,,,,,,,
BDJ/ETJ,Asset Management,0.9659,0.3883,624,,,,,,,,
JRS/MHD,Asset Management,0.8449,0.38832,624,,,,,,,,
ACNB/FUNC,Banks - Regional,0.9405,0.38834,624,,,,,,,,
FITB/WSBF,Banks - Regional,0.871,0.38835,624,,,,,,,,
BP/SU,Oil & Gas Integrated,0.8276,0.38835,624,,,,,,,,
GDV/PHD,Asset Management,0.9659,0.38837,624,,,,,,,,
CTBI/EBMT,Banks - Regional,0.8016,0.3884,624,,,,,,,,
INDB/OPBK,Banks - Regional,0.8584,0.38841,624,,,,,,,,
ASB/USB,Banks - Regional,0.91,0.38841,624,,,,,,,,
MCN/PFL,Asset Management,0.9,0.38843,624,,,,,,,,
DSU/LGI,Asset Management,0.9657,0.38843,624,,,,,,,,
CWT/HTO,Utilities - Regulated Water,0.9732,0.38845,624,,,,,,,,
FCBC/MBWM,Banks - Regional,0.9727,0.38846,624,,,,,,,,
TRMK/WSBF,Banks - Regional,0.875,0.38846,624,,,,,,,,
HBNC/OPOF,Banks - Regional,0.8776,0.38847,624,,,,,,,,
FNX/IPB,Unknown,0.9356,0.38847,624,,,,,,,,
SFBC/UMBF,Banks - Regional,0.9322,0.38847,624,,,,,,,,
GDO/NMT,Asset Management,0.9191,0.38847,624,,,,,,,,
MTH/TOL,Residential Construction,0.9482,0.38848,624,,,,,,,,
NFJ/PHK,Asset Management,0.8415,0.38849,624,,,,,,,,
KBR/TTEK,Engineering & Construction,0.8875,0.38849,624,,,,,,,,
CZNC/WAL,Banks - Regional,0.8839,0.38851,624,,,,,,,,
MBB/SHY,Unknown,0.8518,0.38853,624,,,,,,,,
IAE/IGD,Asset Management,0.8509,0.38853,624,,,,,,,,
BKT/FMY,Asset Management,0.8189,0.38854,624,,,,,,,,
COLB/HFBL,Banks - Regional,0.807,0.38854,624,,,,,,,,
FDBC/FFBC,Banks - Regional,0.831,0.38854,624,,,,,,,,
LARK/PROV,Banks - Regional,0.8417,0.38854,624,,,,,,,,
HSII/NSP,Staffing & Employment Services,0.8109,0.38856,624,,,,,,,,
MBB/PFF,Unknown,0.9002,0.38857,624,,,,,,,,
ESOA/STRL,Engineering & Construction,0.932,0.38857,624,,,,,,,,
MBWM/TFC,Banks - Regional,0.8526,0.38859,624,,,,,,,,
LARK/SSBI,Banks - Regional,0.827,0.38859,624,,,,,,,,
ETB/PTY,Asset Management,0.9545,0.3886,624,,,,,,,,
FBIZ/FCNCA,Banks - Regional,0.8841,0.38861,624,,,,,,,,
FMN/PCK,Asset Management,0.8983,0.38861,624,,,,,,,,
FT/GAM,Asset Management,0.9608,0.38861,624,,,,,,,,
SBFG/STBA,Banks - Regional,0.9067,0.38864,624,,,,,,,,
SSB/UMBF,Banks - Regional,0.9051,0.38864,624,,,,,,,,
BLW/HIX,Asset Management,0.9394,0.38865,624,,,,,,,,
BANF/PKBK,Banks - Regional,0.8934,0.38866,624,,,,,,,,
AGNC/DX,REIT - Mortgage,0.911,0.38866,624,,,,,,,,
ACWI/KTH,Unknown,0.9459,0.38869,624,,,,,,,,
IGR/WIA,Asset Management,0.909,0.3887,624,,,,,,,,
CMA/WSBC,Banks - Regional,0.9126,0.38872,624,,,,,,,,
LEO/NEA,Asset Management,0.9618,0.38872,624,,,,,,,,
MPV/SOR,Asset Management,0.9491,0.38872,624,,,,,,,,
BPOP/CZWI,Banks - Regional,0.808,0.38875,624,,,,,,,,
BXMX/PTY,Asset Management,0.9603,0.38875,624,,,,,,,,
NUV/NZF,Asset Management,0.9831,0.38876,624,,,,,,,,
ARCC/DHIL,Asset Management,0.8128,0.38877,624,,,,,,,,
CHMG/STBA,Banks - Regional,0.9082,0.38877,624,,,,,,,,
IEI/PFF,Unknown,0.9091,0.38878,624,,,,,,,,
BELFB/SANM,Electronic Components,0.8228,0.38878,624,,,,,,,,
FNB/ONB,Banks - Regional,0.8961,0.38878,624,,,,,,,,
BN/PCN,Asset Management,0.937,0.38879,624,,,,,,,,
FCCO/GSBC,Banks - Regional,0.9532,0.38879,624,,,,,,,,
PFBC/PKBK,Banks - Regional,0.9525,0.3888,624,,,,,,,,
MHF/MHI,Asset Management,0.8371,0.38881,624,,,,,,,,
EVG/JLS,Asset Management,0.9113,0.38883,624,,,,,,,,
CIVB/SBCF,Banks - Regional,0.966,0.38883,624,,,,,,,,
CTS/FLEX,Electronic Components,0.8307,0.38887,624,,,,,,,,
AWF/BLK,Asset Management,0.9548,0.38888,624,,,,,,,,
DVY/IPB,Unknown,0.9441,0.3889,624,,,,,,,,
IMCV/INDY,Unknown,0.9528,0.38891,624,,,,,,,,
FLC/FMY,Asset Management,0.8919,0.38891,624,,,,,,,,
BNY/FFC,Asset Management,0.9016,0.38892,624,,,,,,,,
AROW/WTBA,Banks - Regional,0.9513,0.38892,624,,,,,,,,
LSBK/PFIS,Banks - Regional,0.8579,0.38893,624,,,,,,,,
CIF/TSI,Asset Management,0.9134,0.38894,624,,,,,,,,
CHI/NIE,Asset Management,0.9838,0.38896,624,,,,,,,,
BANC/PFS,Banks - Regional,0.8845,0.38898,624,,,,,,,,
CXH/MUE,Asset Management,0.9815,0.38898,624,,,,,,,,
OSBC/OVBC,Banks - Regional,0.8411,0.38899,624,,,,,,,,
HOMB/MPB,Banks - Regional,0.9044,0.389,624,,,,,,,,
BFS/FRT,REIT - Retail,0.912,0.389,624,,,,,,,,
BTO/GRX,Asset Management,0.9435,0.38902,624,,,,,,,,
PFL/VLT,Asset Management,0.9803,0.38902,624,,,,,,,,
RFI/TY,Asset Management,0.9749,0.38902,624,,,,,,,,
DSM/RQI,Asset Management,0.8181,0.38904,624,,,,,,,,
JBK/PFM,Unknown,0.9476,0.38907,624,,,,,,,,
PNNT/STEW,Asset Management,0.9125,0.38907,624,,,,,,,,
EOT/WIW,Asset Management,0.8211,0.38908,624,,,,,,,,
BMRC/KRNY,Banks - Regional,0.8382,0.38909,624,,,,,,,,
HIO/JLS,Asset Management,0.9161,0.38909,624,,,,,,,,
CTSH/WNS,Information Technology Services,0.8157,0.3891,624,,,,,,,,
LARK/RNST,Banks - Regional,0.906,0.38911,624,,,,,,,,
PPH/VGSH,Unknown,0.8675,0.38912,624,,,,,,,,
CAC/FCBC,Banks - Regional,0.9091,0.38912,624,,,,,,,,
HBAN/LKFN,Banks - Regional,0.9446,0.38913,624,,,,,,,,
GAM/RJF,Asset Management,0.9679,0.38913,624,,,,,,,,
NXJ/OIA,Asset Management,0.9747,0.38914,624,,,,,,,,
BRKL/NKSH,Banks - Regional,0.8912,0.38915,624,,,,,,,,
HQH/NVG,Asset Management,0.8489,0.38916,624,,,,,,,,
BUSE/ISBA,Banks - Regional,0.8624,0.38917,624,,,,,,,,
PPH/SHY,Unknown,0.86,0.38917,624,,,,,,,,
JHS/VTN,Asset Management,0.9236,0.38918,624,,,,,,,,
BVFL/GSBC,Banks - Regional,0.839,0.38918,624,,,,,,,,
MUJ/NMZ,Asset Management,0.984,0.38918,624,,,,,,,,
GLAD/HYT,Asset Management,0.9427,0.38918,624,,,,,,,,
HYT/NIE,Asset Management,0.9861,0.38918,624,,,,,,,,
NKSH/SSB,Banks - Regional,0.8484,0.38919,624,,,,,,,,
AWP/CIF,Asset Management,0.9638,0.38919,624,,,,,,,,
HPF/VCV,Asset Management,0.928,0.3892,624,,,,,,,,
CFFI/USB,Banks - Regional,0.8246,0.3892,624,,,,,,,,
FCBC/PBHC,Banks - Regional,0.877,0.38921,624,,,,,,,,
BNY/CMU,Asset Management,0.9423,0.38923,624,,,,,,,,
BUSE/PPBI,Banks - Regional,0.9386,0.38924,624,,,,,,,,
MLR/ORLY,Auto Parts,0.897,0.38924,624,,,,,,,,
DTF/NXJ,Asset Management,0.8986,0.38927,624,,,,,,,,
NWBI/PKBK,Banks - Regional,0.9344,0.38927,624,,,,,,,,
FFIN/WAL,Banks - Regional,0.9431,0.38927,624,,,,,,,,
GJS/PDP,Unknown,0.9557,0.38927,624,,,,,,,,
FMN/PNI,Asset Management,0.8975,0.3893,624,,,,,,,,
JEQ/JOF,Asset Management,0.9562,0.3893,624,,,,,,,,
GUT/NXC,Asset Management,0.8016,0.38931,624,,,,,,,,
NBTB/TFSL,Banks - Regional,0.8552,0.38932,624,,,,,,,,
BOH/RBCAA,Banks - Regional,0.8045,0.38933,624,,,,,,,,
FULT/USB,Banks - Regional,0.907,0.38933,624,,,,,,,,
GRX/LGI,Asset Management,0.9444,0.38934,624,,,,,,,,
HIFS/RF,Banks - Regional,0.9127,0.38934,624,,,,,,,,
PFS/SBCF,Banks - Regional,0.9288,0.38936,624,,,,,,,,
AWF/EVF,Asset Management,0.9717,0.38936,624,,,,,,,,
CMA/WTFC,Banks - Regional,0.858,0.38936,624,,,,,,,,
JFR/JRS,Asset Management,0.9276,0.38939,624,,,,,,,,
BOE/EVF,Asset Management,0.9644,0.3894,624,,,,,,,,
BN/PIM,Asset Management,0.8948,0.3894,624,,,,,,,,
CCBG/CFFI,Banks - Regional,0.889,0.3894,624,,,,,,,,
DHIL/RJF,Asset Management,0.8257,0.38941,624,,,,,,,,
FAD/SHV,Unknown,0.8965,0.38941,624,,,,,,,,
EBTC/TRMK,Banks - Regional,0.9298,0.38942,624,,,,,,,,
MNSB/PFS,Banks - Regional,0.8969,0.38942,624,,,,,,,,
CCNE/NFBK,Banks - Regional,0.844,0.38942,624,,,,,,,,
HTGC/STK,Asset Management,0.9706,0.38942,624,,,,,,,,
FHI/VVR,Asset Management,0.9204,0.38943,624,,,,,,,,
JHS/NUW,Asset Management,0.9466,0.38944,624,,,,,,,,
FMAO/RVSB,Banks - Regional,0.9084,0.38944,624,,,,,,,,
IGI/SPXX,Asset Management,0.8324,0.38946,624,,,,,,,,
BMRC/BOH,Banks - Regional,0.8685,0.38946,624,,,,,,,,
IEUS/JBK,Unknown,0.9384,0.38948,624,,,,,,,,
DTE/POR,Utilities - Regulated Electric,0.9561,0.3895,624,,,,,,,,
FMBH/RF,Banks - Regional,0.9163,0.38951,624,,,,,,,,
ARCC/FFA,Asset Management,0.985,0.38952,624,,,,,,,,
FYX/GJO,Unknown,0.9464,0.38955,624,,,,,,,,
NNY/RQI,Asset Management,0.8894,0.38955,624,,,,,,,,
CNQ/EOG,Oil & Gas E&P,0.8434,0.38958,624,,,,,,,,
MBWM/OPBK,Banks - Regional,0.9421,0.38958,624,,,,,,,,
CCBG/FHN,Banks - Regional,0.8448,0.38959,624,,,,,,,,
PPBI/SHBI,Banks - Regional,0.8874,0.38961,624,,,,,,,,
EOS/GAIN,Asset Management,0.9683,0.38962,624,,,,,,,,
ESSA/PGC,Banks - Regional,0.8323,0.38962,624,,,,,,,,
CNS/GOF,Asset Management,0.9475,0.38962,624,,,,,,,,
NWN/SWX,Utilities - Regulated Gas,0.8388,0.38963,624,,,,,,,,
BTO/EFR,Asset Management,0.9188,0.38965,624,,,,,,,,
EXG/HTGC,Asset Management,0.9444,0.38966,624,,,,,,,,
PPBI/SSBI,Banks - Regional,0.8641,0.38967,624,,,,,,,,
BME/TY,Asset Management,0.9775,0.38967,624,,,,,,,,
DCOM/RF,Banks - Regional,0.8089,0.38969,624,,,,,,,,
PMO/PZC,Asset Management,0.8807,0.3897,624,,,,,,,,
HQH/MIY,Asset Management,0.8662,0.38971,624,,,,,,,,
FOF/NFJ,Asset Management,0.9765,0.38972,624,,,,,,,,
HAFC/HBCP,Banks - Regional,0.8022,0.38972,624,,,,,,,,
FNX/FTCS,Unknown,0.9878,0.38972,624,,,,,,,,
CCBG/CHMG,Banks - Regional,0.9242,0.38972,624,,,,,,,,
BHK/NXP,Asset Management,0.9719,0.38974,624,,,,,,,,
HIX/IQI,Asset Management,0.9055,0.38975,624,,,,,,,,
FLC/VMO,Asset Management,0.9561,0.38975,624,,,,,,,,
CBAN/CCNE,Banks - Regional,0.9392,0.38976,624,,,,,,,,
MIY/SBI,Asset Management,0.9552,0.38976,624,,,,,,,,
CATY/FITB,Banks - Regional,0.9505,0.38979,624,,,,,,,,
HBCP/NWFL,Banks - Regional,0.9166,0.38979,624,,,,,,,,
INDB/ONB,Banks - Regional,0.8839,0.3898,624,,,,,,,,
SBSI/TCBK,Banks - Regional,0.9593,0.38981,624,,,,,,,,
MPA/MUA,Asset Management,0.9684,0.38984,624,,,,,,,,
FBIZ/UBFO,Banks - Regional,0.8164,0.38984,624,,,,,,,,
AROW/SHBI,Banks - Regional,0.9005,0.38984,624,,,,,,,,
CARE/HBAN,Banks - Regional,0.8137,0.38985,624,,,,,,,,
ALRS/BOH,Banks - Regional,0.9033,0.38985,624,,,,,,,,
BTE/NOG,Oil & Gas E&P,0.9555,0.38985,624,,,,,,,,
PPG/RPM,Specialty Chemicals,0.8642,0.38986,624,,,,,,,,
LCNB/SNV,Banks - Regional,0.8814,0.38986,624,,,,,,,,
PFS/TOWN,Banks - Regional,0.9086,0.38986,624,,,,,,,,
SNV/WNEB,Banks - Regional,0.8776,0.38987,624,,,,,,,,
CADE/CFR,Banks - Regional,0.8892,0.38988,624,,,,,,,,
AGD/BLW,Asset Management,0.9468,0.38989,624,,,,,,,,
BYD/MTN,Resorts & Casinos,0.8193,0.3899,624,,,,,,,,
IEI/USIG,Unknown,0.9771,0.3899,624,,,,,,,,
PYZ/WOOD,Unknown,0.9674,0.38991,624,,,,,,,,
AEP/PPL,Utilities - Regulated Electric,0.9067,0.38993,624,,,,,,,,
BHK/NMT,Asset Management,0.9444,0.38994,624,,,,,,,,
ASG/CHY,Asset Management,0.9717,0.38995,624,,,,,,,,
EOT/WIA,Asset Management,0.8308,0.38995,624,,,,,,,,
FMNB/HWBK,Banks - Regional,0.9297,0.38995,624,,,,,,,,
MKL/WRB,Insurance - Property & Casualty,0.9211,0.38996,624,,,,,,,,
ADSK/MNDO,Software - Application,0.9326,0.38996,624,,,,,,,,
FULT/PNFP,Banks - Regional,0.9566,0.38999,624,,,,,,,,
CHMG/FDBC,Banks - Regional,0.8829,0.39,624,,,,,,,,
CGNX/MLAB,Scientific & Technical Instruments,0.9095,0.39,624,,,,,,,,
DDT/IGSB,Unknown,0.9238,0.39001,624,,,,,,,,
HQH/VGM,Asset Management,0.8495,0.39002,624,,,,,,,,
ETV/RNP,Asset Management,0.9837,0.39002,624,,,,,,,,
ACWI/QTEC,Unknown,0.9887,0.39003,624,,,,,,,,
SBI/WEA,Asset Management,0.9068,0.39004,624,,,,,,,,
OIA/VPV,Asset Management,0.9553,0.39004,624,,,,,,,,
BDJ/FHI,Asset Management,0.9461,0.39005,624,,,,,,,,
GJS/QQQ,Unknown,0.9463,0.39006,624,,,,,,,,
ETO/STT,Asset Management,0.8653,0.39006,624,,,,,,,,
BN/SPE,Asset Management,0.9861,0.39007,624,,,,,,,,
JRS/NZF,Asset Management,0.915,0.39007,624,,,,,,,,
BGT/EVT,Asset Management,0.9364,0.39007,624,,,,,,,,
HPS/VCV,Asset Management,0.9188,0.39007,624,,,,,,,,
CRWS/WHR,"Furnishings, Fixtures & Appliances",0.8832,0.39009,624,,,,,,,,
AB/ADX,Asset Management,0.943,0.3901,624,,,,,,,,
HBCP/ISBA,Banks - Regional,0.8995,0.3901,624,,,,,,,,
NAN/PCK,Asset Management,0.8625,0.3901,624,,,,,,,,
CFFI/TRST,Banks - Regional,0.8321,0.3901,624,,,,,,,,
FMN/MFM,Asset Management,0.9727,0.39011,624,,,,,,,,
MYN/PMF,Asset Management,0.9462,0.39012,624,,,,,,,,
ES/IDA,Utilities - Regulated Electric,0.9283,0.39012,624,,,,,,,,
NAD/NZF,Asset Management,0.9887,0.39012,624,,,,,,,,
CII/PCM,Asset Management,0.9205,0.39012,624,,,,,,,,
DTF/PNF,Asset Management,0.9115,0.39014,624,,,,,,,,
BIO/MASI,Medical Devices,0.948,0.39015,624,,,,,,,,
COLB/FMNB,Banks - Regional,0.852,0.39016,624,,,,,,,,
GDV/JCE,Asset Management,0.9843,0.39016,624,,,,,,,,
IEX/ITT,Specialty Industrial Machinery,0.8979,0.39016,624,,,,,,,,
AUB/BANF,Banks - Regional,0.8573,0.39018,624,,,,,,,,
PFI/VGSH,Unknown,0.9248,0.39018,624,,,,,,,,
CFR/PKBK,Banks - Regional,0.9452,0.39019,624,,,,,,,,
PFS/TRMK,Banks - Regional,0.9068,0.39021,624,,,,,,,,
AGYS/INTU,Software - Application,0.9143,0.39021,624,,,,,,,,
CADE/CCBG,Banks - Regional,0.8749,0.39023,624,,,,,,,,
IAE/VLT,Asset Management,0.8691,0.39024,624,,,,,,,,
CCNE/QCRH,Banks - Regional,0.8794,0.39024,624,,,,,,,,
ETR/MGEE,Utilities - Regulated Electric,0.912,0.39025,624,,,,,,,,
AUB/VLY,Banks - Regional,0.819,0.39027,624,,,,,,,,
CSWC/GAM,Asset Management,0.9697,0.39027,624,,,,,,,,
EBMT/TCBK,Banks - Regional,0.8741,0.39028,624,,,,,,,,
CTBI/WAL,Banks - Regional,0.8867,0.39029,624,,,,,,,,
MHN/VTN,Asset Management,0.9696,0.3903,624,,,,,,,,
FHI/MFIC,Asset Management,0.8608,0.39031,624,,,,,,,,
GOF/SOR,Asset Management,0.978,0.39031,624,,,,,,,,
PAI/PYN,Asset Management,0.8024,0.39031,624,,,,,,,,
CZWI/NRIM,Banks - Regional,0.8077,0.39032,624,,,,,,,,
CASH/WAFD,Banks - Regional,0.8711,0.39033,624,,,,,,,,
BCML/FCF,Banks - Regional,0.9377,0.39033,624,,,,,,,,
EVG/HIO,Asset Management,0.97,0.39033,624,,,,,,,,
BJK/IPB,Unknown,0.8113,0.39034,624,,,,,,,,
BHRB/CZFS,Banks - Regional,0.8402,0.39035,624,,,,,,,,
HQL/QQQX,Asset Management,0.9018,0.39036,624,,,,,,,,
FBIZ/NECB,Banks - Regional,0.9159,0.39039,624,,,,,,,,
MCN/TY,Asset Management,0.9389,0.39039,624,,,,,,,,
HFBL/SBCF,Banks - Regional,0.9407,0.39039,624,,,,,,,,
BCBP/SMBK,Banks - Regional,0.8485,0.3904,624,,,,,,,,
HTBK/SRCE,Banks - Regional,0.8895,0.39042,624,,,,,,,,
BPOPM/PTF,Unknown,0.8855,0.39042,624,,,,,,,,
MYN/NPV,Asset Management,0.9076,0.39042,624,,,,,,,,
QQQX/STK,Asset Management,0.9631,0.39042,624,,,,,,,,
BPOPM/PFI,Unknown,0.9237,0.39044,624,,,,,,,,
HQH/NAN,Asset Management,0.8646,0.39045,624,,,,,,,,
FHI/STT,Asset Management,0.8503,0.39046,624,,,,,,,,
MBWM/OBT,Banks - Regional,0.9022,0.39046,624,,,,,,,,
PYT/VGIT,Unknown,0.8526,0.39047,624,,,,,,,,
EBMT/SSBI,Banks - Regional,0.8122,0.39047,624,,,,,,,,
ARTNA/AWK,Utilities - Regulated Water,0.9168,0.39048,624,,,,,,,,
NTRS/PHD,Asset Management,0.8603,0.39048,624,,,,,,,,
HPI/MCI,Asset Management,0.8661,0.39048,624,,,,,,,,
MCN/PFN,Asset Management,0.8947,0.3905,624,,,,,,,,
HTBK/OSBC,Banks - Regional,0.8989,0.3905,624,,,,,,,,
CNS/OIA,Asset Management,0.8497,0.39051,624,,,,,,,,
BOH/HBAN,Banks - Regional,0.9237,0.39051,624,,,,,,,,
CXH/PFO,Asset Management,0.9645,0.39053,624,,,,,,,,
FT/RQI,Asset Management,0.9822,0.39056,624,,,,,,,,
BCML/FXNC,Banks - Regional,0.9043,0.39059,624,,,,,,,,
FITB/WAL,Banks - Regional,0.9553,0.3906,624,,,,,,,,
AVK/CIF,Asset Management,0.8332,0.39061,624,,,,,,,,
RF/WSBF,Banks - Regional,0.8761,0.39061,624,,,,,,,,
BVFL/PB,Banks - Regional,0.8191,0.39062,624,,,,,,,,
HPS/IQI,Asset Management,0.9261,0.39062,624,,,,,,,,
CHCO/FULT,Banks - Regional,0.9208,0.39065,624,,,,,,,,
CIVB/FSFG,Banks - Regional,0.9575,0.39065,624,,,,,,,,
FRAF/HIFS,Banks - Regional,0.8897,0.39067,624,,,,,,,,
IGI/JCE,Asset Management,0.8093,0.39068,624,,,,,,,,
EBTC/SYBT,Banks - Regional,0.8975,0.39068,624,,,,,,,,
HOFT/MHK,"Furnishings, Fixtures & Appliances",0.8062,0.39069,624,,,,,,,,
CZWI/WAFD,Banks - Regional,0.9261,0.39069,624,,,,,,,,
PKBK/TSBK,Banks - Regional,0.9677,0.3907,624,,,,,,,,
SAR/USA,Asset Management,0.9706,0.39071,624,,,,,,,,
RTX/VSEC,Aerospace & Defense,0.8997,0.39071,624,,,,,,,,
FCT/WEA,Asset Management,0.9186,0.39072,624,,,,,,,,
HOMB/OPOF,Banks - Regional,0.8146,0.39073,624,,,,,,,,
EWBC/OVLY,Banks - Regional,0.8989,0.39073,624,,,,,,,,
BRKL/WSFS,Banks - Regional,0.9088,0.39073,624,,,,,,,,
HWC/TSBK,Banks - Regional,0.8797,0.39074,624,,,,,,,,
FRAF/WAFD,Banks - Regional,0.9489,0.39074,624,,,,,,,,
NKX/NVG,Asset Management,0.9725,0.39074,624,,,,,,,,
CATY/TCBK,Banks - Regional,0.9648,0.39074,624,,,,,,,,
ETB/LGI,Asset Management,0.9596,0.39075,624,,,,,,,,
ETO/GCV,Asset Management,0.9269,0.39075,624,,,,,,,,
ASB/PNFP,Banks - Regional,0.9348,0.39076,624,,,,,,,,
BANR/LCNB,Banks - Regional,0.9082,0.39076,624,,,,,,,,
EBAY/MELI,Internet Retail,0.9167,0.39077,624,,,,,,,,
OPBK/SFBC,Banks - Regional,0.9493,0.39078,624,,,,,,,,
CBFV/TRMK,Banks - Regional,0.9116,0.39079,624,,,,,,,,
ATLO/BANC,Banks - Regional,0.8475,0.3908,624,,,,,,,,
CATY/INBK,Banks - Regional,0.8497,0.39082,624,,,,,,,,
HFBL/WTBA,Banks - Regional,0.9343,0.39082,624,,,,,,,,
CFR/FMAO,Banks - Regional,0.8172,0.39082,624,,,,,,,,
NBTB/WSBC,Banks - Regional,0.8732,0.39082,624,,,,,,,,
HPS/NMI,Asset Management,0.9073,0.39083,624,,,,,,,,
CSQ/NIE,Asset Management,0.9976,0.39083,624,,,,,,,,
THFF/ZIONP,Banks - Regional,0.8837,0.39084,624,,,,,,,,
MBWM/UBCP,Banks - Regional,0.8972,0.39084,624,,,,,,,,
FITB/FUNC,Banks - Regional,0.9225,0.39087,624,,,,,,,,
LEO/PFD,Asset Management,0.952,0.39088,624,,,,,,,,
CCRD/NICE,Software - Application,0.8608,0.39089,624,,,,,,,,
CLS/FLEX,Electronic Components,0.8834,0.3909,624,,,,,,,,
FHN/MNSB,Banks - Regional,0.8145,0.3909,624,,,,,,,,
BLK/LGI,Asset Management,0.9846,0.39092,624,,,,,,,,
BOH/OVBC,Banks - Regional,0.8212,0.39092,624,,,,,,,,
GDO/PCQ,Asset Management,0.804,0.39093,624,,,,,,,,
HIX/NNY,Asset Management,0.8886,0.39094,624,,,,,,,,
LCNB/TFC,Banks - Regional,0.8575,0.39094,624,,,,,,,,
UTF/WEA,Asset Management,0.9442,0.39096,624,,,,,,,,
ISBA/LARK,Banks - Regional,0.9104,0.39097,624,,,,,,,,
EMD/PTY,Asset Management,0.882,0.39098,624,,,,,,,,
JHI/RVT,Asset Management,0.9451,0.39098,624,,,,,,,,
FMY/MUA,Asset Management,0.832,0.39098,624,,,,,,,,
AB/UTF,Asset Management,0.9572,0.39099,624,,,,,,,,
NMT/WIA,Asset Management,0.8729,0.39099,624,,,,,,,,
FTC/GJH,Unknown,0.9683,0.391,624,,,,,,,,
IIM/PZC,Asset Management,0.9078,0.39101,624,,,,,,,,
IPB/PHO,Unknown,0.906,0.39101,624,,,,,,,,
A/ICLR,Diagnostics & Research,0.9552,0.39102,624,,,,,,,,
PROV/PWOD,Banks - Regional,0.8325,0.39103,624,,,,,,,,
BOE/FFA,Asset Management,0.9872,0.39104,624,,,,,,,,
AROW/CZFS,Banks - Regional,0.8332,0.39105,624,,,,,,,,
FNWD/WSBC,Banks - Regional,0.8805,0.39106,624,,,,,,,,
GJS/SMH,Unknown,0.9086,0.39106,624,,,,,,,,
MBWM/TCBK,Banks - Regional,0.9324,0.39107,624,,,,,,,,
JEF/PIPR,Capital Markets,0.9493,0.39107,624,,,,,,,,
HIO/SBI,Asset Management,0.8521,0.39108,624,,,,,,,,
CBFV/PB,Banks - Regional,0.8926,0.39109,624,,,,,,,,
EVT/MAIN,Asset Management,0.9532,0.39109,624,,,,,,,,
ETV/SOR,Asset Management,0.9831,0.3911,624,,,,,,,,
AZTA/TFX,Medical Instruments & Supplies,0.8226,0.3911,624,,,,,,,,
EVG/GLAD,Asset Management,0.9608,0.3911,624,,,,,,,,
HFBL/NBTB,Banks - Regional,0.8472,0.39111,624,,,,,,,,
DHIL/PFG,Asset Management,0.907,0.39112,624,,,,,,,,
HBCP/ONB,Banks - Regional,0.9576,0.39112,624,,,,,,,,
PEBK/RF,Banks - Regional,0.8994,0.39113,624,,,,,,,,
MAIN/PDT,Asset Management,0.8917,0.39114,624,,,,,,,,
BCBP/UMBF,Banks - Regional,0.846,0.39115,624,,,,,,,,
CPRX/HALO,Biotechnology,0.8635,0.39116,624,,,,,,,,
SBI/VTN,Asset Management,0.9737,0.39116,624,,,,,,,,
HOLX/LMAT,Medical Instruments & Supplies,0.875,0.39117,624,,,,,,,,
BUSE/FNLC,Banks - Regional,0.9383,0.3912,624,,,,,,,,
GAIN/PTY,Asset Management,0.9383,0.39121,624,,,,,,,,
BLK/CHI,Asset Management,0.9807,0.39121,624,,,,,,,,
MMT/NZF,Asset Management,0.9548,0.39121,624,,,,,,,,
ASB/FULT,Banks - Regional,0.971,0.39122,624,,,,,,,,
CBU/WTBA,Banks - Regional,0.9502,0.39122,624,,,,,,,,
FITB/NECB,Banks - Regional,0.8709,0.39123,624,,,,,,,,
OPBK/VABK,Banks - Regional,0.9227,0.39125,624,,,,,,,,
FLC/MHF,Asset Management,0.9587,0.39126,624,,,,,,,,
WASH/ZION,Banks - Regional,0.882,0.39126,624,,,,,,,,
FUNC/WAL,Banks - Regional,0.8425,0.39127,624,,,,,,,,
LSBK/TFSL,Banks - Regional,0.8239,0.39127,624,,,,,,,,
HR/MPW,REIT - Healthcare Facilities,0.8701,0.39128,624,,,,,,,,
CCNE/PPBI,Banks - Regional,0.9168,0.39128,624,,,,,,,,
CARE/OCFC,Banks - Regional,0.9002,0.39129,624,,,,,,,,
MYI/VPV,Asset Management,0.9725,0.39129,624,,,,,,,,
CIF/FMN,Asset Management,0.904,0.3913,624,,,,,,,,
BHLB/SNV,Banks - Regional,0.8124,0.3913,624,,,,,,,,
NWFL/TOWN,Banks - Regional,0.8839,0.3913,624,,,,,,,,
IAE/JQC,Asset Management,0.8298,0.3913,624,,,,,,,,
BTO/JFR,Asset Management,0.9342,0.39131,624,,,,,,,,
CXE/VPV,Asset Management,0.9495,0.39132,624,,,,,,,,
AEIS/ENS,Electrical Equipment & Parts,0.8897,0.39133,624,,,,,,,,
ORCL/PRGS,Software - Infrastructure,0.9137,0.39133,624,,,,,,,,
BCBP/SBSI,Banks - Regional,0.9091,0.39134,624,,,,,,,,
IBCP/LKFN,Banks - Regional,0.8972,0.39135,624,,,,,,,,
FT/PTY,Asset Management,0.9681,0.39135,624,,,,,,,,
FMBH/IBCP,Banks - Regional,0.8952,0.39135,624,,,,,,,,
IAE/MIN,Asset Management,0.82,0.39136,624,,,,,,,,
NAZ/NEA,Asset Management,0.9478,0.39136,624,,,,,,,,
FLC/MYN,Asset Management,0.9499,0.39136,624,,,,,,,,
JLS/NIE,Asset Management,0.8722,0.39138,624,,,,,,,,
IIIN/WOR,Metal Fabrication,0.8889,0.3914,624,,,,,,,,
CXT/SXI,Specialty Industrial Machinery,0.9534,0.3914,624,,,,,,,,
BUSE/KEY,Banks - Regional,0.92,0.39144,624,,,,,,,,
EFSC/UBCP,Banks - Regional,0.9202,0.39146,624,,,,,,,,
GAIN/STK,Asset Management,0.9839,0.39146,624,,,,,,,,
GUT/HYT,Asset Management,0.8098,0.39146,624,,,,,,,,
RRX/WTS,Specialty Industrial Machinery,0.9472,0.39146,624,,,,,,,,
MAV/NUW,Asset Management,0.8007,0.39147,624,,,,,,,,
MHI/PFD,Asset Management,0.8747,0.39147,624,,,,,,,,
FMY/NAN,Asset Management,0.8797,0.39147,624,,,,,,,,
IRM/SELF,REIT - Specialty,0.8279,0.39149,624,,,,,,,,
BDJ/IFN,Asset Management,0.9552,0.39151,624,,,,,,,,
GRBK/TOL,Residential Construction,0.8758,0.39151,624,,,,,,,,
BOH/WABC,Banks - Regional,0.9156,0.39151,624,,,,,,,,
FHI/GAIN,Asset Management,0.9258,0.39153,624,,,,,,,,
BDJ/BX,Asset Management,0.9279,0.39153,624,,,,,,,,
RVSB/SFNC,Banks - Regional,0.9077,0.39154,624,,,,,,,,
FFC/KTF,Asset Management,0.895,0.39155,624,,,,,,,,
AGD/ETJ,Asset Management,0.9678,0.39157,624,,,,,,,,
FTCS/SHY,Unknown,0.9284,0.39158,624,,,,,,,,
GABC/WTFC,Banks - Regional,0.9152,0.39158,624,,,,,,,,
ABCB/HIFS,Banks - Regional,0.8825,0.39159,624,,,,,,,,
OBT/OVLY,Banks - Regional,0.9198,0.39161,624,,,,,,,,
CVBF/NKSH,Banks - Regional,0.8823,0.39162,624,,,,,,,,
MBWM/NBN,Banks - Regional,0.8474,0.39162,624,,,,,,,,
DSU/TWN,Asset Management,0.9483,0.39162,624,,,,,,,,
PTY/QQQX,Asset Management,0.9769,0.39162,624,,,,,,,,
FSFG/WSFS,Banks - Regional,0.9432,0.39162,624,,,,,,,,
AWP/IGA,Asset Management,0.898,0.39163,624,,,,,,,,
CHMG/EWBC,Banks - Regional,0.9302,0.39163,624,,,,,,,,
BGT/PFN,Asset Management,0.9027,0.39164,624,,,,,,,,
BRW/FOF,Asset Management,0.9417,0.39165,624,,,,,,,,
IGI/NIE,Asset Management,0.8267,0.39165,624,,,,,,,,
ASB/FHN,Banks - Regional,0.8965,0.39166,624,,,,,,,,
BYM/PML,Asset Management,0.9268,0.39167,624,,,,,,,,
BBH/PIZ,Unknown,0.8979,0.39167,624,,,,,,,,
AUB/PWOD,Banks - Regional,0.8332,0.39168,624,,,,,,,,
CVBF/UVSP,Banks - Regional,0.9082,0.39168,624,,,,,,,,
HPF/NRK,Asset Management,0.9338,0.39169,624,,,,,,,,
FCT/MCR,Asset Management,0.9282,0.39169,624,,,,,,,,
DHF/MUA,Asset Management,0.8632,0.39171,624,,,,,,,,
ANSS/PLUS,Software - Application,0.8709,0.39172,624,,,,,,,,
FFIN/PLBC,Banks - Regional,0.8897,0.39172,624,,,,,,,,
BLK/HQL,Asset Management,0.8711,0.39173,624,,,,,,,,
CODA/LHX,Aerospace & Defense,0.8597,0.39173,624,,,,,,,,
BPOPM/PRN,Unknown,0.8825,0.39174,624,,,,,,,,
BGT/RNP,Asset Management,0.9316,0.39175,624,,,,,,,,
EVF/VLT,Asset Management,0.9556,0.39175,624,,,,,,,,
DSU/ETG,Asset Management,0.976,0.39176,624,,,,,,,,
TCBK/UVSP,Banks - Regional,0.9387,0.39177,624,,,,,,,,
MAV/VCV,Asset Management,0.8324,0.39177,624,,,,,,,,
COFS/FITB,Banks - Regional,0.8617,0.39177,624,,,,,,,,
HFBL/TOWN,Banks - Regional,0.8508,0.39179,624,,,,,,,,
JPC/PML,Asset Management,0.8579,0.39181,624,,,,,,,,
CLB/NOV,Oil & Gas Equipment & Services,0.8643,0.39181,624,,,,,,,,
FLIC/UNB,Banks - Regional,0.8425,0.39181,624,,,,,,,,
AROW/WAFD,Banks - Regional,0.9446,0.39181,624,,,,,,,,
FRME/OVBC,Banks - Regional,0.8598,0.39181,624,,,,,,,,
ASH/WLK,Specialty Chemicals,0.8726,0.39181,624,,,,,,,,
MCN/TSI,Asset Management,0.8886,0.39183,624,,,,,,,,
CAG/JJSF,Packaged Foods,0.8608,0.39183,624,,,,,,,,
GJH/SHV,Unknown,0.8555,0.39184,624,,,,,,,,
SEIC/SOR,Asset Management,0.9315,0.39184,624,,,,,,,,
MPB/SBSI,Banks - Regional,0.9442,0.39185,624,,,,,,,,
GABC/NKSH,Banks - Regional,0.8634,0.39185,624,,,,,,,,
RNP/VBF,Asset Management,0.942,0.39185,624,,,,,,,,
BLW/MAIN,Asset Management,0.9621,0.39187,624,,,,,,,,
OSBC/ZION,Banks - Regional,0.8964,0.39188,624,,,,,,,,
BRW/SCD,Asset Management,0.9528,0.39188,624,,,,,,,,
ASB/ISBA,Banks - Regional,0.8814,0.39189,624,,,,,,,,
T/VZ,Telecom Services,0.8533,0.39189,624,,,,,,,,
CHW/CHY,Asset Management,0.9653,0.39189,624,,,,,,,,
FDBC/HFBL,Banks - Regional,0.8597,0.3919,624,,,,,,,,
GOVI/VGLT,Unknown,0.9918,0.3919,624,,,,,,,,
NTRS/PIM,Asset Management,0.9192,0.39191,624,,,,,,,,
EOS/TSI,Asset Management,0.9378,0.39192,624,,,,,,,,
ETG/UTF,Asset Management,0.979,0.39192,624,,,,,,,,
BKT/MUJ,Asset Management,0.9393,0.39193,624,,,,,,,,
GJS/ONEQ,Unknown,0.9503,0.39194,624,,,,,,,,
FYX/SMH,Unknown,0.9116,0.39195,624,,,,,,,,
JHS/VPV,Asset Management,0.9618,0.39197,624,,,,,,,,
KBR/PWR,Engineering & Construction,0.9031,0.39199,624,,,,,,,,
BTO/GAB,Asset Management,0.9364,0.392,624,,,,,,,,
HDB/OVLY,Banks - Regional,0.8894,0.392,624,,,,,,,,
EMN/SHW,Specialty Chemicals,0.8747,0.392,624,,,,,,,,
STT/USA,Asset Management,0.8216,0.39201,624,,,,,,,,
PCK/PMO,Asset Management,0.8139,0.39201,624,,,,,,,,
CNOB/FMNB,Banks - Regional,0.9238,0.39201,624,,,,,,,,
GWW/WSO,Industrial Distribution,0.9761,0.39201,624,,,,,,,,
FXNC/SRCE,Banks - Regional,0.8756,0.39201,624,,,,,,,,
LARK/MBWM,Banks - Regional,0.8659,0.39202,624,,,,,,,,
FSFG/MBCN,Banks - Regional,0.9067,0.39203,624,,,,,,,,
CGO/WIW,Asset Management,0.9482,0.39204,624,,,,,,,,
SMBK/TRST,Banks - Regional,0.8975,0.39204,624,,,,,,,,
COFS/TRMK,Banks - Regional,0.8662,0.39205,624,,,,,,,,
BTO/IGA,Asset Management,0.9447,0.39206,624,,,,,,,,
EBMT/NFBK,Banks - Regional,0.8047,0.39206,624,,,,,,,,
FCFS/MA,Credit Services,0.9064,0.39208,624,,,,,,,,
BCML/MBWM,Banks - Regional,0.9216,0.39208,624,,,,,,,,
CADE/FBIZ,Banks - Regional,0.8646,0.39209,624,,,,,,,,
BFC/SFBC,Banks - Regional,0.9431,0.3921,624,,,,,,,,
FHN/HIFS,Banks - Regional,0.8419,0.3921,624,,,,,,,,
EMB/PFF,Unknown,0.951,0.39212,624,,,,,,,,
GDV/TSI,Asset Management,0.9595,0.39214,624,,,,,,,,
CRL/LH,Diagnostics & Research,0.9046,0.39214,624,,,,,,,,
RBCAA/WBS,Banks - Regional,0.8834,0.39214,624,,,,,,,,
INDB/THFF,Banks - Regional,0.9292,0.39215,624,,,,,,,,
BLE/HPS,Asset Management,0.8431,0.39215,624,,,,,,,,
LCNB/VABK,Banks - Regional,0.8549,0.39216,624,,,,,,,,
HTBK/NFBK,Banks - Regional,0.9009,0.39217,624,,,,,,,,
ETB/FFC,Asset Management,0.917,0.39217,624,,,,,,,,
BN/PFO,Asset Management,0.8686,0.39217,624,,,,,,,,
MYI/PYN,Asset Management,0.8437,0.39219,624,,,,,,,,
NNI/SLMBP,Credit Services,0.8903,0.39219,624,,,,,,,,
PIE/PIO,Unknown,0.8743,0.39219,624,,,,,,,,
ETJ/QQQX,Asset Management,0.9759,0.3922,624,,,,,,,,
ABCB/SSB,Banks - Regional,0.9674,0.39221,624,,,,,,,,
HPF/NEA,Asset Management,0.9299,0.39221,624,,,,,,,,
PDP/SHY,Unknown,0.9535,0.39221,624,,,,,,,,
GAB/PTY,Asset Management,0.9402,0.39223,624,,,,,,,,
FOF/RFI,Asset Management,0.9709,0.39223,624,,,,,,,,
CTBI/PNC,Banks - Regional,0.9356,0.39224,624,,,,,,,,
IGF/JBK,Unknown,0.9307,0.39224,624,,,,,,,,
CASH/FCCO,Banks - Regional,0.8807,0.39225,624,,,,,,,,
MUA/PMF,Asset Management,0.9343,0.39225,624,,,,,,,,
BBH/IGIB,Unknown,0.9264,0.39225,624,,,,,,,,
HQH/RMT,Asset Management,0.8857,0.39225,624,,,,,,,,
PCN/WIA,Asset Management,0.8944,0.39227,624,,,,,,,,
HQH/MUJ,Asset Management,0.873,0.39227,624,,,,,,,,
FCNCA/TBBK,Banks - Regional,0.9365,0.3923,624,,,,,,,,
CHCO/QCRH,Banks - Regional,0.9558,0.3923,624,,,,,,,,
EMD/IQI,Asset Management,0.8888,0.39231,624,,,,,,,,
GAB/USA,Asset Management,0.9697,0.39232,624,,,,,,,,
MNDO/ROP,Software - Application,0.9277,0.39233,624,,,,,,,,
IGA/IIF,Asset Management,0.9467,0.39233,624,,,,,,,,
HTBK/SFNC,Banks - Regional,0.9289,0.39235,624,,,,,,,,
FITB/SHBI,Banks - Regional,0.8337,0.39235,624,,,,,,,,
FNB/RNST,Banks - Regional,0.8411,0.39236,624,,,,,,,,
GDO/HIX,Asset Management,0.9639,0.39236,624,,,,,,,,
EFT/GDV,Asset Management,0.959,0.39237,624,,,,,,,,
EEA/VRTS,Asset Management,0.849,0.39237,624,,,,,,,,
BMRN/JAZZ,Biotechnology,0.8615,0.39237,624,,,,,,,,
CHMG/OBT,Banks - Regional,0.8681,0.39238,624,,,,,,,,
FUND/NFJ,Asset Management,0.9643,0.39238,624,,,,,,,,
CHY/VRTS,Asset Management,0.8732,0.39239,624,,,,,,,,
AROW/MBWM,Banks - Regional,0.8725,0.3924,624,,,,,,,,
PLXS/TEL,Electronic Components,0.9425,0.39242,624,,,,,,,,
HCKT/INFY,Information Technology Services,0.8466,0.39242,624,,,,,,,,
BANC/BOH,Banks - Regional,0.8699,0.39242,624,,,,,,,,
HWBK/MPB,Banks - Regional,0.9204,0.39242,624,,,,,,,,
GJH/QTEC,Unknown,0.951,0.39243,624,,,,,,,,
OPBK/WASH,Banks - Regional,0.8053,0.39244,624,,,,,,,,
FHI/UTF,Asset Management,0.9267,0.39245,624,,,,,,,,
UVSP/WTFC,Banks - Regional,0.9261,0.39245,624,,,,,,,,
DHF/RVT,Asset Management,0.9568,0.39246,624,,,,,,,,
AIA/IBB,Unknown,0.8675,0.39246,624,,,,,,,,
ALRS/PNFP,Banks - Regional,0.891,0.39247,624,,,,,,,,
AWF/MAIN,Asset Management,0.9661,0.39248,624,,,,,,,,
AWF/GOF,Asset Management,0.9727,0.39249,624,,,,,,,,
POOL/WSO,Industrial Distribution,0.8549,0.39249,624,,,,,,,,
AROW/BSRR,Banks - Regional,0.9233,0.39249,624,,,,,,,,
CTBI/RBCAA,Banks - Regional,0.9511,0.3925,624,,,,,,,,
FRME/TSBK,Banks - Regional,0.9588,0.3925,624,,,,,,,,
CZFS/ONB,Banks - Regional,0.839,0.39251,624,,,,,,,,
MET/UNM,Insurance - Life,0.8364,0.39251,624,,,,,,,,
INTU/MANH,Software - Application,0.9535,0.39251,624,,,,,,,,
ETB/EVF,Asset Management,0.9324,0.39252,624,,,,,,,,
PB/SFNC,Banks - Regional,0.844,0.39252,624,,,,,,,,
CENTA/LANC,Packaged Foods,0.9018,0.39252,624,,,,,,,,
FRAF/HFBL,Banks - Regional,0.8942,0.39253,624,,,,,,,,
HIO/PFL,Asset Management,0.9763,0.39257,624,,,,,,,,
BOE/PFN,Asset Management,0.9441,0.39257,624,,,,,,,,
COFS/PKBK,Banks - Regional,0.8836,0.39258,624,,,,,,,,
CFR/VABK,Banks - Regional,0.9059,0.39259,624,,,,,,,,
FFBC/PFIS,Banks - Regional,0.8776,0.39259,624,,,,,,,,
RMT/SPE,Asset Management,0.9659,0.39259,624,,,,,,,,
ALRS/BOTJ,Banks - Regional,0.898,0.3926,624,,,,,,,,
FBIZ/OZK,Banks - Regional,0.8749,0.39262,624,,,,,,,,
ARCC/TSI,Asset Management,0.9032,0.39262,624,,,,,,,,
CNS/ETJ,Asset Management,0.9699,0.39264,624,,,,,,,,
COFS/WABC,Banks - Regional,0.8337,0.39264,624,,,,,,,,
NECB/PNC,Banks - Regional,0.8433,0.39265,624,,,,,,,,
CIF/VCV,Asset Management,0.9197,0.39266,624,,,,,,,,
BKN/CXE,Asset Management,0.9391,0.39267,624,,,,,,,,
CMA/SFBC,Banks - Regional,0.8506,0.39267,624,,,,,,,,
FMY/VCV,Asset Management,0.8612,0.39268,624,,,,,,,,
SFNC/UVSP,Banks - Regional,0.8939,0.39268,624,,,,,,,,
SPXX/STEW,Asset Management,0.9896,0.39268,624,,,,,,,,
FITB/MBCN,Banks - Regional,0.9023,0.39268,624,,,,,,,,
CADE/COLB,Banks - Regional,0.8357,0.39269,624,,,,,,,,
GPK/PKG,Packaging & Containers,0.9642,0.39269,624,,,,,,,,
CNOB/HIFS,Banks - Regional,0.9159,0.39271,624,,,,,,,,
MSD/WIA,Asset Management,0.8404,0.39271,624,,,,,,,,
DSWL/TEL,Electronic Components,0.8361,0.39271,624,,,,,,,,
RNST/WBS,Banks - Regional,0.9383,0.39272,624,,,,,,,,
DSU/WEA,Asset Management,0.9062,0.39273,624,,,,,,,,
MVF/PCQ,Asset Management,0.8635,0.39273,624,,,,,,,,
VABK/WAFD,Banks - Regional,0.9416,0.39274,624,,,,,,,,
BOH/CVBF,Banks - Regional,0.9459,0.39276,624,,,,,,,,
DVY/GJH,Unknown,0.9642,0.39276,624,,,,,,,,
CODA/DCO,Aerospace & Defense,0.8325,0.39276,624,,,,,,,,
BANC/PKBK,Banks - Regional,0.8035,0.39276,624,,,,,,,,
WAFD/WSBF,Banks - Regional,0.936,0.39276,624,,,,,,,,
DVN/NRT,Oil & Gas E&P,0.8312,0.39276,624,,,,,,,,
HTD/MCI,Asset Management,0.887,0.39276,624,,,,,,,,
FHN/SMBC,Banks - Regional,0.8764,0.39277,624,,,,,,,,
GLW/SANM,Electronic Components,0.9023,0.39277,624,,,,,,,,
MAV/MVT,Asset Management,0.8925,0.39278,624,,,,,,,,
DCO/LHX,Aerospace & Defense,0.9192,0.3928,624,,,,,,,,
DTF/NZF,Asset Management,0.91,0.39281,624,,,,,,,,
VGSH/VMBS,Unknown,0.8501,0.39281,624,,,,,,,,
FMBH/RVSB,Banks - Regional,0.8618,0.39281,624,,,,,,,,
JPC/MVF,Asset Management,0.9132,0.39282,624,,,,,,,,
CHI/ETJ,Asset Management,0.9783,0.39283,624,,,,,,,,
GJO/SOXX,Unknown,0.941,0.39283,624,,,,,,,,
SLG/VNO,REIT - Office,0.879,0.39283,624,,,,,,,,
CFFI/HBNC,Banks - Regional,0.8481,0.39284,624,,,,,,,,
TRST/WAFD,Banks - Regional,0.9422,0.39284,624,,,,,,,,
GDL/MIN,Asset Management,0.867,0.39286,624,,,,,,,,
TOWN/UMBF,Banks - Regional,0.9275,0.39287,624,,,,,,,,
FOF/HYT,Asset Management,0.9888,0.39287,624,,,,,,,,
FFC/NQP,Asset Management,0.9698,0.39287,624,,,,,,,,
FUND/PTY,Asset Management,0.921,0.39287,624,,,,,,,,
BOTJ/PFIS,Banks - Regional,0.8758,0.39287,624,,,,,,,,
EVF/PSEC,Asset Management,0.832,0.39288,624,,,,,,,,
HFBL/SBFG,Banks - Regional,0.8947,0.39288,624,,,,,,,,
FHI/PSEC,Asset Management,0.8375,0.39288,624,,,,,,,,
FAB/GJR,Unknown,0.9445,0.39289,624,,,,,,,,
FISI/PFBC,Banks - Regional,0.8378,0.39289,624,,,,,,,,
PKBK/TRMK,Banks - Regional,0.9315,0.39289,624,,,,,,,,
CCNE/UMBF,Banks - Regional,0.8548,0.39289,624,,,,,,,,
HYT/PIM,Asset Management,0.9231,0.3929,624,,,,,,,,
EGP/PLD,REIT - Industrial,0.9919,0.39291,624,,,,,,,,
FOF/GAB,Asset Management,0.9673,0.39292,624,,,,,,,,
NXN/PTY,Asset Management,0.9167,0.39292,624,,,,,,,,
HBAN/USB,Banks - Regional,0.9392,0.39293,624,,,,,,,,
OZK/SBFG,Banks - Regional,0.8219,0.39293,624,,,,,,,,
FRME/NKSH,Banks - Regional,0.9185,0.39293,624,,,,,,,,
HQL/JHI,Asset Management,0.8463,0.39294,624,,,,,,,,
PYT/TVE,Unknown,0.8844,0.39294,624,,,,,,,,
MMT/NNY,Asset Management,0.9209,0.39295,624,,,,,,,,
APD/SCL,Specialty Chemicals,0.8321,0.39295,624,,,,,,,,
NFJ/TY,Asset Management,0.967,0.39295,624,,,,,,,,
AWP/VVR,Asset Management,0.8219,0.39295,624,,,,,,,,
LARK/OPOF,Banks - Regional,0.8781,0.39297,624,,,,,,,,
BCML/WNEB,Banks - Regional,0.8799,0.39297,624,,,,,,,,
FXNC/PNC,Banks - Regional,0.9054,0.39297,624,,,,,,,,
JRS/MPV,Asset Management,0.8677,0.39298,624,,,,,,,,
AOD/BLK,Asset Management,0.9783,0.39298,624,,,,,,,,
ALRS/FITB,Banks - Regional,0.872,0.39299,624,,,,,,,,
JCE/TSI,Asset Management,0.9413,0.39299,624,,,,,,,,
GDO/MMU,Asset Management,0.9098,0.39299,624,,,,,,,,
FDBC/FXNC,Banks - Regional,0.8858,0.393,624,,,,,,,,
HIX/MYN,Asset Management,0.8854,0.393,624,,,,,,,,
IBCP/NWFL,Banks - Regional,0.8689,0.393,624,,,,,,,,
GJH/PHO,Unknown,0.9355,0.39302,624,,,,,,,,
HIFS/WTFC,Banks - Regional,0.8385,0.39302,624,,,,,,,,
PKBK/PNC,Banks - Regional,0.9526,0.39302,624,,,,,,,,
NWE/TXNM,Utilities - Regulated Electric,0.9614,0.39303,624,,,,,,,,
AROW/PNC,Banks - Regional,0.9084,0.39305,624,,,,,,,,
PEBO/SBCF,Banks - Regional,0.9234,0.39305,624,,,,,,,,
CTBI/PWOD,Banks - Regional,0.8916,0.39305,624,,,,,,,,
AWP/PCN,Asset Management,0.9474,0.39305,624,,,,,,,,
ESSA/WABC,Banks - Regional,0.8187,0.39305,624,,,,,,,,
FNX/PYT,Unknown,0.9472,0.39307,624,,,,,,,,
DCI/ITW,Specialty Industrial Machinery,0.9628,0.39308,624,,,,,,,,
FNLC/SRCE,Banks - Regional,0.953,0.39309,624,,,,,,,,
HQH/KTF,Asset Management,0.8461,0.39311,624,,,,,,,,
CBSH/SYBT,Banks - Regional,0.9385,0.39311,624,,,,,,,,
NFJ/RVT,Asset Management,0.9812,0.39313,624,,,,,,,,
CIF/PAI,Asset Management,0.9488,0.39314,624,,,,,,,,
SHBI/UMBF,Banks - Regional,0.8311,0.39314,624,,,,,,,,
CBSH/RVSB,Banks - Regional,0.8439,0.39315,624,,,,,,,,
AEE/DTE,Utilities - Regulated Electric,0.988,0.39316,624,,,,,,,,
CFFI/FBIZ,Banks - Regional,0.9065,0.39317,624,,,,,,,,
PIM/VBF,Asset Management,0.9341,0.39317,624,,,,,,,,
FYX/IPB,Unknown,0.9391,0.39317,624,,,,,,,,
EFSC/PFS,Banks - Regional,0.9261,0.39318,624,,,,,,,,
FHN/HBNC,Banks - Regional,0.8508,0.39318,624,,,,,,,,
MCR/MIY,Asset Management,0.9481,0.39318,624,,,,,,,,
FXNC/SBCF,Banks - Regional,0.8891,0.39319,624,,,,,,,,
EBMT/FITB,Banks - Regional,0.8178,0.39319,624,,,,,,,,
GDL/NIE,Asset Management,0.9403,0.3932,624,,,,,,,,
JFR/TWN,Asset Management,0.9043,0.3932,624,,,,,,,,
JMM/JRS,Asset Management,0.9411,0.3932,624,,,,,,,,
FULT/HWC,Banks - Regional,0.9294,0.39321,624,,,,,,,,
BFIN/BSRR,Banks - Regional,0.842,0.39321,624,,,,,,,,
GAIN/MPV,Asset Management,0.9434,0.39321,624,,,,,,,,
BANR/NWBI,Banks - Regional,0.942,0.39322,624,,,,,,,,
GDL/NTRS,Asset Management,0.9143,0.39324,624,,,,,,,,
CWST/RSG,Waste Management,0.9712,0.39324,624,,,,,,,,
INDB/TCBK,Banks - Regional,0.9383,0.39325,624,,,,,,,,
ICLR/LH,Diagnostics & Research,0.9392,0.39325,624,,,,,,,,
H/MAR,Lodging,0.9731,0.39325,624,,,,,,,,
AGD/ETW,Asset Management,0.9296,0.39326,624,,,,,,,,
KTF/PML,Asset Management,0.8484,0.39327,624,,,,,,,,
FAD/GJR,Unknown,0.946,0.39328,624,,,,,,,,
BXMX/GAB,Asset Management,0.9632,0.39328,624,,,,,,,,
MOFG/WAL,Banks - Regional,0.8335,0.39329,624,,,,,,,,
BTA/PDT,Asset Management,0.9558,0.39329,624,,,,,,,,
EBTC/GBCI,Banks - Regional,0.9145,0.3933,624,,,,,,,,
BUSE/PNC,Banks - Regional,0.8894,0.39332,624,,,,,,,,
FCF/SBSI,Banks - Regional,0.9355,0.39333,624,,,,,,,,
EXC/IDA,Utilities - Regulated Electric,0.8873,0.39334,624,,,,,,,,
ISBA/OPOF,Banks - Regional,0.8513,0.39334,624,,,,,,,,
BRKL/CATY,Banks - Regional,0.853,0.39335,624,,,,,,,,
RF/TRST,Banks - Regional,0.8215,0.39336,624,,,,,,,,
DSU/GAIN,Asset Management,0.969,0.39336,624,,,,,,,,
EOD/GDV,Asset Management,0.9512,0.39337,624,,,,,,,,
CFFN/EGBN,Banks - Regional,0.8554,0.39337,624,,,,,,,,
BKN/VTN,Asset Management,0.926,0.39338,624,,,,,,,,
BGT/ETB,Asset Management,0.9293,0.39338,624,,,,,,,,
CCNE/PGC,Banks - Regional,0.9368,0.39338,624,,,,,,,,
FNLC/TRST,Banks - Regional,0.893,0.39339,624,,,,,,,,
EFT/RVT,Asset Management,0.9587,0.39339,624,,,,,,,,
PFS/SNV,Banks - Regional,0.9024,0.39339,624,,,,,,,,
HQH/NMZ,Asset Management,0.904,0.3934,624,,,,,,,,
FULT/HFWA,Banks - Regional,0.8797,0.3934,624,,,,,,,,
MYD/NPV,Asset Management,0.8739,0.39341,624,,,,,,,,
BLE/NMZ,Asset Management,0.9516,0.39343,624,,,,,,,,
ETV/MAIN,Asset Management,0.9496,0.39343,624,,,,,,,,
A/TMO,Diagnostics & Research,0.9874,0.39344,624,,,,,,,,
JPC/NAD,Asset Management,0.9536,0.39345,624,,,,,,,,
BCAL/FDBC,Banks - Regional,0.844,0.39347,624,,,,,,,,
BSRR/FFIN,Banks - Regional,0.8618,0.39347,624,,,,,,,,
FDS/ICE,Financial Data & Stock Exchanges,0.9609,0.39348,624,,,,,,,,
HWC/PFS,Banks - Regional,0.8197,0.3935,624,,,,,,,,
FRME/HWBK,Banks - Regional,0.9195,0.3935,624,,,,,,,,
ARCC/BTO,Asset Management,0.9008,0.39351,624,,,,,,,,
AWF/BTZ,Asset Management,0.9532,0.39351,624,,,,,,,,
IGI/LGI,Asset Management,0.8305,0.39351,624,,,,,,,,
FMNB/HWC,Banks - Regional,0.8555,0.39352,624,,,,,,,,
EVR/SCHW,Capital Markets,0.8607,0.39352,624,,,,,,,,
MBWM/NWFL,Banks - Regional,0.8901,0.39352,624,,,,,,,,
EXG/STK,Asset Management,0.9742,0.39352,624,,,,,,,,
NBTB/WAL,Banks - Regional,0.8868,0.39352,624,,,,,,,,
BGT/STT,Asset Management,0.8409,0.39355,624,,,,,,,,
HIO/WIW,Asset Management,0.9431,0.39355,624,,,,,,,,
ASG/EOS,Asset Management,0.9444,0.39355,624,,,,,,,,
FFA/UTF,Asset Management,0.9754,0.39356,624,,,,,,,,
TRST/WBS,Banks - Regional,0.9281,0.39358,624,,,,,,,,
LSBK/UBSI,Banks - Regional,0.8584,0.39359,624,,,,,,,,
DHF/FUND,Asset Management,0.8963,0.3936,624,,,,,,,,
HIO/PMO,Asset Management,0.9185,0.39361,624,,,,,,,,
PUI/USIG,Unknown,0.9137,0.39361,624,,,,,,,,
KBH/LEN,Residential Construction,0.9709,0.39361,624,,,,,,,,
SANM/TEL,Electronic Components,0.9026,0.39363,624,,,,,,,,
AMKR/KLIC,Semiconductor Equipment & Materials,0.9266,0.39363,624,,,,,,,,
AVK/HIX,Asset Management,0.8587,0.39364,624,,,,,,,,
FMY/MYI,Asset Management,0.8619,0.39364,624,,,,,,,,
BN/GAIN,Asset Management,0.9632,0.39366,624,,,,,,,,
MYI/PZC,Asset Management,0.9119,0.39367,624,,,,,,,,
BFZ/LEO,Asset Management,0.9454,0.39368,624,,,,,,,,
PGC/TCBK,Banks - Regional,0.927,0.39368,624,,,,,,,,
PIM/SAR,Asset Management,0.8845,0.39368,624,,,,,,,,
AB/RJF,Asset Management,0.9343,0.39369,624,,,,,,,,
ARCC/RFI,Asset Management,0.9335,0.39369,624,,,,,,,,
GUT/NPV,Asset Management,0.8245,0.3937,624,,,,,,,,
BHK/PMO,Asset Management,0.9807,0.3937,624,,,,,,,,
ETY/GOF,Asset Management,0.9757,0.3937,624,,,,,,,,
GRX/PCM,Asset Management,0.9495,0.3937,624,,,,,,,,
LGI/QQQX,Asset Management,0.9806,0.39371,624,,,,,,,,
BRKL/WSBF,Banks - Regional,0.8766,0.39375,624,,,,,,,,
MFM/PZC,Asset Management,0.9319,0.39377,624,,,,,,,,
MPB/PEBO,Banks - Regional,0.9511,0.39377,624,,,,,,,,
NKX/PFO,Asset Management,0.9697,0.39377,624,,,,,,,,
DVY/VGSH,Unknown,0.8924,0.39379,624,,,,,,,,
FISI/LCNB,Banks - Regional,0.8811,0.39379,624,,,,,,,,
CCBG/ZION,Banks - Regional,0.8591,0.39379,624,,,,,,,,
HQH/MHN,Asset Management,0.8366,0.3938,624,,,,,,,,
DSM/MCR,Asset Management,0.8652,0.39381,624,,,,,,,,
HIO/NZF,Asset Management,0.9212,0.39382,624,,,,,,,,
ALRS/FISI,Banks - Regional,0.8622,0.39382,624,,,,,,,,
BXMX/RNP,Asset Management,0.9796,0.39384,624,,,,,,,,
AIV/ELS,REIT - Residential,0.9145,0.39384,624,,,,,,,,
NFJ/QQQX,Asset Management,0.9639,0.39387,624,,,,,,,,
MHN/VPV,Asset Management,0.9643,0.39389,624,,,,,,,,
BHK/MYD,Asset Management,0.9406,0.39389,624,,,,,,,,
CATY/PPBI,Banks - Regional,0.8909,0.3939,624,,,,,,,,
SYBT/UBCP,Banks - Regional,0.9524,0.39391,624,,,,,,,,
CXE/MYI,Asset Management,0.9457,0.39391,624,,,,,,,,
MMT/MQT,Asset Management,0.9187,0.39392,624,,,,,,,,
CCI/EQIX,REIT - Specialty,0.8709,0.39393,624,,,,,,,,
CFFI/NWBI,Banks - Regional,0.8815,0.39394,624,,,,,,,,
UNTY/UVSP,Banks - Regional,0.8985,0.39395,624,,,,,,,,
FUNC/GBCI,Banks - Regional,0.8649,0.39397,624,,,,,,,,
EFSC/ESSA,Banks - Regional,0.9237,0.39398,624,,,,,,,,
PHD/RFI,Asset Management,0.9305,0.39399,624,,,,,,,,
COFS/NWBI,Banks - Regional,0.8527,0.39399,624,,,,,,,,
HIX/TSI,Asset Management,0.9301,0.39399,624,,,,,,,,
EHI/PFO,Asset Management,0.9463,0.39401,624,,,,,,,,
BOKF/LARK,Banks - Regional,0.8483,0.39401,624,,,,,,,,
EFT/NIE,Asset Management,0.9619,0.39401,624,,,,,,,,
GJT/PPH,Unknown,0.9043,0.39401,624,,,,,,,,
AGYS/DJCO,Software - Application,0.8309,0.39402,624,,,,,,,,
HFWA/PKBK,Banks - Regional,0.9146,0.39402,624,,,,,,,,
MHI/VBF,Asset Management,0.819,0.39403,624,,,,,,,,
RNP/UTF,Asset Management,0.9912,0.39404,624,,,,,,,,
GAB/PSEC,Asset Management,0.9098,0.39404,624,,,,,,,,
MGF/NMZ,Asset Management,0.9236,0.39404,624,,,,,,,,
BOTJ/FBIZ,Banks - Regional,0.8035,0.39404,624,,,,,,,,
BHK/NCA,Asset Management,0.9454,0.39405,624,,,,,,,,
BFS/REG,REIT - Retail,0.8369,0.39405,624,,,,,,,,
BRKL/PEBK,Banks - Regional,0.8694,0.39406,624,,,,,,,,
EFR/GDL,Asset Management,0.9509,0.39407,624,,,,,,,,
AGD/CSWC,Asset Management,0.945,0.39408,624,,,,,,,,
AUB/HFWA,Banks - Regional,0.9132,0.39409,624,,,,,,,,
JHS/RQI,Asset Management,0.8919,0.39411,624,,,,,,,,
CZFS/MPB,Banks - Regional,0.8927,0.39412,624,,,,,,,,
ETW/QQQX,Asset Management,0.9796,0.39413,624,,,,,,,,
PCN/SPE,Asset Management,0.9282,0.39414,624,,,,,,,,
HIO/MYD,Asset Management,0.8394,0.39416,624,,,,,,,,
BSRR/QCRH,Banks - Regional,0.9327,0.39416,624,,,,,,,,
FSFG/OVLY,Banks - Regional,0.8508,0.39416,624,,,,,,,,
BRT/ELS,REIT - Residential,0.9243,0.39417,624,,,,,,,,
BRW/SPXX,Asset Management,0.9428,0.39418,624,,,,,,,,
BVFL/ESSA,Banks - Regional,0.8093,0.39419,624,,,,,,,,
UCB/WTFC,Banks - Regional,0.8915,0.3942,624,,,,,,,,
CZFS/WSBC,Banks - Regional,0.836,0.39421,624,,,,,,,,
NKX/NRK,Asset Management,0.9786,0.39421,624,,,,,,,,
CIF/SBI,Asset Management,0.884,0.39422,624,,,,,,,,
PFS/PNFP,Banks - Regional,0.8576,0.39422,624,,,,,,,,
FCT/LGI,Asset Management,0.9574,0.39423,624,,,,,,,,
CZFS/TCBK,Banks - Regional,0.9136,0.39424,624,,,,,,,,
CHI/GDV,Asset Management,0.9667,0.39424,624,,,,,,,,
PUI/SMH,Unknown,0.864,0.39425,624,,,,,,,,
HOPE/PPBI,Banks - Regional,0.8525,0.39426,624,,,,,,,,
ETW/TWN,Asset Management,0.8661,0.39426,624,,,,,,,,
ETG/PCF,Asset Management,0.9759,0.39426,624,,,,,,,,
NUE/RS,Steel,0.9609,0.39427,624,,,,,,,,
MAIN/MCN,Asset Management,0.9323,0.39431,624,,,,,,,,
FMAO/INDB,Banks - Regional,0.902,0.39431,624,,,,,,,,
JHI/NUV,Asset Management,0.9079,0.39431,624,,,,,,,,
FXNC/HBAN,Banks - Regional,0.8882,0.39432,624,,,,,,,,
HQL/KTF,Asset Management,0.854,0.39432,624,,,,,,,,
EXG/STT,Asset Management,0.8701,0.39433,624,,,,,,,,
HWBK/MBCN,Banks - Regional,0.935,0.39434,624,,,,,,,,
MMT/NEA,Asset Management,0.948,0.39434,624,,,,,,,,
A/RVTY,Diagnostics & Research,0.9498,0.39435,624,,,,,,,,
NI/SWX,Utilities - Regulated Gas,0.9348,0.39436,624,,,,,,,,
JQC/RFI,Asset Management,0.9337,0.39436,624,,,,,,,,
BOKF/CASH,Banks - Regional,0.9312,0.39439,624,,,,,,,,
KEY/ONB,Banks - Regional,0.908,0.39439,624,,,,,,,,
OVLY/SMBK,Banks - Regional,0.8982,0.39441,624,,,,,,,,
GJH/PYT,Unknown,0.9699,0.39441,624,,,,,,,,
AGD/CIF,Asset Management,0.8589,0.39442,624,,,,,,,,
BME/ETY,Asset Management,0.9423,0.39443,624,,,,,,,,
HOPE/SNV,Banks - Regional,0.8099,0.39443,624,,,,,,,,
LOAN/STWD,REIT - Mortgage,0.936,0.39447,624,,,,,,,,
LCNB/LKFN,Banks - Regional,0.8562,0.39448,624,,,,,,,,
PFO/PNI,Asset Management,0.819,0.39449,624,,,,,,,,
FMBH/NEWT,Banks - Regional,0.8767,0.3945,624,,,,,,,,
JEQ/MCR,Asset Management,0.9449,0.39451,624,,,,,,,,
PNC/UVSP,Banks - Regional,0.9267,0.39451,624,,,,,,,,
ABM/DLB,Specialty Business Services,0.8428,0.39453,624,,,,,,,,
ARCC/ETY,Asset Management,0.9852,0.39455,624,,,,,,,,
INDY/QQQ,Unknown,0.9595,0.39456,624,,,,,,,,
FRAF/TSBK,Banks - Regional,0.9673,0.39456,624,,,,,,,,
FNWD/ZION,Banks - Regional,0.861,0.39457,624,,,,,,,,
ISBA/WNEB,Banks - Regional,0.8132,0.39457,624,,,,,,,,
BANR/EBMT,Banks - Regional,0.828,0.39457,624,,,,,,,,
GSBC/SSB,Banks - Regional,0.9343,0.39458,624,,,,,,,,
ALNY/REGN,Biotechnology,0.8917,0.39458,624,,,,,,,,
NFJ/WIW,Asset Management,0.9122,0.39458,624,,,,,,,,
FMY/RCS,Asset Management,0.844,0.39458,624,,,,,,,,
BANR/LARK,Banks - Regional,0.9139,0.39459,624,,,,,,,,
BHLB/MTB,Banks - Regional,0.8106,0.3946,624,,,,,,,,
GDL/PFG,Asset Management,0.9334,0.3946,624,,,,,,,,
JMM/PTY,Asset Management,0.9574,0.39462,624,,,,,,,,
AWI/CSL,Building Products & Equipment,0.8911,0.39463,624,,,,,,,,
RDY/UTHR,Drug Manufacturers - Specialty & Generic,0.8475,0.39463,624,,,,,,,,
AX/RF,Banks - Regional,0.9524,0.39463,624,,,,,,,,
MMS/RELX,Specialty Business Services,0.8463,0.39465,624,,,,,,,,
JRS/OIA,Asset Management,0.9221,0.39465,624,,,,,,,,
DCOM/FITB,Banks - Regional,0.8147,0.39465,624,,,,,,,,
SHBI/SMBK,Banks - Regional,0.8933,0.39466,624,,,,,,,,
ABM/MMS,Specialty Business Services,0.899,0.39467,624,,,,,,,,
DSU/JCE,Asset Management,0.9822,0.39468,624,,,,,,,,
ETJ/EXG,Asset Management,0.9805,0.39469,624,,,,,,,,
DCOM/EWBC,Banks - Regional,0.8346,0.3947,624,,,,,,,,
FBNC/HIFS,Banks - Regional,0.9384,0.39471,624,,,,,,,,
THFF/ZION,Banks - Regional,0.9245,0.39471,624,,,,,,,,
FTA/PRFZ,Unknown,0.9931,0.39472,624,,,,,,,,
AB/ETW,Asset Management,0.9292,0.39472,624,,,,,,,,
OPBK/SMBC,Banks - Regional,0.9446,0.39472,624,,,,,,,,
BANF/CCBG,Banks - Regional,0.9721,0.39472,624,,,,,,,,
BOKF/TFC,Banks - Regional,0.8824,0.39472,624,,,,,,,,
GAM/STT,Asset Management,0.8541,0.39474,624,,,,,,,,
MSD/NNY,Asset Management,0.8717,0.39475,624,,,,,,,,
HBNC/HFWA,Banks - Regional,0.9393,0.39476,624,,,,,,,,
FTCS/JBK,Unknown,0.9659,0.39476,624,,,,,,,,
HIFS/UMBF,Banks - Regional,0.8978,0.39478,624,,,,,,,,
GDL/RMT,Asset Management,0.9463,0.39479,624,,,,,,,,
DDT/IPB,Unknown,0.9376,0.39479,624,,,,,,,,
NXC/QQQX,Asset Management,0.8812,0.3948,624,,,,,,,,
AVA/BIP,Utilities - Diversified,0.8605,0.3948,624,,,,,,,,
GDL/VLT,Asset Management,0.9653,0.39481,624,,,,,,,,
FMY/VPV,Asset Management,0.8921,0.39481,624,,,,,,,,
GJS/PEY,Unknown,0.9689,0.39484,624,,,,,,,,
FMY/MIY,Asset Management,0.8778,0.39485,624,,,,,,,,
GSBC/PFBC,Banks - Regional,0.9611,0.39486,624,,,,,,,,
MCR/MHN,Asset Management,0.8885,0.39486,624,,,,,,,,
FFC/NMI,Asset Management,0.9477,0.39487,624,,,,,,,,
KTN/VGIT,Unknown,0.9034,0.39487,624,,,,,,,,
MUC/NMZ,Asset Management,0.9595,0.39488,624,,,,,,,,
CZWI/FITB,Banks - Regional,0.902,0.39488,624,,,,,,,,
ACM/EXPO,Engineering & Construction,0.8557,0.39489,624,,,,,,,,
CTBI/PNFP,Banks - Regional,0.9503,0.39489,624,,,,,,,,
PSL/SHY,Unknown,0.9244,0.3949,624,,,,,,,,
PSL/VGSH,Unknown,0.9301,0.39491,624,,,,,,,,
BOKF/QCRH,Banks - Regional,0.9546,0.39492,624,,,,,,,,
AWF/JLS,Asset Management,0.9396,0.39493,624,,,,,,,,
BOE/FMY,Asset Management,0.9073,0.39493,624,,,,,,,,
NMT/PFD,Asset Management,0.9479,0.39493,624,,,,,,,,
EWBC/NECB,Banks - Regional,0.88,0.39496,624,,,,,,,,
MSD/MYI,Asset Management,0.8782,0.39498,624,,,,,,,,
MCR/NZF,Asset Management,0.962,0.39498,624,,,,,,,,
MSD/NXC,Asset Management,0.8502,0.39499,624,,,,,,,,
FRME/TFC,Banks - Regional,0.9452,0.39499,624,,,,,,,,
PFS/SRCE,Banks - Regional,0.8765,0.39499,624,,,,,,,,
NIE/USA,Asset Management,0.994,0.39499,624,,,,,,,,
CZFS/FITB,Banks - Regional,0.8281,0.395,624,,,,,,,,
FRST/NFBK,Banks - Regional,0.9213,0.395,624,,,,,,,,
ETG/PCN,Asset Management,0.9524,0.395,624,,,,,,,,
HWC/WSBC,Banks - Regional,0.8173,0.39503,624,,,,,,,,
HTBK/HWC,Banks - Regional,0.8071,0.39503,624,,,,,,,,
CGO/ETG,Asset Management,0.9568,0.39505,624,,,,,,,,
GVA/PRIM,Engineering & Construction,0.8662,0.39507,624,,,,,,,,
HOMB/SBFG,Banks - Regional,0.9084,0.39507,624,,,,,,,,
FNWD/SHBI,Banks - Regional,0.8651,0.39507,624,,,,,,,,
EXP/MLM,Building Materials,0.9566,0.39507,624,,,,,,,,
COFS/LKFN,Banks - Regional,0.8763,0.39507,624,,,,,,,,
FBNC/FITB,Banks - Regional,0.9376,0.39508,624,,,,,,,,
FCF/FNB,Banks - Regional,0.9138,0.39508,624,,,,,,,,
FMBH/FNLC,Banks - Regional,0.9514,0.39509,624,,,,,,,,
CBU/MPB,Banks - Regional,0.9285,0.39511,624,,,,,,,,
DCOM/WTFC,Banks - Regional,0.8167,0.39511,624,,,,,,,,
HIFS/MOFG,Banks - Regional,0.8214,0.39512,624,,,,,,,,
ETB/GDL,Asset Management,0.9725,0.39512,624,,,,,,,,
EHI/NMI,Asset Management,0.8887,0.39513,624,,,,,,,,
EMR/GTLS,Specialty Industrial Machinery,0.846,0.39513,624,,,,,,,,
ABCB/FMBH,Banks - Regional,0.9432,0.39513,624,,,,,,,,
MBWM/WTBA,Banks - Regional,0.89,0.39514,624,,,,,,,,
FITB/NWFL,Banks - Regional,0.8197,0.39515,624,,,,,,,,
AMP/MCN,Asset Management,0.9468,0.39516,624,,,,,,,,
PCF/STT,Asset Management,0.862,0.39518,624,,,,,,,,
CVBF/TFC,Banks - Regional,0.9082,0.39518,624,,,,,,,,
ETV/LGI,Asset Management,0.969,0.39519,624,,,,,,,,
EBMT/LCNB,Banks - Regional,0.8349,0.39523,624,,,,,,,,
UMBF/WBS,Banks - Regional,0.9071,0.39524,624,,,,,,,,
CWBC/PWOD,Banks - Regional,0.8038,0.39528,624,,,,,,,,
BNY/NVG,Asset Management,0.9137,0.39528,624,,,,,,,,
MAV/MHD,Asset Management,0.862,0.39529,624,,,,,,,,
DTF/PFD,Asset Management,0.9193,0.3953,624,,,,,,,,
CSQ/PPT,Asset Management,0.8846,0.3953,624,,,,,,,,
DHF/PPT,Asset Management,0.9171,0.39531,624,,,,,,,,
HBAN/UMBF,Banks - Regional,0.9528,0.39532,624,,,,,,,,
KWR/PPG,Specialty Chemicals,0.9037,0.39532,624,,,,,,,,
BRW/PFG,Asset Management,0.9188,0.39535,624,,,,,,,,
FHN/LARK,Banks - Regional,0.821,0.39535,624,,,,,,,,
EXG/PIM,Asset Management,0.9047,0.39535,624,,,,,,,,
PAYX/PLUS,Software - Application,0.9324,0.39536,624,,,,,,,,
BNY/JHS,Asset Management,0.9145,0.39536,624,,,,,,,,
KEY/WSBC,Banks - Regional,0.9143,0.39537,624,,,,,,,,
BFZ/BLE,Asset Management,0.9494,0.39538,624,,,,,,,,
GSBC/USB,Banks - Regional,0.9179,0.39539,624,,,,,,,,
OVBC/SFST,Banks - Regional,0.8337,0.3954,624,,,,,,,,
FFA/GAIN,Asset Management,0.984,0.3954,624,,,,,,,,
BGT/RQI,Asset Management,0.9118,0.39541,624,,,,,,,,
JHI/TY,Asset Management,0.9455,0.39542,624,,,,,,,,
JPC/PMO,Asset Management,0.948,0.39544,624,,,,,,,,
CBSH/HFWA,Banks - Regional,0.9011,0.39546,624,,,,,,,,
EFT/MCN,Asset Management,0.9336,0.39546,624,,,,,,,,
FMN/PMF,Asset Management,0.9469,0.39547,624,,,,,,,,
ETN/WTS,Specialty Industrial Machinery,0.9467,0.39547,624,,,,,,,,
ETB/PSEC,Asset Management,0.8733,0.39549,624,,,,,,,,
BOKF/SBCF,Banks - Regional,0.9006,0.3955,624,,,,,,,,
WCC/WSO,Industrial Distribution,0.8852,0.3955,624,,,,,,,,
KEY/PNFP,Banks - Regional,0.9253,0.39551,624,,,,,,,,
FBIZ/FRME,Banks - Regional,0.8264,0.39552,624,,,,,,,,
PHD/SPE,Asset Management,0.974,0.39553,624,,,,,,,,
BOKF/FRAF,Banks - Regional,0.9086,0.39553,624,,,,,,,,
CXE/PCK,Asset Management,0.9138,0.39556,624,,,,,,,,
FE/MGEE,Utilities - Regulated Electric,0.8493,0.39558,624,,,,,,,,
EBMT/SHBI,Banks - Regional,0.8877,0.39559,624,,,,,,,,
IBB/QQEW,Unknown,0.8742,0.39559,624,,,,,,,,
ESOA/PWR,Engineering & Construction,0.8433,0.3956,624,,,,,,,,
CNOB/MTB,Banks - Regional,0.9191,0.3956,624,,,,,,,,
CZNC/WABC,Banks - Regional,0.8765,0.39561,624,,,,,,,,
BXMT/STWD,REIT - Mortgage,0.9055,0.39562,624,,,,,,,,
FRA/GLAD,Asset Management,0.971,0.39563,624,,,,,,,,
CFFI/FNB,Banks - Regional,0.8948,0.39565,624,,,,,,,,
FLEX/SANM,Electronic Components,0.9291,0.39567,624,,,,,,,,
HIO/MYN,Asset Management,0.8543,0.39567,624,,,,,,,,
CMU/FFC,Asset Management,0.9373,0.39568,624,,,,,,,,
JRS/NNY,Asset Management,0.8804,0.39568,624,,,,,,,,
HFWA/MTB,Banks - Regional,0.9042,0.39568,624,,,,,,,,
FBNC/PNC,Banks - Regional,0.9634,0.39568,624,,,,,,,,
FBIZ/PEBO,Banks - Regional,0.8789,0.39569,624,,,,,,,,
PFIS/WBS,Banks - Regional,0.8944,0.39571,624,,,,,,,,
BND/VCLT,Unknown,0.9921,0.39571,624,,,,,,,,
EFT/GLAD,Asset Management,0.9589,0.39572,624,,,,,,,,
FMAO/MTB,Banks - Regional,0.873,0.39572,624,,,,,,,,
POR/XEL,Utilities - Regulated Electric,0.9424,0.39572,624,,,,,,,,
GAB/RMT,Asset Management,0.9773,0.39573,624,,,,,,,,
FNX/GJT,Unknown,0.9491,0.39575,624,,,,,,,,
PNC/WBS,Banks - Regional,0.9239,0.39577,624,,,,,,,,
DHF/STT,Asset Management,0.8519,0.39579,624,,,,,,,,
BRW/GOF,Asset Management,0.9351,0.3958,624,,,,,,,,
KEY/NWFL,Banks - Regional,0.8342,0.39581,624,,,,,,,,
FTC/PTF,Unknown,0.9846,0.39581,624,,,,,,,,
BBH/GJH,Unknown,0.9136,0.39582,624,,,,,,,,
HIO/NAD,Asset Management,0.9136,0.39583,624,,,,,,,,
OCSL/STK,Asset Management,0.8594,0.39584,624,,,,,,,,
AOD/CHI,Asset Management,0.9692,0.39585,624,,,,,,,,
LARK/WSFS,Banks - Regional,0.9202,0.39585,624,,,,,,,,
HEES/MGRC,Rental & Leasing Services,0.8904,0.39585,624,,,,,,,,
BRKL/USB,Banks - Regional,0.911,0.39586,624,,,,,,,,
CHI/VRTS,Asset Management,0.877,0.39586,624,,,,,,,,
CBAN/FCF,Banks - Regional,0.9175,0.39586,624,,,,,,,,
GABC/SFNC,Banks - Regional,0.8714,0.39587,624,,,,,,,,
ACWX/JBK,Unknown,0.9255,0.39587,624,,,,,,,,
BXMX/CII,Asset Management,0.9881,0.39588,624,,,,,,,,
HPS/NEA,Asset Management,0.9274,0.39588,624,,,,,,,,
QQXT/SHY,Unknown,0.9297,0.39588,624,,,,,,,,
STBA/UNB,Banks - Regional,0.867,0.39589,624,,,,,,,,
CSGP/TCI,Real Estate Services,0.8124,0.3959,624,,,,,,,,
NATH/TXRH,Restaurants,0.8232,0.39591,624,,,,,,,,
CHCO/GBCI,Banks - Regional,0.8746,0.39591,624,,,,,,,,
BKT/JHS,Asset Management,0.9691,0.39591,624,,,,,,,,
CNS/MIN,Asset Management,0.917,0.39593,624,,,,,,,,
IBN/TBBK,Banks - Regional,0.9239,0.39594,624,,,,,,,,
LCNB/RF,Banks - Regional,0.8406,0.39594,624,,,,,,,,
FCCO/HFBL,Banks - Regional,0.8795,0.39594,624,,,,,,,,
MGYR/WSBF,Banks - Regional,0.9127,0.39594,624,,,,,,,,
MNSB/PEBK,Banks - Regional,0.9159,0.39594,624,,,,,,,,
HTBK/WAFD,Banks - Regional,0.9184,0.39594,624,,,,,,,,
QCRH/UNTY,Banks - Regional,0.9676,0.39594,624,,,,,,,,
RVSB/SNV,Banks - Regional,0.8454,0.39596,624,,,,,,,,
CTAS/TRI,Specialty Business Services,0.9879,0.39597,624,,,,,,,,
NWBI/UBCP,Banks - Regional,0.8443,0.39598,624,,,,,,,,
CVI/DINO,Oil & Gas Refining & Marketing,0.9271,0.39598,624,,,,,,,,
MAV/VPV,Asset Management,0.8162,0.39598,624,,,,,,,,
UCB/WNEB,Banks - Regional,0.8045,0.39598,624,,,,,,,,
DSU/RFI,Asset Management,0.9316,0.39598,624,,,,,,,,
FCF/LCNB,Banks - Regional,0.8941,0.39598,624,,,,,,,,
GABC/MTB,Banks - Regional,0.9369,0.39598,624,,,,,,,,
CBAN/ZION,Banks - Regional,0.9411,0.39599,624,,,,,,,,
CIVB/THFF,Banks - Regional,0.9509,0.39599,624,,,,,,,,
CMA/SMBC,Banks - Regional,0.8605,0.396,624,,,,,,,,
EVRG/PPL,Utilities - Regulated Electric,0.913,0.39601,624,,,,,,,,
COFS/OPBK,Banks - Regional,0.8869,0.39601,624,,,,,,,,
CTBI/HOMB,Banks - Regional,0.9482,0.39602,624,,,,,,,,
GLAD/STT,Asset Management,0.8024,0.39603,624,,,,,,,,
CAE/LMT,Aerospace & Defense,0.8007,0.39604,624,,,,,,,,
HOMB/SMBC,Banks - Regional,0.9256,0.39604,624,,,,,,,,
BANC/EFSC,Banks - Regional,0.8295,0.39605,624,,,,,,,,
FCT/HIO,Asset Management,0.9568,0.39606,624,,,,,,,,
CHI/PCF,Asset Management,0.9673,0.39607,624,,,,,,,,
MCHP/MRVL,Semiconductors,0.8548,0.39608,624,,,,,,,,
AMGN/NVO,Drug Manufacturers - General,0.8608,0.39608,624,,,,,,,,
BNY/VPV,Asset Management,0.9205,0.39609,624,,,,,,,,
EMD/NNY,Asset Management,0.8559,0.3961,624,,,,,,,,
CZNC/THFF,Banks - Regional,0.9311,0.3961,624,,,,,,,,
ETB/MCN,Asset Management,0.9425,0.39611,624,,,,,,,,
GUT/NNY,Asset Management,0.8035,0.39612,624,,,,,,,,
CRT/DVN,Oil & Gas E&P,0.8257,0.39613,624,,,,,,,,
FHN/QCRH,Banks - Regional,0.8625,0.39613,624,,,,,,,,
HIX/WIW,Asset Management,0.9539,0.39614,624,,,,,,,,
GUT/PMO,Asset Management,0.864,0.39615,624,,,,,,,,
FOF/SOR,Asset Management,0.9841,0.39616,624,,,,,,,,
AZTA/RGEN,Medical Instruments & Supplies,0.9406,0.39616,624,,,,,,,,
LPX/SPXC,Building Products & Equipment,0.9463,0.39617,624,,,,,,,,
BCML/HBAN,Banks - Regional,0.9184,0.39617,624,,,,,,,,
CBSH/COFS,Banks - Regional,0.9065,0.39618,624,,,,,,,,
BVFL/HBAN,Banks - Regional,0.8035,0.39618,624,,,,,,,,
DHIL/GRX,Asset Management,0.8952,0.3962,624,,,,,,,,
PCN/TROW,Asset Management,0.9032,0.39621,624,,,,,,,,
ETB/IIF,Asset Management,0.9049,0.39621,624,,,,,,,,
IAE/PHD,Asset Management,0.8728,0.39621,624,,,,,,,,
DDT/GJT,Unknown,0.9529,0.39622,624,,,,,,,,
FTC/FTCS,Unknown,0.9903,0.39622,624,,,,,,,,
AON/CRVL,Insurance Brokers,0.9326,0.39623,624,,,,,,,,
CIF/RFI,Asset Management,0.929,0.39624,624,,,,,,,,
BFZ/VGM,Asset Management,0.9533,0.39624,624,,,,,,,,
ETB/HPS,Asset Management,0.976,0.39624,624,,,,,,,,
DSU/MCN,Asset Management,0.9495,0.39625,624,,,,,,,,
COFS/VABK,Banks - Regional,0.8957,0.39625,624,,,,,,,,
RBCAA/SBCF,Banks - Regional,0.8443,0.39627,624,,,,,,,,
OBT/QCRH,Banks - Regional,0.9084,0.39628,624,,,,,,,,
OVBC/TSBK,Banks - Regional,0.8478,0.39629,624,,,,,,,,
JMM/NIE,Asset Management,0.909,0.3963,624,,,,,,,,
BXMX/PSEC,Asset Management,0.8828,0.3963,624,,,,,,,,
IGR/PFD,Asset Management,0.881,0.3963,624,,,,,,,,
OPBK/WSBC,Banks - Regional,0.8903,0.39631,624,,,,,,,,
JSM/PIZ,Unknown,0.918,0.39633,624,,,,,,,,
RBCAA/SBSI,Banks - Regional,0.8534,0.39633,624,,,,,,,,
ARCC/IIF,Asset Management,0.9229,0.39633,624,,,,,,,,
MMT/MVF,Asset Management,0.8533,0.39634,624,,,,,,,,
NKX/NPV,Asset Management,0.9072,0.39635,624,,,,,,,,
GSBC/SSBI,Banks - Regional,0.8706,0.39635,624,,,,,,,,
LEO/NQP,Asset Management,0.9506,0.39635,624,,,,,,,,
EOT/TSI,Asset Management,0.8929,0.39636,624,,,,,,,,
LCNB/PNC,Banks - Regional,0.8466,0.39637,624,,,,,,,,
FMNB/HDB,Banks - Regional,0.9414,0.39637,624,,,,,,,,
GAB/PFL,Asset Management,0.9416,0.39638,624,,,,,,,,
HPF/NIM,Asset Management,0.9374,0.39638,624,,,,,,,,
NTRS/WIA,Asset Management,0.8411,0.39639,624,,,,,,,,
DSU/EOI,Asset Management,0.9813,0.3964,624,,,,,,,,
AWP/GOF,Asset Management,0.9205,0.3964,624,,,,,,,,
UNB/WNEB,Banks - Regional,0.8778,0.39641,624,,,,,,,,
FNLC/HDB,Banks - Regional,0.947,0.39642,624,,,,,,,,
OSBC/TCBK,Banks - Regional,0.9539,0.39642,624,,,,,,,,
GJT/GRID,Unknown,0.9311,0.39643,624,,,,,,,,
RBC/SNA,Tools & Accessories,0.9544,0.39645,624,,,,,,,,
EBTC/NWBI,Banks - Regional,0.9347,0.39646,624,,,,,,,,
BVFL/ZION,Banks - Regional,0.8054,0.39646,624,,,,,,,,
HBAN/LARK,Banks - Regional,0.8985,0.39646,624,,,,,,,,
DHF/RMT,Asset Management,0.948,0.39646,624,,,,,,,,
EOI/TWN,Asset Management,0.9619,0.39647,624,,,,,,,,
DHI/KBH,Residential Construction,0.9792,0.39648,624,,,,,,,,
JBK/PSL,Unknown,0.9651,0.39648,624,,,,,,,,
BANC/HBCP,Banks - Regional,0.8123,0.39649,624,,,,,,,,
MQT/OIA,Asset Management,0.9629,0.3965,624,,,,,,,,
TFC/VLY,Banks - Regional,0.8795,0.39651,624,,,,,,,,
MFM/PFD,Asset Management,0.9474,0.39653,624,,,,,,,,
RFI/VTN,Asset Management,0.8327,0.39654,624,,,,,,,,
SBUX/WEN,Restaurants,0.945,0.39654,624,,,,,,,,
GCV/RMT,Asset Management,0.9244,0.39654,624,,,,,,,,
BVFL/CAC,Banks - Regional,0.8375,0.39655,624,,,,,,,,
HPF/MGF,Asset Management,0.8436,0.39656,624,,,,,,,,
BCBP/CZWI,Banks - Regional,0.8572,0.39656,624,,,,,,,,
HAFC/SMBK,Banks - Regional,0.8279,0.39656,624,,,,,,,,
NAZ/PMF,Asset Management,0.9086,0.39656,624,,,,,,,,
BOH/KEY,Banks - Regional,0.9558,0.39658,624,,,,,,,,
BOTJ/ISBA,Banks - Regional,0.8787,0.39659,624,,,,,,,,
JCE/TWN,Asset Management,0.9433,0.39659,624,,,,,,,,
FCFS/SLMBP,Credit Services,0.9031,0.39661,624,,,,,,,,
ALRS/WASH,Banks - Regional,0.8852,0.39662,624,,,,,,,,
NMT/OIA,Asset Management,0.9129,0.39663,624,,,,,,,,
AVK/CHW,Asset Management,0.8621,0.39663,624,,,,,,,,
FUND/STEW,Asset Management,0.9697,0.39663,624,,,,,,,,
BLW/STK,Asset Management,0.9624,0.39663,624,,,,,,,,
ES/TXNM,Utilities - Regulated Electric,0.947,0.39666,624,,,,,,,,
CXE/MUJ,Asset Management,0.9439,0.39667,624,,,,,,,,
HIO/NVG,Asset Management,0.9155,0.39667,624,,,,,,,,
NFJ/STK,Asset Management,0.9579,0.39668,624,,,,,,,,
MUA/NXJ,Asset Management,0.96,0.39668,624,,,,,,,,
GJH/PEY,Unknown,0.9623,0.39669,624,,,,,,,,
FDBC/PFBC,Banks - Regional,0.842,0.3967,624,,,,,,,,
SMBK/ZION,Banks - Regional,0.9103,0.3967,624,,,,,,,,
BOH/TCBK,Banks - Regional,0.9155,0.39672,624,,,,,,,,
DVY/GJP,Unknown,0.9531,0.39672,624,,,,,,,,
FCF/SBCF,Banks - Regional,0.925,0.39672,624,,,,,,,,
HQH/MMT,Asset Management,0.8812,0.39673,624,,,,,,,,
ISBA/SBFG,Banks - Regional,0.8688,0.39673,624,,,,,,,,
PNF/VPV,Asset Management,0.8587,0.39673,624,,,,,,,,
FMY/JHI,Asset Management,0.9368,0.39675,624,,,,,,,,
BGY/BLK,Asset Management,0.9654,0.39676,624,,,,,,,,
FFBC/SNV,Banks - Regional,0.9596,0.39676,624,,,,,,,,
GJS/SOXX,Unknown,0.9245,0.39678,624,,,,,,,,
OPBK/PBHC,Banks - Regional,0.9172,0.39678,624,,,,,,,,
CBFV/ZIONP,Banks - Regional,0.8834,0.3968,624,,,,,,,,
MSD/SBI,Asset Management,0.868,0.39681,624,,,,,,,,
LCNB/ZION,Banks - Regional,0.8507,0.39681,624,,,,,,,,
FMBH/FUNC,Banks - Regional,0.8755,0.39681,624,,,,,,,,
NUW/RQI,Asset Management,0.8772,0.39681,624,,,,,,,,
D/NWE,Utilities - Regulated Electric,0.8959,0.39681,624,,,,,,,,
ARCB/TFII,Trucking,0.9615,0.39683,624,,,,,,,,
BMO/BNS,Banks - Diversified,0.9424,0.39684,624,,,,,,,,
BKN/RFI,Asset Management,0.8818,0.39685,624,,,,,,,,
HYT/TWN,Asset Management,0.9331,0.39685,624,,,,,,,,
ICUI/UTMD,Medical Instruments & Supplies,0.8713,0.39686,624,,,,,,,,
FRST/MNSB,Banks - Regional,0.8251,0.39687,624,,,,,,,,
IQI/PMF,Asset Management,0.9292,0.39687,624,,,,,,,,
BTA/HIX,Asset Management,0.9382,0.39688,624,,,,,,,,
EOI/EOS,Asset Management,0.9924,0.39688,624,,,,,,,,
GDL/TWN,Asset Management,0.8677,0.39693,624,,,,,,,,
GDV/STT,Asset Management,0.9046,0.39693,624,,,,,,,,
HLIO/OFLX,Specialty Industrial Machinery,0.8293,0.39694,624,,,,,,,,
RVSB/SBSI,Banks - Regional,0.8849,0.39694,624,,,,,,,,
PFIS/SBCF,Banks - Regional,0.8769,0.39695,624,,,,,,,,
BOH/CNOB,Banks - Regional,0.9361,0.39696,624,,,,,,,,
IAE/UTF,Asset Management,0.8332,0.39696,624,,,,,,,,
CMA/VABK,Banks - Regional,0.8844,0.39697,624,,,,,,,,
BANR/STBA,Banks - Regional,0.9287,0.39698,624,,,,,,,,
BCE/CMCSA,Telecom Services,0.8808,0.39698,624,,,,,,,,
AUB/HTBK,Banks - Regional,0.9203,0.39698,624,,,,,,,,
DSM/JMM,Asset Management,0.9106,0.39699,624,,,,,,,,
FHN/SFST,Banks - Regional,0.8107,0.39699,624,,,,,,,,
JQC/JRS,Asset Management,0.9325,0.397,624,,,,,,,,
OPBK/SBCF,Banks - Regional,0.8771,0.39703,624,,,,,,,,
EWBC/WTFC,Banks - Regional,0.977,0.39704,624,,,,,,,,
TSI/UTF,Asset Management,0.9661,0.39705,624,,,,,,,,
ALRS/CNOB,Banks - Regional,0.9182,0.39705,624,,,,,,,,
PPH/QTEC,Unknown,0.9089,0.39706,624,,,,,,,,
CSQ/QQQX,Asset Management,0.9798,0.39708,624,,,,,,,,
ESSA/ZION,Banks - Regional,0.8773,0.39708,624,,,,,,,,
NKX/VMO,Asset Management,0.9779,0.39708,624,,,,,,,,
EVN/MAV,Asset Management,0.834,0.3971,624,,,,,,,,
PPT/SOR,Asset Management,0.8946,0.3971,624,,,,,,,,
CNOB/FISI,Banks - Regional,0.9451,0.39711,624,,,,,,,,
CVBF/WSBF,Banks - Regional,0.9362,0.39712,624,,,,,,,,
FMNB/WSBC,Banks - Regional,0.8975,0.39712,624,,,,,,,,
HIO/IIM,Asset Management,0.8787,0.39713,624,,,,,,,,
FHI/HTGC,Asset Management,0.9151,0.39713,624,,,,,,,,
BUSE/FBNC,Banks - Regional,0.9329,0.39713,624,,,,,,,,
CASH/CBFV,Banks - Regional,0.8709,0.39714,624,,,,,,,,
FNB/HWC,Banks - Regional,0.8656,0.39715,624,,,,,,,,
PB/STBA,Banks - Regional,0.8985,0.39715,624,,,,,,,,
LEO/PYN,Asset Management,0.9203,0.39716,624,,,,,,,,
USB/WSFS,Banks - Regional,0.9429,0.39716,624,,,,,,,,
HDB/TFSL,Banks - Regional,0.9065,0.39716,624,,,,,,,,
FUNC/HDB,Banks - Regional,0.8331,0.39718,624,,,,,,,,
KNX/PAMT,Trucking,0.8423,0.39718,624,,,,,,,,
BHLB/HFWA,Banks - Regional,0.803,0.39718,624,,,,,,,,
EVG/MHF,Asset Management,0.9193,0.39718,624,,,,,,,,
RFI/WEA,Asset Management,0.9449,0.3972,624,,,,,,,,
PHO/SHV,Unknown,0.9326,0.3972,624,,,,,,,,
CSX/NSC,Railroads,0.9896,0.39721,624,,,,,,,,
FCF/NECB,Banks - Regional,0.8488,0.39722,624,,,,,,,,
CASH/GABC,Banks - Regional,0.9098,0.39723,624,,,,,,,,
BANF/BCAL,Banks - Regional,0.8543,0.39723,624,,,,,,,,
FCT/PTY,Asset Management,0.9457,0.39727,624,,,,,,,,
BSRR/CFFI,Banks - Regional,0.8813,0.3973,624,,,,,,,,
DUK/XEL,Utilities - Regulated Electric,0.9576,0.3973,624,,,,,,,,
BANR/UBFO,Banks - Regional,0.911,0.39731,624,,,,,,,,
JFR/VLT,Asset Management,0.9568,0.39731,624,,,,,,,,
FAB/GJT,Unknown,0.9423,0.39732,624,,,,,,,,
CXE/JRS,Asset Management,0.8409,0.39733,624,,,,,,,,
CASH/TFC,Banks - Regional,0.8209,0.39734,624,,,,,,,,
SIGI/WTM,Insurance - Property & Casualty,0.9437,0.39738,624,,,,,,,,
CIVB/FLIC,Banks - Regional,0.8211,0.39738,624,,,,,,,,
CZFS/HBAN,Banks - Regional,0.8708,0.39739,624,,,,,,,,
CHW/GOF,Asset Management,0.9555,0.3974,624,,,,,,,,
IUSG/SMH,Unknown,0.9695,0.39741,624,,,,,,,,
IBB/KTH,Unknown,0.9211,0.39741,624,,,,,,,,
ASML/LRCX,Semiconductor Equipment & Materials,0.9861,0.39742,624,,,,,,,,
NWBI/OPBK,Banks - Regional,0.8988,0.39743,624,,,,,,,,
NFJ/RMT,Asset Management,0.9823,0.39743,624,,,,,,,,
MSD/VGM,Asset Management,0.8829,0.39743,624,,,,,,,,
HQH/IQI,Asset Management,0.86,0.39744,624,,,,,,,,
CVBF/SYBT,Banks - Regional,0.8814,0.39745,624,,,,,,,,
SBLK/SHIP,Marine Shipping,0.8738,0.39746,624,,,,,,,,
CHMG/UCB,Banks - Regional,0.8954,0.39746,624,,,,,,,,
BDN/HIW,REIT - Office,0.831,0.39747,624,,,,,,,,
AROW/BVFL,Banks - Regional,0.8321,0.39747,624,,,,,,,,
PYZ/VCSH,Unknown,0.9017,0.39748,624,,,,,,,,
ABCB/UVSP,Banks - Regional,0.9651,0.39748,624,,,,,,,,
CBSH/OSBC,Banks - Regional,0.9151,0.39748,624,,,,,,,,
HFWA/SHBI,Banks - Regional,0.9041,0.39749,624,,,,,,,,
FMY/MHN,Asset Management,0.8139,0.39749,624,,,,,,,,
GBCI/HFBL,Banks - Regional,0.9099,0.39749,624,,,,,,,,
FMBH/SMBK,Banks - Regional,0.9203,0.3975,624,,,,,,,,
SNV/WSBF,Banks - Regional,0.8809,0.3975,624,,,,,,,,
BFZ/VTN,Asset Management,0.9694,0.39751,624,,,,,,,,
ONEQ/PTF,Unknown,0.9923,0.39751,624,,,,,,,,
BHK/MVT,Asset Management,0.8906,0.39751,624,,,,,,,,
BOE/VRTS,Asset Management,0.8156,0.39753,624,,,,,,,,
CBU/WAL,Banks - Regional,0.9163,0.39754,624,,,,,,,,
BRKR/PODD,Medical Devices,0.9149,0.39754,624,,,,,,,,
BOKF/CZNC,Banks - Regional,0.8975,0.39755,624,,,,,,,,
GLW/PLXS,Electronic Components,0.9461,0.39756,624,,,,,,,,
DVY/GJO,Unknown,0.9684,0.39758,624,,,,,,,,
JPC/NXJ,Asset Management,0.9615,0.39759,624,,,,,,,,
MFM/NPV,Asset Management,0.8841,0.3976,624,,,,,,,,
PFI/SHY,Unknown,0.9198,0.3976,624,,,,,,,,
BUSE/NWFL,Banks - Regional,0.8982,0.3976,624,,,,,,,,
SPXX/STK,Asset Management,0.9629,0.3976,624,,,,,,,,
NVG/SBI,Asset Management,0.9322,0.3976,624,,,,,,,,
NXN/PDT,Asset Management,0.9378,0.3976,624,,,,,,,,
DMLP/EOG,Oil & Gas E&P,0.8589,0.39761,624,,,,,,,,
CCNE/EWBC,Banks - Regional,0.8518,0.39763,624,,,,,,,,
NBTB/PPBI,Banks - Regional,0.8465,0.39764,624,,,,,,,,
CMU/JHI,Asset Management,0.8487,0.39768,624,,,,,,,,
OPOF/SBSI,Banks - Regional,0.8218,0.39769,624,,,,,,,,
FCT/GRX,Asset Management,0.9294,0.39772,624,,,,,,,,
INDY/PYZ,Unknown,0.9337,0.39775,624,,,,,,,,
HYT/PPT,Asset Management,0.9197,0.39775,624,,,,,,,,
NEWT/UCB,Banks - Regional,0.8604,0.39776,624,,,,,,,,
EME/STRL,Engineering & Construction,0.9739,0.39777,624,,,,,,,,
PPT/VGM,Asset Management,0.8657,0.39778,624,,,,,,,,
ACWI/PHO,Unknown,0.9885,0.39779,624,,,,,,,,
FULT/LARK,Banks - Regional,0.8688,0.39779,624,,,,,,,,
EHI/MYN,Asset Management,0.8951,0.39779,624,,,,,,,,
BRW/TSI,Asset Management,0.927,0.39779,624,,,,,,,,
JSM/TVE,Unknown,0.8954,0.3978,624,,,,,,,,
CHKP/DOX,Software - Infrastructure,0.9121,0.39782,624,,,,,,,,
AGD/HYT,Asset Management,0.9497,0.39783,624,,,,,,,,
AIA/JSM,Unknown,0.9209,0.39783,624,,,,,,,,
BKN/HPF,Asset Management,0.891,0.39784,624,,,,,,,,
ABCB/INDB,Banks - Regional,0.8838,0.39785,624,,,,,,,,
HWC/NECB,Banks - Regional,0.8194,0.39785,624,,,,,,,,
BCML/MNSB,Banks - Regional,0.8667,0.39785,624,,,,,,,,
ETB/VVR,Asset Management,0.92,0.39785,624,,,,,,,,
HOPE/NKSH,Banks - Regional,0.8298,0.39786,624,,,,,,,,
MCN/PCM,Asset Management,0.8971,0.39787,624,,,,,,,,
EBMT/WSBC,Banks - Regional,0.8245,0.39789,624,,,,,,,,
ETB/PFN,Asset Management,0.9642,0.3979,624,,,,,,,,
TCBK/THFF,Banks - Regional,0.948,0.3979,624,,,,,,,,
CNS/PCN,Asset Management,0.9244,0.39791,624,,,,,,,,
CFFI/ONB,Banks - Regional,0.9229,0.39792,624,,,,,,,,
FMNB/PFIS,Banks - Regional,0.9168,0.39792,624,,,,,,,,
FITB/TFC,Banks - Regional,0.9016,0.39793,624,,,,,,,,
DHF/GDV,Asset Management,0.9609,0.39793,624,,,,,,,,
BN/HYT,Asset Management,0.9758,0.39794,624,,,,,,,,
CTBI/CZNC,Banks - Regional,0.9017,0.39797,624,,,,,,,,
NFBK/OPOF,Banks - Regional,0.8037,0.39797,624,,,,,,,,
MGYR/OVLY,Banks - Regional,0.8901,0.39797,624,,,,,,,,
KAI/SXI,Specialty Industrial Machinery,0.9156,0.39799,624,,,,,,,,
MBCN/UBSI,Banks - Regional,0.8999,0.39799,624,,,,,,,,
CHCO/WSFS,Banks - Regional,0.8712,0.39799,624,,,,,,,,
EOT/MHI,Asset Management,0.8658,0.398,624,,,,,,,,
HIX/MUA,Asset Management,0.8758,0.39801,624,,,,,,,,
ON/TSEM,Semiconductors,0.8147,0.39801,624,,,,,,,,
RVT/WIW,Asset Management,0.9184,0.39801,624,,,,,,,,
NKX/NZF,Asset Management,0.9742,0.39802,624,,,,,,,,
EFR/RFI,Asset Management,0.926,0.39802,624,,,,,,,,
GDL/JCE,Asset Management,0.9629,0.39802,624,,,,,,,,
NTRS/PDT,Asset Management,0.954,0.39803,624,,,,,,,,
EVF/USA,Asset Management,0.9632,0.39804,624,,,,,,,,
BRKL/OSBC,Banks - Regional,0.8523,0.39805,624,,,,,,,,
CZFS/MNSB,Banks - Regional,0.9042,0.39806,624,,,,,,,,
HQL/STT,Asset Management,0.892,0.39808,624,,,,,,,,
JPC/TSI,Asset Management,0.9664,0.39808,624,,,,,,,,
BVFL/WABC,Banks - Regional,0.8118,0.39808,624,,,,,,,,
SFBC/SHBI,Banks - Regional,0.8371,0.3981,624,,,,,,,,
HIO/MVF,Asset Management,0.8119,0.39812,624,,,,,,,,
GJR/GRID,Unknown,0.9535,0.39812,624,,,,,,,,
AUB/FBIZ,Banks - Regional,0.8557,0.39814,624,,,,,,,,
AROW/UCB,Banks - Regional,0.9028,0.39815,624,,,,,,,,
MIN/MMU,Asset Management,0.8273,0.39815,624,,,,,,,,
BME/WIA,Asset Management,0.8623,0.39816,624,,,,,,,,
GAM/USA,Asset Management,0.9635,0.39816,624,,,,,,,,
FRME/IBOC,Banks - Regional,0.8748,0.39817,624,,,,,,,,
NMI/NPV,Asset Management,0.8614,0.39818,624,,,,,,,,
JQC/RQI,Asset Management,0.9438,0.39818,624,,,,,,,,
PCF/PSEC,Asset Management,0.8728,0.39819,624,,,,,,,,
CAMT/LRCX,Semiconductor Equipment & Materials,0.9425,0.3982,624,,,,,,,,
GAIN/TSI,Asset Management,0.9048,0.39821,624,,,,,,,,
NMZ/PNF,Asset Management,0.8788,0.39821,624,,,,,,,,
HAFC/MOFG,Banks - Regional,0.8898,0.39824,624,,,,,,,,
FUL/SHW,Specialty Chemicals,0.9023,0.39824,624,,,,,,,,
DNP/TSI,Asset Management,0.9481,0.39824,624,,,,,,,,
DOV/NPO,Specialty Industrial Machinery,0.9131,0.39824,624,,,,,,,,
NIM/RNP,Asset Management,0.9179,0.39825,624,,,,,,,,
CIF/MMU,Asset Management,0.8763,0.39825,624,,,,,,,,
BANF/CZFS,Banks - Regional,0.8602,0.39827,624,,,,,,,,
HPF/MUC,Asset Management,0.8724,0.39828,624,,,,,,,,
PMM/VTN,Asset Management,0.9358,0.3983,624,,,,,,,,
PEBK/SBFG,Banks - Regional,0.9462,0.3983,624,,,,,,,,
CNOB/FCCO,Banks - Regional,0.8979,0.39833,624,,,,,,,,
PFM/SHY,Unknown,0.9263,0.39833,624,,,,,,,,
HDB/SMBK,Banks - Regional,0.8864,0.39833,624,,,,,,,,
HQL/VBF,Asset Management,0.8987,0.39836,624,,,,,,,,
FOF/FT,Asset Management,0.9872,0.39836,624,,,,,,,,
NAC/NXP,Asset Management,0.9067,0.39836,624,,,,,,,,
BOE/JCE,Asset Management,0.9819,0.39837,624,,,,,,,,
HIX/VMO,Asset Management,0.888,0.39837,624,,,,,,,,
FRME/PFS,Banks - Regional,0.9501,0.39838,624,,,,,,,,
FAB/SMH,Unknown,0.9215,0.3984,624,,,,,,,,
FCCO/FHN,Banks - Regional,0.839,0.39841,624,,,,,,,,
SMBK/STBA,Banks - Regional,0.931,0.39841,624,,,,,,,,
GBCI/SMBC,Banks - Regional,0.9354,0.39841,624,,,,,,,,
EMD/MMT,Asset Management,0.9069,0.39842,624,,,,,,,,
PTF/SHV,Unknown,0.9308,0.39844,624,,,,,,,,
CNS/TWN,Asset Management,0.9417,0.39845,624,,,,,,,,
CIVB/UMBF,Banks - Regional,0.8629,0.39845,624,,,,,,,,
CGO/JHI,Asset Management,0.9649,0.39845,624,,,,,,,,
FMNB/PGC,Banks - Regional,0.9218,0.39845,624,,,,,,,,
CFFI/PGC,Banks - Regional,0.8491,0.39848,624,,,,,,,,
HQH/MVF,Asset Management,0.8524,0.39848,624,,,,,,,,
LEA/MGA,Auto Parts,0.8928,0.39848,624,,,,,,,,
BUSE/WSBF,Banks - Regional,0.9051,0.39849,624,,,,,,,,
MMU/PDT,Asset Management,0.8967,0.3985,624,,,,,,,,
BANR/BFC,Banks - Regional,0.87,0.3985,624,,,,,,,,
BELFA/CLS,Electronic Components,0.8557,0.39851,624,,,,,,,,
AAXJ/BANFP,Unknown,0.8325,0.39852,624,,,,,,,,
IGD/MFIC,Asset Management,0.8944,0.39853,624,,,,,,,,
DSU/ETY,Asset Management,0.981,0.39856,624,,,,,,,,
BPOPM/PRFZ,Unknown,0.9322,0.39857,624,,,,,,,,
GLAD/PFG,Asset Management,0.9271,0.39858,624,,,,,,,,
BCML/PLBC,Banks - Regional,0.8853,0.39858,624,,,,,,,,
CGO/QQQX,Asset Management,0.9559,0.39858,624,,,,,,,,
MSD/MYN,Asset Management,0.856,0.3986,624,,,,,,,,
FFA/NTRS,Asset Management,0.878,0.39861,624,,,,,,,,
BN/TY,Asset Management,0.9658,0.39862,624,,,,,,,,
ICLN/QCLN,Unknown,0.9418,0.39862,624,,,,,,,,
ETV/GRX,Asset Management,0.9732,0.39864,624,,,,,,,,
CHMG/FMAO,Banks - Regional,0.8675,0.39864,624,,,,,,,,
TDS/USM,Telecom Services,0.8968,0.39865,624,,,,,,,,
PFIS/PNFP,Banks - Regional,0.9119,0.39865,624,,,,,,,,
CCNE/HWC,Banks - Regional,0.8532,0.39866,624,,,,,,,,
IDA/OGE,Utilities - Regulated Electric,0.9354,0.39867,624,,,,,,,,
RFI/STEW,Asset Management,0.9499,0.39867,624,,,,,,,,
DSM/JHI,Asset Management,0.8343,0.39869,624,,,,,,,,
JHI/NNY,Asset Management,0.8772,0.39871,624,,,,,,,,
PEY/SMH,Unknown,0.8871,0.39872,624,,,,,,,,
ABT/CNMD,Medical Devices,0.879,0.39872,624,,,,,,,,
EBTC/HOMB,Banks - Regional,0.9195,0.39872,624,,,,,,,,
HFWA/NKSH,Banks - Regional,0.9095,0.39873,624,,,,,,,,
PRN/SHV,Unknown,0.9445,0.39873,624,,,,,,,,
HIO/VGM,Asset Management,0.8797,0.39874,624,,,,,,,,
CGO/HQH,Asset Management,0.8576,0.39875,624,,,,,,,,
HIX/NZF,Asset Management,0.9266,0.39875,624,,,,,,,,
FHI/SEIC,Asset Management,0.8915,0.39875,624,,,,,,,,
NBN/NECB,Banks - Regional,0.9796,0.39877,624,,,,,,,,
AGD/RMT,Asset Management,0.9571,0.39879,624,,,,,,,,
CXH/PMF,Asset Management,0.9256,0.39879,624,,,,,,,,
MBWM/SSB,Banks - Regional,0.9463,0.3988,624,,,,,,,,
FMNB/MTB,Banks - Regional,0.9272,0.3988,624,,,,,,,,
PDP/SMH,Unknown,0.9336,0.39882,624,,,,,,,,
JBK/SOXX,Unknown,0.882,0.39883,624,,,,,,,,
CHI/NTRS,Asset Management,0.8757,0.39885,624,,,,,,,,
MHD/RQI,Asset Management,0.8103,0.39885,624,,,,,,,,
AGNC/NLY,REIT - Mortgage,0.938,0.39886,624,,,,,,,,
BRW/CSWC,Asset Management,0.9095,0.39886,624,,,,,,,,
EOD/STK,Asset Management,0.9596,0.39887,624,,,,,,,,
PFS/WAL,Banks - Regional,0.8587,0.39887,624,,,,,,,,
AWF/FRA,Asset Management,0.961,0.39888,624,,,,,,,,
PEBO/SBSI,Banks - Regional,0.9393,0.39888,624,,,,,,,,
LEO/MCR,Asset Management,0.8834,0.39889,624,,,,,,,,
FRST/HFWA,Banks - Regional,0.8939,0.39889,624,,,,,,,,
BGT/ETO,Asset Management,0.9429,0.3989,624,,,,,,,,
AGD/BME,Asset Management,0.9087,0.39891,624,,,,,,,,
BOKF/EBMT,Banks - Regional,0.8035,0.39891,624,,,,,,,,
GDL/SEIC,Asset Management,0.9436,0.39892,624,,,,,,,,
PCM/STT,Asset Management,0.814,0.39892,624,,,,,,,,
BFZ/PMF,Asset Management,0.913,0.39892,624,,,,,,,,
VGM/VPV,Asset Management,0.9788,0.39893,624,,,,,,,,
BHLB/BUSE,Banks - Regional,0.8482,0.39894,624,,,,,,,,
CWBC/ISBA,Banks - Regional,0.8615,0.39895,624,,,,,,,,
HWC/OSBC,Banks - Regional,0.8936,0.39895,624,,,,,,,,
PHT/VRTS,Asset Management,0.8697,0.39895,624,,,,,,,,
NBTB/ZIONP,Banks - Regional,0.8874,0.39896,624,,,,,,,,
FBNC/FRST,Banks - Regional,0.8438,0.39897,624,,,,,,,,
IGR/TSI,Asset Management,0.9004,0.39897,624,,,,,,,,
FCT/UTF,Asset Management,0.9509,0.39899,624,,,,,,,,
IQI/MMT,Asset Management,0.9315,0.399,624,,,,,,,,
RBCAA/UBCP,Banks - Regional,0.8954,0.399,624,,,,,,,,
CZNC/FFIN,Banks - Regional,0.91,0.399,624,,,,,,,,
COLB/FLIC,Banks - Regional,0.9223,0.39901,624,,,,,,,,
PRN/QTEC,Unknown,0.9759,0.39901,624,,,,,,,,
TSBK/WTFC,Banks - Regional,0.9209,0.39903,624,,,,,,,,
IGR/OIA,Asset Management,0.8937,0.39903,624,,,,,,,,
BFC/FUNC,Banks - Regional,0.9212,0.39903,624,,,,,,,,
FUNC/UBCP,Banks - Regional,0.8682,0.39903,624,,,,,,,,
CIF/NXC,Asset Management,0.8971,0.39904,624,,,,,,,,
CGO/CHN,Asset Management,0.8302,0.39904,624,,,,,,,,
FRAF/TRST,Banks - Regional,0.9154,0.39904,624,,,,,,,,
LSBK/PWOD,Banks - Regional,0.8361,0.39904,624,,,,,,,,
LSBK/TCBI,Banks - Regional,0.8151,0.39905,624,,,,,,,,
AGD/SWKH,Asset Management,0.8157,0.39907,624,,,,,,,,
HQL/PFO,Asset Management,0.9187,0.39908,624,,,,,,,,
COFS/NECB,Banks - Regional,0.81,0.3991,624,,,,,,,,
MUA/RQI,Asset Management,0.8756,0.3991,624,,,,,,,,
CII/PTY,Asset Management,0.9556,0.3991,624,,,,,,,,
PFL/STEW,Asset Management,0.9502,0.39911,624,,,,,,,,
EBMT/PKBK,Banks - Regional,0.8961,0.39912,624,,,,,,,,
FUND/GAIN,Asset Management,0.974,0.39913,624,,,,,,,,
MGF/PMX,Asset Management,0.8806,0.39913,624,,,,,,,,
BRW/EVG,Asset Management,0.9445,0.39913,624,,,,,,,,
HTBK/SSBI,Banks - Regional,0.8172,0.39914,624,,,,,,,,
AAXJ/PFF,Unknown,0.9003,0.39916,624,,,,,,,,
MYN/PYN,Asset Management,0.8824,0.39917,624,,,,,,,,
SPXX/UTF,Asset Management,0.9788,0.39917,624,,,,,,,,
FNB/UMBF,Banks - Regional,0.8983,0.39917,624,,,,,,,,
BRKR/CNMD,Medical Devices,0.8976,0.39918,624,,,,,,,,
FFBC/HWC,Banks - Regional,0.9288,0.39918,624,,,,,,,,
OSBC/SHBI,Banks - Regional,0.884,0.39918,624,,,,,,,,
IOSP/WDFC,Specialty Chemicals,0.934,0.39919,624,,,,,,,,
CATY/UCB,Banks - Regional,0.9263,0.3992,624,,,,,,,,
ESSA/UMBF,Banks - Regional,0.8979,0.39921,624,,,,,,,,
PPT/TROW,Asset Management,0.8593,0.39922,624,,,,,,,,
CXH/EMD,Asset Management,0.8909,0.39923,624,,,,,,,,
GRC/NDSN,Specialty Industrial Machinery,0.8474,0.39923,624,,,,,,,,
CHMG/WAFD,Banks - Regional,0.9353,0.39923,624,,,,,,,,
EIX/WEC,Utilities - Regulated Electric,0.8484,0.39924,624,,,,,,,,
ETG/FCT,Asset Management,0.972,0.39924,624,,,,,,,,
CNS/ETB,Asset Management,0.9367,0.39925,624,,,,,,,,
BANR/SNV,Banks - Regional,0.9483,0.39926,624,,,,,,,,
BN/FMY,Asset Management,0.9275,0.39926,624,,,,,,,,
UVSP/VLY,Banks - Regional,0.8479,0.39927,624,,,,,,,,
AUB/PNC,Banks - Regional,0.9394,0.39927,624,,,,,,,,
MCR/MVF,Asset Management,0.8634,0.39927,624,,,,,,,,
BBH/GJR,Unknown,0.812,0.39928,624,,,,,,,,
FRAF/NWBI,Banks - Regional,0.9382,0.39929,624,,,,,,,,
EBMT/FFBC,Banks - Regional,0.8154,0.3993,624,,,,,,,,
BKN/EHI,Asset Management,0.9006,0.3993,624,,,,,,,,
AVK/EMF,Asset Management,0.8434,0.39931,624,,,,,,,,
ETJ/TROW,Asset Management,0.9003,0.39932,624,,,,,,,,
FMN/NMZ,Asset Management,0.9656,0.39933,624,,,,,,,,
DHF/FLC,Asset Management,0.9277,0.39934,624,,,,,,,,
FSFG/IBCP,Banks - Regional,0.9058,0.39934,624,,,,,,,,
MHI/PMM,Asset Management,0.8572,0.39934,624,,,,,,,,
CIVB/GABC,Banks - Regional,0.9558,0.39937,624,,,,,,,,
BN/EOS,Asset Management,0.9826,0.39941,624,,,,,,,,
CGO/WIA,Asset Management,0.9425,0.39941,624,,,,,,,,
MHO/MTH,Residential Construction,0.9691,0.39941,624,,,,,,,,
FMBH/WNEB,Banks - Regional,0.838,0.39942,624,,,,,,,,
PPH/PUI,Unknown,0.9199,0.39942,624,,,,,,,,
IBCP/WAFD,Banks - Regional,0.9196,0.39942,624,,,,,,,,
BDJ/FFA,Asset Management,0.9848,0.39944,624,,,,,,,,
EVT/IFN,Asset Management,0.949,0.39944,624,,,,,,,,
MHI/NUV,Asset Management,0.8665,0.39945,624,,,,,,,,
AMP/BOE,Asset Management,0.9493,0.39945,624,,,,,,,,
UVSP/VABK,Banks - Regional,0.9122,0.39947,624,,,,,,,,
CUBE/FR,REIT - Industrial,0.9822,0.39948,624,,,,,,,,
FDBC/MGYR,Banks - Regional,0.8048,0.39948,624,,,,,,,,
AOD/JCE,Asset Management,0.9677,0.3995,624,,,,,,,,
NDSN/NPO,Specialty Industrial Machinery,0.8524,0.39951,624,,,,,,,,
FBIZ/IBN,Banks - Regional,0.8977,0.39952,624,,,,,,,,
IGA/PNNT,Asset Management,0.9087,0.39952,624,,,,,,,,
EVN/MIN,Asset Management,0.9012,0.39952,624,,,,,,,,
MAV/NAN,Asset Management,0.815,0.39952,624,,,,,,,,
BFZ/FMY,Asset Management,0.8133,0.39953,624,,,,,,,,
FCF/LARK,Banks - Regional,0.8714,0.39954,624,,,,,,,,
CFFI/WSFS,Banks - Regional,0.88,0.39955,624,,,,,,,,
MTX/PPG,Specialty Chemicals,0.8265,0.39955,624,,,,,,,,
BOE/CSQ,Asset Management,0.9841,0.39955,624,,,,,,,,
IBOC/ZION,Banks - Regional,0.8582,0.39956,624,,,,,,,,
NCA/RNP,Asset Management,0.8696,0.39956,624,,,,,,,,
FMBH/MGYR,Banks - Regional,0.8907,0.39956,624,,,,,,,,
IBCP/RBCAA,Banks - Regional,0.957,0.39957,624,,,,,,,,
ASGN/CTSH,Information Technology Services,0.905,0.39958,624,,,,,,,,
EFT/FOF,Asset Management,0.9711,0.39959,624,,,,,,,,
MVF/RFI,Asset Management,0.8171,0.39959,624,,,,,,,,
INOD/TSSI,Information Technology Services,0.877,0.39959,624,,,,,,,,
PGC/ZION,Banks - Regional,0.9129,0.39959,624,,,,,,,,
PFM/PUI,Unknown,0.9678,0.39961,624,,,,,,,,
SBFG/UBSI,Banks - Regional,0.8926,0.39961,624,,,,,,,,
CCNE/WTFC,Banks - Regional,0.8657,0.39962,624,,,,,,,,
ASB/PFS,Banks - Regional,0.9136,0.39963,624,,,,,,,,
HQH/SOR,Asset Management,0.8938,0.39963,624,,,,,,,,
EVG/MFM,Asset Management,0.8182,0.39963,624,,,,,,,,
COFS/OSBC,Banks - Regional,0.878,0.39965,624,,,,,,,,
MFM/RNP,Asset Management,0.8626,0.39965,624,,,,,,,,
AOD/CSWC,Asset Management,0.9562,0.39965,624,,,,,,,,
RJF/SCD,Asset Management,0.9669,0.39966,624,,,,,,,,
MOFG/TFC,Banks - Regional,0.8685,0.39969,624,,,,,,,,
HBCP/PNC,Banks - Regional,0.9369,0.3997,624,,,,,,,,
AX/NECB,Banks - Regional,0.8862,0.39971,624,,,,,,,,
OIA/TY,Asset Management,0.9398,0.39971,624,,,,,,,,
IQI/NCA,Asset Management,0.9645,0.39972,624,,,,,,,,
CGO/ETO,Asset Management,0.963,0.39972,624,,,,,,,,
FMY/NMZ,Asset Management,0.8703,0.39972,624,,,,,,,,
CAF/PMM,Asset Management,0.8315,0.39972,624,,,,,,,,
PLUS/TYL,Software - Application,0.9208,0.39972,624,,,,,,,,
SBSI/TOWN,Banks - Regional,0.9199,0.39975,624,,,,,,,,
JPC/VCV,Asset Management,0.9466,0.39976,624,,,,,,,,
JMM/PHD,Asset Management,0.916,0.39976,624,,,,,,,,
JRS/TSI,Asset Management,0.9227,0.39977,624,,,,,,,,
ISBA/SMBC,Banks - Regional,0.8803,0.39977,624,,,,,,,,
CVBF/PEBO,Banks - Regional,0.9213,0.39978,624,,,,,,,,
FCF/FCNCA,Banks - Regional,0.8059,0.3998,624,,,,,,,,
MOFG/WSBF,Banks - Regional,0.8773,0.3998,624,,,,,,,,
DOV/GRC,Specialty Industrial Machinery,0.8808,0.39981,624,,,,,,,,
LCNB/PEBO,Banks - Regional,0.9103,0.39983,624,,,,,,,,
MOFG/PNC,Banks - Regional,0.8073,0.39983,624,,,,,,,,
JMM/MUC,Asset Management,0.9118,0.39984,624,,,,,,,,
SMBK/SYBT,Banks - Regional,0.929,0.39985,624,,,,,,,,
VBF/WIA,Asset Management,0.9201,0.39987,624,,,,,,,,
RVSB/SBCF,Banks - Regional,0.9126,0.39987,624,,,,,,,,
HRL/JJSF,Packaged Foods,0.8878,0.39987,624,,,,,,,,
HOMB/NWBI,Banks - Regional,0.9024,0.39988,624,,,,,,,,
MSM/WSO,Industrial Distribution,0.8735,0.39988,624,,,,,,,,
BLK/CHY,Asset Management,0.9798,0.39989,624,,,,,,,,
IPB/VGIT,Unknown,0.9121,0.39989,624,,,,,,,,
SFBC/WSBF,Banks - Regional,0.9207,0.39989,624,,,,,,,,
CIVB/PB,Banks - Regional,0.9251,0.39991,624,,,,,,,,
CIVB/SFBC,Banks - Regional,0.926,0.39991,624,,,,,,,,
IGR/SAR,Asset Management,0.8719,0.39992,624,,,,,,,,
FRME/KEY,Banks - Regional,0.9555,0.39992,624,,,,,,,,
IBCP/MTB,Banks - Regional,0.9471,0.39993,624,,,,,,,,
BSRR/HWC,Banks - Regional,0.8643,0.39993,624,,,,,,,,
PCN/RJF,Asset Management,0.8739,0.39993,624,,,,,,,,
FNX/KTN,Unknown,0.928,0.39994,624,,,,,,,,
BTZ/FMN,Asset Management,0.9117,0.39994,624,,,,,,,,
JCE/PTY,Asset Management,0.9531,0.39994,624,,,,,,,,
CCI/DLR,REIT - Specialty,0.8562,0.39995,624,,,,,,,,
AWF/MMT,Asset Management,0.9645,0.39996,624,,,,,,,,
IAE/SPE,Asset Management,0.8678,0.39996,624,,,,,,,,
FEX/PKW,Unknown,0.9977,0.39997,624,,,,,,,,
EBMT/FCCO,Banks - Regional,0.8722,0.39998,624,,,,,,,,
FUL/WLK,Specialty Chemicals,0.9461,0.39999,624,,,,,,,,
NWBI/PFIS,Banks - Regional,0.8942,0.39999,624,,,,,,,,
DCOM/UBFO,Banks - Regional,0.8259,0.40001,624,,,,,,,,
BHK/MVF,Asset Management,0.9161,0.40001,624,,,,,,,,
UBFO/WSBC,Banks - Regional,0.8853,0.40002,624,,,,,,,,
LKFN/WTFC,Banks - Regional,0.9073,0.40003,624,,,,,,,,
PKBK/RBCAA,Banks - Regional,0.9088,0.40004,624,,,,,,,,
IIM/PML,Asset Management,0.9161,0.40005,624,,,,,,,,
FULT/SBCF,Banks - Regional,0.8978,0.40005,624,,,,,,,,
JHI/PCF,Asset Management,0.9539,0.40006,624,,,,,,,,
ACWX/PIZ,Unknown,0.9844,0.40007,624,,,,,,,,
EVRG/PEG,Utilities - Regulated Electric,0.93,0.40009,624,,,,,,,,
GJT/PRN,Unknown,0.9431,0.40009,624,,,,,,,,
EBTC/FDBC,Banks - Regional,0.8302,0.4001,624,,,,,,,,
FRT/KIM,REIT - Retail,0.8342,0.4001,624,,,,,,,,
EOI/QQQX,Asset Management,0.9733,0.4001,624,,,,,,,,
FUND/UTF,Asset Management,0.9564,0.4001,624,,,,,,,,
AGD/VBF,Asset Management,0.8642,0.4001,624,,,,,,,,
PID/PUI,Unknown,0.8876,0.40011,624,,,,,,,,
FDBC/SRCE,Banks - Regional,0.8676,0.40011,624,,,,,,,,
AROW/BANR,Banks - Regional,0.9128,0.40013,624,,,,,,,,
PBHC/ZION,Banks - Regional,0.8999,0.40013,624,,,,,,,,
NXJ/WEA,Asset Management,0.968,0.40015,624,,,,,,,,
DHR/RVTY,Diagnostics & Research,0.946,0.40015,624,,,,,,,,
EIX/TXNM,Utilities - Regulated Electric,0.8634,0.40016,624,,,,,,,,
CATY/WSBF,Banks - Regional,0.9171,0.40017,624,,,,,,,,
DOV/KAI,Specialty Industrial Machinery,0.9656,0.40018,624,,,,,,,,
GAIN/NTRS,Asset Management,0.8476,0.40018,624,,,,,,,,
ABCB/EWBC,Banks - Regional,0.9565,0.40018,624,,,,,,,,
HWC/RBCAA,Banks - Regional,0.8892,0.40018,624,,,,,,,,
NQP/WEA,Asset Management,0.9592,0.40019,624,,,,,,,,
BOE/EFT,Asset Management,0.9642,0.40019,624,,,,,,,,
BDJ/JMM,Asset Management,0.9164,0.40021,624,,,,,,,,
EOD/PCF,Asset Management,0.9324,0.40021,624,,,,,,,,
NUV/PMF,Asset Management,0.9073,0.40022,624,,,,,,,,
CARE/NWBI,Banks - Regional,0.9139,0.40023,624,,,,,,,,
HPS/MPA,Asset Management,0.9336,0.40023,624,,,,,,,,
EFT/RJF,Asset Management,0.9518,0.40024,624,,,,,,,,
CP/CSX,Railroads,0.9627,0.40024,624,,,,,,,,
JBK/SMH,Unknown,0.8371,0.40025,624,,,,,,,,
ETG/GAIN,Asset Management,0.9721,0.40027,624,,,,,,,,
ABCB/BOH,Banks - Regional,0.9215,0.40028,624,,,,,,,,
HIO/NQP,Asset Management,0.9249,0.40028,624,,,,,,,,
ACIW/WEX,Software - Infrastructure,0.8086,0.40029,624,,,,,,,,
FSFG/UMBF,Banks - Regional,0.9162,0.40029,624,,,,,,,,
PPH/QQEW,Unknown,0.9342,0.4003,624,,,,,,,,
AWF/HYT,Asset Management,0.984,0.4003,624,,,,,,,,
FBNC/WSBC,Banks - Regional,0.8929,0.4003,624,,,,,,,,
NWFL/UCB,Banks - Regional,0.8584,0.4003,624,,,,,,,,
MGRC/URI,Rental & Leasing Services,0.9378,0.40031,624,,,,,,,,
HQL/MCR,Asset Management,0.9034,0.40031,624,,,,,,,,
BIO/IART,Medical Devices,0.8058,0.40032,624,,,,,,,,
CCBG/FITB,Banks - Regional,0.9145,0.40033,624,,,,,,,,
OVBC/RNST,Banks - Regional,0.826,0.40033,624,,,,,,,,
FRA/GAIN,Asset Management,0.9543,0.40033,624,,,,,,,,
IGD/PFG,Asset Management,0.9523,0.40034,624,,,,,,,,
RNST/WTBA,Banks - Regional,0.9198,0.40034,624,,,,,,,,
PEB/SOHO,REIT - Hotel & Motel,0.8945,0.40034,624,,,,,,,,
EVG/SPE,Asset Management,0.9791,0.40034,624,,,,,,,,
EBMT/THFF,Banks - Regional,0.8819,0.40035,624,,,,,,,,
OPOF/WSBF,Banks - Regional,0.811,0.40035,624,,,,,,,,
GABC/OZK,Banks - Regional,0.8459,0.40035,624,,,,,,,,
PLUS/SAP,Software - Application,0.8829,0.40036,624,,,,,,,,
BOE/OIA,Asset Management,0.859,0.40037,624,,,,,,,,
JRS/VVR,Asset Management,0.864,0.40037,624,,,,,,,,
HIX/VKQ,Asset Management,0.9072,0.40038,624,,,,,,,,
A/IDXX,Diagnostics & Research,0.975,0.4004,624,,,,,,,,
GBCI/RF,Banks - Regional,0.9402,0.40043,624,,,,,,,,
FMAO/MPB,Banks - Regional,0.9181,0.40043,624,,,,,,,,
GSBC/PGC,Banks - Regional,0.9153,0.40045,624,,,,,,,,
ALL/DGICA,Insurance - Property & Casualty,0.9174,0.40046,624,,,,,,,,
CGO/RJF,Asset Management,0.8732,0.40046,624,,,,,,,,
FHN/UBCP,Banks - Regional,0.8617,0.4005,624,,,,,,,,
FTCS/QQEW,Unknown,0.992,0.40052,624,,,,,,,,
EBTC/GSBC,Banks - Regional,0.9409,0.40053,624,,,,,,,,
CZNC/TCBK,Banks - Regional,0.938,0.40053,624,,,,,,,,
DHIL/JOF,Asset Management,0.8188,0.40054,624,,,,,,,,
HBCP/THFF,Banks - Regional,0.9691,0.40054,624,,,,,,,,
BN/FLC,Asset Management,0.8935,0.40054,624,,,,,,,,
BKN/HPI,Asset Management,0.8933,0.40055,624,,,,,,,,
ASG/ETJ,Asset Management,0.9616,0.40056,624,,,,,,,,
ESSA/FFIN,Banks - Regional,0.8674,0.40056,624,,,,,,,,
FYX/PRN,Unknown,0.9621,0.40056,624,,,,,,,,
DHIL/GAB,Asset Management,0.8495,0.40056,624,,,,,,,,
BOKF/ESSA,Banks - Regional,0.9218,0.40057,624,,,,,,,,
COLB/CWBC,Banks - Regional,0.8623,0.40057,624,,,,,,,,
AIV/BRT,REIT - Residential,0.9438,0.40058,624,,,,,,,,
HYT/MAIN,Asset Management,0.9532,0.40058,624,,,,,,,,
NAZ/PMX,Asset Management,0.8922,0.40059,624,,,,,,,,
IBCP/ONB,Banks - Regional,0.9649,0.40059,624,,,,,,,,
FDBC/PFS,Banks - Regional,0.8079,0.40062,624,,,,,,,,
HTBK/RNST,Banks - Regional,0.9544,0.40064,624,,,,,,,,
ETV/PCM,Asset Management,0.9496,0.40065,624,,,,,,,,
HBNC/OVBC,Banks - Regional,0.8622,0.40066,624,,,,,,,,
CBSH/RNST,Banks - Regional,0.8573,0.40066,624,,,,,,,,
ETV/OIA,Asset Management,0.9357,0.40066,624,,,,,,,,
AWP/BTO,Asset Management,0.9333,0.40067,624,,,,,,,,
IGR/NMZ,Asset Management,0.9146,0.40067,624,,,,,,,,
FHN/HFBL,Banks - Regional,0.8052,0.40067,624,,,,,,,,
AB/SWKH,Asset Management,0.8879,0.40067,624,,,,,,,,
IFN/PCM,Asset Management,0.8748,0.40067,624,,,,,,,,
ASB/FNLC,Banks - Regional,0.9078,0.40068,624,,,,,,,,
GBCI/WSBF,Banks - Regional,0.9524,0.4007,624,,,,,,,,
FCCO/FRAF,Banks - Regional,0.9632,0.40071,624,,,,,,,,
JOF/SEIC,Asset Management,0.9425,0.40071,624,,,,,,,,
LCNB/UNB,Banks - Regional,0.8031,0.40071,624,,,,,,,,
FNWD/NEWT,Banks - Regional,0.8476,0.40073,624,,,,,,,,
PEBK/RNST,Banks - Regional,0.9086,0.40074,624,,,,,,,,
BDJ/PTY,Asset Management,0.958,0.40075,624,,,,,,,,
FHN/PLBC,Banks - Regional,0.8213,0.40078,624,,,,,,,,
MUA/RNP,Asset Management,0.8666,0.40078,624,,,,,,,,
ASX/MCHP,Semiconductors,0.8465,0.40078,624,,,,,,,,
CCNE/EBMT,Banks - Regional,0.8898,0.40078,624,,,,,,,,
BOE/WEA,Asset Management,0.8991,0.40079,624,,,,,,,,
MBCN/UBFO,Banks - Regional,0.9094,0.40079,624,,,,,,,,
JHI/PCM,Asset Management,0.9337,0.40079,624,,,,,,,,
SOR/TWN,Asset Management,0.9278,0.40082,624,,,,,,,,
TSBK/WBS,Banks - Regional,0.9477,0.40083,624,,,,,,,,
ABCB/MBCN,Banks - Regional,0.9242,0.40084,624,,,,,,,,
CBRL/JACK,Restaurants,0.9019,0.40084,624,,,,,,,,
BOE/JHI,Asset Management,0.9165,0.40085,624,,,,,,,,
SFNC/TSBK,Banks - Regional,0.8216,0.40086,624,,,,,,,,
AROW/TOWN,Banks - Regional,0.9192,0.40086,624,,,,,,,,
BANF/UBFO,Banks - Regional,0.8458,0.40086,624,,,,,,,,
BGT/EOD,Asset Management,0.9535,0.40088,624,,,,,,,,
ASH/AVNT,Specialty Chemicals,0.8658,0.40088,624,,,,,,,,
FCT/FT,Asset Management,0.9703,0.40088,624,,,,,,,,
CFFI/MGYR,Banks - Regional,0.909,0.40089,624,,,,,,,,
ATS/KAI,Specialty Industrial Machinery,0.8551,0.4009,624,,,,,,,,
DDT/PID,Unknown,0.9408,0.4009,624,,,,,,,,
OSBC/SSBI,Banks - Regional,0.8265,0.4009,624,,,,,,,,
LKFN/TCBK,Banks - Regional,0.9662,0.40091,624,,,,,,,,
PMF/VGM,Asset Management,0.931,0.40091,624,,,,,,,,
BBH/FAD,Unknown,0.8974,0.40092,624,,,,,,,,
BANR/UCB,Banks - Regional,0.9347,0.40092,624,,,,,,,,
DTF/PCK,Asset Management,0.9339,0.40094,624,,,,,,,,
GABC/VABK,Banks - Regional,0.9348,0.40096,624,,,,,,,,
HQH/RVT,Asset Management,0.8766,0.40097,624,,,,,,,,
DRI/TXRH,Restaurants,0.9436,0.40097,624,,,,,,,,
CCNE/WSBF,Banks - Regional,0.8945,0.40098,624,,,,,,,,
HBNC/PB,Banks - Regional,0.9313,0.40098,624,,,,,,,,
NMT/PMF,Asset Management,0.911,0.40098,624,,,,,,,,
CTBI/UBCP,Banks - Regional,0.8835,0.40099,624,,,,,,,,
BKN/LEO,Asset Management,0.9659,0.40099,624,,,,,,,,
GBCI/HBAN,Banks - Regional,0.9552,0.40099,624,,,,,,,,
NWFL/OPBK,Banks - Regional,0.8648,0.401,624,,,,,,,,
BBH/QABA,Unknown,0.8762,0.40102,624,,,,,,,,
PPT/VKQ,Asset Management,0.8736,0.40102,624,,,,,,,,
NECB/RF,Banks - Regional,0.8863,0.40106,624,,,,,,,,
FFA/IFN,Asset Management,0.968,0.40107,624,,,,,,,,
PNC/SNV,Banks - Regional,0.9391,0.40108,624,,,,,,,,
CVBF/VLY,Banks - Regional,0.8073,0.40109,624,,,,,,,,
BANR/CCBG,Banks - Regional,0.9099,0.40109,624,,,,,,,,
PTF/VCSH,Unknown,0.9141,0.40109,624,,,,,,,,
LEO/WEA,Asset Management,0.8991,0.40109,624,,,,,,,,
OPOF/UNB,Banks - Regional,0.8541,0.40109,624,,,,,,,,
REGN/VRTX,Biotechnology,0.8928,0.40113,624,,,,,,,,
AWP/BDJ,Asset Management,0.9111,0.40114,624,,,,,,,,
BUSE/PEBO,Banks - Regional,0.9466,0.40114,624,,,,,,,,
HIX/NUV,Asset Management,0.9207,0.40115,624,,,,,,,,
HIX/VGM,Asset Management,0.8988,0.40116,624,,,,,,,,
RVSB/SHBI,Banks - Regional,0.9003,0.40117,624,,,,,,,,
ETB/IGI,Asset Management,0.8713,0.40117,624,,,,,,,,
CARE/MPB,Banks - Regional,0.8417,0.40118,624,,,,,,,,
CBU/PLBC,Banks - Regional,0.8679,0.40118,624,,,,,,,,
ESSA/OPBK,Banks - Regional,0.8907,0.40118,624,,,,,,,,
BGY/GCV,Asset Management,0.8543,0.4012,624,,,,,,,,
KRNY/OCFC,Banks - Regional,0.8554,0.4012,624,,,,,,,,
CIF/MHI,Asset Management,0.8115,0.40121,624,,,,,,,,
BOKF/NBN,Banks - Regional,0.8151,0.40122,624,,,,,,,,
CNS/NEA,Asset Management,0.8601,0.40122,624,,,,,,,,
FBNC/OSBC,Banks - Regional,0.9514,0.40124,624,,,,,,,,
BBH/FTCS,Unknown,0.9058,0.40124,624,,,,,,,,
ACWX/IEUS,Unknown,0.9683,0.40124,624,,,,,,,,
BKNG/TNL,Travel Services,0.8467,0.40124,624,,,,,,,,
KEY/PPBI,Banks - Regional,0.9338,0.40125,624,,,,,,,,
ISBA/UMBF,Banks - Regional,0.859,0.40126,624,,,,,,,,
GBCI/IBOC,Banks - Regional,0.8763,0.40126,624,,,,,,,,
HLIO/IEX,Specialty Industrial Machinery,0.813,0.40127,624,,,,,,,,
BANR/FMNB,Banks - Regional,0.9318,0.40127,624,,,,,,,,
IQI/JHI,Asset Management,0.9035,0.40128,624,,,,,,,,
CIF/MYN,Asset Management,0.9148,0.40129,624,,,,,,,,
FNB/TRMK,Banks - Regional,0.8587,0.40129,624,,,,,,,,
SBCF/TCBK,Banks - Regional,0.9553,0.40131,624,,,,,,,,
EVRG/NWE,Utilities - Regulated Electric,0.9537,0.40133,624,,,,,,,,
FTC/SOXX,Unknown,0.9712,0.40133,624,,,,,,,,
ETB/QQQX,Asset Management,0.9813,0.40135,624,,,,,,,,
MPA/PFO,Asset Management,0.9622,0.40135,624,,,,,,,,
EVG/NFJ,Asset Management,0.9592,0.40136,624,,,,,,,,
HQL/OIA,Asset Management,0.9111,0.40136,624,,,,,,,,
CHI/RVT,Asset Management,0.9867,0.40136,624,,,,,,,,
MAV/VGM,Asset Management,0.8235,0.40137,624,,,,,,,,
BME/JCE,Asset Management,0.9481,0.40137,624,,,,,,,,
NXP/PMF,Asset Management,0.8085,0.40138,624,,,,,,,,
PFN/RNP,Asset Management,0.9717,0.40139,624,,,,,,,,
HQH/JMM,Asset Management,0.9016,0.40139,624,,,,,,,,
BOKF/NECB,Banks - Regional,0.8432,0.4014,624,,,,,,,,
PEBK/TRST,Banks - Regional,0.9304,0.40142,624,,,,,,,,
BVFL/EBMT,Banks - Regional,0.802,0.40143,624,,,,,,,,
GFF/LII,Building Products & Equipment,0.9225,0.40143,624,,,,,,,,
STT/TSI,Asset Management,0.8495,0.40143,624,,,,,,,,
AU/B,Gold,0.9199,0.40144,624,,,,,,,,
BLE/MSD,Asset Management,0.8253,0.40145,624,,,,,,,,
EXG/PCN,Asset Management,0.9545,0.40147,624,,,,,,,,
GAB/JQC,Asset Management,0.948,0.40147,624,,,,,,,,
BSRR/CFR,Banks - Regional,0.8784,0.40148,624,,,,,,,,
FHI/PNNT,Asset Management,0.8702,0.40149,624,,,,,,,,
HWBK/UBCP,Banks - Regional,0.9175,0.40149,624,,,,,,,,
ETR/FE,Utilities - Regulated Electric,0.8827,0.4015,624,,,,,,,,
GRBK/PHM,Residential Construction,0.8942,0.4015,624,,,,,,,,
BLW/VBF,Asset Management,0.9362,0.4015,624,,,,,,,,
IAG/KGC,Gold,0.8488,0.4015,624,,,,,,,,
BANC/FULT,Banks - Regional,0.8087,0.40152,624,,,,,,,,
HTGC/LGI,Asset Management,0.9417,0.40152,624,,,,,,,,
PUI/VMBS,Unknown,0.8278,0.40152,624,,,,,,,,
FHN/FSFG,Banks - Regional,0.8453,0.40153,624,,,,,,,,
UBFO/USB,Banks - Regional,0.8877,0.40153,624,,,,,,,,
FT/PCM,Asset Management,0.9426,0.40154,624,,,,,,,,
BME/TWN,Asset Management,0.8518,0.40156,624,,,,,,,,
CORT/EXEL,Biotechnology,0.8283,0.40156,624,,,,,,,,
BNY/PMX,Asset Management,0.9363,0.40157,624,,,,,,,,
AROW/CATY,Banks - Regional,0.9101,0.40158,624,,,,,,,,
MMT/MUC,Asset Management,0.8738,0.40159,624,,,,,,,,
BLE/HIX,Asset Management,0.8447,0.4016,624,,,,,,,,
FTCS/QQQ,Unknown,0.9772,0.4016,624,,,,,,,,
FYX/PNQI,Unknown,0.9141,0.40161,624,,,,,,,,
HIFS/SMBC,Banks - Regional,0.9222,0.40161,624,,,,,,,,
BRKL/WSBC,Banks - Regional,0.9058,0.40161,624,,,,,,,,
FMAO/VABK,Banks - Regional,0.9067,0.40162,624,,,,,,,,
AWP/ETB,Asset Management,0.9212,0.40162,624,,,,,,,,
DHF/IGI,Asset Management,0.8806,0.40163,624,,,,,,,,
BANF/BCML,Banks - Regional,0.8492,0.40164,624,,,,,,,,
HQH/NAC,Asset Management,0.8784,0.40164,624,,,,,,,,
CAF/PZC,Asset Management,0.8503,0.40165,624,,,,,,,,
BFC/PBHC,Banks - Regional,0.8518,0.40165,624,,,,,,,,
HFWA/SNV,Banks - Regional,0.8806,0.40167,624,,,,,,,,
BANF/FXNC,Banks - Regional,0.8446,0.40167,624,,,,,,,,
GJH/MBB,Unknown,0.8404,0.40167,624,,,,,,,,
AGD/PTY,Asset Management,0.9367,0.40168,624,,,,,,,,
PSEC/PTY,Asset Management,0.8338,0.40169,624,,,,,,,,
EFSC/HFBL,Banks - Regional,0.8949,0.40169,624,,,,,,,,
BFIN/MTB,Banks - Regional,0.8229,0.4017,624,,,,,,,,
PFN/WEA,Asset Management,0.9732,0.40171,624,,,,,,,,
EOT/PFN,Asset Management,0.9073,0.40171,624,,,,,,,,
VABK/WTBA,Banks - Regional,0.899,0.40172,624,,,,,,,,
RVSB/SFST,Banks - Regional,0.9387,0.40174,624,,,,,,,,
CHMG/ISBA,Banks - Regional,0.8611,0.40174,624,,,,,,,,
AUB/CBU,Banks - Regional,0.9325,0.40174,624,,,,,,,,
NRIM/TRMK,Banks - Regional,0.8466,0.40176,624,,,,,,,,
HTBK/LARK,Banks - Regional,0.8927,0.40178,624,,,,,,,,
HIFS/MBWM,Banks - Regional,0.8537,0.40179,624,,,,,,,,
HWC/WAFD,Banks - Regional,0.8743,0.4018,624,,,,,,,,
EVF/SOR,Asset Management,0.9675,0.40181,624,,,,,,,,
MIDD/TNC,Specialty Industrial Machinery,0.8267,0.40184,624,,,,,,,,
HR/UHT,REIT - Healthcare Facilities,0.8625,0.40185,624,,,,,,,,
MIN/MUA,Asset Management,0.8746,0.40185,624,,,,,,,,
EVF/VVR,Asset Management,0.9846,0.40185,624,,,,,,,,
CHMG/NECB,Banks - Regional,0.8191,0.40186,624,,,,,,,,
AUB/WSBF,Banks - Regional,0.9381,0.40187,624,,,,,,,,
COFS/RF,Banks - Regional,0.871,0.40187,624,,,,,,,,
FRAF/SFBC,Banks - Regional,0.9524,0.4019,624,,,,,,,,
ADSK/TYL,Software - Application,0.9623,0.4019,624,,,,,,,,
BPOPM/FNX,Unknown,0.9275,0.40191,624,,,,,,,,
UCB/ZION,Banks - Regional,0.9329,0.40192,624,,,,,,,,
CZNC/HDB,Banks - Regional,0.9094,0.40194,624,,,,,,,,
PDT/PMX,Asset Management,0.8491,0.40194,624,,,,,,,,
BKT/NPV,Asset Management,0.907,0.40195,624,,,,,,,,
BSRR/FNLC,Banks - Regional,0.9243,0.40196,624,,,,,,,,
CBFV/HDB,Banks - Regional,0.8232,0.40197,624,,,,,,,,
TROW/TY,Asset Management,0.9066,0.40198,624,,,,,,,,
FRA/JCE,Asset Management,0.9718,0.40198,624,,,,,,,,
FDBC/MBWM,Banks - Regional,0.8449,0.40199,624,,,,,,,,
PFG/SAR,Asset Management,0.9421,0.402,624,,,,,,,,
HIX/NVG,Asset Management,0.9243,0.402,624,,,,,,,,
GDL/RVT,Asset Management,0.9548,0.40201,624,,,,,,,,
CBU/UVSP,Banks - Regional,0.9,0.40201,624,,,,,,,,
AOD/SWKH,Asset Management,0.8276,0.40201,624,,,,,,,,
PFN/STEW,Asset Management,0.9496,0.40203,624,,,,,,,,
UBCP/WTFC,Banks - Regional,0.8872,0.40203,624,,,,,,,,
PNF/VMO,Asset Management,0.8915,0.40203,624,,,,,,,,
HIX/NUW,Asset Management,0.8659,0.40204,624,,,,,,,,
CCBG/EBTC,Banks - Regional,0.8746,0.40204,624,,,,,,,,
IBOC/STBA,Banks - Regional,0.8943,0.40205,624,,,,,,,,
FTA/PUI,Unknown,0.9601,0.40205,624,,,,,,,,
OIA/PIM,Asset Management,0.9198,0.40207,624,,,,,,,,
MYN/PFO,Asset Management,0.9534,0.40208,624,,,,,,,,
BN/JPC,Asset Management,0.9184,0.4021,624,,,,,,,,
FHI/IFN,Asset Management,0.9143,0.4021,624,,,,,,,,
APA/WTI,Oil & Gas E&P,0.8373,0.4021,624,,,,,,,,
CAMT/ENTG,Semiconductor Equipment & Materials,0.8386,0.4021,624,,,,,,,,
PFIS/WAL,Banks - Regional,0.8663,0.40211,624,,,,,,,,
CNOB/SFBC,Banks - Regional,0.8857,0.40212,624,,,,,,,,
CARE/CIVB,Banks - Regional,0.8628,0.40212,624,,,,,,,,
CTBI/LKFN,Banks - Regional,0.9094,0.40214,624,,,,,,,,
BIP/SRE,Utilities - Diversified,0.9489,0.40214,624,,,,,,,,
HQH/VCV,Asset Management,0.8761,0.40214,624,,,,,,,,
IBB/QQXT,Unknown,0.8976,0.40215,624,,,,,,,,
MCY/STC,Insurance - Property & Casualty,0.8731,0.40215,624,,,,,,,,
BN/MMT,Asset Management,0.9482,0.40216,624,,,,,,,,
EFR/VRTS,Asset Management,0.8163,0.40217,624,,,,,,,,
UBCP/ZION,Banks - Regional,0.9121,0.40218,624,,,,,,,,
NIM/WIA,Asset Management,0.8963,0.40218,624,,,,,,,,
CXE/MMT,Asset Management,0.8638,0.40218,624,,,,,,,,
FCBC/GCBC,Banks - Regional,0.9177,0.40219,624,,,,,,,,
MSD/MUC,Asset Management,0.8283,0.40219,624,,,,,,,,
BSRR/FRAF,Banks - Regional,0.9421,0.40219,624,,,,,,,,
PEBK/THFF,Banks - Regional,0.9354,0.40219,624,,,,,,,,
AROW/FDBC,Banks - Regional,0.8849,0.40221,624,,,,,,,,
ACWX/KTH,Unknown,0.9127,0.40221,624,,,,,,,,
AOD/EXG,Asset Management,0.9808,0.40222,624,,,,,,,,
SMBK/WSBF,Banks - Regional,0.9018,0.40222,624,,,,,,,,
MIY/RFI,Asset Management,0.9206,0.40222,624,,,,,,,,
FMBH/MBWM,Banks - Regional,0.9155,0.40223,624,,,,,,,,
BLW/RCS,Asset Management,0.8541,0.40223,624,,,,,,,,
BANFP/PEZ,Unknown,0.9123,0.40224,624,,,,,,,,
FHN/SFBC,Banks - Regional,0.8383,0.40228,624,,,,,,,,
HPS/MUC,Asset Management,0.8628,0.40228,624,,,,,,,,
BTA/EMD,Asset Management,0.8789,0.40229,624,,,,,,,,
EFT/NTRS,Asset Management,0.8465,0.4023,624,,,,,,,,
MSD/NXP,Asset Management,0.8956,0.40231,624,,,,,,,,
IDA/TXNM,Utilities - Regulated Electric,0.9837,0.40231,624,,,,,,,,
HBAN/LCNB,Banks - Regional,0.8925,0.40233,624,,,,,,,,
BTO/VVR,Asset Management,0.8779,0.40233,624,,,,,,,,
CIF/FT,Asset Management,0.9041,0.40233,624,,,,,,,,
NECB/SRCE,Banks - Regional,0.8518,0.40234,624,,,,,,,,
FORM/UCTT,Semiconductor Equipment & Materials,0.9199,0.40235,624,,,,,,,,
GJH/GJP,Unknown,0.9456,0.40235,624,,,,,,,,
BANC/MOFG,Banks - Regional,0.8527,0.40236,624,,,,,,,,
EFSC/RNST,Banks - Regional,0.9101,0.40238,624,,,,,,,,
DHF/HQH,Asset Management,0.8603,0.40238,624,,,,,,,,
SOTK/TDY,Scientific & Technical Instruments,0.8899,0.40238,624,,,,,,,,
HWBK/OVLY,Banks - Regional,0.9141,0.40239,624,,,,,,,,
BOKF/BUSE,Banks - Regional,0.9191,0.40239,624,,,,,,,,
GOGL/NMM,Marine Shipping,0.829,0.40242,624,,,,,,,,
BKN/DSM,Asset Management,0.9487,0.40244,624,,,,,,,,
BRW/IFN,Asset Management,0.8824,0.40245,624,,,,,,,,
GLAD/WEA,Asset Management,0.8374,0.40248,624,,,,,,,,
PYZ/SWZ,Unknown,0.9554,0.40248,624,,,,,,,,
JCE/MCN,Asset Management,0.9651,0.4025,624,,,,,,,,
GAB/MFIC,Asset Management,0.8497,0.40252,624,,,,,,,,
CGO/PIM,Asset Management,0.9241,0.40253,624,,,,,,,,
CFFI/WTBA,Banks - Regional,0.8377,0.40253,624,,,,,,,,
BTZ/HYT,Asset Management,0.9733,0.40253,624,,,,,,,,
KIM/KRG,REIT - Retail,0.9486,0.40253,624,,,,,,,,
GGB/MT,Steel,0.8624,0.40255,624,,,,,,,,
COFS/THFF,Banks - Regional,0.8723,0.40256,624,,,,,,,,
PKBK/UBCP,Banks - Regional,0.9479,0.40258,624,,,,,,,,
FCNCA/IBCP,Banks - Regional,0.8473,0.40258,624,,,,,,,,
HIX/PHD,Asset Management,0.9007,0.40259,624,,,,,,,,
NKX/PNI,Asset Management,0.8504,0.40259,624,,,,,,,,
SHBI/WSBC,Banks - Regional,0.8438,0.40259,624,,,,,,,,
GJH/QQEW,Unknown,0.9633,0.40261,624,,,,,,,,
MCN/PTY,Asset Management,0.91,0.40262,624,,,,,,,,
GDO/MFM,Asset Management,0.9514,0.40263,624,,,,,,,,
BFC/IBOC,Banks - Regional,0.9477,0.40263,624,,,,,,,,
CARE/NKSH,Banks - Regional,0.8784,0.40263,624,,,,,,,,
MSD/NMT,Asset Management,0.861,0.40265,624,,,,,,,,
GF/GGT,Asset Management,0.8054,0.40265,624,,,,,,,,
COLB/KEY,Banks - Regional,0.8826,0.40267,624,,,,,,,,
THFF/WTBA,Banks - Regional,0.9194,0.40267,624,,,,,,,,
CFR/UBFO,Banks - Regional,0.8701,0.40267,624,,,,,,,,
DHF/SBI,Asset Management,0.8574,0.40269,624,,,,,,,,
MQY/NQP,Asset Management,0.9781,0.4027,624,,,,,,,,
BKT/WEA,Asset Management,0.9114,0.4027,624,,,,,,,,
CARE/TRST,Banks - Regional,0.9034,0.40272,624,,,,,,,,
FNB/ZIONP,Banks - Regional,0.8328,0.40273,624,,,,,,,,
OBT/WTFC,Banks - Regional,0.9088,0.40273,624,,,,,,,,
MMT/MUA,Asset Management,0.9056,0.40274,624,,,,,,,,
RBCAA/TFC,Banks - Regional,0.8206,0.40275,624,,,,,,,,
GAIN/SCD,Asset Management,0.9539,0.40277,624,,,,,,,,
BYM/EHI,Asset Management,0.9149,0.40278,624,,,,,,,,
EOD/SOR,Asset Management,0.9504,0.4028,624,,,,,,,,
HPS/NIM,Asset Management,0.9365,0.40281,624,,,,,,,,
BTA/CNS,Asset Management,0.8814,0.40282,624,,,,,,,,
GJH/PUI,Unknown,0.9739,0.40283,624,,,,,,,,
SEIC/SPXX,Asset Management,0.9287,0.40283,624,,,,,,,,
CIF/MYD,Asset Management,0.9084,0.40284,624,,,,,,,,
GRX/RQI,Asset Management,0.9714,0.40284,624,,,,,,,,
BVFL/CIVB,Banks - Regional,0.8113,0.40285,624,,,,,,,,
BLE/VTN,Asset Management,0.957,0.40288,624,,,,,,,,
DHIL/ETV,Asset Management,0.8921,0.40289,624,,,,,,,,
MCN/NIE,Asset Management,0.9605,0.40291,624,,,,,,,,
FRST/NKSH,Banks - Regional,0.9027,0.40293,624,,,,,,,,
ACWX/PEZ,Unknown,0.9652,0.40293,624,,,,,,,,
FSFG/WNEB,Banks - Regional,0.8237,0.40295,624,,,,,,,,
HIO/MUA,Asset Management,0.8643,0.40296,624,,,,,,,,
FCCO/GBCI,Banks - Regional,0.908,0.40296,624,,,,,,,,
AMKR/UCTT,Semiconductor Equipment & Materials,0.8836,0.40297,624,,,,,,,,
RVT/TY,Asset Management,0.9867,0.40298,624,,,,,,,,
CZWI/FRAF,Banks - Regional,0.9184,0.40298,624,,,,,,,,
FMBH/HFBL,Banks - Regional,0.8829,0.403,624,,,,,,,,
IBB/PYT,Unknown,0.9216,0.403,624,,,,,,,,
BFZ/VCV,Asset Management,0.9627,0.403,624,,,,,,,,
BLE/EHI,Asset Management,0.8592,0.403,624,,,,,,,,
BLK/SPXX,Asset Management,0.9716,0.40301,624,,,,,,,,
MUA/PFD,Asset Management,0.9528,0.40302,624,,,,,,,,
MHI/PZC,Asset Management,0.8667,0.40303,624,,,,,,,,
CHW/OIA,Asset Management,0.9231,0.40303,624,,,,,,,,
FOF/JCE,Asset Management,0.987,0.40304,624,,,,,,,,
CIVB/SHBI,Banks - Regional,0.9236,0.40304,624,,,,,,,,
SBSI/TRMK,Banks - Regional,0.9069,0.40305,624,,,,,,,,
DDT/SHY,Unknown,0.8766,0.40305,624,,,,,,,,
HWBK/TSBK,Banks - Regional,0.9354,0.40307,624,,,,,,,,
BVFL/FBNC,Banks - Regional,0.8464,0.40308,624,,,,,,,,
BCML/CZFS,Banks - Regional,0.8121,0.40308,624,,,,,,,,
CAF/GDO,Asset Management,0.827,0.40309,624,,,,,,,,
UVSP/WAL,Banks - Regional,0.9179,0.40309,624,,,,,,,,
IBOC/ISBA,Banks - Regional,0.8088,0.40309,624,,,,,,,,
CVBF/NFBK,Banks - Regional,0.8419,0.40309,624,,,,,,,,
CHMG/UMBF,Banks - Regional,0.9135,0.40311,624,,,,,,,,
BRKL/PGC,Banks - Regional,0.9304,0.40311,624,,,,,,,,
CARE/FMAO,Banks - Regional,0.8186,0.40311,624,,,,,,,,
EVG/IFN,Asset Management,0.9435,0.40311,624,,,,,,,,
HOPE/USB,Banks - Regional,0.8511,0.40311,624,,,,,,,,
AUB/WTFC,Banks - Regional,0.918,0.40311,624,,,,,,,,
MMT/VPV,Asset Management,0.9366,0.40312,624,,,,,,,,
JBK/PHO,Unknown,0.9205,0.40313,624,,,,,,,,
CII/DHIL,Asset Management,0.8554,0.40314,624,,,,,,,,
JMM/NXP,Asset Management,0.9569,0.40315,624,,,,,,,,
CFR/FNLC,Banks - Regional,0.9468,0.40315,624,,,,,,,,
SBCF/VLY,Banks - Regional,0.8972,0.40317,624,,,,,,,,
FSFG/IBOC,Banks - Regional,0.871,0.40317,624,,,,,,,,
HBNC/NEWT,Banks - Regional,0.8439,0.40318,624,,,,,,,,
OSK/PCAR,Farm & Heavy Construction Machinery,0.8349,0.40319,624,,,,,,,,
KEY/TSBK,Banks - Regional,0.8897,0.40319,624,,,,,,,,
CZFS/OPBK,Banks - Regional,0.8836,0.40319,624,,,,,,,,
CFFI/TCBK,Banks - Regional,0.8839,0.4032,624,,,,,,,,
ES/EVRG,Utilities - Regulated Electric,0.9388,0.40322,624,,,,,,,,
BVFL/UCB,Banks - Regional,0.8142,0.40322,624,,,,,,,,
PROV/SBFG,Banks - Regional,0.8111,0.40323,624,,,,,,,,
JRS/PMM,Asset Management,0.9115,0.40324,624,,,,,,,,
MCR/VGM,Asset Management,0.9263,0.40324,624,,,,,,,,
CBSH/UCB,Banks - Regional,0.9333,0.40324,624,,,,,,,,
HWC/OBT,Banks - Regional,0.8411,0.40325,624,,,,,,,,
JHI/JPC,Asset Management,0.9272,0.40325,624,,,,,,,,
USB/WAL,Banks - Regional,0.9238,0.40327,624,,,,,,,,
CAE/CODA,Aerospace & Defense,0.8752,0.40331,624,,,,,,,,
MHI/MVT,Asset Management,0.9341,0.40332,624,,,,,,,,
GRID/SOXX,Unknown,0.989,0.40333,624,,,,,,,,
EMD/NEA,Asset Management,0.8783,0.40334,624,,,,,,,,
DNP/STK,Asset Management,0.891,0.40335,624,,,,,,,,
CZFS/HBCP,Banks - Regional,0.8673,0.40335,624,,,,,,,,
BOKF/FDBC,Banks - Regional,0.8225,0.40339,624,,,,,,,,
EXG/TSI,Asset Management,0.9411,0.4034,624,,,,,,,,
FBIZ/RBCAA,Banks - Regional,0.9173,0.40341,624,,,,,,,,
BTO/RFI,Asset Management,0.9466,0.40341,624,,,,,,,,
EHI/FMN,Asset Management,0.8818,0.40341,624,,,,,,,,
FBIZ/NWBI,Banks - Regional,0.8151,0.40342,624,,,,,,,,
BME/RMT,Asset Management,0.9549,0.40344,624,,,,,,,,
BTZ/NMI,Asset Management,0.9211,0.40345,624,,,,,,,,
MYN/NMZ,Asset Management,0.9688,0.40345,624,,,,,,,,
CBAN/UVSP,Banks - Regional,0.9281,0.40345,624,,,,,,,,
GUT/NIM,Asset Management,0.8455,0.40345,624,,,,,,,,
BFC/WBS,Banks - Regional,0.8357,0.40346,624,,,,,,,,
PID/SOXX,Unknown,0.9177,0.40347,624,,,,,,,,
BKN/WIA,Asset Management,0.8906,0.40348,624,,,,,,,,
GDL/JLS,Asset Management,0.9461,0.40348,624,,,,,,,,
HIG/ORI,Insurance - Property & Casualty,0.9867,0.40349,624,,,,,,,,
DHIL/NTRS,Asset Management,0.8696,0.40351,624,,,,,,,,
FMNB/OVBC,Banks - Regional,0.8284,0.40351,624,,,,,,,,
IGA/MCI,Asset Management,0.9438,0.40352,624,,,,,,,,
NWBI/SBFG,Banks - Regional,0.9306,0.40353,624,,,,,,,,
WAL/WBS,Banks - Regional,0.9143,0.40353,624,,,,,,,,
BTO/GOF,Asset Management,0.9472,0.40353,624,,,,,,,,
PFI/QTEC,Unknown,0.9636,0.40354,624,,,,,,,,
CCNE/THFF,Banks - Regional,0.9419,0.40354,624,,,,,,,,
PHD/STT,Asset Management,0.8596,0.40354,624,,,,,,,,
FRME/PKBK,Banks - Regional,0.961,0.40354,624,,,,,,,,
NKX/PCK,Asset Management,0.8567,0.40355,624,,,,,,,,
RICK/YUM,Restaurants,0.8528,0.40355,624,,,,,,,,
HPF/MYN,Asset Management,0.8935,0.40356,624,,,,,,,,
ETV/USA,Asset Management,0.9736,0.40356,624,,,,,,,,
NMI/WIA,Asset Management,0.811,0.40358,624,,,,,,,,
AROW/EWBC,Banks - Regional,0.8523,0.40358,624,,,,,,,,
CIF/FMY,Asset Management,0.8827,0.40358,624,,,,,,,,
FTC/GJS,Unknown,0.9609,0.40359,624,,,,,,,,
AOD/PIM,Asset Management,0.8972,0.40359,624,,,,,,,,
HIX/SBI,Asset Management,0.8595,0.40361,624,,,,,,,,
ETJ/PFN,Asset Management,0.9503,0.40362,624,,,,,,,,
HQL/LGI,Asset Management,0.8646,0.40362,624,,,,,,,,
AUB/COFS,Banks - Regional,0.895,0.40363,624,,,,,,,,
HWC/NBN,Banks - Regional,0.8208,0.40363,624,,,,,,,,
CBU/SBSI,Banks - Regional,0.9604,0.40364,624,,,,,,,,
BFZ/DTF,Asset Management,0.9395,0.40365,624,,,,,,,,
TRMK/UCB,Banks - Regional,0.9015,0.40365,624,,,,,,,,
CAF/NTRS,Asset Management,0.835,0.40366,624,,,,,,,,
FFA/JCE,Asset Management,0.9922,0.40367,624,,,,,,,,
PYT/PYZ,Unknown,0.9329,0.40367,624,,,,,,,,
QQEW/SHV,Unknown,0.9047,0.40367,624,,,,,,,,
INDY/JBK,Unknown,0.8847,0.40367,624,,,,,,,,
MSD/MUE,Asset Management,0.8584,0.40369,624,,,,,,,,
CII/IIF,Asset Management,0.9248,0.40369,624,,,,,,,,
OIS/TDW,Oil & Gas Equipment & Services,0.8024,0.40372,624,,,,,,,,
FHI/TWN,Asset Management,0.8756,0.40372,624,,,,,,,,
KF/MMT,Asset Management,0.8035,0.40373,624,,,,,,,,
CTO/GOOD,REIT - Diversified,0.8423,0.40373,624,,,,,,,,
CHI/HQL,Asset Management,0.8646,0.40374,624,,,,,,,,
BOKF/HFWA,Banks - Regional,0.8669,0.40375,624,,,,,,,,
EFR/RMT,Asset Management,0.9609,0.40375,624,,,,,,,,
BOE/SAR,Asset Management,0.9621,0.40375,624,,,,,,,,
FOF/MAIN,Asset Management,0.9697,0.40377,624,,,,,,,,
PFI/SHV,Unknown,0.8636,0.40377,624,,,,,,,,
KEY/SSB,Banks - Regional,0.8991,0.40377,624,,,,,,,,
MTB/UBCP,Banks - Regional,0.8711,0.40378,624,,,,,,,,
KEY/PB,Banks - Regional,0.9378,0.40378,624,,,,,,,,
MMU/VLT,Asset Management,0.8369,0.40379,624,,,,,,,,
BFC/LKFN,Banks - Regional,0.9374,0.40382,624,,,,,,,,
GBCI/PGC,Banks - Regional,0.8895,0.40382,624,,,,,,,,
GDL/JMM,Asset Management,0.9467,0.40383,624,,,,,,,,
HOMB/SMBK,Banks - Regional,0.9372,0.40383,624,,,,,,,,
NHI/SBRA,REIT - Healthcare Facilities,0.8545,0.40383,624,,,,,,,,
FMNB/NBTB,Banks - Regional,0.948,0.40383,624,,,,,,,,
MIN/VGM,Asset Management,0.9155,0.40384,624,,,,,,,,
NXN/PIM,Asset Management,0.8991,0.40387,624,,,,,,,,
HAFC/HOPE,Banks - Regional,0.9043,0.40388,624,,,,,,,,
COFS/EFSC,Banks - Regional,0.8958,0.40388,624,,,,,,,,
PKW/PTF,Unknown,0.9673,0.40388,624,,,,,,,,
NUV/PML,Asset Management,0.9254,0.40389,624,,,,,,,,
PPT/SBI,Asset Management,0.8236,0.4039,624,,,,,,,,
AUB/MTB,Banks - Regional,0.9497,0.4039,624,,,,,,,,
EMD/PFD,Asset Management,0.8746,0.40391,624,,,,,,,,
CBAN/NEWT,Banks - Regional,0.8764,0.40392,624,,,,,,,,
JHI/NKX,Asset Management,0.8819,0.40392,624,,,,,,,,
FMN/MAV,Asset Management,0.8714,0.40393,624,,,,,,,,
GLAD/RQI,Asset Management,0.9194,0.40393,624,,,,,,,,
HAFC/PFS,Banks - Regional,0.8518,0.40394,624,,,,,,,,
INDB/UBFO,Banks - Regional,0.89,0.40395,624,,,,,,,,
ARCC/BRW,Asset Management,0.9374,0.40395,624,,,,,,,,
EHI/PMM,Asset Management,0.9492,0.40397,624,,,,,,,,
EVG/SOR,Asset Management,0.9693,0.40399,624,,,,,,,,
PGC/UNTY,Banks - Regional,0.8132,0.40399,624,,,,,,,,
BGT/PCN,Asset Management,0.8986,0.404,624,,,,,,,,
FITB/WSFS,Banks - Regional,0.9031,0.404,624,,,,,,,,
MYN/PCK,Asset Management,0.9001,0.40401,624,,,,,,,,
JMM/QQQX,Asset Management,0.9453,0.40402,624,,,,,,,,
EFSC/MBCN,Banks - Regional,0.9431,0.40403,624,,,,,,,,
NPV/VCV,Asset Management,0.9055,0.40403,624,,,,,,,,
FTCS/GJS,Unknown,0.975,0.40403,624,,,,,,,,
PCF/SOR,Asset Management,0.9655,0.40403,624,,,,,,,,
MAV/MUA,Asset Management,0.8028,0.40408,624,,,,,,,,
ADX/TSI,Asset Management,0.9381,0.40409,624,,,,,,,,
FISI/UBFO,Banks - Regional,0.8532,0.4041,624,,,,,,,,
GEF/SLGN,Packaging & Containers,0.8389,0.4041,624,,,,,,,,
AROW/MOFG,Banks - Regional,0.8796,0.4041,624,,,,,,,,
HIO/MUC,Asset Management,0.8297,0.40411,624,,,,,,,,
EFT/USA,Asset Management,0.9575,0.40411,624,,,,,,,,
MSD/PMM,Asset Management,0.8818,0.40412,624,,,,,,,,
IEUS/KTN,Unknown,0.9408,0.40412,624,,,,,,,,
EBMT/ZIONP,Banks - Regional,0.8348,0.40413,624,,,,,,,,
DSU/NIE,Asset Management,0.9754,0.40414,624,,,,,,,,
CCNE/FULT,Banks - Regional,0.9211,0.40415,624,,,,,,,,
KEY/UMBF,Banks - Regional,0.9244,0.40415,624,,,,,,,,
FUNC/ZION,Banks - Regional,0.8664,0.40416,624,,,,,,,,
HOMB/PFS,Banks - Regional,0.8649,0.40416,624,,,,,,,,
PKBK/SSB,Banks - Regional,0.9015,0.40416,624,,,,,,,,
HPS/LEO,Asset Management,0.8634,0.40416,624,,,,,,,,
JHI/MGF,Asset Management,0.8678,0.40416,624,,,,,,,,
CZWI/FXNC,Banks - Regional,0.8289,0.40417,624,,,,,,,,
BXMX/EOI,Asset Management,0.9789,0.40417,624,,,,,,,,
LKFN/PGC,Banks - Regional,0.8718,0.40417,624,,,,,,,,
EHI/IQI,Asset Management,0.9222,0.40418,624,,,,,,,,
DOV/ETN,Specialty Industrial Machinery,0.9226,0.40419,624,,,,,,,,
FCT/SAR,Asset Management,0.9393,0.40421,624,,,,,,,,
NEWT/UMBF,Banks - Regional,0.8172,0.40421,624,,,,,,,,
CII/RJF,Asset Management,0.9725,0.40421,624,,,,,,,,
HWBK/PPBI,Banks - Regional,0.8016,0.40421,624,,,,,,,,
CXH/NPV,Asset Management,0.8993,0.40422,624,,,,,,,,
MSD/NRK,Asset Management,0.8999,0.40423,624,,,,,,,,
HTBK/LKFN,Banks - Regional,0.8171,0.40424,624,,,,,,,,
FBNC/GBCI,Banks - Regional,0.9639,0.40425,624,,,,,,,,
PSL/QQXT,Unknown,0.9832,0.40425,624,,,,,,,,
CFR/HFBL,Banks - Regional,0.8799,0.40425,624,,,,,,,,
DHIL/SAR,Asset Management,0.8504,0.40425,624,,,,,,,,
EBMT/HBAN,Banks - Regional,0.86,0.40426,624,,,,,,,,
PCF/PHD,Asset Management,0.954,0.40426,624,,,,,,,,
ETY/RJF,Asset Management,0.9747,0.40427,624,,,,,,,,
EVT/GAB,Asset Management,0.9727,0.40427,624,,,,,,,,
INTU/NICE,Software - Application,0.8914,0.40428,624,,,,,,,,
BLE/PML,Asset Management,0.9568,0.40428,624,,,,,,,,
DCOM/HOMB,Banks - Regional,0.8475,0.40429,624,,,,,,,,
DVY/GJT,Unknown,0.9537,0.40429,624,,,,,,,,
SMBC/UMBF,Banks - Regional,0.9516,0.4043,624,,,,,,,,
MGEE/XEL,Utilities - Regulated Electric,0.961,0.4043,624,,,,,,,,
CTBI/TRST,Banks - Regional,0.8991,0.4043,624,,,,,,,,
BFZ/VKQ,Asset Management,0.9456,0.40431,624,,,,,,,,
NMT/PZC,Asset Management,0.8864,0.40431,624,,,,,,,,
EWBC/SMBC,Banks - Regional,0.9666,0.40433,624,,,,,,,,
CXE/RNP,Asset Management,0.8017,0.40435,624,,,,,,,,
PHK/QQQX,Asset Management,0.8177,0.40435,624,,,,,,,,
BOE/WIW,Asset Management,0.8859,0.40437,624,,,,,,,,
CSWC/STEW,Asset Management,0.9731,0.40438,624,,,,,,,,
FITB/GBCI,Banks - Regional,0.9374,0.40441,624,,,,,,,,
GABC/SRCE,Banks - Regional,0.9597,0.40441,624,,,,,,,,
FFC/VCV,Asset Management,0.9621,0.40441,624,,,,,,,,
FBIZ/TSBK,Banks - Regional,0.8507,0.40442,624,,,,,,,,
ASRV/WSFS,Banks - Regional,0.808,0.40442,624,,,,,,,,
FXNC/NRIM,Banks - Regional,0.8025,0.40445,624,,,,,,,,
GCBC/PNC,Banks - Regional,0.8579,0.40445,624,,,,,,,,
ETG/PFN,Asset Management,0.9573,0.40448,624,,,,,,,,
ATLC/COF,Credit Services,0.8515,0.40448,624,,,,,,,,
FELE/ITT,Specialty Industrial Machinery,0.9562,0.40448,624,,,,,,,,
CBSH/PFS,Banks - Regional,0.8741,0.4045,624,,,,,,,,
KEY/LARK,Banks - Regional,0.8939,0.40451,624,,,,,,,,
PFD/PML,Asset Management,0.9232,0.40451,624,,,,,,,,
FITB/SSB,Banks - Regional,0.889,0.40451,624,,,,,,,,
EFSC/MBWM,Banks - Regional,0.9513,0.40452,624,,,,,,,,
BHLB/BRKL,Banks - Regional,0.8224,0.40453,624,,,,,,,,
EOD/PPT,Asset Management,0.8353,0.40453,624,,,,,,,,
BFC/CCBG,Banks - Regional,0.9677,0.40453,624,,,,,,,,
FNWD/GSBC,Banks - Regional,0.8475,0.40453,624,,,,,,,,
CGO/STT,Asset Management,0.8377,0.40453,624,,,,,,,,
EMD/MQT,Asset Management,0.8605,0.40454,624,,,,,,,,
JBK/PYT,Unknown,0.9723,0.40454,624,,,,,,,,
CFFI/MOFG,Banks - Regional,0.831,0.40456,624,,,,,,,,
DVY/SOXX,Unknown,0.9309,0.40456,624,,,,,,,,
AX/WBS,Banks - Regional,0.9051,0.40457,624,,,,,,,,
POWI/SLAB,Semiconductors,0.9429,0.40457,624,,,,,,,,
BOE/CIF,Asset Management,0.872,0.40457,624,,,,,,,,
ETJ/PIM,Asset Management,0.9145,0.40457,624,,,,,,,,
CFR/UBCP,Banks - Regional,0.9473,0.40457,624,,,,,,,,
OPK/STRR,Diagnostics & Research,0.8301,0.40458,624,,,,,,,,
IQI/JMM,Asset Management,0.9554,0.4046,624,,,,,,,,
PPG/WLK,Specialty Chemicals,0.8452,0.40462,624,,,,,,,,
HSII/KFRC,Staffing & Employment Services,0.8284,0.40462,624,,,,,,,,
IGD/TSI,Asset Management,0.9022,0.40463,624,,,,,,,,
FSFG/TOWN,Banks - Regional,0.9397,0.40466,624,,,,,,,,
BBH/DVY,Unknown,0.8902,0.40466,624,,,,,,,,
BTA/WIA,Asset Management,0.9126,0.40467,624,,,,,,,,
MBCN/NEWT,Banks - Regional,0.8244,0.40468,624,,,,,,,,
EHI/MQY,Asset Management,0.916,0.40468,624,,,,,,,,
GAB/NIE,Asset Management,0.9592,0.40469,624,,,,,,,,
EVG/HTGC,Asset Management,0.9511,0.40469,624,,,,,,,,
EBMT/MGYR,Banks - Regional,0.8111,0.40469,624,,,,,,,,
BANC/NKSH,Banks - Regional,0.8378,0.40469,624,,,,,,,,
IIM/WIA,Asset Management,0.8672,0.4047,624,,,,,,,,
CNOB/WASH,Banks - Regional,0.9287,0.4047,624,,,,,,,,
FUL/WDFC,Specialty Chemicals,0.8544,0.40471,624,,,,,,,,
CFR/INDB,Banks - Regional,0.8777,0.40471,624,,,,,,,,
ABEO/MRKR,Biotechnology,0.89,0.40472,624,,,,,,,,
HQH/MIN,Asset Management,0.806,0.40472,624,,,,,,,,
MCI/SOR,Asset Management,0.9446,0.40472,624,,,,,,,,
BSX/ITGR,Medical Devices,0.9359,0.40473,624,,,,,,,,
PDT/PFD,Asset Management,0.912,0.40474,624,,,,,,,,
EVRG/XEL,Utilities - Regulated Electric,0.9695,0.40474,624,,,,,,,,
PFIS/RBCAA,Banks - Regional,0.8756,0.40475,624,,,,,,,,
MHI/NMT,Asset Management,0.889,0.40476,624,,,,,,,,
BANR/UBCP,Banks - Regional,0.8838,0.40476,624,,,,,,,,
FCT/RMT,Asset Management,0.9594,0.40479,624,,,,,,,,
CBAN/HFWA,Banks - Regional,0.9321,0.40479,624,,,,,,,,
RQI/WEA,Asset Management,0.9385,0.40479,624,,,,,,,,
EVF/GDL,Asset Management,0.9424,0.40481,624,,,,,,,,
BAX/UTMD,Medical Instruments & Supplies,0.8254,0.40481,624,,,,,,,,
KTF/MIY,Asset Management,0.9052,0.40481,624,,,,,,,,
EFSC/FULT,Banks - Regional,0.9597,0.40481,624,,,,,,,,
FXNC/HFBL,Banks - Regional,0.8153,0.40483,624,,,,,,,,
FRME/WSBC,Banks - Regional,0.956,0.40483,624,,,,,,,,
HPS/MQT,Asset Management,0.9101,0.40485,624,,,,,,,,
MDU/VMI,Conglomerates,0.8522,0.40485,624,,,,,,,,
IPB/IUSV,Unknown,0.9293,0.40485,624,,,,,,,,
COFS/TSBK,Banks - Regional,0.8999,0.40486,624,,,,,,,,
FBIZ/RF,Banks - Regional,0.9099,0.40487,624,,,,,,,,
CZWI/RF,Banks - Regional,0.8939,0.40489,624,,,,,,,,
EVF/NTRS,Asset Management,0.8341,0.40489,624,,,,,,,,
EFR/LGI,Asset Management,0.9636,0.40489,624,,,,,,,,
OPBK/PLBC,Banks - Regional,0.9171,0.40489,624,,,,,,,,
TOWN/USB,Banks - Regional,0.9015,0.40489,624,,,,,,,,
GOVI/MBB,Unknown,0.9603,0.4049,624,,,,,,,,
GDL/PCN,Asset Management,0.9505,0.40491,624,,,,,,,,
CMI/ETN,Specialty Industrial Machinery,0.9449,0.40491,624,,,,,,,,
PFIS/UBCP,Banks - Regional,0.884,0.40493,624,,,,,,,,
HPF/PFO,Asset Management,0.9487,0.40494,624,,,,,,,,
APD/ASH,Specialty Chemicals,0.887,0.40494,624,,,,,,,,
CHMG/GBCI,Banks - Regional,0.9118,0.40495,624,,,,,,,,
CFFI/NWFL,Banks - Regional,0.8668,0.40495,624,,,,,,,,
MS/PIPR,Capital Markets,0.9549,0.40496,624,,,,,,,,
CFFI/STBA,Banks - Regional,0.8842,0.40497,624,,,,,,,,
BANR/PEBO,Banks - Regional,0.9522,0.40497,624,,,,,,,,
CHI/STT,Asset Management,0.8229,0.40497,624,,,,,,,,
IPB/PIZ,Unknown,0.9259,0.40498,624,,,,,,,,
AMP/GAM,Asset Management,0.9727,0.40499,624,,,,,,,,
OVLY/TRMK,Banks - Regional,0.8467,0.40502,624,,,,,,,,
CAH/MCK,Medical Distribution,0.9395,0.40503,624,,,,,,,,
FAD/FTCS,Unknown,0.9898,0.40505,624,,,,,,,,
EFSC/OBT,Banks - Regional,0.8274,0.40506,624,,,,,,,,
FHI/MPV,Asset Management,0.8975,0.40507,624,,,,,,,,
BTA/MSD,Asset Management,0.8883,0.40507,624,,,,,,,,
IGIB/VGSH,Unknown,0.9587,0.40507,624,,,,,,,,
GRID/PHO,Unknown,0.9903,0.40508,624,,,,,,,,
PKBK/WSBF,Banks - Regional,0.9375,0.40509,624,,,,,,,,
PEBK/UBFO,Banks - Regional,0.9447,0.40509,624,,,,,,,,
HTBK/TSBK,Banks - Regional,0.8974,0.4051,624,,,,,,,,
EFSC/PB,Banks - Regional,0.9458,0.40514,624,,,,,,,,
JHI/LEO,Asset Management,0.8445,0.40514,624,,,,,,,,
HTGC/PCF,Asset Management,0.9088,0.40514,624,,,,,,,,
AGD/BTZ,Asset Management,0.9012,0.40515,624,,,,,,,,
MTB/ZION,Banks - Regional,0.9349,0.40515,624,,,,,,,,
CNS/NIM,Asset Management,0.8662,0.40517,624,,,,,,,,
RBCAA/WTBA,Banks - Regional,0.8376,0.40518,624,,,,,,,,
AWF/NXN,Asset Management,0.9095,0.40519,624,,,,,,,,
NSC/TRN,Railroads,0.8699,0.40521,624,,,,,,,,
MPA/NPV,Asset Management,0.9219,0.40521,624,,,,,,,,
UNTY/USB,Banks - Regional,0.8086,0.40522,624,,,,,,,,
DSGX/SPNS,Software - Application,0.9327,0.40523,624,,,,,,,,
CBAN/GSBC,Banks - Regional,0.9288,0.40524,624,,,,,,,,
AVB/ELS,REIT - Residential,0.9357,0.40526,624,,,,,,,,
BUSE/HAFC,Banks - Regional,0.8283,0.40526,624,,,,,,,,
CARE/FCF,Banks - Regional,0.8249,0.40527,624,,,,,,,,
AWF/JHI,Asset Management,0.9482,0.40528,624,,,,,,,,
ETB/PAI,Asset Management,0.8893,0.4053,624,,,,,,,,
AFB/PCK,Asset Management,0.888,0.40532,624,,,,,,,,
ETB/NMZ,Asset Management,0.9151,0.40532,624,,,,,,,,
CZNC/VLY,Banks - Regional,0.8207,0.40533,624,,,,,,,,
ETG/VRTS,Asset Management,0.8452,0.40533,624,,,,,,,,
AAXJ/WOOD,Unknown,0.9222,0.40534,624,,,,,,,,
MCI/NXP,Asset Management,0.8246,0.40534,624,,,,,,,,
CASH/PNC,Banks - Regional,0.9555,0.40534,624,,,,,,,,
CIF/DHF,Asset Management,0.9428,0.40535,624,,,,,,,,
FMNB/UBFO,Banks - Regional,0.9271,0.40535,624,,,,,,,,
NAN/NAZ,Asset Management,0.9597,0.40536,624,,,,,,,,
EOT/NPV,Asset Management,0.866,0.40536,624,,,,,,,,
CNS/RQI,Asset Management,0.9534,0.40536,624,,,,,,,,
PBHC/SSBI,Banks - Regional,0.8859,0.40537,624,,,,,,,,
GJS/QQEW,Unknown,0.9571,0.40537,624,,,,,,,,
EFSC/OVLY,Banks - Regional,0.9128,0.40537,624,,,,,,,,
KNX/SAIA,Trucking,0.8505,0.4054,624,,,,,,,,
DHF/MMU,Asset Management,0.815,0.40541,624,,,,,,,,
USA/UTF,Asset Management,0.9784,0.40542,624,,,,,,,,
EVN/FMY,Asset Management,0.849,0.40542,624,,,,,,,,
EHI/VCV,Asset Management,0.9013,0.40543,624,,,,,,,,
HQH/NXN,Asset Management,0.8792,0.40545,624,,,,,,,,
AAXJ/IEUS,Unknown,0.946,0.40546,624,,,,,,,,
BOKF/DCOM,Banks - Regional,0.8511,0.40546,624,,,,,,,,
AMKR/ASML,Semiconductor Equipment & Materials,0.9619,0.40546,624,,,,,,,,
MHN/MIN,Asset Management,0.8833,0.40548,624,,,,,,,,
IGSB/PNQI,Unknown,0.9596,0.40549,624,,,,,,,,
FCT/VLT,Asset Management,0.9667,0.4055,624,,,,,,,,
DSU/USA,Asset Management,0.9697,0.40551,624,,,,,,,,
BRKL/NWFL,Banks - Regional,0.8337,0.40552,624,,,,,,,,
HIO/VKQ,Asset Management,0.8898,0.40554,624,,,,,,,,
WSBC/WTBA,Banks - Regional,0.9134,0.40554,624,,,,,,,,
FCT/PFL,Asset Management,0.9443,0.40554,624,,,,,,,,
NWBI/SHBI,Banks - Regional,0.8681,0.40554,624,,,,,,,,
FNLC/UBFO,Banks - Regional,0.9117,0.40555,624,,,,,,,,
AWF/TWN,Asset Management,0.9041,0.40555,624,,,,,,,,
FLC/NQP,Asset Management,0.9722,0.40556,624,,,,,,,,
MET/PRU,Insurance - Life,0.9509,0.40557,624,,,,,,,,
EXG/IFN,Asset Management,0.9597,0.40557,624,,,,,,,,
CZFS/ZION,Banks - Regional,0.8104,0.40557,624,,,,,,,,
CWBC/HOMB,Banks - Regional,0.8988,0.40558,624,,,,,,,,
BLW/CSQ,Asset Management,0.9824,0.40558,624,,,,,,,,
PUI/SOXX,Unknown,0.8896,0.40558,624,,,,,,,,
IGF/IGIB,Unknown,0.8783,0.4056,624,,,,,,,,
CFFI/SBSI,Banks - Regional,0.8441,0.4056,624,,,,,,,,
PNC/VABK,Banks - Regional,0.9144,0.4056,624,,,,,,,,
POR/WEC,Utilities - Regulated Electric,0.9445,0.40561,624,,,,,,,,
PIM/VLT,Asset Management,0.9328,0.40561,624,,,,,,,,
FCT/PFN,Asset Management,0.9419,0.40562,624,,,,,,,,
LULU/TJX,Apparel Retail,0.8464,0.40562,624,,,,,,,,
MOFG/UNB,Banks - Regional,0.8255,0.40562,624,,,,,,,,
HQH/NXJ,Asset Management,0.8659,0.40565,624,,,,,,,,
GAIN/PCN,Asset Management,0.9204,0.40566,624,,,,,,,,
BLE/JHI,Asset Management,0.8211,0.40567,624,,,,,,,,
CASH/IBCP,Banks - Regional,0.9359,0.40568,624,,,,,,,,
FISI/UCB,Banks - Regional,0.8581,0.40568,624,,,,,,,,
PKBK/WAL,Banks - Regional,0.9129,0.40571,624,,,,,,,,
AOD/CGO,Asset Management,0.9461,0.40571,624,,,,,,,,
JOF/NTRS,Asset Management,0.9277,0.40572,624,,,,,,,,
CBSH/WAFD,Banks - Regional,0.9356,0.40572,624,,,,,,,,
BGT/BX,Asset Management,0.9424,0.40574,624,,,,,,,,
DSU/IIF,Asset Management,0.9324,0.40575,624,,,,,,,,
EOD/IGD,Asset Management,0.9573,0.40575,624,,,,,,,,
IBCP/WTBA,Banks - Regional,0.8697,0.40575,624,,,,,,,,
VKQ/VTN,Asset Management,0.9636,0.40575,624,,,,,,,,
MHI/NRK,Asset Management,0.8811,0.40575,624,,,,,,,,
CNS/JRS,Asset Management,0.9051,0.40577,624,,,,,,,,
BXC/GWW,Industrial Distribution,0.8784,0.40578,624,,,,,,,,
BN/JRS,Asset Management,0.9366,0.4058,624,,,,,,,,
BRW/DHF,Asset Management,0.9148,0.4058,624,,,,,,,,
JPC/MCR,Asset Management,0.9611,0.40581,624,,,,,,,,
APD/SXT,Specialty Chemicals,0.8185,0.40582,624,,,,,,,,
SPXX/TSI,Asset Management,0.9468,0.40582,624,,,,,,,,
HQH/UTF,Asset Management,0.8858,0.40583,624,,,,,,,,
EFR/SPXX,Asset Management,0.9628,0.40584,624,,,,,,,,
HYT/JHS,Asset Management,0.8969,0.40584,624,,,,,,,,
FSFG/FULT,Banks - Regional,0.9171,0.40584,624,,,,,,,,
BRW/SEIC,Asset Management,0.9046,0.40585,624,,,,,,,,
APD/LIN,Specialty Chemicals,0.92,0.40585,624,,,,,,,,
MUE/WIA,Asset Management,0.8557,0.40585,624,,,,,,,,
JSM/SCZ,Unknown,0.9532,0.40585,624,,,,,,,,
PPT/WIW,Asset Management,0.8425,0.40586,624,,,,,,,,
CFR/NECB,Banks - Regional,0.8396,0.40586,624,,,,,,,,
COLB/THFF,Banks - Regional,0.8402,0.40587,624,,,,,,,,
MYD/NAZ,Asset Management,0.9435,0.40588,624,,,,,,,,
ACWX/SCZ,Unknown,0.9668,0.40591,624,,,,,,,,
OVBC/SBFG,Banks - Regional,0.8437,0.40592,624,,,,,,,,
GJT/PHO,Unknown,0.9429,0.40592,624,,,,,,,,
EOD/GOF,Asset Management,0.9396,0.40593,624,,,,,,,,
CSQ/HYT,Asset Management,0.9858,0.40596,624,,,,,,,,
ETW/JCE,Asset Management,0.9615,0.40597,624,,,,,,,,
COLB/HBAN,Banks - Regional,0.8198,0.40598,624,,,,,,,,
SBCF/WSBC,Banks - Regional,0.8978,0.406,624,,,,,,,,
CAC/CCBG,Banks - Regional,0.8921,0.406,624,,,,,,,,
EXPD/JBHT,Integrated Freight & Logistics,0.953,0.40601,624,,,,,,,,
CPT/UDR,REIT - Residential,0.9777,0.40601,624,,,,,,,,
BDJ/EOI,Asset Management,0.9777,0.40603,624,,,,,,,,
JSM/PTF,Unknown,0.8819,0.40605,624,,,,,,,,
BME/TROW,Asset Management,0.8987,0.40605,624,,,,,,,,
NKSH/ZION,Banks - Regional,0.8331,0.40607,624,,,,,,,,
HPF/PMF,Asset Management,0.8006,0.40608,624,,,,,,,,
DDT/ONEQ,Unknown,0.952,0.40608,624,,,,,,,,
BGT/PTY,Asset Management,0.9189,0.40608,624,,,,,,,,
CHCO/WSBF,Banks - Regional,0.8182,0.40609,624,,,,,,,,
EFT/GOF,Asset Management,0.9506,0.40613,624,,,,,,,,
HQH/JHS,Asset Management,0.8704,0.40613,624,,,,,,,,
NCA/PMM,Asset Management,0.9525,0.40613,624,,,,,,,,
D/TXNM,Utilities - Regulated Electric,0.8571,0.40615,624,,,,,,,,
TCBK/WSBC,Banks - Regional,0.8964,0.40615,624,,,,,,,,
CFFI/OPBK,Banks - Regional,0.9103,0.40616,624,,,,,,,,
FITB/VLY,Banks - Regional,0.8318,0.40617,624,,,,,,,,
LARK/LCNB,Banks - Regional,0.891,0.40619,624,,,,,,,,
DHIL/FUND,Asset Management,0.8593,0.4062,624,,,,,,,,
FE/NEE,Utilities - Regulated Electric,0.8431,0.4062,624,,,,,,,,
BANC/COLB,Banks - Regional,0.8486,0.40621,624,,,,,,,,
MHI/NAD,Asset Management,0.8853,0.40621,624,,,,,,,,
EFR/TY,Asset Management,0.9519,0.40621,624,,,,,,,,
RBCAA/WTFC,Banks - Regional,0.9555,0.40622,624,,,,,,,,
EXG/GLAD,Asset Management,0.9568,0.40623,624,,,,,,,,
JPC/NMI,Asset Management,0.9357,0.40624,624,,,,,,,,
SMBC/SSB,Banks - Regional,0.9188,0.40624,624,,,,,,,,
FUND/PSEC,Asset Management,0.9287,0.40625,624,,,,,,,,
CRM/PAYX,Software - Application,0.9332,0.40625,624,,,,,,,,
EXG/GAB,Asset Management,0.9756,0.40625,624,,,,,,,,
IGD/UTF,Asset Management,0.9413,0.40626,624,,,,,,,,
RNST/SSB,Banks - Regional,0.9383,0.40627,624,,,,,,,,
ABCB/IBOC,Banks - Regional,0.9281,0.40627,624,,,,,,,,
FUL/SXT,Specialty Chemicals,0.8673,0.40627,624,,,,,,,,
CAF/PMF,Asset Management,0.8388,0.40627,624,,,,,,,,
FHN/LCNB,Banks - Regional,0.8044,0.40628,624,,,,,,,,
FNB/KEY,Banks - Regional,0.8202,0.40629,624,,,,,,,,
CADE/HAFC,Banks - Regional,0.8267,0.4063,624,,,,,,,,
IBB/PSL,Unknown,0.9123,0.4063,624,,,,,,,,
MAIN/SOR,Asset Management,0.9766,0.4063,624,,,,,,,,
CBAN/IBOC,Banks - Regional,0.8324,0.40631,624,,,,,,,,
PH/WTS,Specialty Industrial Machinery,0.9517,0.40632,624,,,,,,,,
GIII/UAA,Apparel Manufacturing,0.8224,0.40632,624,,,,,,,,
HIX/MYD,Asset Management,0.8634,0.40633,624,,,,,,,,
EHI/NRK,Asset Management,0.9317,0.40634,624,,,,,,,,
IBCP/PB,Banks - Regional,0.9298,0.40635,624,,,,,,,,
MIY/PNI,Asset Management,0.8285,0.40635,624,,,,,,,,
HQH/NZF,Asset Management,0.8534,0.40635,624,,,,,,,,
INBK/LSBK,Banks - Regional,0.8428,0.40636,624,,,,,,,,
MIN/VTN,Asset Management,0.8632,0.40638,624,,,,,,,,
ASB/LKFN,Banks - Regional,0.8736,0.40639,624,,,,,,,,
ETV/PFN,Asset Management,0.974,0.40641,624,,,,,,,,
HQL/SBI,Asset Management,0.8979,0.40642,624,,,,,,,,
BRT/UDR,REIT - Residential,0.8798,0.40644,624,,,,,,,,
MCN/MPV,Asset Management,0.8895,0.40644,624,,,,,,,,
BXMX/FFA,Asset Management,0.9846,0.40645,624,,,,,,,,
BRKL/PNFP,Banks - Regional,0.8148,0.40647,624,,,,,,,,
SIMO/TSEM,Semiconductors,0.8076,0.40647,624,,,,,,,,
BOH/GBCI,Banks - Regional,0.9307,0.40647,624,,,,,,,,
CB/TRV,Insurance - Property & Casualty,0.9928,0.40648,624,,,,,,,,
AGD/NXN,Asset Management,0.8025,0.40649,624,,,,,,,,
DHF/KF,Asset Management,0.8093,0.40649,624,,,,,,,,
JRS/UTF,Asset Management,0.9421,0.40651,624,,,,,,,,
ALRS/WTBA,Banks - Regional,0.9463,0.40651,624,,,,,,,,
HIX/VRTS,Asset Management,0.8552,0.40651,624,,,,,,,,
EVG/RFI,Asset Management,0.9518,0.40652,624,,,,,,,,
EWBC/ORRF,Banks - Regional,0.8104,0.40653,624,,,,,,,,
MOFG/SRCE,Banks - Regional,0.8595,0.40653,624,,,,,,,,
ETB/EVG,Asset Management,0.952,0.40653,624,,,,,,,,
JRS/PMO,Asset Management,0.9055,0.40653,624,,,,,,,,
EXG/SPXX,Asset Management,0.9868,0.40653,624,,,,,,,,
FTCS/RTH,Unknown,0.9927,0.40654,624,,,,,,,,
BDJ/CSWC,Asset Management,0.9585,0.40655,624,,,,,,,,
BANFP/SCZ,Unknown,0.9201,0.40655,624,,,,,,,,
HBNC/SBSI,Banks - Regional,0.9446,0.40655,624,,,,,,,,
JSM/PNQI,Unknown,0.9287,0.40655,624,,,,,,,,
ETJ/HYT,Asset Management,0.9748,0.40655,624,,,,,,,,
HIX/HYT,Asset Management,0.9458,0.40656,624,,,,,,,,
MCI/PNNT,Asset Management,0.9176,0.40657,624,,,,,,,,
AGYS/PTC,Software - Application,0.9193,0.40658,624,,,,,,,,
MYI/NXP,Asset Management,0.939,0.40658,624,,,,,,,,
BGT/OCSL,Asset Management,0.8098,0.40661,624,,,,,,,,
BDJ/FOF,Asset Management,0.9852,0.40661,624,,,,,,,,
TLT/VGLT,Unknown,0.9989,0.40661,624,,,,,,,,
DSU/ETB,Asset Management,0.9493,0.40661,624,,,,,,,,
RVT/UTF,Asset Management,0.9792,0.40661,624,,,,,,,,
EGBN/NFBK,Banks - Regional,0.9127,0.40662,624,,,,,,,,
PEG/PPL,Utilities - Regulated Electric,0.8799,0.40663,624,,,,,,,,
GOF/RMT,Asset Management,0.9778,0.40665,624,,,,,,,,
ETB/PNNT,Asset Management,0.845,0.40666,624,,,,,,,,
ESSA/EWBC,Banks - Regional,0.928,0.40666,624,,,,,,,,
BND/IEI,Unknown,0.9925,0.40667,624,,,,,,,,
EGO/USAU,Gold,0.8459,0.40668,624,,,,,,,,
PPBI/VLY,Banks - Regional,0.8679,0.40669,624,,,,,,,,
MIN/VCV,Asset Management,0.9018,0.40669,624,,,,,,,,
EOD/GDL,Asset Management,0.9232,0.40669,624,,,,,,,,
BTO/UTF,Asset Management,0.9451,0.40669,624,,,,,,,,
DSU/GAB,Asset Management,0.9477,0.40669,624,,,,,,,,
SMBC/ZION,Banks - Regional,0.9251,0.4067,624,,,,,,,,
BVFL/WTBA,Banks - Regional,0.8176,0.40671,624,,,,,,,,
ALRS/BSRR,Banks - Regional,0.8611,0.40671,624,,,,,,,,
DHF/MFM,Asset Management,0.8704,0.40672,624,,,,,,,,
EXG/FCT,Asset Management,0.9637,0.40672,624,,,,,,,,
PUI/QABA,Unknown,0.908,0.40673,624,,,,,,,,
AGYS/ROP,Software - Application,0.8658,0.40674,624,,,,,,,,
BOKF/HWC,Banks - Regional,0.9481,0.40674,624,,,,,,,,
CAG/CPB,Packaged Foods,0.904,0.40675,624,,,,,,,,
PBHC/WSBF,Banks - Regional,0.9319,0.40676,624,,,,,,,,
MAV/NMI,Asset Management,0.8165,0.40676,624,,,,,,,,
FULT/WBS,Banks - Regional,0.9545,0.40676,624,,,,,,,,
DTF/GDO,Asset Management,0.8767,0.40676,624,,,,,,,,
ETB/FCT,Asset Management,0.9568,0.40679,624,,,,,,,,
IGA/JCE,Asset Management,0.9847,0.4068,624,,,,,,,,
IGR/STEW,Asset Management,0.8806,0.4068,624,,,,,,,,
CFFI/TOWN,Banks - Regional,0.9039,0.4068,624,,,,,,,,
FHI/RJF,Asset Management,0.9381,0.40681,624,,,,,,,,
FNB/NWBI,Banks - Regional,0.8588,0.40681,624,,,,,,,,
BANR/CVBF,Banks - Regional,0.9437,0.40681,624,,,,,,,,
MTD/WAT,Diagnostics & Research,0.9698,0.40682,624,,,,,,,,
HWBK/SYBT,Banks - Regional,0.9318,0.40682,624,,,,,,,,
AWF/PSEC,Asset Management,0.8436,0.40683,624,,,,,,,,
ABCB/WBS,Banks - Regional,0.9686,0.40684,624,,,,,,,,
FISI/SRCE,Banks - Regional,0.8611,0.40684,624,,,,,,,,
LARK/SMBC,Banks - Regional,0.8736,0.40684,624,,,,,,,,
ASR/PAC,Airports & Air Services,0.9711,0.40685,624,,,,,,,,
CCNE/VLY,Banks - Regional,0.8208,0.40685,624,,,,,,,,
MPB/QCRH,Banks - Regional,0.9308,0.40686,624,,,,,,,,
HBCP/PFIS,Banks - Regional,0.9167,0.40686,624,,,,,,,,
RF/WBS,Banks - Regional,0.9132,0.40688,624,,,,,,,,
OZK/PNC,Banks - Regional,0.8236,0.40688,624,,,,,,,,
EVG/MAIN,Asset Management,0.9696,0.40689,624,,,,,,,,
CAC/FDBC,Banks - Regional,0.8881,0.4069,624,,,,,,,,
NEWT/TOWN,Banks - Regional,0.8062,0.40691,624,,,,,,,,
DSU/QQQX,Asset Management,0.9597,0.40692,624,,,,,,,,
KTF/PMF,Asset Management,0.907,0.40692,624,,,,,,,,
JPC/MUE,Asset Management,0.927,0.40694,624,,,,,,,,
ARCC/ETV,Asset Management,0.9456,0.40694,624,,,,,,,,
NKX/NXP,Asset Management,0.9391,0.40695,624,,,,,,,,
ETY/TWN,Asset Management,0.9565,0.40695,624,,,,,,,,
BGY/FMY,Asset Management,0.8762,0.40696,624,,,,,,,,
OBT/ORRF,Banks - Regional,0.8089,0.40696,624,,,,,,,,
ABCB/FMNB,Banks - Regional,0.9429,0.40697,624,,,,,,,,
LEO/PCQ,Asset Management,0.9084,0.40697,624,,,,,,,,
CLB/OII,Oil & Gas Equipment & Services,0.8122,0.40699,624,,,,,,,,
MAV/MYN,Asset Management,0.8624,0.407,624,,,,,,,,
VLY/WAFD,Banks - Regional,0.8306,0.407,624,,,,,,,,
ASGN/WNS,Information Technology Services,0.9186,0.40701,624,,,,,,,,
AUB/TOWN,Banks - Regional,0.9544,0.40701,624,,,,,,,,
BANF/FBNC,Banks - Regional,0.8821,0.40702,624,,,,,,,,
FAB/FTA,Unknown,0.9983,0.40702,624,,,,,,,,
MBB/VGSH,Unknown,0.8465,0.40703,624,,,,,,,,
COFS/UBFO,Banks - Regional,0.8954,0.40704,624,,,,,,,,
GABC/OBT,Banks - Regional,0.8267,0.40704,624,,,,,,,,
JPC/MMT,Asset Management,0.9566,0.40706,624,,,,,,,,
ETG/RMT,Asset Management,0.987,0.40707,624,,,,,,,,
STEW/USA,Asset Management,0.983,0.40707,624,,,,,,,,
LHX/NOC,Aerospace & Defense,0.9657,0.40708,624,,,,,,,,
PEBO/TOWN,Banks - Regional,0.9494,0.40708,624,,,,,,,,
CWBC/SBCF,Banks - Regional,0.9383,0.40709,624,,,,,,,,
PGC/WAL,Banks - Regional,0.869,0.4071,624,,,,,,,,
HIFS/PFBC,Banks - Regional,0.8941,0.4071,624,,,,,,,,
BFC/WAL,Banks - Regional,0.8426,0.40711,624,,,,,,,,
LKFN/WBS,Banks - Regional,0.9018,0.40713,624,,,,,,,,
IFGL/VCLT,Unknown,0.8334,0.40713,624,,,,,,,,
ARCC/PCM,Asset Management,0.8756,0.40713,624,,,,,,,,
EFT/GDL,Asset Management,0.9473,0.40713,624,,,,,,,,
GRX/NZF,Asset Management,0.9267,0.40714,624,,,,,,,,
EFR/GAB,Asset Management,0.9491,0.40715,624,,,,,,,,
EWBC/HBCP,Banks - Regional,0.9421,0.40716,624,,,,,,,,
BRKL/FHN,Banks - Regional,0.8134,0.40716,624,,,,,,,,
ACWI/GJR,Unknown,0.961,0.40717,624,,,,,,,,
BBH/FTC,Unknown,0.8865,0.40717,624,,,,,,,,
DSU/RJF,Asset Management,0.9603,0.40717,624,,,,,,,,
BOH/PNC,Banks - Regional,0.8917,0.40718,624,,,,,,,,
DLB/UNF,Specialty Business Services,0.8445,0.40718,624,,,,,,,,
ABCB/OCFC,Banks - Regional,0.869,0.40719,624,,,,,,,,
AOD/JMM,Asset Management,0.8824,0.4072,624,,,,,,,,
CIVB/HIFS,Banks - Regional,0.9338,0.40721,624,,,,,,,,
SMBC/WAFD,Banks - Regional,0.9386,0.40721,624,,,,,,,,
IBOC/PWOD,Banks - Regional,0.8027,0.40724,624,,,,,,,,
AAXJ/QCLN,Unknown,0.8176,0.40725,624,,,,,,,,
BANF/SBSI,Banks - Regional,0.8371,0.40726,624,,,,,,,,
GBCI/UBFO,Banks - Regional,0.8785,0.40726,624,,,,,,,,
JFR/STEW,Asset Management,0.9588,0.40726,624,,,,,,,,
OBT/SMBC,Banks - Regional,0.9141,0.40726,624,,,,,,,,
IQI/RFI,Asset Management,0.8942,0.40726,624,,,,,,,,
BUSE/MTB,Banks - Regional,0.9357,0.40726,624,,,,,,,,
NKSH/THFF,Banks - Regional,0.8669,0.40727,624,,,,,,,,
EHI/VGM,Asset Management,0.9109,0.40727,624,,,,,,,,
BLE/HIO,Asset Management,0.8057,0.40729,624,,,,,,,,
CIVB/NBTB,Banks - Regional,0.9218,0.40729,624,,,,,,,,
CAF/EVN,Asset Management,0.814,0.4073,624,,,,,,,,
CBZ/TRI,Specialty Business Services,0.9832,0.4073,624,,,,,,,,
FCCO/OZK,Banks - Regional,0.8504,0.40732,624,,,,,,,,
HFBL/MGYR,Banks - Regional,0.8712,0.40733,624,,,,,,,,
DHF/EFT,Asset Management,0.9469,0.40734,624,,,,,,,,
AWP/GAB,Asset Management,0.9191,0.40735,624,,,,,,,,
OPOF/TRST,Banks - Regional,0.8759,0.40736,624,,,,,,,,
PFI/VCSH,Unknown,0.9524,0.40737,624,,,,,,,,
JCE/PFN,Asset Management,0.9447,0.40737,624,,,,,,,,
PIM/VTN,Asset Management,0.816,0.40737,624,,,,,,,,
QCRH/SMBC,Banks - Regional,0.9778,0.40737,624,,,,,,,,
CZFS/HTBK,Banks - Regional,0.8216,0.40739,624,,,,,,,,
FCT/PNNT,Asset Management,0.9085,0.4074,624,,,,,,,,
SFST/SHBI,Banks - Regional,0.9202,0.4074,624,,,,,,,,
BGY/VRTS,Asset Management,0.8328,0.40741,624,,,,,,,,
CBAN/FMBH,Banks - Regional,0.9474,0.40745,624,,,,,,,,
FCF/PNC,Banks - Regional,0.9589,0.40747,624,,,,,,,,
PEBO/PNFP,Banks - Regional,0.9302,0.40749,624,,,,,,,,
MSD/VPV,Asset Management,0.9012,0.40749,624,,,,,,,,
CHCO/FCF,Banks - Regional,0.9473,0.4075,624,,,,,,,,
ETR/XEL,Utilities - Regulated Electric,0.9087,0.40752,624,,,,,,,,
FTCS/PHO,Unknown,0.9791,0.40753,624,,,,,,,,
FE/PEG,Utilities - Regulated Electric,0.8805,0.40753,624,,,,,,,,
PB/UBSI,Banks - Regional,0.9131,0.40755,624,,,,,,,,
FEX/GJT,Unknown,0.9595,0.40755,624,,,,,,,,
COLB/EFSC,Banks - Regional,0.8473,0.40756,624,,,,,,,,
EFSC/PKBK,Banks - Regional,0.9659,0.40756,624,,,,,,,,
GRX/TY,Asset Management,0.9717,0.40757,624,,,,,,,,
BRKL/UCB,Banks - Regional,0.8826,0.40758,624,,,,,,,,
PNFP/SBCF,Banks - Regional,0.9009,0.40759,624,,,,,,,,
DDT/PPH,Unknown,0.9545,0.40759,624,,,,,,,,
ACN/MGIC,Information Technology Services,0.9005,0.4076,624,,,,,,,,
BYM/JMM,Asset Management,0.9446,0.4076,624,,,,,,,,
FRA/FUND,Asset Management,0.938,0.40761,624,,,,,,,,
FITB/FXNC,Banks - Regional,0.8683,0.40761,624,,,,,,,,
FBIZ/WAL,Banks - Regional,0.8272,0.40761,624,,,,,,,,
CVBF/HAFC,Banks - Regional,0.8036,0.40761,624,,,,,,,,
FFIN/GBCI,Banks - Regional,0.9772,0.40762,624,,,,,,,,
CASH/GBCI,Banks - Regional,0.8794,0.40763,624,,,,,,,,
FCCO/LCNB,Banks - Regional,0.9145,0.40764,624,,,,,,,,
ALRS/BVFL,Banks - Regional,0.8085,0.40764,624,,,,,,,,
PB/TRST,Banks - Regional,0.9152,0.40764,624,,,,,,,,
PDP/SOXX,Unknown,0.9558,0.40765,624,,,,,,,,
GDO/PFN,Asset Management,0.9704,0.40765,624,,,,,,,,
JSM/QQQ,Unknown,0.8906,0.40765,624,,,,,,,,
ARCC/BGT,Asset Management,0.9718,0.40766,624,,,,,,,,
ETY/QQQX,Asset Management,0.977,0.40767,624,,,,,,,,
PSL/PYT,Unknown,0.9753,0.40767,624,,,,,,,,
HIFS/VLY,Banks - Regional,0.8956,0.40768,624,,,,,,,,
EMD/NZF,Asset Management,0.889,0.40768,624,,,,,,,,
FCBC/HBCP,Banks - Regional,0.9579,0.40768,624,,,,,,,,
KTF/NXJ,Asset Management,0.8853,0.40768,624,,,,,,,,
FAB/SOXX,Unknown,0.9427,0.40769,624,,,,,,,,
GSBC/RBCAA,Banks - Regional,0.919,0.40769,624,,,,,,,,
NSIT/SNX,Electronics & Computer Distribution,0.9079,0.40769,624,,,,,,,,
BCBP/WASH,Banks - Regional,0.8584,0.40771,624,,,,,,,,
BBH/IJT,Unknown,0.927,0.40773,624,,,,,,,,
DSU/TY,Asset Management,0.9598,0.40773,624,,,,,,,,
JPC/NKX,Asset Management,0.9558,0.40774,624,,,,,,,,
CASH/FCF,Banks - Regional,0.9405,0.40774,624,,,,,,,,
SUI/UDR,REIT - Residential,0.9628,0.40777,624,,,,,,,,
BDJ/DSU,Asset Management,0.9605,0.4078,624,,,,,,,,
JLS/VLT,Asset Management,0.941,0.4078,624,,,,,,,,
CIF/MIY,Asset Management,0.9426,0.4078,624,,,,,,,,
PFBC/PPBI,Banks - Regional,0.8424,0.40781,624,,,,,,,,
FISI/NKSH,Banks - Regional,0.8692,0.40781,624,,,,,,,,
BFIN/SFNC,Banks - Regional,0.8465,0.40783,624,,,,,,,,
HPF/MQY,Asset Management,0.9087,0.40784,624,,,,,,,,
FISI/PROV,Banks - Regional,0.8658,0.40785,624,,,,,,,,
MNSB/VABK,Banks - Regional,0.926,0.40785,624,,,,,,,,
AEP/POR,Utilities - Regulated Electric,0.9579,0.40786,624,,,,,,,,
INDB/PB,Banks - Regional,0.9163,0.40787,624,,,,,,,,
CPRT/TRNS,Specialty Business Services,0.9502,0.40787,624,,,,,,,,
GGG/SXI,Specialty Industrial Machinery,0.8598,0.40788,624,,,,,,,,
EOD/GAB,Asset Management,0.9564,0.40789,624,,,,,,,,
CFFI/NBN,Banks - Regional,0.813,0.40791,624,,,,,,,,
ETV/QQQX,Asset Management,0.9909,0.40791,624,,,,,,,,
FFIV/GEN,Software - Infrastructure,0.8227,0.40793,624,,,,,,,,
HIO/MQT,Asset Management,0.8774,0.40795,624,,,,,,,,
INDB/WNEB,Banks - Regional,0.8036,0.40796,624,,,,,,,,
SAR/TSI,Asset Management,0.9132,0.40796,624,,,,,,,,
PSEC/SOR,Asset Management,0.8549,0.40797,624,,,,,,,,
FSFG/HTBK,Banks - Regional,0.8848,0.40797,624,,,,,,,,
EFR/QQQX,Asset Management,0.9498,0.40797,624,,,,,,,,
ASB/FMBH,Banks - Regional,0.9054,0.40798,624,,,,,,,,
MAA/UMH,REIT - Residential,0.977,0.40801,624,,,,,,,,
CVBF/SBSI,Banks - Regional,0.9532,0.40802,624,,,,,,,,
PEBO/SFNC,Banks - Regional,0.8494,0.40802,624,,,,,,,,
LKFN/USB,Banks - Regional,0.8684,0.40802,624,,,,,,,,
BANR/BCBP,Banks - Regional,0.8683,0.40803,624,,,,,,,,
MCR/NKX,Asset Management,0.9344,0.40803,624,,,,,,,,
DVY/SHY,Unknown,0.8845,0.40804,624,,,,,,,,
FLC/MMU,Asset Management,0.9265,0.40805,624,,,,,,,,
IGSB/PYT,Unknown,0.9561,0.40807,624,,,,,,,,
DCI/JBTM,Specialty Industrial Machinery,0.839,0.40808,624,,,,,,,,
CARE/FRME,Banks - Regional,0.8585,0.40809,624,,,,,,,,
PEBK/TRMK,Banks - Regional,0.9219,0.4081,624,,,,,,,,
CHCO/FBIZ,Banks - Regional,0.9399,0.4081,624,,,,,,,,
CADE/IBOC,Banks - Regional,0.9131,0.40811,624,,,,,,,,
MPB/PFIS,Banks - Regional,0.9164,0.40813,624,,,,,,,,
TFC/UBCP,Banks - Regional,0.8763,0.40813,624,,,,,,,,
CIF/KTF,Asset Management,0.8214,0.40814,624,,,,,,,,
APA/CRK,Oil & Gas E&P,0.8769,0.40814,624,,,,,,,,
MCI/RNP,Asset Management,0.9034,0.40814,624,,,,,,,,
CHI/PCN,Asset Management,0.9378,0.40816,624,,,,,,,,
CFFN/KRNY,Banks - Regional,0.8889,0.40816,624,,,,,,,,
EWBC/PNFP,Banks - Regional,0.9779,0.40818,624,,,,,,,,
JSM/SWZ,Unknown,0.9182,0.40819,624,,,,,,,,
GJS/IJT,Unknown,0.9568,0.40819,624,,,,,,,,
MIY/MQY,Asset Management,0.978,0.40819,624,,,,,,,,
FULT/NECB,Banks - Regional,0.8278,0.4082,624,,,,,,,,
OVBC/WSFS,Banks - Regional,0.8413,0.4082,624,,,,,,,,
HDB/LSBK,Banks - Regional,0.8201,0.40821,624,,,,,,,,
ASB/CVBF,Banks - Regional,0.9017,0.40821,624,,,,,,,,
CARE/RVSB,Banks - Regional,0.8635,0.40821,624,,,,,,,,
AUB/FNB,Banks - Regional,0.8823,0.40822,624,,,,,,,,
FHI/RFI,Asset Management,0.9055,0.40822,624,,,,,,,,
CZFS/LSBK,Banks - Regional,0.8032,0.40825,624,,,,,,,,
AOD/PFL,Asset Management,0.9406,0.40826,624,,,,,,,,
ORI/SIGI,Insurance - Property & Casualty,0.9208,0.40826,624,,,,,,,,
PNFP/WSBF,Banks - Regional,0.9019,0.40827,624,,,,,,,,
IGR/NIM,Asset Management,0.8915,0.40827,624,,,,,,,,
ING/MUFG,Banks - Diversified,0.8746,0.40827,624,,,,,,,,
DHF/TROW,Asset Management,0.8803,0.40828,624,,,,,,,,
JPC/NIM,Asset Management,0.9411,0.40828,624,,,,,,,,
RJF/SOR,Asset Management,0.9599,0.40828,624,,,,,,,,
BFIN/FRME,Banks - Regional,0.8114,0.40829,624,,,,,,,,
ASB/KEY,Banks - Regional,0.9239,0.40829,624,,,,,,,,
AME/PH,Specialty Industrial Machinery,0.9463,0.40832,624,,,,,,,,
EFSC/HFWA,Banks - Regional,0.9355,0.40832,624,,,,,,,,
AUB/HOMB,Banks - Regional,0.9351,0.40832,624,,,,,,,,
GUT/MUJ,Asset Management,0.8345,0.40834,624,,,,,,,,
HBAN/TRST,Banks - Regional,0.9026,0.40834,624,,,,,,,,
CBFV/UBSI,Banks - Regional,0.8464,0.40835,624,,,,,,,,
ASG/CHW,Asset Management,0.9814,0.40835,624,,,,,,,,
COLB/PB,Banks - Regional,0.825,0.40836,624,,,,,,,,
HQL/MHF,Asset Management,0.8944,0.40838,624,,,,,,,,
HTBK/PFIS,Banks - Regional,0.8534,0.40841,624,,,,,,,,
PFS/WTFC,Banks - Regional,0.8238,0.40841,624,,,,,,,,
CNS/JHS,Asset Management,0.8422,0.40842,624,,,,,,,,
CASH/MBWM,Banks - Regional,0.9405,0.40842,624,,,,,,,,
BHK/PCQ,Asset Management,0.8102,0.40843,624,,,,,,,,
ET/WMB,Oil & Gas Midstream,0.9086,0.40843,624,,,,,,,,
MAIN/RJF,Asset Management,0.9661,0.40844,624,,,,,,,,
BFC/FCBC,Banks - Regional,0.9451,0.40844,624,,,,,,,,
NIE/PFN,Asset Management,0.9514,0.40844,624,,,,,,,,
UBSI/WSFS,Banks - Regional,0.9372,0.40845,624,,,,,,,,
AOD/FCT,Asset Management,0.9309,0.40845,624,,,,,,,,
AOD/BOE,Asset Management,0.9833,0.40846,624,,,,,,,,
CZWI/HAFC,Banks - Regional,0.8572,0.40847,624,,,,,,,,
FMAO/FRME,Banks - Regional,0.9018,0.40848,624,,,,,,,,
MUJ/PMX,Asset Management,0.916,0.40849,624,,,,,,,,
SHBI/WBS,Banks - Regional,0.8901,0.40849,624,,,,,,,,
NKX/PMX,Asset Management,0.9149,0.4085,624,,,,,,,,
FYX/KTN,Unknown,0.9317,0.4085,624,,,,,,,,
CIEN/CSCO,Communication Equipment,0.9165,0.40851,624,,,,,,,,
NWFL/ZIONP,Banks - Regional,0.821,0.40852,624,,,,,,,,
NGG/TXNM,Utilities - Regulated Electric,0.8584,0.40853,624,,,,,,,,
NBN/OBT,Banks - Regional,0.9198,0.40854,624,,,,,,,,
PAG/RUSHA,Auto & Truck Dealerships,0.9645,0.40854,624,,,,,,,,
FCT/IFN,Asset Management,0.917,0.40854,624,,,,,,,,
MCR/NMT,Asset Management,0.8926,0.40855,624,,,,,,,,
BCML/NWFL,Banks - Regional,0.9205,0.40856,624,,,,,,,,
FHN/SBCF,Banks - Regional,0.8538,0.40857,624,,,,,,,,
ISBA/SSB,Banks - Regional,0.8979,0.40857,624,,,,,,,,
SFNC/ZION,Banks - Regional,0.8645,0.40858,624,,,,,,,,
GGG/TNC,Specialty Industrial Machinery,0.866,0.40859,624,,,,,,,,
FCF/OBT,Banks - Regional,0.8841,0.40859,624,,,,,,,,
HIX/MUJ,Asset Management,0.9218,0.40859,624,,,,,,,,
HIO/NNY,Asset Management,0.8843,0.4086,624,,,,,,,,
FHI/JMM,Asset Management,0.8481,0.4086,624,,,,,,,,
BFZ/NPV,Asset Management,0.838,0.4086,624,,,,,,,,
CIF/MQT,Asset Management,0.9298,0.40861,624,,,,,,,,
CVBF/UBFO,Banks - Regional,0.8812,0.40861,624,,,,,,,,
JHS/PMF,Asset Management,0.8912,0.40861,624,,,,,,,,
BHRB/STBA,Banks - Regional,0.8175,0.40863,624,,,,,,,,
CXE/MHI,Asset Management,0.899,0.40863,624,,,,,,,,
FCT/WIW,Asset Management,0.888,0.40863,624,,,,,,,,
CBSH/PNFP,Banks - Regional,0.9296,0.40863,624,,,,,,,,
FLC/NUW,Asset Management,0.9495,0.40864,624,,,,,,,,
CHI/CSQ,Asset Management,0.987,0.40865,624,,,,,,,,
ASB/UMBF,Banks - Regional,0.9142,0.40865,624,,,,,,,,
IGD/PIM,Asset Management,0.8799,0.40866,624,,,,,,,,
CARE/DCOM,Banks - Regional,0.8469,0.40866,624,,,,,,,,
GLAD/VLT,Asset Management,0.9216,0.40867,624,,,,,,,,
HQH/JCE,Asset Management,0.8691,0.40868,624,,,,,,,,
EFSC/SNV,Banks - Regional,0.9515,0.40868,624,,,,,,,,
CMA/DCOM,Banks - Regional,0.921,0.40868,624,,,,,,,,
CHW/PCN,Asset Management,0.9645,0.40871,624,,,,,,,,
CTS/LFUS,Electronic Components,0.9267,0.40871,624,,,,,,,,
BXMX/EFR,Asset Management,0.963,0.40871,624,,,,,,,,
HQH/NUV,Asset Management,0.8787,0.40872,624,,,,,,,,
JEQ/TSI,Asset Management,0.9181,0.40872,624,,,,,,,,
SMH/SOXX,Unknown,0.99,0.40872,624,,,,,,,,
CB/SIGI,Insurance - Property & Casualty,0.9393,0.40873,624,,,,,,,,
BFK/HPI,Asset Management,0.8686,0.40873,624,,,,,,,,
WSBF/WSFS,Banks - Regional,0.933,0.40873,624,,,,,,,,
DCI/GGG,Specialty Industrial Machinery,0.9673,0.40873,624,,,,,,,,
NWFL/PB,Banks - Regional,0.8872,0.40876,624,,,,,,,,
MBCN/RBCAA,Banks - Regional,0.9149,0.40876,624,,,,,,,,
MOFG/NWBI,Banks - Regional,0.9035,0.40877,624,,,,,,,,
MIN/NPV,Asset Management,0.9171,0.40877,624,,,,,,,,
BUSE/COFS,Banks - Regional,0.8416,0.40877,624,,,,,,,,
CNS/CSQ,Asset Management,0.9741,0.40879,624,,,,,,,,
EMD/NAD,Asset Management,0.8788,0.40883,624,,,,,,,,
AGD/BTA,Asset Management,0.8366,0.40884,624,,,,,,,,
AROW/TRMK,Banks - Regional,0.9367,0.40885,624,,,,,,,,
ASX/TXN,Semiconductors,0.8561,0.40886,624,,,,,,,,
BKN/PZC,Asset Management,0.902,0.40887,624,,,,,,,,
PRU/UNM,Insurance - Life,0.8387,0.40889,624,,,,,,,,
GAM/PNNT,Asset Management,0.9327,0.40889,624,,,,,,,,
HQL/IIM,Asset Management,0.9006,0.40889,624,,,,,,,,
IEF/VGLT,Unknown,0.9665,0.4089,624,,,,,,,,
BFIN/HFWA,Banks - Regional,0.8167,0.4089,624,,,,,,,,
MYI/NPV,Asset Management,0.8964,0.40891,624,,,,,,,,
CHMG/WTBA,Banks - Regional,0.9,0.40891,624,,,,,,,,
GUT/NXN,Asset Management,0.8068,0.40892,624,,,,,,,,
HIFS/IBOC,Banks - Regional,0.8123,0.40893,624,,,,,,,,
GGG/MWA,Specialty Industrial Machinery,0.873,0.40894,624,,,,,,,,
INDY/PFF,Unknown,0.8633,0.40894,624,,,,,,,,
ACWI/GJO,Unknown,0.9718,0.40894,624,,,,,,,,
IGF/IPB,Unknown,0.9342,0.40895,624,,,,,,,,
BBH/PIO,Unknown,0.8928,0.40895,624,,,,,,,,
ETB/MUA,Asset Management,0.8621,0.40896,624,,,,,,,,
ACNB/HWBK,Banks - Regional,0.9514,0.40896,624,,,,,,,,
HIO/PHD,Asset Management,0.9606,0.40897,624,,,,,,,,
EVF/PTY,Asset Management,0.9457,0.40897,624,,,,,,,,
IGR/JRS,Asset Management,0.9764,0.40898,624,,,,,,,,
HTGC/SPXX,Asset Management,0.9392,0.409,624,,,,,,,,
BOH/NWBI,Banks - Regional,0.9365,0.409,624,,,,,,,,
BCBP/CMA,Banks - Regional,0.8806,0.409,624,,,,,,,,
CHCO/UBFO,Banks - Regional,0.8894,0.40901,624,,,,,,,,
GAB/IAE,Asset Management,0.8516,0.40903,624,,,,,,,,
JFR/STK,Asset Management,0.9259,0.40904,624,,,,,,,,
CNS/PMM,Asset Management,0.8686,0.40904,624,,,,,,,,
EVF/RFI,Asset Management,0.919,0.40905,624,,,,,,,,
JHS/RFI,Asset Management,0.9038,0.40905,624,,,,,,,,
IGF/USIG,Unknown,0.8628,0.40905,624,,,,,,,,
ETJ/PCF,Asset Management,0.9621,0.40906,624,,,,,,,,
SHBI/WAFD,Banks - Regional,0.9053,0.40907,624,,,,,,,,
GYRE/IBIO,Biotechnology,0.8532,0.40907,624,,,,,,,,
MOFG/WTFC,Banks - Regional,0.8065,0.40907,624,,,,,,,,
MPA/WIW,Asset Management,0.8902,0.40908,624,,,,,,,,
PFI/QQEW,Unknown,0.9754,0.40909,624,,,,,,,,
BFIN/HBNC,Banks - Regional,0.8115,0.4091,624,,,,,,,,
BIO/PODD,Medical Devices,0.8904,0.40911,624,,,,,,,,
AOD/PHD,Asset Management,0.937,0.40911,624,,,,,,,,
CNS/ETO,Asset Management,0.9618,0.40912,624,,,,,,,,
ETV/JLS,Asset Management,0.9225,0.40912,624,,,,,,,,
NWFL/WSFS,Banks - Regional,0.8856,0.40912,624,,,,,,,,
ESS/UMH,REIT - Residential,0.9149,0.40914,624,,,,,,,,
EVG/GDV,Asset Management,0.9674,0.40915,624,,,,,,,,
FUND/PNNT,Asset Management,0.9072,0.40915,624,,,,,,,,
ACN/GIB,Information Technology Services,0.9651,0.40915,624,,,,,,,,
HIO/NXJ,Asset Management,0.9443,0.40915,624,,,,,,,,
EIX/NWE,Utilities - Regulated Electric,0.8857,0.40917,624,,,,,,,,
OSBC/WASH,Banks - Regional,0.816,0.40919,624,,,,,,,,
MRVL/POWI,Semiconductors,0.8474,0.40921,624,,,,,,,,
ELS/ESS,REIT - Residential,0.9366,0.40921,624,,,,,,,,
NAZ/PMM,Asset Management,0.9359,0.40921,624,,,,,,,,
ONB/SFNC,Banks - Regional,0.8111,0.40921,624,,,,,,,,
CFR/PEBK,Banks - Regional,0.898,0.40922,624,,,,,,,,
BANF/FCF,Banks - Regional,0.9291,0.40922,624,,,,,,,,
FYX/GJH,Unknown,0.9544,0.40922,624,,,,,,,,
MIN/MUE,Asset Management,0.8899,0.40922,624,,,,,,,,
CZWI/HIFS,Banks - Regional,0.888,0.40923,624,,,,,,,,
EEA/TSI,Asset Management,0.9221,0.40924,624,,,,,,,,
BFZ/MMU,Asset Management,0.9599,0.40924,624,,,,,,,,
IBCP/PNC,Banks - Regional,0.9347,0.40926,624,,,,,,,,
CAC/UBSI,Banks - Regional,0.8971,0.40927,624,,,,,,,,
BKT/PYN,Asset Management,0.877,0.40927,624,,,,,,,,
EVN/JMM,Asset Management,0.9459,0.40928,624,,,,,,,,
MUA/NVG,Asset Management,0.9724,0.40928,624,,,,,,,,
CII/NIE,Asset Management,0.9906,0.40929,624,,,,,,,,
BOH/PROV,Banks - Regional,0.8517,0.4093,624,,,,,,,,
CNQ/EPSN,Oil & Gas E&P,0.849,0.4093,624,,,,,,,,
CNS/PFD,Asset Management,0.8324,0.4093,624,,,,,,,,
FHI/FT,Asset Management,0.9321,0.40932,624,,,,,,,,
OCFC/WABC,Banks - Regional,0.8242,0.40932,624,,,,,,,,
ALRS/USB,Banks - Regional,0.9256,0.40933,624,,,,,,,,
PLBC/QCRH,Banks - Regional,0.9564,0.40933,624,,,,,,,,
CIVB/WTFC,Banks - Regional,0.8632,0.40936,624,,,,,,,,
FEX/QTEC,Unknown,0.9797,0.40937,624,,,,,,,,
HQL/TSI,Asset Management,0.9279,0.40937,624,,,,,,,,
HWC/WAL,Banks - Regional,0.8583,0.40937,624,,,,,,,,
FHI/GDV,Asset Management,0.9401,0.40939,624,,,,,,,,
SBFG/WABC,Banks - Regional,0.8937,0.40939,624,,,,,,,,
PFBC/RF,Banks - Regional,0.973,0.4094,624,,,,,,,,
HQH/MYN,Asset Management,0.8549,0.40941,624,,,,,,,,
CFR/SFST,Banks - Regional,0.848,0.40941,624,,,,,,,,
FMNB/ONB,Banks - Regional,0.9331,0.40941,624,,,,,,,,
FUNC/HBAN,Banks - Regional,0.9304,0.40943,624,,,,,,,,
MMU/PFD,Asset Management,0.9187,0.40944,624,,,,,,,,
EXG/PFN,Asset Management,0.9599,0.40944,624,,,,,,,,
HWC/TRST,Banks - Regional,0.8125,0.40945,624,,,,,,,,
CHMG/GABC,Banks - Regional,0.9401,0.40945,624,,,,,,,,
DHF/EXG,Asset Management,0.9464,0.40945,624,,,,,,,,
JNJ/SNY,Drug Manufacturers - General,0.9046,0.40946,624,,,,,,,,
IPB/PEY,Unknown,0.951,0.40946,624,,,,,,,,
WSBC/WSBF,Banks - Regional,0.8857,0.40949,624,,,,,,,,
CIF/NAN,Asset Management,0.9299,0.40949,624,,,,,,,,
MUJ/MYI,Asset Management,0.9843,0.4095,624,,,,,,,,
HIO/NRK,Asset Management,0.9054,0.4095,624,,,,,,,,
PGR/SIGI,Insurance - Property & Casualty,0.8698,0.40952,624,,,,,,,,
CXH/NAZ,Asset Management,0.9458,0.40952,624,,,,,,,,
FFC/NAZ,Asset Management,0.9434,0.40956,624,,,,,,,,
BFC/UNTY,Banks - Regional,0.9494,0.40957,624,,,,,,,,
PFS/SFNC,Banks - Regional,0.9401,0.40957,624,,,,,,,,
FUL/KWR,Specialty Chemicals,0.8106,0.40958,624,,,,,,,,
EEA/GCV,Asset Management,0.8921,0.40958,624,,,,,,,,
ADP/AGYS,Software - Application,0.9085,0.40959,624,,,,,,,,
CMA/SBSI,Banks - Regional,0.8963,0.40959,624,,,,,,,,
JPC/PFL,Asset Management,0.968,0.4096,624,,,,,,,,
BGT/ETW,Asset Management,0.9135,0.40962,624,,,,,,,,
AB/BDJ,Asset Management,0.9667,0.40963,624,,,,,,,,
HTGC/HYT,Asset Management,0.94,0.40963,624,,,,,,,,
BHK/NRK,Asset Management,0.9766,0.40964,624,,,,,,,,
NBTB/WBS,Banks - Regional,0.932,0.40964,624,,,,,,,,
MMU/RNP,Asset Management,0.8184,0.40965,624,,,,,,,,
PCK/VGM,Asset Management,0.8735,0.40965,624,,,,,,,,
HBCP/PPBI,Banks - Regional,0.8855,0.40966,624,,,,,,,,
SRCE/TRST,Banks - Regional,0.909,0.40969,624,,,,,,,,
IGR/MUA,Asset Management,0.8693,0.4097,624,,,,,,,,
BOE/SWKH,Asset Management,0.837,0.4097,624,,,,,,,,
BUSE/RNST,Banks - Regional,0.9402,0.4097,624,,,,,,,,
CSWC/FFA,Asset Management,0.9822,0.40971,624,,,,,,,,
HQH/LEO,Asset Management,0.8248,0.40972,624,,,,,,,,
GRX/NIE,Asset Management,0.9334,0.40973,624,,,,,,,,
FXNC/PEBO,Banks - Regional,0.8637,0.40973,624,,,,,,,,
MPB/ZION,Banks - Regional,0.9299,0.40973,624,,,,,,,,
GUT/JHI,Asset Management,0.8423,0.40973,624,,,,,,,,
NFBK/WBS,Banks - Regional,0.8343,0.40974,624,,,,,,,,
MTB/SNV,Banks - Regional,0.9572,0.40977,624,,,,,,,,
QQEW/VGSH,Unknown,0.9447,0.40978,624,,,,,,,,
GRX/MUJ,Asset Management,0.9326,0.40978,624,,,,,,,,
GME/HZO,Specialty Retail,0.8276,0.40979,624,,,,,,,,
RBCAA/SNV,Banks - Regional,0.8966,0.40979,624,,,,,,,,
ADX/USA,Asset Management,0.9869,0.40981,624,,,,,,,,
AWP/TSI,Asset Management,0.9213,0.40981,624,,,,,,,,
BHRB/FCBC,Banks - Regional,0.8248,0.40983,624,,,,,,,,
EOD/NTRS,Asset Management,0.8299,0.40984,624,,,,,,,,
GDO/RNP,Asset Management,0.9403,0.40986,624,,,,,,,,
EA/TTWO,Electronic Gaming & Multimedia,0.9388,0.40987,624,,,,,,,,
HWC/WBS,Banks - Regional,0.8958,0.40991,624,,,,,,,,
FNWD/PGC,Banks - Regional,0.885,0.40991,624,,,,,,,,
FFIN/SFST,Banks - Regional,0.9001,0.40992,624,,,,,,,,
MPV/STK,Asset Management,0.9256,0.40996,624,,,,,,,,
GSBC/NBTB,Banks - Regional,0.9675,0.40997,624,,,,,,,,
ITW/KAI,Specialty Industrial Machinery,0.9446,0.40997,624,,,,,,,,
BVFL/HDB,Banks - Regional,0.8771,0.40998,624,,,,,,,,
EOD/PCN,Asset Management,0.8886,0.40999,624,,,,,,,,
TCBK/UBFO,Banks - Regional,0.9032,0.40999,624,,,,,,,,
SFNC/VLY,Banks - Regional,0.8209,0.40999,624,,,,,,,,
JQC/STK,Asset Management,0.9205,0.41,624,,,,,,,,
CIF/NRK,Asset Management,0.9403,0.41,624,,,,,,,,
AAXJ/PTH,Unknown,0.9284,0.41002,624,,,,,,,,
CIF/PMF,Asset Management,0.8254,0.41002,624,,,,,,,,
ETJ/ETW,Asset Management,0.9501,0.41002,624,,,,,,,,
GABC/TRMK,Banks - Regional,0.9479,0.41004,624,,,,,,,,
CZFS/RBCAA,Banks - Regional,0.8161,0.41005,624,,,,,,,,
FMAO/FNWD,Banks - Regional,0.8689,0.41006,624,,,,,,,,
BTO/LGI,Asset Management,0.9329,0.41006,624,,,,,,,,
CAF/NVG,Asset Management,0.8548,0.41007,624,,,,,,,,
ASX/NVDA,Semiconductors,0.8851,0.41008,624,,,,,,,,
NXN/RCS,Asset Management,0.8463,0.41009,624,,,,,,,,
HPS/MGF,Asset Management,0.8408,0.4101,624,,,,,,,,
FRST/LARK,Banks - Regional,0.8543,0.41011,624,,,,,,,,
SMBK/TFC,Banks - Regional,0.8776,0.41011,624,,,,,,,,
BGT/MPV,Asset Management,0.9581,0.41012,624,,,,,,,,
AME/IEX,Specialty Industrial Machinery,0.9533,0.41013,624,,,,,,,,
AAL/JBLU,Airlines,0.8469,0.41013,624,,,,,,,,
MCN/PIM,Asset Management,0.811,0.41015,624,,,,,,,,
JHI/PTY,Asset Management,0.9549,0.41015,624,,,,,,,,
AMKR/KLAC,Semiconductor Equipment & Materials,0.931,0.41015,624,,,,,,,,
HOPE/WSFS,Banks - Regional,0.8224,0.41015,624,,,,,,,,
IBB/IGIB,Unknown,0.9142,0.41016,624,,,,,,,,
MYD/RNP,Asset Management,0.8307,0.41016,624,,,,,,,,
IUSG/PTF,Unknown,0.989,0.41017,624,,,,,,,,
PHK/RVT,Asset Management,0.8272,0.41018,624,,,,,,,,
PCK/PFD,Asset Management,0.8422,0.4102,624,,,,,,,,
FBIZ/SNV,Banks - Regional,0.8658,0.4102,624,,,,,,,,
MAS/TREX,Building Products & Equipment,0.8973,0.41023,624,,,,,,,,
CMA/HWBK,Banks - Regional,0.8378,0.41024,624,,,,,,,,
CHW/PCF,Asset Management,0.9726,0.41026,624,,,,,,,,
CNOB/SBFG,Banks - Regional,0.9027,0.41027,624,,,,,,,,
PAI/PCQ,Asset Management,0.8362,0.41028,624,,,,,,,,
FCF/LKFN,Banks - Regional,0.9381,0.4103,624,,,,,,,,
BME/IIF,Asset Management,0.843,0.4103,624,,,,,,,,
FFIN/NWFL,Banks - Regional,0.8375,0.4103,624,,,,,,,,
MIY/WIA,Asset Management,0.9049,0.4103,624,,,,,,,,
ASGN/FORTY,Information Technology Services,0.8977,0.4103,624,,,,,,,,
BLW/JPC,Asset Management,0.9429,0.41035,624,,,,,,,,
HIO/IQI,Asset Management,0.8937,0.41035,624,,,,,,,,
BCML/CVBF,Banks - Regional,0.8658,0.41037,624,,,,,,,,
FMY/PFD,Asset Management,0.8496,0.41038,624,,,,,,,,
LKFN/SRCE,Banks - Regional,0.9247,0.41039,624,,,,,,,,
CARE/CBAN,Banks - Regional,0.8223,0.4104,624,,,,,,,,
IBCP/TOWN,Banks - Regional,0.9478,0.41041,624,,,,,,,,
QCRH/UVSP,Banks - Regional,0.9334,0.41042,624,,,,,,,,
CAF/MUA,Asset Management,0.8603,0.41043,624,,,,,,,,
PHK/TY,Asset Management,0.8564,0.41043,624,,,,,,,,
ACNB/ESSA,Banks - Regional,0.951,0.41045,624,,,,,,,,
NBTB/OZK,Banks - Regional,0.8338,0.41045,624,,,,,,,,
HQL/NIE,Asset Management,0.8577,0.41045,624,,,,,,,,
FTC/PFI,Unknown,0.9857,0.41046,624,,,,,,,,
ABT/SYK,Medical Devices,0.9527,0.41047,624,,,,,,,,
PEBO/TRMK,Banks - Regional,0.94,0.41047,624,,,,,,,,
BTO/MAIN,Asset Management,0.9142,0.41047,624,,,,,,,,
GCBC/MPB,Banks - Regional,0.8343,0.41047,624,,,,,,,,
BANF/CVBF,Banks - Regional,0.8178,0.41048,624,,,,,,,,
BANFP/GRID,Unknown,0.9177,0.41048,624,,,,,,,,
EEA/PCM,Asset Management,0.9129,0.41049,624,,,,,,,,
NKSH/SFNC,Banks - Regional,0.8607,0.41049,624,,,,,,,,
NMZ/PML,Asset Management,0.9287,0.41049,624,,,,,,,,
MMT/MYD,Asset Management,0.8809,0.41049,624,,,,,,,,
BANC/THFF,Banks - Regional,0.8338,0.4105,624,,,,,,,,
BCBP/PEBO,Banks - Regional,0.8451,0.4105,624,,,,,,,,
JEQ/JMM,Asset Management,0.9453,0.41051,624,,,,,,,,
QQQX/TY,Asset Management,0.9925,0.41051,624,,,,,,,,
CHY/NIE,Asset Management,0.9819,0.41053,624,,,,,,,,
GJO/IPB,Unknown,0.9467,0.41053,624,,,,,,,,
FISI/ISBA,Banks - Regional,0.8786,0.41053,624,,,,,,,,
AVB/SUI,REIT - Residential,0.9133,0.41054,624,,,,,,,,
FRAF/LARK,Banks - Regional,0.8891,0.41054,624,,,,,,,,
KBR/MYRG,Engineering & Construction,0.9079,0.41056,624,,,,,,,,
ESLT/LHX,Aerospace & Defense,0.8871,0.41056,624,,,,,,,,
HIX/MIY,Asset Management,0.9172,0.41057,624,,,,,,,,
MHF/PCN,Asset Management,0.9441,0.41058,624,,,,,,,,
FRME/PPBI,Banks - Regional,0.9543,0.41058,624,,,,,,,,
PMO/VPV,Asset Management,0.9666,0.41059,624,,,,,,,,
GAB/IIF,Asset Management,0.876,0.4106,624,,,,,,,,
AGYS/CRM,Software - Application,0.8422,0.41061,624,,,,,,,,
HEI/VSEC,Aerospace & Defense,0.8635,0.41063,624,,,,,,,,
IGF/VCIT,Unknown,0.8827,0.41063,624,,,,,,,,
FFC/PCK,Asset Management,0.8251,0.41064,624,,,,,,,,
EFSC/THFF,Banks - Regional,0.9749,0.41065,624,,,,,,,,
FTC/VGSH,Unknown,0.9448,0.41067,624,,,,,,,,
NBN/PLBC,Banks - Regional,0.8803,0.41067,624,,,,,,,,
AB/FOF,Asset Management,0.9495,0.41068,624,,,,,,,,
RBCAA/SRCE,Banks - Regional,0.9527,0.41069,624,,,,,,,,
MAIN/RFI,Asset Management,0.9187,0.41071,624,,,,,,,,
EGBN/RNST,Banks - Regional,0.8456,0.41072,624,,,,,,,,
BRKL/NFBK,Banks - Regional,0.8779,0.41073,624,,,,,,,,
MQT/PZC,Asset Management,0.9198,0.41074,624,,,,,,,,
JQC/USA,Asset Management,0.9424,0.41074,624,,,,,,,,
MIY/MMT,Asset Management,0.9386,0.41074,624,,,,,,,,
CSGS/VRSN,Software - Infrastructure,0.913,0.41074,624,,,,,,,,
SCD/VVR,Asset Management,0.9803,0.41074,624,,,,,,,,
HDB/UNTY,Banks - Regional,0.8627,0.41075,624,,,,,,,,
CFR/HBNC,Banks - Regional,0.8859,0.41075,624,,,,,,,,
CIF/VKQ,Asset Management,0.9392,0.41076,624,,,,,,,,
MTB/WSBF,Banks - Regional,0.8785,0.41077,624,,,,,,,,
AVAV/TDG,Aerospace & Defense,0.9438,0.41077,624,,,,,,,,
HOMB/UMBF,Banks - Regional,0.9099,0.41079,624,,,,,,,,
QCRH/WTBA,Banks - Regional,0.8901,0.41079,624,,,,,,,,
CGO/PTY,Asset Management,0.9579,0.4108,624,,,,,,,,
EBMT/WABC,Banks - Regional,0.9033,0.41084,624,,,,,,,,
EFSC/PLBC,Banks - Regional,0.93,0.41084,624,,,,,,,,
CXE/NKX,Asset Management,0.9501,0.41084,624,,,,,,,,
KIM/NNN,REIT - Retail,0.804,0.41085,624,,,,,,,,
PIM/WIA,Asset Management,0.8533,0.41087,624,,,,,,,,
CAF/OIA,Asset Management,0.8337,0.41088,624,,,,,,,,
HQH/MUA,Asset Management,0.8677,0.41089,624,,,,,,,,
AWF/EOT,Asset Management,0.8462,0.41089,624,,,,,,,,
QCRH/SFST,Banks - Regional,0.8266,0.4109,624,,,,,,,,
PNC/USB,Banks - Regional,0.9105,0.41091,624,,,,,,,,
MGF/SBI,Asset Management,0.8835,0.41091,624,,,,,,,,
FHI/TY,Asset Management,0.9138,0.41093,624,,,,,,,,
USB/WNEB,Banks - Regional,0.8253,0.41094,624,,,,,,,,
ESSA/FITB,Banks - Regional,0.9257,0.41094,624,,,,,,,,
CARE/CHMG,Banks - Regional,0.8115,0.41097,624,,,,,,,,
HIFS/KEY,Banks - Regional,0.9374,0.41098,624,,,,,,,,
TRMK/WTBA,Banks - Regional,0.9005,0.41099,624,,,,,,,,
DUK/PEG,Utilities - Regulated Electric,0.979,0.411,624,,,,,,,,
FUND/GCV,Asset Management,0.8914,0.411,624,,,,,,,,
OPOF/UBFO,Banks - Regional,0.8544,0.411,624,,,,,,,,
CZNC/SFNC,Banks - Regional,0.8729,0.411,624,,,,,,,,
NXP/SBI,Asset Management,0.9017,0.411,624,,,,,,,,
CXH/HPI,Asset Management,0.9339,0.411,624,,,,,,,,
MNSB/SRCE,Banks - Regional,0.8739,0.411,624,,,,,,,,
BUSE/CZFS,Banks - Regional,0.819,0.41101,624,,,,,,,,
IGD/SCD,Asset Management,0.9615,0.41102,624,,,,,,,,
BUSE/PB,Banks - Regional,0.9118,0.41103,624,,,,,,,,
JPC/VKQ,Asset Management,0.9345,0.41103,624,,,,,,,,
JHS/PMX,Asset Management,0.9227,0.41103,624,,,,,,,,
BLFS/STAA,Medical Instruments & Supplies,0.8936,0.41105,624,,,,,,,,
CVBF/IBOC,Banks - Regional,0.8251,0.41107,624,,,,,,,,
CBSH/FRAF,Banks - Regional,0.9258,0.41108,624,,,,,,,,
MCN/STK,Asset Management,0.9722,0.41108,624,,,,,,,,
FNWD/UCB,Banks - Regional,0.8311,0.41109,624,,,,,,,,
AOD/GCV,Asset Management,0.8973,0.41109,624,,,,,,,,
CARE/FBNC,Banks - Regional,0.8106,0.41111,624,,,,,,,,
OPBK/SMBK,Banks - Regional,0.9271,0.41111,624,,,,,,,,
ABR/PMT,REIT - Mortgage,0.9166,0.41111,624,,,,,,,,
CATY/OZK,Banks - Regional,0.9103,0.41113,624,,,,,,,,
ETO/EVF,Asset Management,0.9554,0.41113,624,,,,,,,,
BYM/HPF,Asset Management,0.9184,0.41115,624,,,,,,,,
DPZ/TXRH,Restaurants,0.8742,0.41115,624,,,,,,,,
MUJ/NAZ,Asset Management,0.9616,0.41115,624,,,,,,,,
ABEO/ACHV,Biotechnology,0.8474,0.41115,624,,,,,,,,
BRT/UMH,REIT - Residential,0.928,0.41116,624,,,,,,,,
GATX/HEES,Rental & Leasing Services,0.9291,0.41117,624,,,,,,,,
RCI/SHEN,Telecom Services,0.8279,0.41118,624,,,,,,,,
MHF/PFN,Asset Management,0.9478,0.41119,624,,,,,,,,
SMBC/VLY,Banks - Regional,0.8208,0.41119,624,,,,,,,,
MOFG/PROV,Banks - Regional,0.9041,0.4112,624,,,,,,,,
BNY/NMZ,Asset Management,0.9207,0.41122,624,,,,,,,,
AWP/BXMX,Asset Management,0.9014,0.41122,624,,,,,,,,
ETY/PCM,Asset Management,0.9,0.41125,624,,,,,,,,
FCBC/QCRH,Banks - Regional,0.962,0.41125,624,,,,,,,,
CVBF/PWOD,Banks - Regional,0.808,0.41127,624,,,,,,,,
ETY/IIF,Asset Management,0.9399,0.41127,624,,,,,,,,
ALNT/ROG,Electronic Components,0.8099,0.41127,624,,,,,,,,
BANC/CATY,Banks - Regional,0.8233,0.41128,624,,,,,,,,
FHI/GAB,Asset Management,0.9349,0.41128,624,,,,,,,,
EXLS/JKHY,Information Technology Services,0.8437,0.41129,624,,,,,,,,
BME/ETW,Asset Management,0.9617,0.41131,624,,,,,,,,
EMD/MHI,Asset Management,0.8356,0.41131,624,,,,,,,,
MHI/VKQ,Asset Management,0.8947,0.41133,624,,,,,,,,
DHF/PMM,Asset Management,0.9032,0.41135,624,,,,,,,,
NTRS/OXSQ,Asset Management,0.8012,0.41137,624,,,,,,,,
BFZ/PCK,Asset Management,0.8612,0.41137,624,,,,,,,,
DTF/FLC,Asset Management,0.899,0.41137,624,,,,,,,,
BTZ/HIX,Asset Management,0.9633,0.41137,624,,,,,,,,
FHN/FRME,Banks - Regional,0.8669,0.41138,624,,,,,,,,
JFR/RJF,Asset Management,0.9407,0.41139,624,,,,,,,,
AIA/GRID,Unknown,0.8184,0.41139,624,,,,,,,,
GS/JEF,Capital Markets,0.9177,0.41141,624,,,,,,,,
EOD/PIM,Asset Management,0.8425,0.41142,624,,,,,,,,
CAE/MRCY,Aerospace & Defense,0.8143,0.41143,624,,,,,,,,
BTA/JRS,Asset Management,0.9273,0.41143,624,,,,,,,,
MCN/RVT,Asset Management,0.9591,0.41144,624,,,,,,,,
FT/JRS,Asset Management,0.9472,0.41145,624,,,,,,,,
EEA/SEIC,Asset Management,0.8919,0.41145,624,,,,,,,,
OSBC/PKBK,Banks - Regional,0.9549,0.41146,624,,,,,,,,
BRKL/PFBC,Banks - Regional,0.8069,0.41146,624,,,,,,,,
BFC/FCCO,Banks - Regional,0.8741,0.41147,624,,,,,,,,
NAC/NVG,Asset Management,0.959,0.41149,624,,,,,,,,
NVG/PMF,Asset Management,0.8998,0.41149,624,,,,,,,,
SSBI/ZION,Banks - Regional,0.8027,0.4115,624,,,,,,,,
BFIN/DCOM,Banks - Regional,0.8232,0.41151,624,,,,,,,,
FTK/OIS,Oil & Gas Equipment & Services,0.8669,0.41151,624,,,,,,,,
MTD/TMO,Diagnostics & Research,0.9881,0.41151,624,,,,,,,,
BN/BTA,Asset Management,0.8858,0.41151,624,,,,,,,,
EOS/USA,Asset Management,0.9901,0.41152,624,,,,,,,,
BRKL/FULT,Banks - Regional,0.8467,0.41153,624,,,,,,,,
BGT/SCD,Asset Management,0.9798,0.41153,624,,,,,,,,
PEBO/RBCAA,Banks - Regional,0.9206,0.41154,624,,,,,,,,
BANC/CCNE,Banks - Regional,0.8332,0.41154,624,,,,,,,,
SCD/STEW,Asset Management,0.9707,0.41154,624,,,,,,,,
PCM/PIM,Asset Management,0.9153,0.41156,624,,,,,,,,
JQC/WEA,Asset Management,0.9314,0.41157,624,,,,,,,,
HWBK/ISBA,Banks - Regional,0.8423,0.41157,624,,,,,,,,
AB/RFI,Asset Management,0.9555,0.41159,624,,,,,,,,
COF/NNI,Credit Services,0.9138,0.4116,624,,,,,,,,
DTE/NEE,Utilities - Regulated Electric,0.9571,0.41161,624,,,,,,,,
FNWD/MGYR,Banks - Regional,0.8128,0.41163,624,,,,,,,,
AIA/PTH,Unknown,0.9414,0.41163,624,,,,,,,,
PZC/VKQ,Asset Management,0.9041,0.41165,624,,,,,,,,
INBK/WAL,Banks - Regional,0.8629,0.41165,624,,,,,,,,
CFFI/FISI,Banks - Regional,0.8013,0.41166,624,,,,,,,,
LKFN/SYBT,Banks - Regional,0.9666,0.41167,624,,,,,,,,
FLC/MGF,Asset Management,0.9191,0.41168,624,,,,,,,,
CRVL/MMC,Insurance Brokers,0.9627,0.41169,624,,,,,,,,
JPC/PCN,Asset Management,0.9676,0.4117,624,,,,,,,,
DHF/IIM,Asset Management,0.8726,0.41171,624,,,,,,,,
JRS/MIY,Asset Management,0.9104,0.41172,624,,,,,,,,
JQC/PTY,Asset Management,0.9507,0.41172,624,,,,,,,,
CHY/NTRS,Asset Management,0.8843,0.41173,624,,,,,,,,
NECB/PLBC,Banks - Regional,0.9089,0.41174,624,,,,,,,,
MRVL/QCOM,Semiconductors,0.937,0.41174,624,,,,,,,,
BN/NIE,Asset Management,0.9784,0.41174,624,,,,,,,,
FBNC/RNST,Banks - Regional,0.8707,0.41174,624,,,,,,,,
KEP/PCG,Utilities - Regulated Electric,0.8291,0.41174,624,,,,,,,,
GCV/RJF,Asset Management,0.8218,0.41175,624,,,,,,,,
AWF/RCS,Asset Management,0.8881,0.41175,624,,,,,,,,
CATY/LCNB,Banks - Regional,0.9145,0.41176,624,,,,,,,,
ESSA/KEY,Banks - Regional,0.8374,0.41178,624,,,,,,,,
HIO/NUW,Asset Management,0.857,0.4118,624,,,,,,,,
JSM/WOOD,Unknown,0.9338,0.4118,624,,,,,,,,
MOFG/SBSI,Banks - Regional,0.8844,0.41182,624,,,,,,,,
DE/OSK,Farm & Heavy Construction Machinery,0.8805,0.41183,624,,,,,,,,
FISI/HAFC,Banks - Regional,0.8528,0.41183,624,,,,,,,,
NIE/QQQX,Asset Management,0.9836,0.41185,624,,,,,,,,
DHF/NNY,Asset Management,0.8611,0.41185,624,,,,,,,,
MAIN/MMT,Asset Management,0.9046,0.41186,624,,,,,,,,
AFB/PFD,Asset Management,0.963,0.41187,624,,,,,,,,
BPOPM/FYX,Unknown,0.9286,0.41187,624,,,,,,,,
CFFI/UVSP,Banks - Regional,0.8796,0.41188,624,,,,,,,,
HOPE/KEY,Banks - Regional,0.8198,0.41188,624,,,,,,,,
PPL/SO,Utilities - Regulated Electric,0.8525,0.41189,624,,,,,,,,
B/KGC,Gold,0.8769,0.4119,624,,,,,,,,
ASB/WAFD,Banks - Regional,0.9286,0.4119,624,,,,,,,,
FITB/PFIS,Banks - Regional,0.8979,0.4119,624,,,,,,,,
FYX/SOXX,Unknown,0.9411,0.41191,624,,,,,,,,
SNV/UNTY,Banks - Regional,0.9086,0.41195,624,,,,,,,,
IGIB/SHY,Unknown,0.9595,0.41196,624,,,,,,,,
IFN/SPE,Asset Management,0.9434,0.41197,624,,,,,,,,
CAF/PCK,Asset Management,0.811,0.41197,624,,,,,,,,
TRST/UMBF,Banks - Regional,0.8067,0.41198,624,,,,,,,,
LCNB/UBCP,Banks - Regional,0.8233,0.412,624,,,,,,,,
NGG/WEC,Utilities - Regulated Electric,0.8851,0.41201,624,,,,,,,,
HLX/INVX,Oil & Gas Equipment & Services,0.818,0.41201,624,,,,,,,,
EHI/NAD,Asset Management,0.9357,0.41202,624,,,,,,,,
AGD/HTGC,Asset Management,0.928,0.41203,624,,,,,,,,
BN/QQQX,Asset Management,0.9647,0.41203,624,,,,,,,,
CMS/DUK,Utilities - Regulated Electric,0.978,0.41206,624,,,,,,,,
FITB/QCRH,Banks - Regional,0.9549,0.41206,624,,,,,,,,
ARTNA/CWT,Utilities - Regulated Water,0.9444,0.41207,624,,,,,,,,
EOD/PTY,Asset Management,0.9153,0.41208,624,,,,,,,,
RJF/STK,Asset Management,0.9708,0.41208,624,,,,,,,,
NOM/VTN,Asset Management,0.8225,0.41208,624,,,,,,,,
BSRR/MOFG,Banks - Regional,0.8776,0.41209,624,,,,,,,,
CIF/PMM,Asset Management,0.9558,0.41209,624,,,,,,,,
FTC/SHV,Unknown,0.9164,0.41211,624,,,,,,,,
EVF/TY,Asset Management,0.9478,0.41211,624,,,,,,,,
IGR/SPE,Asset Management,0.8964,0.41211,624,,,,,,,,
CARE/NFBK,Banks - Regional,0.8474,0.41213,624,,,,,,,,
BGY/CHI,Asset Management,0.9595,0.41213,624,,,,,,,,
VABK/WSFS,Banks - Regional,0.9371,0.41213,624,,,,,,,,
ALRS/SBCF,Banks - Regional,0.9284,0.41215,624,,,,,,,,
FOF/STT,Asset Management,0.8576,0.41215,624,,,,,,,,
VCIT/VGSH,Unknown,0.9355,0.41215,624,,,,,,,,
NECB/OSBC,Banks - Regional,0.8024,0.41216,624,,,,,,,,
AB/SOR,Asset Management,0.9351,0.41217,624,,,,,,,,
NVG/PML,Asset Management,0.9348,0.41218,624,,,,,,,,
ETB/GCV,Asset Management,0.9145,0.41219,624,,,,,,,,
VMO/WEA,Asset Management,0.9213,0.41219,624,,,,,,,,
PIM/VPV,Asset Management,0.8824,0.41221,624,,,,,,,,
MMT/MQY,Asset Management,0.9206,0.41222,624,,,,,,,,
MCR/MHD,Asset Management,0.859,0.41223,624,,,,,,,,
FFC/MHF,Asset Management,0.9545,0.41223,624,,,,,,,,
NTRS/PTY,Asset Management,0.9064,0.41224,624,,,,,,,,
GRBK/MHO,Residential Construction,0.8966,0.41225,624,,,,,,,,
ALRS/WSBC,Banks - Regional,0.8558,0.41226,624,,,,,,,,
HPI/JPC,Asset Management,0.9835,0.41228,624,,,,,,,,
EBTC/STBA,Banks - Regional,0.9066,0.41229,624,,,,,,,,
EOD/PCM,Asset Management,0.8465,0.41229,624,,,,,,,,
IGR/NVG,Asset Management,0.9026,0.41229,624,,,,,,,,
SFST/WBS,Banks - Regional,0.9238,0.41232,624,,,,,,,,
BDJ/BLK,Asset Management,0.9715,0.41232,624,,,,,,,,
ISBA/PNFP,Banks - Regional,0.8954,0.41234,624,,,,,,,,
OTTR/RCMT,Conglomerates,0.874,0.41235,624,,,,,,,,
EVG/PFL,Asset Management,0.9568,0.41235,624,,,,,,,,
NZF/PNI,Asset Management,0.8166,0.41236,624,,,,,,,,
BSRR/CNOB,Banks - Regional,0.9034,0.41237,624,,,,,,,,
HIX/NMI,Asset Management,0.8619,0.4124,624,,,,,,,,
PB/VLY,Banks - Regional,0.807,0.4124,624,,,,,,,,
GSBC/VABK,Banks - Regional,0.9464,0.4124,624,,,,,,,,
CACC/NNI,Credit Services,0.8894,0.4124,624,,,,,,,,
AEE/D,Utilities - Regulated Electric,0.8004,0.41241,624,,,,,,,,
HOMB/HWBK,Banks - Regional,0.8885,0.41241,624,,,,,,,,
KEY/PNC,Banks - Regional,0.9418,0.41242,624,,,,,,,,
MPB/OVBC,Banks - Regional,0.8658,0.41243,624,,,,,,,,
JJSF/LANC,Packaged Foods,0.926,0.41243,624,,,,,,,,
BVFL/CCBG,Banks - Regional,0.8213,0.41244,624,,,,,,,,
CMA/PGC,Banks - Regional,0.9391,0.41244,624,,,,,,,,
NBTB/SBCF,Banks - Regional,0.9112,0.41244,624,,,,,,,,
PEBO/TRST,Banks - Regional,0.9253,0.41245,624,,,,,,,,
BHK/NMZ,Asset Management,0.9746,0.41245,624,,,,,,,,
CVBF/OPBK,Banks - Regional,0.8957,0.41247,624,,,,,,,,
DHF/NXJ,Asset Management,0.9257,0.41248,624,,,,,,,,
BOE/DHIL,Asset Management,0.8433,0.41248,624,,,,,,,,
OIA/WIW,Asset Management,0.8577,0.41249,624,,,,,,,,
BME/CHW,Asset Management,0.9396,0.41249,624,,,,,,,,
GCBC/MBCN,Banks - Regional,0.9148,0.41249,624,,,,,,,,
IBOC/WTFC,Banks - Regional,0.9672,0.4125,624,,,,,,,,
OIA/PCM,Asset Management,0.9462,0.4125,624,,,,,,,,
GLAD/QQQX,Asset Management,0.9335,0.4125,624,,,,,,,,
CNA/ORI,Insurance - Property & Casualty,0.9483,0.41251,624,,,,,,,,
IGF/PYT,Unknown,0.9442,0.41251,624,,,,,,,,
EVG/PTY,Asset Management,0.9638,0.41253,624,,,,,,,,
BPOPM/TVE,Unknown,0.8926,0.41254,624,,,,,,,,
CBAN/MOFG,Banks - Regional,0.8561,0.41256,624,,,,,,,,
AWP/JPC,Asset Management,0.9455,0.41257,624,,,,,,,,
HIO/PCF,Asset Management,0.97,0.41262,624,,,,,,,,
INBK/ZION,Banks - Regional,0.8519,0.41262,624,,,,,,,,
LARK/SYBT,Banks - Regional,0.8571,0.41263,624,,,,,,,,
CVBF/SSB,Banks - Regional,0.9103,0.41263,624,,,,,,,,
BUSE/CHCO,Banks - Regional,0.8422,0.41264,624,,,,,,,,
BOKF/CCNE,Banks - Regional,0.9036,0.41266,624,,,,,,,,
HQL/MYI,Asset Management,0.9138,0.41267,624,,,,,,,,
SRCE/STBA,Banks - Regional,0.9532,0.41269,624,,,,,,,,
CHW/KF,Asset Management,0.8689,0.4127,624,,,,,,,,
ALRS/EBMT,Banks - Regional,0.8836,0.4127,624,,,,,,,,
QQQX/TROW,Asset Management,0.9002,0.4127,624,,,,,,,,
FDBC/SFBC,Banks - Regional,0.8886,0.41271,624,,,,,,,,
CCI/SBAC,REIT - Specialty,0.9875,0.41272,624,,,,,,,,
FCT/JLS,Asset Management,0.9075,0.41275,624,,,,,,,,
PBHC/RF,Banks - Regional,0.9044,0.41275,624,,,,,,,,
MIN/MMT,Asset Management,0.9693,0.41275,624,,,,,,,,
EFSC/FCF,Banks - Regional,0.974,0.41276,624,,,,,,,,
GLAD/SEIC,Asset Management,0.846,0.41277,624,,,,,,,,
FAB/PUI,Unknown,0.9465,0.41278,624,,,,,,,,
PFL/SPE,Asset Management,0.938,0.41278,624,,,,,,,,
CCBG/UBCP,Banks - Regional,0.9192,0.41279,624,,,,,,,,
CARE/WSBC,Banks - Regional,0.9125,0.41281,624,,,,,,,,
GDL/PNNT,Asset Management,0.8625,0.41282,624,,,,,,,,
AUB/CNOB,Banks - Regional,0.9287,0.41282,624,,,,,,,,
EMR/SXI,Specialty Industrial Machinery,0.8984,0.41283,624,,,,,,,,
IFN/UTF,Asset Management,0.9284,0.41284,624,,,,,,,,
HPF/PFD,Asset Management,0.9056,0.41284,624,,,,,,,,
FUNC/STBA,Banks - Regional,0.8928,0.41285,624,,,,,,,,
ACNB/PBHC,Banks - Regional,0.8909,0.41285,624,,,,,,,,
FCT/GAB,Asset Management,0.9597,0.41287,624,,,,,,,,
BLK/VRTS,Asset Management,0.8367,0.41288,624,,,,,,,,
PFI/PNQI,Unknown,0.9359,0.41288,624,,,,,,,,
PFD/PNF,Asset Management,0.8603,0.41289,624,,,,,,,,
BOH/OPBK,Banks - Regional,0.8608,0.4129,624,,,,,,,,
JPC/MSD,Asset Management,0.9393,0.4129,624,,,,,,,,
EMD/FLC,Asset Management,0.8887,0.41291,624,,,,,,,,
GJH/IEI,Unknown,0.8786,0.41292,624,,,,,,,,
MCN/RMT,Asset Management,0.9666,0.41294,624,,,,,,,,
FOF/SAR,Asset Management,0.971,0.41296,624,,,,,,,,
ABEO/TENX,Biotechnology,0.9102,0.413,624,,,,,,,,
HWC/SBSI,Banks - Regional,0.8243,0.41302,624,,,,,,,,
CARE/UVSP,Banks - Regional,0.8483,0.41302,624,,,,,,,,
PNFP/UVSP,Banks - Regional,0.94,0.41303,624,,,,,,,,
FDBC/PKBK,Banks - Regional,0.8978,0.41304,624,,,,,,,,
ACWX/PFI,Unknown,0.9667,0.41308,624,,,,,,,,
CIVB/NKSH,Banks - Regional,0.9049,0.41308,624,,,,,,,,
FISI/UMBF,Banks - Regional,0.8586,0.41309,624,,,,,,,,
NWBI/PWOD,Banks - Regional,0.8528,0.4131,624,,,,,,,,
FHN/PFIS,Banks - Regional,0.8529,0.4131,624,,,,,,,,
HI/ROK,Specialty Industrial Machinery,0.8418,0.41311,624,,,,,,,,
ISBA/WSFS,Banks - Regional,0.8913,0.41311,624,,,,,,,,
BTZ/MQY,Asset Management,0.9452,0.41311,624,,,,,,,,
CCBG/NBN,Banks - Regional,0.8756,0.41311,624,,,,,,,,
PSEC/QQQX,Asset Management,0.8674,0.41311,624,,,,,,,,
HIX/NCA,Asset Management,0.8632,0.41312,624,,,,,,,,
IEI/VCLT,Unknown,0.9741,0.41314,624,,,,,,,,
MSEX/WTRG,Utilities - Regulated Water,0.9487,0.41315,624,,,,,,,,
ACWI/GJH,Unknown,0.9641,0.41315,624,,,,,,,,
BGY/STK,Asset Management,0.9625,0.41315,624,,,,,,,,
EWBC/HWBK,Banks - Regional,0.9241,0.41316,624,,,,,,,,
SCD/UTF,Asset Management,0.9299,0.41316,624,,,,,,,,
BOKF/UBCP,Banks - Regional,0.9035,0.41319,624,,,,,,,,
PHK/WEA,Asset Management,0.8553,0.4132,624,,,,,,,,
JHI/NPV,Asset Management,0.8871,0.41322,624,,,,,,,,
AOS/PNR,Specialty Industrial Machinery,0.8632,0.41322,624,,,,,,,,
EMD/PCN,Asset Management,0.8847,0.41324,624,,,,,,,,
CHMG/FHN,Banks - Regional,0.8434,0.41325,624,,,,,,,,
FBIZ/UMBF,Banks - Regional,0.9079,0.41325,624,,,,,,,,
GDL/TY,Asset Management,0.9681,0.41325,624,,,,,,,,
COLB/TFSL,Banks - Regional,0.8192,0.41326,624,,,,,,,,
PRN/QQEW,Unknown,0.974,0.41326,624,,,,,,,,
FFBC/SYBT,Banks - Regional,0.8704,0.41327,624,,,,,,,,
EMD/IIM,Asset Management,0.8585,0.41327,624,,,,,,,,
ISBA/TRMK,Banks - Regional,0.8438,0.41327,624,,,,,,,,
HTGC/JFR,Asset Management,0.9442,0.41328,624,,,,,,,,
SPE/TY,Asset Management,0.9601,0.41328,624,,,,,,,,
CBAN/SFNC,Banks - Regional,0.8976,0.41328,624,,,,,,,,
FMAO/WBS,Banks - Regional,0.886,0.41329,624,,,,,,,,
JMM/LGI,Asset Management,0.9171,0.41329,624,,,,,,,,
MMT/VMO,Asset Management,0.909,0.41329,624,,,,,,,,
BOE/PTY,Asset Management,0.953,0.4133,624,,,,,,,,
BNY/MCR,Asset Management,0.8199,0.4133,624,,,,,,,,
CADE/ISBA,Banks - Regional,0.8351,0.41331,624,,,,,,,,
BFK/HIX,Asset Management,0.8529,0.41332,624,,,,,,,,
GJS/JBK,Unknown,0.9391,0.41333,624,,,,,,,,
ETB/VBF,Asset Management,0.9206,0.41333,624,,,,,,,,
ISBA/WASH,Banks - Regional,0.8037,0.41333,624,,,,,,,,
FUND/RVT,Asset Management,0.9721,0.41335,624,,,,,,,,
FTC/SHY,Unknown,0.9391,0.41335,624,,,,,,,,
BUSE/COLB,Banks - Regional,0.8843,0.41336,624,,,,,,,,
HPF/IQI,Asset Management,0.9339,0.41336,624,,,,,,,,
QCRH/SNV,Banks - Regional,0.9458,0.41336,624,,,,,,,,
FBNC/MTB,Banks - Regional,0.9348,0.41337,624,,,,,,,,
BOKF/BRKL,Banks - Regional,0.8249,0.41338,624,,,,,,,,
TCBK/TRST,Banks - Regional,0.9025,0.41338,624,,,,,,,,
FHI/IGR,Asset Management,0.8497,0.41338,624,,,,,,,,
INDY/IUSG,Unknown,0.9603,0.41339,624,,,,,,,,
HQL/VMO,Asset Management,0.8567,0.4134,624,,,,,,,,
HQL/NIM,Asset Management,0.8981,0.41341,624,,,,,,,,
BOH/CTBI,Banks - Regional,0.8811,0.41342,624,,,,,,,,
MGM/MTN,Resorts & Casinos,0.8703,0.41344,624,,,,,,,,
HYT/QQQX,Asset Management,0.9815,0.41344,624,,,,,,,,
AOD/PFN,Asset Management,0.9372,0.41344,624,,,,,,,,
HTBK/PKBK,Banks - Regional,0.8906,0.41345,624,,,,,,,,
JRS/MMT,Asset Management,0.9278,0.41345,624,,,,,,,,
NAZ/VBF,Asset Management,0.9099,0.41345,624,,,,,,,,
DSU/JLS,Asset Management,0.902,0.41345,624,,,,,,,,
ETB/FMY,Asset Management,0.8981,0.41347,624,,,,,,,,
ETB/NFJ,Asset Management,0.9501,0.41348,624,,,,,,,,
HTBK/PNFP,Banks - Regional,0.8432,0.41348,624,,,,,,,,
AIA/VCSH,Unknown,0.9079,0.41348,624,,,,,,,,
HQL/NXC,Asset Management,0.9255,0.41349,624,,,,,,,,
BYM/PZC,Asset Management,0.9126,0.41351,624,,,,,,,,
BNY/GDO,Asset Management,0.8705,0.41352,624,,,,,,,,
BFK/RFI,Asset Management,0.8116,0.41353,624,,,,,,,,
SBCF/SFNC,Banks - Regional,0.8998,0.41357,624,,,,,,,,
CLF/SID,Steel,0.8363,0.41357,624,,,,,,,,
SFNC/TOWN,Banks - Regional,0.8631,0.41358,624,,,,,,,,
JFR/NTRS,Asset Management,0.8729,0.41358,624,,,,,,,,
CNOB/FNWD,Banks - Regional,0.8864,0.41359,624,,,,,,,,
FFC/HTD,Asset Management,0.926,0.41359,624,,,,,,,,
CPT/MAA,REIT - Residential,0.9892,0.4136,624,,,,,,,,
GDV/IIF,Asset Management,0.9184,0.4136,624,,,,,,,,
PCN/VPV,Asset Management,0.9194,0.4136,624,,,,,,,,
CBU/NWFL,Banks - Regional,0.8883,0.41361,624,,,,,,,,
ARCC/CSQ,Asset Management,0.9805,0.41363,624,,,,,,,,
ACWX/PHO,Unknown,0.9548,0.41364,624,,,,,,,,
BN/BTZ,Asset Management,0.9375,0.41364,624,,,,,,,,
MQY/PMX,Asset Management,0.9237,0.41364,624,,,,,,,,
HIX/PTY,Asset Management,0.9429,0.41365,624,,,,,,,,
MRVL/UMC,Semiconductors,0.9049,0.41367,624,,,,,,,,
NFBK/WSBF,Banks - Regional,0.8533,0.41369,624,,,,,,,,
IGI/NFJ,Asset Management,0.8165,0.41371,624,,,,,,,,
FMNB/TRMK,Banks - Regional,0.934,0.41371,624,,,,,,,,
FXNC/MNSB,Banks - Regional,0.8811,0.41371,624,,,,,,,,
FMY/MAIN,Asset Management,0.9112,0.41372,624,,,,,,,,
CLB/FTK,Oil & Gas Equipment & Services,0.847,0.41372,624,,,,,,,,
FFC/JMM,Asset Management,0.9717,0.41372,624,,,,,,,,
CFR/FITB,Banks - Regional,0.9627,0.41374,624,,,,,,,,
BFC/ESSA,Banks - Regional,0.9517,0.41374,624,,,,,,,,
FFBC/UCB,Banks - Regional,0.9089,0.41374,624,,,,,,,,
PHO/PYT,Unknown,0.9193,0.41374,624,,,,,,,,
BR/GIB,Information Technology Services,0.9751,0.41375,624,,,,,,,,
KBH/MTH,Residential Construction,0.9757,0.41376,624,,,,,,,,
MUE/PYN,Asset Management,0.8882,0.41379,624,,,,,,,,
JPC/SBI,Asset Management,0.9316,0.4138,624,,,,,,,,
ABT/PODD,Medical Devices,0.9578,0.41381,624,,,,,,,,
HIFS/WSFS,Banks - Regional,0.9049,0.41381,624,,,,,,,,
PROV/USB,Banks - Regional,0.8807,0.41382,624,,,,,,,,
ETO/RNP,Asset Management,0.9872,0.41382,624,,,,,,,,
CAF/CXE,Asset Management,0.8753,0.41383,624,,,,,,,,
MUE/PFD,Asset Management,0.9543,0.41384,624,,,,,,,,
OSBC/PFS,Banks - Regional,0.886,0.41384,624,,,,,,,,
AROW/ONB,Banks - Regional,0.895,0.41386,624,,,,,,,,
EOD/FHI,Asset Management,0.932,0.41387,624,,,,,,,,
CIF/DSM,Asset Management,0.901,0.41388,624,,,,,,,,
HFWA/PFBC,Banks - Regional,0.8494,0.41388,624,,,,,,,,
CHI/USA,Asset Management,0.9883,0.41389,624,,,,,,,,
ISBA/UNTY,Banks - Regional,0.8364,0.41391,624,,,,,,,,
PLUR/XTLB,Biotechnology,0.8234,0.41393,624,,,,,,,,
AGD/BX,Asset Management,0.9379,0.41393,624,,,,,,,,
CGO/PFL,Asset Management,0.9641,0.41394,624,,,,,,,,
BLW/BN,Asset Management,0.9714,0.41394,624,,,,,,,,
OBT/SFBC,Banks - Regional,0.8832,0.41395,624,,,,,,,,
EOD/RFI,Asset Management,0.9215,0.41396,624,,,,,,,,
CBU/PNFP,Banks - Regional,0.8887,0.41397,624,,,,,,,,
MFIC/STEW,Asset Management,0.8832,0.41399,624,,,,,,,,
MANH/PLUS,Software - Application,0.917,0.414,624,,,,,,,,
HQH/PHK,Asset Management,0.8237,0.41401,624,,,,,,,,
AX/OVLY,Banks - Regional,0.9084,0.41401,624,,,,,,,,
FMN/PFD,Asset Management,0.9464,0.41402,624,,,,,,,,
PIM/SOR,Asset Management,0.8967,0.41402,624,,,,,,,,
EVF/GDV,Asset Management,0.9553,0.41403,624,,,,,,,,
PFBC/UCB,Banks - Regional,0.9222,0.41403,624,,,,,,,,
GAM/PFL,Asset Management,0.9201,0.41404,624,,,,,,,,
CXH/MMT,Asset Management,0.9158,0.41404,624,,,,,,,,
MHI/NAN,Asset Management,0.9024,0.41405,624,,,,,,,,
CBRE/JLL,Real Estate Services,0.9205,0.41407,624,,,,,,,,
FFC/MVF,Asset Management,0.9363,0.41407,624,,,,,,,,
ACN/IT,Information Technology Services,0.9398,0.41411,624,,,,,,,,
HQH/VPV,Asset Management,0.8546,0.41412,624,,,,,,,,
POWI/UMC,Semiconductors,0.9301,0.41412,624,,,,,,,,
LARK/PKBK,Banks - Regional,0.8802,0.41414,624,,,,,,,,
ACWX/BANFP,Unknown,0.9135,0.41414,624,,,,,,,,
CNS/JHI,Asset Management,0.9338,0.41414,624,,,,,,,,
BCBP/CAC,Banks - Regional,0.8831,0.41415,624,,,,,,,,
AGYS/TYL,Software - Application,0.8585,0.41415,624,,,,,,,,
SRCE/THFF,Banks - Regional,0.9649,0.41415,624,,,,,,,,
EFSC/RF,Banks - Regional,0.9332,0.41416,624,,,,,,,,
HQH/NMI,Asset Management,0.8683,0.41416,624,,,,,,,,
ROK/WTS,Specialty Industrial Machinery,0.9503,0.41418,624,,,,,,,,
HTGC/SAR,Asset Management,0.935,0.41418,624,,,,,,,,
PEG/TXNM,Utilities - Regulated Electric,0.9136,0.41418,624,,,,,,,,
HIO/MQY,Asset Management,0.8817,0.41418,624,,,,,,,,
ALK/JBLU,Airlines,0.8561,0.41418,624,,,,,,,,
MYI/PMX,Asset Management,0.9107,0.41419,624,,,,,,,,
CHI/CHW,Asset Management,0.9623,0.41419,624,,,,,,,,
EFT/JCE,Asset Management,0.967,0.41419,624,,,,,,,,
JHI/QQQX,Asset Management,0.9357,0.4142,624,,,,,,,,
MYI/PNI,Asset Management,0.8537,0.4142,624,,,,,,,,
FBIZ/HWC,Banks - Regional,0.8431,0.41422,624,,,,,,,,
PLBC/WSFS,Banks - Regional,0.8856,0.41423,624,,,,,,,,
BUSE/UBFO,Banks - Regional,0.9262,0.41423,624,,,,,,,,
AUB/BCML,Banks - Regional,0.9179,0.41424,624,,,,,,,,
PGC/QCRH,Banks - Regional,0.863,0.41426,624,,,,,,,,
GJO/QTEC,Unknown,0.9629,0.41426,624,,,,,,,,
BSRR/PFIS,Banks - Regional,0.8836,0.41427,624,,,,,,,,
IBCP/NECB,Banks - Regional,0.8836,0.41427,624,,,,,,,,
BLK/GOF,Asset Management,0.97,0.41427,624,,,,,,,,
CIVB/PPBI,Banks - Regional,0.9525,0.41429,624,,,,,,,,
CZFS/UNTY,Banks - Regional,0.8408,0.4143,624,,,,,,,,
BME/PTY,Asset Management,0.9527,0.41433,624,,,,,,,,
ANSS/SAP,Software - Application,0.8232,0.41433,624,,,,,,,,
CTBI/SBCF,Banks - Regional,0.8812,0.41433,624,,,,,,,,
ETW/GOF,Asset Management,0.97,0.41435,624,,,,,,,,
BN/OIA,Asset Management,0.8687,0.41436,624,,,,,,,,
FFC/NXJ,Asset Management,0.9689,0.41436,624,,,,,,,,
MCR/SBI,Asset Management,0.8942,0.41436,624,,,,,,,,
MUC/PFD,Asset Management,0.9483,0.41438,624,,,,,,,,
BSRR/RBCAA,Banks - Regional,0.9147,0.41438,624,,,,,,,,
HOMB/MNSB,Banks - Regional,0.8126,0.41439,624,,,,,,,,
BR/IT,Information Technology Services,0.9424,0.41439,624,,,,,,,,
GAB/STT,Asset Management,0.8602,0.41441,624,,,,,,,,
CAG/LANC,Packaged Foods,0.8567,0.41442,624,,,,,,,,
MSD/VKQ,Asset Management,0.8851,0.41442,624,,,,,,,,
HPF/NXP,Asset Management,0.9462,0.41443,624,,,,,,,,
ITT/PNR,Specialty Industrial Machinery,0.9658,0.41444,624,,,,,,,,
JRS/MCR,Asset Management,0.9185,0.41444,624,,,,,,,,
NWBI/THFF,Banks - Regional,0.9525,0.41444,624,,,,,,,,
BLK/JOF,Asset Management,0.8582,0.41445,624,,,,,,,,
EXG/TROW,Asset Management,0.8881,0.41445,624,,,,,,,,
FAST/WCC,Industrial Distribution,0.8769,0.41446,624,,,,,,,,
LAZ/SCHW,Capital Markets,0.8293,0.41446,624,,,,,,,,
FYX/JSM,Unknown,0.9338,0.41448,624,,,,,,,,
IIM/PCK,Asset Management,0.8583,0.41449,624,,,,,,,,
RFI/WIA,Asset Management,0.9171,0.4145,624,,,,,,,,
CIF/ETO,Asset Management,0.916,0.4145,624,,,,,,,,
STEW/UTF,Asset Management,0.9726,0.41452,624,,,,,,,,
ETJ/NTRS,Asset Management,0.89,0.41452,624,,,,,,,,
BN/IGR,Asset Management,0.9224,0.41452,624,,,,,,,,
HQL/MUE,Asset Management,0.8838,0.41452,624,,,,,,,,
BME/EVT,Asset Management,0.972,0.41453,624,,,,,,,,
BANR/BOKF,Banks - Regional,0.9497,0.41453,624,,,,,,,,
MPB/TSBK,Banks - Regional,0.9648,0.41453,624,,,,,,,,
FHN/PNFP,Banks - Regional,0.8718,0.41453,624,,,,,,,,
EHI/IIM,Asset Management,0.9023,0.41455,624,,,,,,,,
AOD/RJF,Asset Management,0.9505,0.41456,624,,,,,,,,
UNTY/ZION,Banks - Regional,0.8854,0.41456,624,,,,,,,,
JHI/PHD,Asset Management,0.9336,0.41457,624,,,,,,,,
GJH/PDP,Unknown,0.9742,0.41457,624,,,,,,,,
CHW/HQH,Asset Management,0.8825,0.41458,624,,,,,,,,
BOE/GAM,Asset Management,0.9765,0.41458,624,,,,,,,,
MYD/PFD,Asset Management,0.9458,0.41461,624,,,,,,,,
CCNE/COLB,Banks - Regional,0.8941,0.41462,624,,,,,,,,
BCPC/KWR,Specialty Chemicals,0.8441,0.41462,624,,,,,,,,
PFF/SOXX,Unknown,0.8449,0.41462,624,,,,,,,,
ABCB/SHBI,Banks - Regional,0.8621,0.41463,624,,,,,,,,
QCRH/UMBF,Banks - Regional,0.9536,0.41463,624,,,,,,,,
FLC/MHN,Asset Management,0.941,0.41464,624,,,,,,,,
CAF/PMO,Asset Management,0.8293,0.41464,624,,,,,,,,
ADX/ETJ,Asset Management,0.9803,0.41464,624,,,,,,,,
FCT/IGI,Asset Management,0.8293,0.41464,624,,,,,,,,
CCBG/FCF,Banks - Regional,0.9438,0.41465,624,,,,,,,,
BOE/ETJ,Asset Management,0.9686,0.41465,624,,,,,,,,
BVFL/PKBK,Banks - Regional,0.8515,0.41466,624,,,,,,,,
CBSH/CHMG,Banks - Regional,0.9156,0.41466,624,,,,,,,,
CASH/UVSP,Banks - Regional,0.8866,0.41466,624,,,,,,,,
EOI/ETJ,Asset Management,0.9765,0.41466,624,,,,,,,,
CIF/NUW,Asset Management,0.8963,0.41466,624,,,,,,,,
BANF/ONB,Banks - Regional,0.9105,0.41468,624,,,,,,,,
CZWI/GBCI,Banks - Regional,0.8961,0.41469,624,,,,,,,,
NXJ/PMX,Asset Management,0.8883,0.41469,624,,,,,,,,
HQH/JPC,Asset Management,0.9068,0.41469,624,,,,,,,,
MGF/OIA,Asset Management,0.8885,0.4147,624,,,,,,,,
EFT/SOR,Asset Management,0.9663,0.41471,624,,,,,,,,
EFSC/LCNB,Banks - Regional,0.9078,0.41472,624,,,,,,,,
GDO/VTN,Asset Management,0.9051,0.41473,624,,,,,,,,
JHS/MUJ,Asset Management,0.9688,0.41473,624,,,,,,,,
DHF/PHK,Asset Management,0.8818,0.41474,624,,,,,,,,
AWP/STT,Asset Management,0.8502,0.41476,624,,,,,,,,
INCY/JAZZ,Biotechnology,0.8123,0.41477,624,,,,,,,,
FFC/MMU,Asset Management,0.9345,0.41477,624,,,,,,,,
ETB/JHS,Asset Management,0.8721,0.41477,624,,,,,,,,
BRW/TWN,Asset Management,0.8671,0.41479,624,,,,,,,,
CXH/PZC,Asset Management,0.9222,0.4148,624,,,,,,,,
TRI/TRNS,Specialty Business Services,0.9619,0.41481,624,,,,,,,,
COLB/TCBK,Banks - Regional,0.8169,0.41482,624,,,,,,,,
JRS/NXN,Asset Management,0.9035,0.41482,624,,,,,,,,
FUND/SWKH,Asset Management,0.8629,0.41483,624,,,,,,,,
RBCAA/ZIONP,Banks - Regional,0.8843,0.41483,624,,,,,,,,
HQH/WEA,Asset Management,0.878,0.41484,624,,,,,,,,
NMT/VPV,Asset Management,0.9497,0.41485,624,,,,,,,,
MPB/NKSH,Banks - Regional,0.8943,0.41485,624,,,,,,,,
ATS/NPO,Specialty Industrial Machinery,0.83,0.41487,624,,,,,,,,
MCRI/MGM,Resorts & Casinos,0.8984,0.41487,624,,,,,,,,
PFIS/SYBT,Banks - Regional,0.9062,0.41487,624,,,,,,,,
SAR/UTF,Asset Management,0.9638,0.41488,624,,,,,,,,
BGT/HYT,Asset Management,0.9517,0.41488,624,,,,,,,,
FRST/RVSB,Banks - Regional,0.9207,0.41488,624,,,,,,,,
FMY/WIW,Asset Management,0.8982,0.41491,624,,,,,,,,
GBCI/HBNC,Banks - Regional,0.9252,0.41491,624,,,,,,,,
MPB/UMBF,Banks - Regional,0.8942,0.41491,624,,,,,,,,
BFC/SRCE,Banks - Regional,0.9222,0.41494,624,,,,,,,,
BRW/RQI,Asset Management,0.9082,0.41495,624,,,,,,,,
A/QGEN,Diagnostics & Research,0.9379,0.41495,624,,,,,,,,
ACWX/JSM,Unknown,0.9269,0.41495,624,,,,,,,,
FTC/GJR,Unknown,0.9544,0.41497,624,,,,,,,,
EOD/SPXX,Asset Management,0.9481,0.41498,624,,,,,,,,
BRW/FMY,Asset Management,0.8809,0.41498,624,,,,,,,,
BGY/SOR,Asset Management,0.9504,0.41499,624,,,,,,,,
PAI/PZC,Asset Management,0.877,0.415,624,,,,,,,,
JLS/PTY,Asset Management,0.9352,0.41502,624,,,,,,,,
INDY/JSM,Unknown,0.8726,0.41503,624,,,,,,,,
FLIC/NFBK,Banks - Regional,0.9141,0.41503,624,,,,,,,,
ITGR/UFPT,Medical Devices,0.8041,0.41503,624,,,,,,,,
CHCO/HBCP,Banks - Regional,0.9241,0.41504,624,,,,,,,,
ETB/JFR,Asset Management,0.9457,0.41504,624,,,,,,,,
CNS/RVT,Asset Management,0.9593,0.41505,624,,,,,,,,
EIX/NEE,Utilities - Regulated Electric,0.8089,0.41506,624,,,,,,,,
BGT/EXG,Asset Management,0.9488,0.41507,624,,,,,,,,
FXNC/IBCP,Banks - Regional,0.8685,0.41507,624,,,,,,,,
EMR/PH,Specialty Industrial Machinery,0.9567,0.41507,624,,,,,,,,
DTE/IDA,Utilities - Regulated Electric,0.9843,0.41507,624,,,,,,,,
JPC/PFO,Asset Management,0.9686,0.41509,624,,,,,,,,
BYM/EMD,Asset Management,0.8697,0.41511,624,,,,,,,,
JRS/NEA,Asset Management,0.8946,0.41513,624,,,,,,,,
AWP/PFN,Asset Management,0.9517,0.41513,624,,,,,,,,
PFL/WEA,Asset Management,0.9714,0.41514,624,,,,,,,,
DLB/RTO,Specialty Business Services,0.9177,0.41514,624,,,,,,,,
CBAN/UNB,Banks - Regional,0.8356,0.41514,624,,,,,,,,
GDL/JRS,Asset Management,0.9435,0.41515,624,,,,,,,,
EMF/HIO,Asset Management,0.8115,0.41516,624,,,,,,,,
PWR/STRL,Engineering & Construction,0.9419,0.41517,624,,,,,,,,
GCBC/PKBK,Banks - Regional,0.861,0.41517,624,,,,,,,,
JHI/NCA,Asset Management,0.8427,0.41518,624,,,,,,,,
ONB/TFSL,Banks - Regional,0.8394,0.41518,624,,,,,,,,
RNST/SBCF,Banks - Regional,0.8887,0.41519,624,,,,,,,,
FRST/SRCE,Banks - Regional,0.8104,0.41519,624,,,,,,,,
NVEC/VSH,Semiconductors,0.8582,0.4152,624,,,,,,,,
ETV/JCE,Asset Management,0.9785,0.4152,624,,,,,,,,
MCR/MMU,Asset Management,0.8689,0.4152,624,,,,,,,,
JCE/PCF,Asset Management,0.9627,0.41521,624,,,,,,,,
BTO/JOF,Asset Management,0.896,0.41521,624,,,,,,,,
GLAD/NFJ,Asset Management,0.9406,0.41522,624,,,,,,,,
BHK/DTF,Asset Management,0.8984,0.41525,624,,,,,,,,
HIX/PSEC,Asset Management,0.8653,0.41525,624,,,,,,,,
FHI/IIF,Asset Management,0.9009,0.41526,624,,,,,,,,
MBCN/TRST,Banks - Regional,0.8614,0.41526,624,,,,,,,,
BGT/BLK,Asset Management,0.9484,0.41529,624,,,,,,,,
GCBC/NRIM,Banks - Regional,0.8807,0.4153,624,,,,,,,,
SBFG/SYBT,Banks - Regional,0.8997,0.41531,624,,,,,,,,
DHF/QQQX,Asset Management,0.9432,0.41531,624,,,,,,,,
BHK/VCV,Asset Management,0.9548,0.41531,624,,,,,,,,
FFA/FOF,Asset Management,0.991,0.41533,624,,,,,,,,
CMA/WTBA,Banks - Regional,0.9069,0.41534,624,,,,,,,,
GAB/GAIN,Asset Management,0.9481,0.41535,624,,,,,,,,
MCR/VCV,Asset Management,0.9204,0.41536,624,,,,,,,,
HQH/VLT,Asset Management,0.8745,0.41538,624,,,,,,,,
GS/SF,Capital Markets,0.9838,0.41538,624,,,,,,,,
FBNC/NKSH,Banks - Regional,0.8689,0.41538,624,,,,,,,,
CHY/NFJ,Asset Management,0.9787,0.41538,624,,,,,,,,
FCT/JRS,Asset Management,0.9341,0.41539,624,,,,,,,,
GABC/PGC,Banks - Regional,0.9132,0.4154,624,,,,,,,,
ETW/UTF,Asset Management,0.9668,0.4154,624,,,,,,,,
EVF/WEA,Asset Management,0.8934,0.4154,624,,,,,,,,
BHLB/WASH,Banks - Regional,0.8112,0.4154,624,,,,,,,,
CIVB/FHN,Banks - Regional,0.8502,0.41542,624,,,,,,,,
AUB/OSBC,Banks - Regional,0.954,0.41545,624,,,,,,,,
CFFI/FULT,Banks - Regional,0.9113,0.41546,624,,,,,,,,
CZFS/TRST,Banks - Regional,0.8308,0.41547,624,,,,,,,,
DCO/LMT,Aerospace & Defense,0.9005,0.41548,624,,,,,,,,
DDT/VCSH,Unknown,0.9318,0.41549,624,,,,,,,,
GRBK/MTH,Residential Construction,0.8583,0.41551,624,,,,,,,,
CHCO/UCB,Banks - Regional,0.8575,0.41552,624,,,,,,,,
SSB/ZIONP,Banks - Regional,0.9028,0.41552,624,,,,,,,,
AVAV/DRS,Aerospace & Defense,0.8782,0.41552,624,,,,,,,,
EFT/RMT,Asset Management,0.9543,0.41554,624,,,,,,,,
CIVB/COLB,Banks - Regional,0.9051,0.41554,624,,,,,,,,
MYN/OIA,Asset Management,0.943,0.41554,624,,,,,,,,
IGF/PEY,Unknown,0.9758,0.41555,624,,,,,,,,
GRX/NMZ,Asset Management,0.9497,0.41555,624,,,,,,,,
PPG/SCL,Specialty Chemicals,0.8665,0.41556,624,,,,,,,,
FBIZ/TRMK,Banks - Regional,0.8391,0.41557,624,,,,,,,,
GDV/JMM,Asset Management,0.9438,0.41557,624,,,,,,,,
CASH/EBTC,Banks - Regional,0.8828,0.41557,624,,,,,,,,
FBNC/FCF,Banks - Regional,0.9663,0.41557,624,,,,,,,,
JMM/PMX,Asset Management,0.8612,0.41557,624,,,,,,,,
SSB/WAFD,Banks - Regional,0.9293,0.41558,624,,,,,,,,
PPBI/SBCF,Banks - Regional,0.9463,0.41558,624,,,,,,,,
CBU/NWBI,Banks - Regional,0.9048,0.41559,624,,,,,,,,
ETJ/PFL,Asset Management,0.9527,0.41559,624,,,,,,,,
PPBI/SBFG,Banks - Regional,0.8996,0.41559,624,,,,,,,,
CNS/MHF,Asset Management,0.888,0.4156,624,,,,,,,,
EFSC/FMBH,Banks - Regional,0.9482,0.41561,624,,,,,,,,
PFIS/PPBI,Banks - Regional,0.8264,0.41562,624,,,,,,,,
MBWM/WSBC,Banks - Regional,0.8731,0.41562,624,,,,,,,,
DGX/RDNT,Diagnostics & Research,0.8541,0.41564,624,,,,,,,,
VRTS/WIW,Asset Management,0.8308,0.41564,624,,,,,,,,
FFA/PFN,Asset Management,0.9488,0.41565,624,,,,,,,,
SFBC/STBA,Banks - Regional,0.914,0.41565,624,,,,,,,,
FLC/WIA,Asset Management,0.9135,0.41565,624,,,,,,,,
RYN/WY,REIT - Specialty,0.8459,0.41566,624,,,,,,,,
FRST/WSBC,Banks - Regional,0.9259,0.41566,624,,,,,,,,
CNOB/UMBF,Banks - Regional,0.9043,0.41567,624,,,,,,,,
CW/HEI,Aerospace & Defense,0.9413,0.41567,624,,,,,,,,
CMA/FBNC,Banks - Regional,0.9228,0.41567,624,,,,,,,,
HIO/HTGC,Asset Management,0.9016,0.41568,624,,,,,,,,
HTBK/SSB,Banks - Regional,0.901,0.41568,624,,,,,,,,
SCD/TWN,Asset Management,0.9489,0.41568,624,,,,,,,,
QCRH/UBCP,Banks - Regional,0.9238,0.41568,624,,,,,,,,
GCBC/HBAN,Banks - Regional,0.8527,0.41569,624,,,,,,,,
PSEC/SWKH,Asset Management,0.8251,0.4157,624,,,,,,,,
EOD/JQC,Asset Management,0.9332,0.4157,624,,,,,,,,
CIF/MPA,Asset Management,0.938,0.41571,624,,,,,,,,
BLE/HPI,Asset Management,0.8711,0.41572,624,,,,,,,,
IQI/NAZ,Asset Management,0.9557,0.41572,624,,,,,,,,
CHW/GCV,Asset Management,0.9563,0.41574,624,,,,,,,,
DHIL/SOR,Asset Management,0.8888,0.41574,624,,,,,,,,
AX/FCCO,Banks - Regional,0.8941,0.41575,624,,,,,,,,
CBU/OPOF,Banks - Regional,0.8109,0.41576,624,,,,,,,,
CMA/UBFO,Banks - Regional,0.8759,0.41579,624,,,,,,,,
ASGN/GIB,Information Technology Services,0.8963,0.4158,624,,,,,,,,
FDBC/ONB,Banks - Regional,0.8565,0.4158,624,,,,,,,,
DHF/VCV,Asset Management,0.8802,0.41581,624,,,,,,,,
HIX/MHN,Asset Management,0.8657,0.41582,624,,,,,,,,
KTF/MSD,Asset Management,0.8358,0.41582,624,,,,,,,,
IFN/TY,Asset Management,0.9357,0.41582,624,,,,,,,,
DHF/IFN,Asset Management,0.8855,0.41582,624,,,,,,,,
FNWD/OPOF,Banks - Regional,0.8398,0.41583,624,,,,,,,,
DCOM/PNC,Banks - Regional,0.8433,0.41585,624,,,,,,,,
NFBK/PPBI,Banks - Regional,0.9066,0.41586,624,,,,,,,,
BOE/EOS,Asset Management,0.9809,0.41589,624,,,,,,,,
FOF/RNP,Asset Management,0.9862,0.41589,624,,,,,,,,
CAF/MMU,Asset Management,0.8271,0.4159,624,,,,,,,,
MPA/PMX,Asset Management,0.9126,0.4159,624,,,,,,,,
ETY/PTY,Asset Management,0.9553,0.4159,624,,,,,,,,
POWI/VSH,Semiconductors,0.8485,0.41591,624,,,,,,,,
CASH/UMBF,Banks - Regional,0.9422,0.41591,624,,,,,,,,
LEG/WHR,"Furnishings, Fixtures & Appliances",0.8236,0.41592,624,,,,,,,,
CBAN/HBAN,Banks - Regional,0.9322,0.41592,624,,,,,,,,
BKN/HPS,Asset Management,0.8879,0.41592,624,,,,,,,,
INDY/PPH,Unknown,0.9031,0.41592,624,,,,,,,,
BANR/WSBF,Banks - Regional,0.917,0.41592,624,,,,,,,,
FISI/HFWA,Banks - Regional,0.8826,0.41593,624,,,,,,,,
DSU/MPV,Asset Management,0.9655,0.41593,624,,,,,,,,
BOKF/IBOC,Banks - Regional,0.9439,0.41593,624,,,,,,,,
HIX/NEA,Asset Management,0.9213,0.41594,624,,,,,,,,
CBSH/WTBA,Banks - Regional,0.941,0.41595,624,,,,,,,,
PPT/VVR,Asset Management,0.8204,0.41596,624,,,,,,,,
IBB/PUI,Unknown,0.8797,0.41596,624,,,,,,,,
AEM/WPM,Gold,0.8599,0.41598,624,,,,,,,,
BKT/MCR,Asset Management,0.8906,0.41598,624,,,,,,,,
BXMX/SEIC,Asset Management,0.9294,0.41599,624,,,,,,,,
SHBI/TSBK,Banks - Regional,0.8705,0.41599,624,,,,,,,,
CXH/NMZ,Asset Management,0.9776,0.41602,624,,,,,,,,
ABCB/BSRR,Banks - Regional,0.9598,0.41603,624,,,,,,,,
GF/JEQ,Asset Management,0.9006,0.41603,624,,,,,,,,
IGR/MIY,Asset Management,0.9066,0.41605,624,,,,,,,,
GRX/NQP,Asset Management,0.9329,0.41606,624,,,,,,,,
JEQ/SEIC,Asset Management,0.917,0.41606,624,,,,,,,,
GRX/JRS,Asset Management,0.9544,0.41606,624,,,,,,,,
ARCC/MPV,Asset Management,0.9519,0.41607,624,,,,,,,,
CFFI/GABC,Banks - Regional,0.8798,0.41607,624,,,,,,,,
OPOF/USB,Banks - Regional,0.8273,0.41609,624,,,,,,,,
FXNC/IBOC,Banks - Regional,0.8604,0.4161,624,,,,,,,,
BTA/HYT,Asset Management,0.9248,0.41612,624,,,,,,,,
GJO/RTH,Unknown,0.9734,0.41614,624,,,,,,,,
LCNB/WTFC,Banks - Regional,0.8347,0.41614,624,,,,,,,,
OSBC/RF,Banks - Regional,0.9299,0.41615,624,,,,,,,,
JPC/VGM,Asset Management,0.9352,0.41615,624,,,,,,,,
BANR/PB,Banks - Regional,0.9545,0.41615,624,,,,,,,,
ANSS/OTEX,Software - Application,0.8744,0.41616,624,,,,,,,,
JMM/LEO,Asset Management,0.9142,0.41618,624,,,,,,,,
FMAO/WASH,Banks - Regional,0.8631,0.41618,624,,,,,,,,
BUSE/RBCAA,Banks - Regional,0.8558,0.41619,624,,,,,,,,
JPC/VPV,Asset Management,0.9433,0.41619,624,,,,,,,,
FNWD/TSBK,Banks - Regional,0.8315,0.4162,624,,,,,,,,
BGT/DHIL,Asset Management,0.8097,0.41622,624,,,,,,,,
ESE/NOVT,Scientific & Technical Instruments,0.9019,0.41622,624,,,,,,,,
GRX/MHF,Asset Management,0.9313,0.41622,624,,,,,,,,
PIM/RCS,Asset Management,0.8644,0.41622,624,,,,,,,,
GABC/NWBI,Banks - Regional,0.9275,0.41623,624,,,,,,,,
FULT/RNST,Banks - Regional,0.8897,0.41625,624,,,,,,,,
AWP/TROW,Asset Management,0.9174,0.41626,624,,,,,,,,
PFD/PZC,Asset Management,0.8788,0.41626,624,,,,,,,,
SBFG/TSBK,Banks - Regional,0.9506,0.41629,624,,,,,,,,
CHI/GAB,Asset Management,0.9685,0.4163,624,,,,,,,,
FELE/GRC,Specialty Industrial Machinery,0.8387,0.4163,624,,,,,,,,
FRST/MOFG,Banks - Regional,0.9048,0.41632,624,,,,,,,,
CHY/ETJ,Asset Management,0.9779,0.41632,624,,,,,,,,
BOTJ/COFS,Banks - Regional,0.8504,0.41635,624,,,,,,,,
STBA/WASH,Banks - Regional,0.8114,0.41635,624,,,,,,,,
BHK/NAC,Asset Management,0.948,0.41637,624,,,,,,,,
FHI/FMY,Asset Management,0.8208,0.41637,624,,,,,,,,
HIX/MUE,Asset Management,0.8829,0.41637,624,,,,,,,,
ETB/ETJ,Asset Management,0.9609,0.41637,624,,,,,,,,
FNWD/HFBL,Banks - Regional,0.9054,0.41637,624,,,,,,,,
PFI/SWZ,Unknown,0.9702,0.41637,624,,,,,,,,
INCY/IONS,Biotechnology,0.8055,0.41642,624,,,,,,,,
CIVB/MGYR,Banks - Regional,0.924,0.41642,624,,,,,,,,
CZFS/TRMK,Banks - Regional,0.82,0.41643,624,,,,,,,,
LCNB/MTB,Banks - Regional,0.8856,0.41643,624,,,,,,,,
ORI/THG,Insurance - Property & Casualty,0.9149,0.41644,624,,,,,,,,
ACNB/BCML,Banks - Regional,0.9351,0.41644,624,,,,,,,,
POR/PPL,Utilities - Regulated Electric,0.9026,0.41644,624,,,,,,,,
GAB/RNP,Asset Management,0.9606,0.41644,624,,,,,,,,
MIN/NVG,Asset Management,0.9326,0.41645,624,,,,,,,,
ACNB/CBSH,Banks - Regional,0.8933,0.41647,624,,,,,,,,
HIX/PCM,Asset Management,0.9401,0.41648,624,,,,,,,,
DOV/EMR,Specialty Industrial Machinery,0.9801,0.41648,624,,,,,,,,
HQH/NUW,Asset Management,0.871,0.41649,624,,,,,,,,
NAD/PML,Asset Management,0.922,0.41649,624,,,,,,,,
FUND/RMT,Asset Management,0.9729,0.4165,624,,,,,,,,
SBFG/VABK,Banks - Regional,0.9425,0.41651,624,,,,,,,,
HIX/NPV,Asset Management,0.8739,0.41651,624,,,,,,,,
ETB/SWKH,Asset Management,0.8189,0.41651,624,,,,,,,,
FSFG/UCB,Banks - Regional,0.9131,0.41652,624,,,,,,,,
GDO/JPC,Asset Management,0.9654,0.41653,624,,,,,,,,
LNT/NGG,Utilities - Regulated Electric,0.9016,0.41653,624,,,,,,,,
GDV/PPT,Asset Management,0.9101,0.41653,624,,,,,,,,
HQL/MMT,Asset Management,0.8985,0.41654,624,,,,,,,,
FLIC/HOPE,Banks - Regional,0.8675,0.41654,624,,,,,,,,
CAC/SYBT,Banks - Regional,0.9135,0.41654,624,,,,,,,,
OPOF/PPBI,Banks - Regional,0.8447,0.41657,624,,,,,,,,
DTF/PMX,Asset Management,0.9366,0.41658,624,,,,,,,,
RFI/SEIC,Asset Management,0.8767,0.41658,624,,,,,,,,
GFF/MAS,Building Products & Equipment,0.8368,0.41658,624,,,,,,,,
GJH/VCLT,Unknown,0.8776,0.41659,624,,,,,,,,
BOKF/TOWN,Banks - Regional,0.9523,0.41661,624,,,,,,,,
FITB/LARK,Banks - Regional,0.8316,0.41661,624,,,,,,,,
BDJ/RNP,Asset Management,0.9839,0.41661,624,,,,,,,,
PTY/RJF,Asset Management,0.898,0.41662,624,,,,,,,,
FCBC/INDB,Banks - Regional,0.8413,0.41662,624,,,,,,,,
BPOPM/IEI,Unknown,0.8812,0.41663,624,,,,,,,,
HOMB/ISBA,Banks - Regional,0.9064,0.41664,624,,,,,,,,
MBWM/PWOD,Banks - Regional,0.8633,0.41665,624,,,,,,,,
AWF/PAI,Asset Management,0.8949,0.41665,624,,,,,,,,
KF/TROW,Asset Management,0.8686,0.41665,624,,,,,,,,
BPOPM/VGIT,Unknown,0.8716,0.4167,624,,,,,,,,
BNY/PMF,Asset Management,0.9518,0.4167,624,,,,,,,,
PFIS/WABC,Banks - Regional,0.8113,0.41671,624,,,,,,,,
PHK/PIM,Asset Management,0.8213,0.41671,624,,,,,,,,
PCN/RQI,Asset Management,0.9596,0.41671,624,,,,,,,,
BOE/SEIC,Asset Management,0.8988,0.41672,624,,,,,,,,
BCML/IBCP,Banks - Regional,0.9269,0.41672,624,,,,,,,,
FDBC/FFIN,Banks - Regional,0.8815,0.41672,624,,,,,,,,
JHS/SBI,Asset Management,0.9335,0.41673,624,,,,,,,,
SRCE/TFC,Banks - Regional,0.8694,0.41673,624,,,,,,,,
IUSG/VGSH,Unknown,0.9457,0.41674,624,,,,,,,,
AWP/WIA,Asset Management,0.9044,0.41674,624,,,,,,,,
MIY/PMF,Asset Management,0.9089,0.41675,624,,,,,,,,
BXMX/SCD,Asset Management,0.9507,0.41675,624,,,,,,,,
RVSB/TRST,Banks - Regional,0.9201,0.41676,624,,,,,,,,
HTGC/RVT,Asset Management,0.9363,0.41677,624,,,,,,,,
BUSE/FDBC,Banks - Regional,0.8519,0.41677,624,,,,,,,,
GDV/SAR,Asset Management,0.9597,0.41677,624,,,,,,,,
CIVB/VABK,Banks - Regional,0.9421,0.41677,624,,,,,,,,
PEBK/WSFS,Banks - Regional,0.9566,0.41677,624,,,,,,,,
BRW/IGA,Asset Management,0.9592,0.41681,624,,,,,,,,
JHI/NAZ,Asset Management,0.8408,0.41682,624,,,,,,,,
CMA/PEBO,Banks - Regional,0.888,0.41684,624,,,,,,,,
BFZ/MSD,Asset Management,0.8417,0.41684,624,,,,,,,,
FFBC/OZK,Banks - Regional,0.8563,0.41685,624,,,,,,,,
AGD/NIM,Asset Management,0.8165,0.41685,624,,,,,,,,
BANF/PFIS,Banks - Regional,0.8904,0.41685,624,,,,,,,,
SSB/WSBC,Banks - Regional,0.9264,0.41686,624,,,,,,,,
MBCN/OZK,Banks - Regional,0.8465,0.41686,624,,,,,,,,
CCBG/CVBF,Banks - Regional,0.8546,0.41687,624,,,,,,,,
FI/JKHY,Information Technology Services,0.9077,0.41689,624,,,,,,,,
FUL/RPM,Specialty Chemicals,0.9139,0.4169,624,,,,,,,,
FISI/TCBK,Banks - Regional,0.8632,0.4169,624,,,,,,,,
SCL/WDFC,Specialty Chemicals,0.8447,0.4169,624,,,,,,,,
HOLX/UTMD,Medical Instruments & Supplies,0.8105,0.41692,624,,,,,,,,
BLK/JCE,Asset Management,0.9789,0.41693,624,,,,,,,,
SEIC/STT,Asset Management,0.9233,0.41694,624,,,,,,,,
DHF/FCT,Asset Management,0.9575,0.41695,624,,,,,,,,
GUT/WIW,Asset Management,0.8619,0.41695,624,,,,,,,,
NPV/VKQ,Asset Management,0.939,0.41695,624,,,,,,,,
BHK/NUW,Asset Management,0.9404,0.41696,624,,,,,,,,
CBT/FUL,Specialty Chemicals,0.8912,0.41698,624,,,,,,,,
BMY/PFE,Drug Manufacturers - General,0.8814,0.41699,624,,,,,,,,
AWR/MSEX,Utilities - Regulated Water,0.9474,0.41699,624,,,,,,,,
HQH/IGI,Asset Management,0.8685,0.41699,624,,,,,,,,
HBNC/WSBF,Banks - Regional,0.9343,0.41699,624,,,,,,,,
MCR/NPV,Asset Management,0.8881,0.41704,624,,,,,,,,
BLK/ETW,Asset Management,0.9553,0.41704,624,,,,,,,,
MIN/NQP,Asset Management,0.9496,0.41706,624,,,,,,,,
GOF/NTRS,Asset Management,0.9126,0.41706,624,,,,,,,,
EOD/STT,Asset Management,0.8208,0.41706,624,,,,,,,,
SNV/ZION,Banks - Regional,0.9446,0.41706,624,,,,,,,,
IGF/QTEC,Unknown,0.9256,0.41706,624,,,,,,,,
PFI/PRN,Unknown,0.9692,0.41707,624,,,,,,,,
ADUS/USPH,Medical Care Facilities,0.8814,0.41707,624,,,,,,,,
PCF/VRTS,Asset Management,0.8086,0.41708,624,,,,,,,,
MBCN/UBCP,Banks - Regional,0.9217,0.41708,624,,,,,,,,
JCE/QQQX,Asset Management,0.9777,0.41708,624,,,,,,,,
NXP/PFO,Asset Management,0.9458,0.41709,624,,,,,,,,
IJT/SMH,Unknown,0.8949,0.41716,624,,,,,,,,
BLK/SPE,Asset Management,0.9762,0.41716,624,,,,,,,,
EIX/IDA,Utilities - Regulated Electric,0.8979,0.41716,624,,,,,,,,
HIX/VPV,Asset Management,0.9159,0.41717,624,,,,,,,,
FFBC/FHN,Banks - Regional,0.8675,0.41717,624,,,,,,,,
TFSL/WSFS,Banks - Regional,0.8734,0.41717,624,,,,,,,,
NBTB/WTFC,Banks - Regional,0.9451,0.41719,624,,,,,,,,
SAFT/SIGI,Insurance - Property & Casualty,0.9392,0.41721,624,,,,,,,,
CNP/OGE,Utilities - Regulated Electric,0.9639,0.41721,624,,,,,,,,
BN/EVG,Asset Management,0.9715,0.41722,624,,,,,,,,
EVF/RVT,Asset Management,0.9586,0.41723,624,,,,,,,,
CZNC/HBAN,Banks - Regional,0.9226,0.41723,624,,,,,,,,
JEQ/STT,Asset Management,0.8839,0.41723,624,,,,,,,,
NWBI/SMBK,Banks - Regional,0.9257,0.41724,624,,,,,,,,
AAXJ/AIA,Unknown,0.9922,0.41725,624,,,,,,,,
BCPC/FUL,Specialty Chemicals,0.9237,0.41725,624,,,,,,,,
EHI/NMZ,Asset Management,0.9319,0.41726,624,,,,,,,,
DHF/MYI,Asset Management,0.8801,0.41727,624,,,,,,,,
BCML/OPOF,Banks - Regional,0.8486,0.4173,624,,,,,,,,
BLW/EVF,Asset Management,0.9758,0.4173,624,,,,,,,,
MFM/PDT,Asset Management,0.9293,0.4173,624,,,,,,,,
MYN/NZF,Asset Management,0.9626,0.41731,624,,,,,,,,
CBU/FNLC,Banks - Regional,0.9505,0.41731,624,,,,,,,,
CHCO/FBNC,Banks - Regional,0.9024,0.41731,624,,,,,,,,
CRL/DHR,Diagnostics & Research,0.9236,0.41732,624,,,,,,,,
FISI/PGC,Banks - Regional,0.9139,0.41732,624,,,,,,,,
NUV/NVG,Asset Management,0.9822,0.41733,624,,,,,,,,
CAC/TRST,Banks - Regional,0.9166,0.41733,624,,,,,,,,
SBRA/VTR,REIT - Healthcare Facilities,0.8114,0.41733,624,,,,,,,,
FAB/KTN,Unknown,0.9227,0.41735,624,,,,,,,,
CBU/HBNC,Banks - Regional,0.9367,0.41735,624,,,,,,,,
MIY/VPV,Asset Management,0.976,0.41736,624,,,,,,,,
DHF/STK,Asset Management,0.9088,0.41736,624,,,,,,,,
DHF/ETV,Asset Management,0.938,0.41737,624,,,,,,,,
CHMG/ESSA,Banks - Regional,0.9219,0.41737,624,,,,,,,,
NAC/NRK,Asset Management,0.9713,0.41737,624,,,,,,,,
CHW/HQL,Asset Management,0.903,0.41737,624,,,,,,,,
BSRR/NWBI,Banks - Regional,0.9486,0.41738,624,,,,,,,,
AOD/EVF,Asset Management,0.9449,0.41739,624,,,,,,,,
EOD/RQI,Asset Management,0.927,0.41739,624,,,,,,,,
MU/UMC,Semiconductors,0.8675,0.4174,624,,,,,,,,
BXMX/PNNT,Asset Management,0.8812,0.4174,624,,,,,,,,
BCML/WTFC,Banks - Regional,0.9168,0.41741,624,,,,,,,,
BLW/QQQX,Asset Management,0.9775,0.41742,624,,,,,,,,
EFR/VLT,Asset Management,0.9568,0.41742,624,,,,,,,,
CHCO/SBSI,Banks - Regional,0.8538,0.41742,624,,,,,,,,
DCO/GD,Aerospace & Defense,0.8724,0.41742,624,,,,,,,,
ETO/OIA,Asset Management,0.9115,0.41745,624,,,,,,,,
CBAN/CIVB,Banks - Regional,0.9635,0.41747,624,,,,,,,,
DRS/TDG,Aerospace & Defense,0.923,0.41748,624,,,,,,,,
JKHY/WNS,Information Technology Services,0.933,0.41748,624,,,,,,,,
GCBC/RF,Banks - Regional,0.9136,0.41749,624,,,,,,,,
GF/TROW,Asset Management,0.9284,0.4175,624,,,,,,,,
BANR/WSFS,Banks - Regional,0.9526,0.4175,624,,,,,,,,
EHI/MHN,Asset Management,0.8751,0.4175,624,,,,,,,,
NWBI/RVSB,Banks - Regional,0.9043,0.4175,624,,,,,,,,
NBTB/PNC,Banks - Regional,0.9432,0.41751,624,,,,,,,,
FTA/IGF,Unknown,0.9809,0.41751,624,,,,,,,,
CZFS/PFS,Banks - Regional,0.8454,0.41752,624,,,,,,,,
BME/IFN,Asset Management,0.9084,0.41752,624,,,,,,,,
MSD/VCV,Asset Management,0.894,0.41752,624,,,,,,,,
EBMT/RF,Banks - Regional,0.8165,0.41753,624,,,,,,,,
MYN/NVG,Asset Management,0.9592,0.41753,624,,,,,,,,
IBCP/USB,Banks - Regional,0.874,0.41754,624,,,,,,,,
MQT/VPV,Asset Management,0.9737,0.41754,624,,,,,,,,
BRKR/EW,Medical Devices,0.9323,0.41754,624,,,,,,,,
FRAF/ZION,Banks - Regional,0.8987,0.41756,624,,,,,,,,
ISBA/NKSH,Banks - Regional,0.8292,0.41756,624,,,,,,,,
OIA/TROW,Asset Management,0.8804,0.41756,624,,,,,,,,
FMNB/PB,Banks - Regional,0.9455,0.41757,624,,,,,,,,
BHK/TSI,Asset Management,0.9436,0.41757,624,,,,,,,,
DIOD/MCHP,Semiconductors,0.9305,0.41757,624,,,,,,,,
CHY/CII,Asset Management,0.9746,0.41758,624,,,,,,,,
AIA/IGSB,Unknown,0.9103,0.41759,624,,,,,,,,
BCML/HBCP,Banks - Regional,0.9484,0.41759,624,,,,,,,,
NIE/TWN,Asset Management,0.9611,0.4176,624,,,,,,,,
ABCB/SFNC,Banks - Regional,0.8911,0.41761,624,,,,,,,,
APH/FLEX,Electronic Components,0.9405,0.41761,624,,,,,,,,
LEO/VPV,Asset Management,0.9519,0.41761,624,,,,,,,,
MHN/MMT,Asset Management,0.8794,0.41762,624,,,,,,,,
CIVB/OPOF,Banks - Regional,0.907,0.41763,624,,,,,,,,
OZK/WBS,Banks - Regional,0.8792,0.41764,624,,,,,,,,
PEY/SOXX,Unknown,0.9174,0.41764,624,,,,,,,,
AROW/OCFC,Banks - Regional,0.8934,0.41764,624,,,,,,,,
MYI/NEA,Asset Management,0.9717,0.41765,624,,,,,,,,
CFFI/LCNB,Banks - Regional,0.8796,0.41765,624,,,,,,,,
GLAD/RFI,Asset Management,0.9115,0.41765,624,,,,,,,,
CAG/INGR,Packaged Foods,0.8132,0.41766,624,,,,,,,,
BVFL/CVBF,Banks - Regional,0.8239,0.41767,624,,,,,,,,
BGT/USA,Asset Management,0.947,0.41767,624,,,,,,,,
AGYS/ANSS,Software - Application,0.8063,0.41768,624,,,,,,,,
GFF/OC,Building Products & Equipment,0.9542,0.41768,624,,,,,,,,
BTO/GLAD,Asset Management,0.9001,0.41769,624,,,,,,,,
OVLY/SSB,Banks - Regional,0.8598,0.4177,624,,,,,,,,
EVF/MCN,Asset Management,0.9396,0.4177,624,,,,,,,,
FCT/JHS,Asset Management,0.8457,0.41771,624,,,,,,,,
CFFI/SBFG,Banks - Regional,0.8901,0.41774,624,,,,,,,,
AOD/BX,Asset Management,0.9417,0.41774,624,,,,,,,,
ETG/PTY,Asset Management,0.964,0.41774,624,,,,,,,,
FRAF/TRMK,Banks - Regional,0.923,0.41776,624,,,,,,,,
PPT/VMO,Asset Management,0.8466,0.41778,624,,,,,,,,
PKBK/WABC,Banks - Regional,0.9041,0.41778,624,,,,,,,,
CBAN/FRME,Banks - Regional,0.9545,0.41779,624,,,,,,,,
FOF/OIA,Asset Management,0.9014,0.41779,624,,,,,,,,
IGI/PHD,Asset Management,0.8212,0.41779,624,,,,,,,,
CARE/USB,Banks - Regional,0.8517,0.4178,624,,,,,,,,
ACIW/ORCL,Software - Infrastructure,0.8043,0.41782,624,,,,,,,,
CNOB/SFNC,Banks - Regional,0.9288,0.41785,624,,,,,,,,
MPV/SCD,Asset Management,0.9565,0.41786,624,,,,,,,,
EEA/TROW,Asset Management,0.8724,0.41787,624,,,,,,,,
BBH/PUI,Unknown,0.8997,0.41787,624,,,,,,,,
NEWT/SYBT,Banks - Regional,0.8312,0.41787,624,,,,,,,,
CZNC/SRCE,Banks - Regional,0.9178,0.41787,624,,,,,,,,
EOS/ETY,Asset Management,0.992,0.41788,624,,,,,,,,
BN/RJF,Asset Management,0.956,0.41788,624,,,,,,,,
AAXJ/SCZ,Unknown,0.9433,0.41792,624,,,,,,,,
BLK/TSI,Asset Management,0.9289,0.41792,624,,,,,,,,
NPV/PFO,Asset Management,0.9014,0.41792,624,,,,,,,,
ASH/FUL,Specialty Chemicals,0.92,0.41793,624,,,,,,,,
NXC/WIA,Asset Management,0.832,0.41793,624,,,,,,,,
ACNB/CBU,Banks - Regional,0.8613,0.41794,624,,,,,,,,
ETJ/TWN,Asset Management,0.9354,0.41794,624,,,,,,,,
KEY/WNEB,Banks - Regional,0.8318,0.41794,624,,,,,,,,
KTH/PUI,Unknown,0.9717,0.41795,624,,,,,,,,
TCBK/WTBA,Banks - Regional,0.9328,0.41795,624,,,,,,,,
MTB/RF,Banks - Regional,0.9248,0.41796,624,,,,,,,,
HBAN/OBT,Banks - Regional,0.858,0.41797,624,,,,,,,,
HQL/MIN,Asset Management,0.8255,0.41799,624,,,,,,,,
AB/FHI,Asset Management,0.909,0.41799,624,,,,,,,,
JPC/NXC,Asset Management,0.9437,0.41799,624,,,,,,,,
RVSB/WSFS,Banks - Regional,0.9021,0.41799,624,,,,,,,,
TOWN/WBS,Banks - Regional,0.9588,0.418,624,,,,,,,,
FMNB/GBCI,Banks - Regional,0.9545,0.418,624,,,,,,,,
GRX/HQL,Asset Management,0.954,0.41802,624,,,,,,,,
IMOS/LSCC,Semiconductors,0.8718,0.41803,624,,,,,,,,
CVBF/SNV,Banks - Regional,0.8913,0.41804,624,,,,,,,,
AWF/CIF,Asset Management,0.9036,0.41805,624,,,,,,,,
FFA/RJF,Asset Management,0.9693,0.41808,624,,,,,,,,
HDB/HWBK,Banks - Regional,0.9011,0.4181,624,,,,,,,,
PRIM/STRL,Engineering & Construction,0.8851,0.41811,624,,,,,,,,
CCBG/SBCF,Banks - Regional,0.8627,0.41811,624,,,,,,,,
PTY/RCS,Asset Management,0.8706,0.41812,624,,,,,,,,
GBCI/WSBC,Banks - Regional,0.8661,0.41812,624,,,,,,,,
BME/STT,Asset Management,0.8307,0.41812,624,,,,,,,,
FOF/LGI,Asset Management,0.9883,0.41814,624,,,,,,,,
CZNC/ZION,Banks - Regional,0.9053,0.41818,624,,,,,,,,
BANR/ISBA,Banks - Regional,0.8985,0.41818,624,,,,,,,,
NUE/STLD,Steel,0.967,0.41819,624,,,,,,,,
CUZ/HIW,REIT - Office,0.9171,0.4182,624,,,,,,,,
BME/ETG,Asset Management,0.9541,0.4182,624,,,,,,,,
ETV/SAR,Asset Management,0.9595,0.41821,624,,,,,,,,
GRX/MIY,Asset Management,0.9267,0.41821,624,,,,,,,,
PB/ZIONP,Banks - Regional,0.8912,0.41822,624,,,,,,,,
BKN/HIO,Asset Management,0.862,0.41822,624,,,,,,,,
ONB/WAFD,Banks - Regional,0.9243,0.41823,624,,,,,,,,
CII/TSI,Asset Management,0.9287,0.41823,624,,,,,,,,
BANC/SSB,Banks - Regional,0.8021,0.41823,624,,,,,,,,
CFR/LKFN,Banks - Regional,0.9665,0.41827,624,,,,,,,,
PEBK/UBSI,Banks - Regional,0.9136,0.41827,624,,,,,,,,
FNWD/MNSB,Banks - Regional,0.872,0.41827,624,,,,,,,,
DTF/OIA,Asset Management,0.8845,0.41827,624,,,,,,,,
MPB/PPBI,Banks - Regional,0.9261,0.41827,624,,,,,,,,
MTB/TCBK,Banks - Regional,0.9351,0.41827,624,,,,,,,,
OPBK/UCB,Banks - Regional,0.8896,0.41828,624,,,,,,,,
GDO/MSD,Asset Management,0.9115,0.41829,624,,,,,,,,
AAXJ/IBB,Unknown,0.8582,0.41831,624,,,,,,,,
HBCP/RBCAA,Banks - Regional,0.9379,0.41833,624,,,,,,,,
FFC/MHI,Asset Management,0.8622,0.41833,624,,,,,,,,
RNST/VABK,Banks - Regional,0.859,0.41834,624,,,,,,,,
ATR/ISRG,Medical Instruments & Supplies,0.9387,0.41835,624,,,,,,,,
UBSI/ZIONP,Banks - Regional,0.8639,0.41835,624,,,,,,,,
IUSV/QTEC,Unknown,0.9717,0.41837,624,,,,,,,,
FITB/HBCP,Banks - Regional,0.9194,0.41841,624,,,,,,,,
KBR/STN,Engineering & Construction,0.8761,0.41841,624,,,,,,,,
PROV/WSBF,Banks - Regional,0.8283,0.41841,624,,,,,,,,
BVFL/SYBT,Banks - Regional,0.8395,0.41843,624,,,,,,,,
EVF/GAIN,Asset Management,0.9571,0.41845,624,,,,,,,,
AROW/BMRC,Banks - Regional,0.8651,0.41847,624,,,,,,,,
GJO/PTF,Unknown,0.9381,0.41847,624,,,,,,,,
HTGC/PTY,Asset Management,0.9024,0.41848,624,,,,,,,,
PCF/SPXX,Asset Management,0.9745,0.4185,624,,,,,,,,
EFSC/FUNC,Banks - Regional,0.9098,0.4185,624,,,,,,,,
CAF/JHS,Asset Management,0.8462,0.41851,624,,,,,,,,
GAB/PFN,Asset Management,0.9351,0.41851,624,,,,,,,,
IGR/RQI,Asset Management,0.9624,0.41852,624,,,,,,,,
FUNC/TRST,Banks - Regional,0.8115,0.41852,624,,,,,,,,
MCR/VLT,Asset Management,0.9688,0.41853,624,,,,,,,,
CHCO/SRCE,Banks - Regional,0.9558,0.41853,624,,,,,,,,
ESSA/LCNB,Banks - Regional,0.8082,0.41854,624,,,,,,,,
INDB/WAFD,Banks - Regional,0.9371,0.41857,624,,,,,,,,
JMM/NKX,Asset Management,0.9533,0.41858,624,,,,,,,,
CFR/HTBK,Banks - Regional,0.8293,0.41858,624,,,,,,,,
BOKF/PB,Banks - Regional,0.9469,0.41859,624,,,,,,,,
HYT/RCS,Asset Management,0.8361,0.41859,624,,,,,,,,
AWF/RNP,Asset Management,0.9709,0.41859,624,,,,,,,,
EOD/SCD,Asset Management,0.9733,0.4186,624,,,,,,,,
CHCO/IBN,Banks - Regional,0.9275,0.41861,624,,,,,,,,
IBB/PFI,Unknown,0.8955,0.41863,624,,,,,,,,
ALRS/FNWD,Banks - Regional,0.8741,0.41864,624,,,,,,,,
BXMX/UTF,Asset Management,0.978,0.41865,624,,,,,,,,
JHI/STK,Asset Management,0.8972,0.41865,624,,,,,,,,
HBNC/TCBK,Banks - Regional,0.9215,0.41865,624,,,,,,,,
JQC/RVT,Asset Management,0.951,0.41866,624,,,,,,,,
CIF/NEA,Asset Management,0.9491,0.41866,624,,,,,,,,
SAR/STT,Asset Management,0.8147,0.41867,624,,,,,,,,
GJO/IMCV,Unknown,0.9645,0.41868,624,,,,,,,,
BCML/EBTC,Banks - Regional,0.9,0.41869,624,,,,,,,,
GABC/HWC,Banks - Regional,0.8677,0.41869,624,,,,,,,,
PFBC/UBCP,Banks - Regional,0.9416,0.41869,624,,,,,,,,
HOMB/OZK,Banks - Regional,0.9555,0.41869,624,,,,,,,,
ABCB/GCBC,Banks - Regional,0.8311,0.4187,624,,,,,,,,
HAFC/UVSP,Banks - Regional,0.8522,0.4187,624,,,,,,,,
GOF/QQQX,Asset Management,0.9864,0.4187,624,,,,,,,,
OSBC/SNV,Banks - Regional,0.9325,0.41871,624,,,,,,,,
CHI/ETW,Asset Management,0.9474,0.41872,624,,,,,,,,
IAE/QQQX,Asset Management,0.8338,0.41873,624,,,,,,,,
BGY/PHD,Asset Management,0.9431,0.41874,624,,,,,,,,
IGF/PID,Unknown,0.9522,0.41874,624,,,,,,,,
BBH/PKW,Unknown,0.8819,0.41874,624,,,,,,,,
AUB/CMA,Banks - Regional,0.9068,0.41875,624,,,,,,,,
TRST/WABC,Banks - Regional,0.8812,0.41876,624,,,,,,,,
FNWD/PB,Banks - Regional,0.8391,0.41877,624,,,,,,,,
IFN/MPV,Asset Management,0.9198,0.41877,624,,,,,,,,
FMY/MYD,Asset Management,0.8145,0.41877,624,,,,,,,,
ASB/IBOC,Banks - Regional,0.9005,0.41877,624,,,,,,,,
CZFS/HWBK,Banks - Regional,0.8804,0.41877,624,,,,,,,,
CATY/RBCAA,Banks - Regional,0.9279,0.41879,624,,,,,,,,
CFFI/NBTB,Banks - Regional,0.9074,0.41879,624,,,,,,,,
COLB/INBK,Banks - Regional,0.805,0.4188,624,,,,,,,,
BPOPM/INDY,Unknown,0.8784,0.41882,624,,,,,,,,
BFC/PFBC,Banks - Regional,0.9405,0.41882,624,,,,,,,,
FMNB/RF,Banks - Regional,0.9281,0.41882,624,,,,,,,,
HOMB/SSB,Banks - Regional,0.9758,0.41883,624,,,,,,,,
INBK/SNV,Banks - Regional,0.8749,0.41884,624,,,,,,,,
FFBC/TRST,Banks - Regional,0.9242,0.41884,624,,,,,,,,
AIR/CW,Aerospace & Defense,0.908,0.41886,624,,,,,,,,
QQEW/SHY,Unknown,0.9388,0.41886,624,,,,,,,,
CSWC/HTGC,Asset Management,0.9779,0.41888,624,,,,,,,,
SRCE/WAFD,Banks - Regional,0.9479,0.41888,624,,,,,,,,
FT/HIO,Asset Management,0.9739,0.41889,624,,,,,,,,
IGIB/USIG,Unknown,0.9941,0.41892,624,,,,,,,,
QQQ/SOXX,Unknown,0.9907,0.41892,624,,,,,,,,
ABR/STWD,REIT - Mortgage,0.9601,0.41893,624,,,,,,,,
JPC/MIY,Asset Management,0.9456,0.41894,624,,,,,,,,
BRW/WEA,Asset Management,0.8765,0.41895,624,,,,,,,,
FDBC/NBTB,Banks - Regional,0.8654,0.41895,624,,,,,,,,
JQC/MFIC,Asset Management,0.858,0.41896,624,,,,,,,,
JFR/RQI,Asset Management,0.9335,0.41896,624,,,,,,,,
FBIZ/WSFS,Banks - Regional,0.8472,0.41897,624,,,,,,,,
FUNC/PNFP,Banks - Regional,0.9131,0.41899,624,,,,,,,,
AIA/WOOD,Unknown,0.9181,0.41899,624,,,,,,,,
HIX/MQT,Asset Management,0.905,0.41899,624,,,,,,,,
IQI/PYN,Asset Management,0.8589,0.41899,624,,,,,,,,
BFC/GABC,Banks - Regional,0.9134,0.419,624,,,,,,,,
IAE/RJF,Asset Management,0.8214,0.419,624,,,,,,,,
CHMG/UBSI,Banks - Regional,0.8798,0.41901,624,,,,,,,,
PHD/RJF,Asset Management,0.9384,0.41901,624,,,,,,,,
DY/PRIM,Engineering & Construction,0.8363,0.41902,624,,,,,,,,
HOPE/WBS,Banks - Regional,0.8143,0.41903,624,,,,,,,,
CFR/MNSB,Banks - Regional,0.8898,0.41903,624,,,,,,,,
EFT/GAM,Asset Management,0.9737,0.41903,624,,,,,,,,
ETB/IGR,Asset Management,0.9211,0.41904,624,,,,,,,,
CMA/HTBK,Banks - Regional,0.9132,0.41904,624,,,,,,,,
HQL/WEA,Asset Management,0.8998,0.41904,624,,,,,,,,
JPC/MUJ,Asset Management,0.946,0.41904,624,,,,,,,,
HIO/MHN,Asset Management,0.8325,0.41906,624,,,,,,,,
EFR/EVT,Asset Management,0.9557,0.41907,624,,,,,,,,
EFSC/SFNC,Banks - Regional,0.8787,0.41908,624,,,,,,,,
EHI/VKQ,Asset Management,0.9184,0.41908,624,,,,,,,,
AX/HOMB,Banks - Regional,0.9316,0.41909,624,,,,,,,,
RVT/VRTS,Asset Management,0.8475,0.41911,624,,,,,,,,
BTO/IIF,Asset Management,0.8882,0.41912,624,,,,,,,,
DHIL/ETW,Asset Management,0.9048,0.41912,624,,,,,,,,
AWP/CXE,Asset Management,0.8691,0.41913,624,,,,,,,,
SBCF/THFF,Banks - Regional,0.93,0.41913,624,,,,,,,,
BTA/WIW,Asset Management,0.9086,0.41916,624,,,,,,,,
MBWM/SNV,Banks - Regional,0.9298,0.41916,624,,,,,,,,
CZNC/OPBK,Banks - Regional,0.8891,0.41916,624,,,,,,,,
BTZ/NUV,Asset Management,0.9649,0.41917,624,,,,,,,,
MCR/MVT,Asset Management,0.8227,0.41918,624,,,,,,,,
AOD/DSU,Asset Management,0.9522,0.41922,624,,,,,,,,
CNS/MCR,Asset Management,0.9341,0.41923,624,,,,,,,,
BFC/WTFC,Banks - Regional,0.8931,0.41923,624,,,,,,,,
BCML/SRCE,Banks - Regional,0.9376,0.41924,624,,,,,,,,
LTC/NHI,REIT - Healthcare Facilities,0.9453,0.41925,624,,,,,,,,
HQH/SPXX,Asset Management,0.8663,0.41926,624,,,,,,,,
EVT/SPE,Asset Management,0.9681,0.41926,624,,,,,,,,
ACWI/VGSH,Unknown,0.9374,0.41926,624,,,,,,,,
BTO/PCF,Asset Management,0.9536,0.41927,624,,,,,,,,
BN/NVG,Asset Management,0.8668,0.41928,624,,,,,,,,
FFIC/SFNC,Banks - Regional,0.9219,0.41928,624,,,,,,,,
AWF/FCT,Asset Management,0.9818,0.41929,624,,,,,,,,
LARK/THFF,Banks - Regional,0.9067,0.41932,624,,,,,,,,
CMS/TXNM,Utilities - Regulated Electric,0.9746,0.41932,624,,,,,,,,
BFZ/MPA,Asset Management,0.9523,0.41932,624,,,,,,,,
GBCI/VABK,Banks - Regional,0.9011,0.41933,624,,,,,,,,
DOV/FELE,Specialty Industrial Machinery,0.9789,0.41933,624,,,,,,,,
PCM/PFO,Asset Management,0.9237,0.41933,624,,,,,,,,
FRST/HTBK,Banks - Regional,0.9351,0.41935,624,,,,,,,,
CBSH/QCRH,Banks - Regional,0.9179,0.41935,624,,,,,,,,
FFC/MIN,Asset Management,0.9221,0.41936,624,,,,,,,,
BHK/VPV,Asset Management,0.9661,0.41937,624,,,,,,,,
GBCI/RNST,Banks - Regional,0.8585,0.41937,624,,,,,,,,
NWBI/WSBC,Banks - Regional,0.9559,0.41937,624,,,,,,,,
DHF/NUW,Asset Management,0.8482,0.41937,624,,,,,,,,
JMM/NFJ,Asset Management,0.907,0.41938,624,,,,,,,,
ETO/IIF,Asset Management,0.9096,0.41938,624,,,,,,,,
AROW/HFWA,Banks - Regional,0.9392,0.41939,624,,,,,,,,
CADE/FHN,Banks - Regional,0.8487,0.41939,624,,,,,,,,
FNWD/NKSH,Banks - Regional,0.8774,0.4194,624,,,,,,,,
MUC/NVG,Asset Management,0.9472,0.41941,624,,,,,,,,
BANF/CAC,Banks - Regional,0.8506,0.41942,624,,,,,,,,
DSGX/SAP,Software - Application,0.9102,0.41943,624,,,,,,,,
PEBO/WTBA,Banks - Regional,0.9227,0.41945,624,,,,,,,,
EXG/PHD,Asset Management,0.9597,0.41945,624,,,,,,,,
EBMT/ONB,Banks - Regional,0.8303,0.41946,624,,,,,,,,
BLK/RVT,Asset Management,0.9843,0.41947,624,,,,,,,,
GAM/NTRS,Asset Management,0.845,0.41947,624,,,,,,,,
RTH/VGSH,Unknown,0.9468,0.41949,624,,,,,,,,
JPC/WEA,Asset Management,0.9647,0.4195,624,,,,,,,,
BFC/CBU,Banks - Regional,0.873,0.4195,624,,,,,,,,
CBSH/FDBC,Banks - Regional,0.8931,0.4195,624,,,,,,,,
IGA/TSI,Asset Management,0.9339,0.4195,624,,,,,,,,
IEX/MWA,Specialty Industrial Machinery,0.817,0.4195,624,,,,,,,,
BFIN/OCFC,Banks - Regional,0.8635,0.41951,624,,,,,,,,
CXH/MSD,Asset Management,0.8967,0.41951,624,,,,,,,,
FMAO/FMNB,Banks - Regional,0.8863,0.41952,624,,,,,,,,
CII/ETO,Asset Management,0.9826,0.41952,624,,,,,,,,
ACAD/IONS,Biotechnology,0.8126,0.41953,624,,,,,,,,
PLUS/PTC,Software - Application,0.9569,0.41954,624,,,,,,,,
PMF/VMO,Asset Management,0.9343,0.41955,624,,,,,,,,
EGO/IAG,Gold,0.9159,0.41955,624,,,,,,,,
FMBH/RNST,Banks - Regional,0.8753,0.41956,624,,,,,,,,
FDBC/NWBI,Banks - Regional,0.8649,0.41956,624,,,,,,,,
AWF/JFR,Asset Management,0.977,0.41957,624,,,,,,,,
PFBC/WSFS,Banks - Regional,0.9443,0.41959,624,,,,,,,,
IEF/KTN,Unknown,0.8402,0.41959,624,,,,,,,,
FBNC/IBOC,Banks - Regional,0.9073,0.41959,624,,,,,,,,
LCNB/PROV,Banks - Regional,0.8673,0.41959,624,,,,,,,,
BRO/MMC,Insurance Brokers,0.9815,0.4196,624,,,,,,,,
AWP/CHW,Asset Management,0.9614,0.4196,624,,,,,,,,
AIG/ESGR,Insurance - Diversified,0.8998,0.4196,624,,,,,,,,
FSFG/SSB,Banks - Regional,0.8858,0.41961,624,,,,,,,,
BFIN/PFS,Banks - Regional,0.8343,0.41961,624,,,,,,,,
BME/BTO,Asset Management,0.9262,0.41961,624,,,,,,,,
PCN/SOR,Asset Management,0.9476,0.41961,624,,,,,,,,
LKFN/PNC,Banks - Regional,0.9678,0.41963,624,,,,,,,,
FSFG/NWFL,Banks - Regional,0.8854,0.41963,624,,,,,,,,
FHI/FUND,Asset Management,0.9386,0.41963,624,,,,,,,,
CBU/FXNC,Banks - Regional,0.874,0.41964,624,,,,,,,,
GRID/IPB,Unknown,0.8671,0.41964,624,,,,,,,,
NDSN/RRX,Specialty Industrial Machinery,0.9359,0.41964,624,,,,,,,,
BHK/MHF,Asset Management,0.9565,0.41965,624,,,,,,,,
AROW/FRAF,Banks - Regional,0.913,0.41966,624,,,,,,,,
FMNB/OPBK,Banks - Regional,0.9123,0.41966,624,,,,,,,,
CCBG/IBCP,Banks - Regional,0.9308,0.41966,624,,,,,,,,
LANC/MKC,Packaged Foods,0.9284,0.41967,624,,,,,,,,
HIX/MIN,Asset Management,0.9397,0.41967,624,,,,,,,,
STK/USA,Asset Management,0.9861,0.41969,624,,,,,,,,
CZFS/SRCE,Banks - Regional,0.8724,0.4197,624,,,,,,,,
ACWI/PKW,Unknown,0.9936,0.41971,624,,,,,,,,
NBTB/RF,Banks - Regional,0.9455,0.41971,624,,,,,,,,
BPOPM/FTA,Unknown,0.9334,0.41972,624,,,,,,,,
GJT/KTH,Unknown,0.919,0.41972,624,,,,,,,,
EXG/PFL,Asset Management,0.9632,0.41973,624,,,,,,,,
BPOPM/PSL,Unknown,0.959,0.41973,624,,,,,,,,
ETB/ETW,Asset Management,0.9817,0.41975,624,,,,,,,,
ETV/PTY,Asset Management,0.9674,0.41975,624,,,,,,,,
BFIN/BRKL,Banks - Regional,0.8103,0.41976,624,,,,,,,,
AB/SAR,Asset Management,0.9489,0.41976,624,,,,,,,,
ETV/JMM,Asset Management,0.9521,0.41977,624,,,,,,,,
ETO/ETV,Asset Management,0.9865,0.41977,624,,,,,,,,
BVFL/LKFN,Banks - Regional,0.8786,0.41978,624,,,,,,,,
HPS/PAI,Asset Management,0.9339,0.41978,624,,,,,,,,
ADX/BME,Asset Management,0.94,0.41978,624,,,,,,,,
GDL/PFN,Asset Management,0.9578,0.41981,624,,,,,,,,
DLB/DLHC,Specialty Business Services,0.827,0.41983,624,,,,,,,,
HPF/VKQ,Asset Management,0.9225,0.41983,624,,,,,,,,
PFIS/RNST,Banks - Regional,0.8513,0.41985,624,,,,,,,,
HQL/MUC,Asset Management,0.8711,0.41988,624,,,,,,,,
SSB/USB,Banks - Regional,0.9154,0.41989,624,,,,,,,,
BUSE/MOFG,Banks - Regional,0.9017,0.41989,624,,,,,,,,
IGR/MUJ,Asset Management,0.9182,0.4199,624,,,,,,,,
HFWA/MBCN,Banks - Regional,0.8461,0.41992,624,,,,,,,,
CVBF/OSBC,Banks - Regional,0.9177,0.41994,624,,,,,,,,
HQL/JHS,Asset Management,0.8975,0.41994,624,,,,,,,,
PKBK/SFST,Banks - Regional,0.9231,0.41997,624,,,,,,,,
FLC/HIX,Asset Management,0.9457,0.41997,624,,,,,,,,
BOE/PCN,Asset Management,0.9366,0.41998,624,,,,,,,,
ARTNA/PCYO,Utilities - Regulated Water,0.812,0.41999,624,,,,,,,,
CIVB/WSFS,Banks - Regional,0.9601,0.42,624,,,,,,,,
BME/VBF,Asset Management,0.9423,0.42,624,,,,,,,,
OIA/USA,Asset Management,0.8735,0.42002,624,,,,,,,,
ETB/EXG,Asset Management,0.9807,0.42002,624,,,,,,,,
JQC/WIA,Asset Management,0.8239,0.42002,624,,,,,,,,
HYT/IGI,Asset Management,0.8804,0.42002,624,,,,,,,,
PML/WEA,Asset Management,0.8534,0.42004,624,,,,,,,,
BRW/SOR,Asset Management,0.954,0.42005,624,,,,,,,,
HQH/NRK,Asset Management,0.8401,0.42008,624,,,,,,,,
IUSG/SHV,Unknown,0.9358,0.42009,624,,,,,,,,
COFS/FBNC,Banks - Regional,0.8787,0.42009,624,,,,,,,,
JHS/NAZ,Asset Management,0.9295,0.4201,624,,,,,,,,
ABEO/CAPR,Biotechnology,0.9355,0.42011,624,,,,,,,,
ETR/EVRG,Utilities - Regulated Electric,0.8885,0.42011,624,,,,,,,,
MWA/ROK,Specialty Industrial Machinery,0.8443,0.42012,624,,,,,,,,
JRS/MQT,Asset Management,0.8906,0.42013,624,,,,,,,,
UVSP/WTBA,Banks - Regional,0.926,0.42013,624,,,,,,,,
FHN/HFWA,Banks - Regional,0.835,0.42015,624,,,,,,,,
TROW/USA,Asset Management,0.8909,0.42018,624,,,,,,,,
ABCB/FRST,Banks - Regional,0.8656,0.42018,624,,,,,,,,
CARE/TRMK,Banks - Regional,0.8355,0.42019,624,,,,,,,,
AB/BTO,Asset Management,0.9215,0.4202,624,,,,,,,,
LKFN/SNV,Banks - Regional,0.8969,0.4202,624,,,,,,,,
TCBK/WAL,Banks - Regional,0.9194,0.42022,624,,,,,,,,
FBNC/HFBL,Banks - Regional,0.902,0.42022,624,,,,,,,,
PSEC/TSI,Asset Management,0.817,0.42022,624,,,,,,,,
SUI/UMH,REIT - Residential,0.9368,0.42023,624,,,,,,,,
CNS/LGI,Asset Management,0.9681,0.42024,624,,,,,,,,
INBK/SSB,Banks - Regional,0.8682,0.42024,624,,,,,,,,
AB/ARCC,Asset Management,0.9411,0.42025,624,,,,,,,,
BOH/SNV,Banks - Regional,0.9134,0.42026,624,,,,,,,,
CXT/DOV,Specialty Industrial Machinery,0.9057,0.42027,624,,,,,,,,
FBIZ/LCNB,Banks - Regional,0.8034,0.42028,624,,,,,,,,
CMA/OPOF,Banks - Regional,0.8399,0.42029,624,,,,,,,,
FULT/WAL,Banks - Regional,0.8987,0.42029,624,,,,,,,,
MGEE/NGG,Utilities - Regulated Electric,0.8918,0.42029,624,,,,,,,,
COF/MA,Credit Services,0.9006,0.42029,624,,,,,,,,
CNS/NXJ,Asset Management,0.8964,0.42031,624,,,,,,,,
CIF/MSD,Asset Management,0.8976,0.42032,624,,,,,,,,
FNX/FTA,Unknown,0.9929,0.42033,624,,,,,,,,
NUV/PYN,Asset Management,0.8301,0.42033,624,,,,,,,,
ASG/WIW,Asset Management,0.9471,0.42034,624,,,,,,,,
BTA/EVG,Asset Management,0.8864,0.42034,624,,,,,,,,
CCNE/INBK,Banks - Regional,0.81,0.42035,624,,,,,,,,
ASB/FNB,Banks - Regional,0.9257,0.42037,624,,,,,,,,
FTCS/IGSB,Unknown,0.964,0.42037,624,,,,,,,,
CHCO/OPBK,Banks - Regional,0.9069,0.42037,624,,,,,,,,
MPV/VVR,Asset Management,0.9482,0.42037,624,,,,,,,,
NBTB/UMBF,Banks - Regional,0.9184,0.42037,624,,,,,,,,
CIF/NTRS,Asset Management,0.9285,0.42038,624,,,,,,,,
IJT/JBK,Unknown,0.9638,0.4204,624,,,,,,,,
SSB/UBCP,Banks - Regional,0.8361,0.4204,624,,,,,,,,
SPE/SPXX,Asset Management,0.9737,0.42041,624,,,,,,,,
GAIN/USA,Asset Management,0.9797,0.42042,624,,,,,,,,
HYT/PFD,Asset Management,0.8764,0.42043,624,,,,,,,,
GGG/PNR,Specialty Industrial Machinery,0.8976,0.42043,624,,,,,,,,
ABCB/FFBC,Banks - Regional,0.9701,0.42044,624,,,,,,,,
AGD/FT,Asset Management,0.9447,0.42045,624,,,,,,,,
ETN/SXI,Specialty Industrial Machinery,0.9184,0.42045,624,,,,,,,,
PEY/PPH,Unknown,0.9413,0.42046,624,,,,,,,,
AGD/FMY,Asset Management,0.8889,0.42047,624,,,,,,,,
CGO/NFJ,Asset Management,0.9468,0.42048,624,,,,,,,,
OIA/STK,Asset Management,0.8278,0.42048,624,,,,,,,,
EOT/ETV,Asset Management,0.8654,0.42048,624,,,,,,,,
BTO/RQI,Asset Management,0.9582,0.42049,624,,,,,,,,
FUND/MCN,Asset Management,0.9865,0.42049,624,,,,,,,,
FISI/HOMB,Banks - Regional,0.872,0.42051,624,,,,,,,,
HIX/MQY,Asset Management,0.8993,0.42051,624,,,,,,,,
CMU/RNP,Asset Management,0.8172,0.42052,624,,,,,,,,
MIN/NKX,Asset Management,0.9072,0.42054,624,,,,,,,,
MCR/MGF,Asset Management,0.9088,0.42054,624,,,,,,,,
EXG/FOF,Asset Management,0.9887,0.42054,624,,,,,,,,
BPOPM/IGF,Unknown,0.9329,0.42056,624,,,,,,,,
ASB/BANF,Banks - Regional,0.8438,0.42057,624,,,,,,,,
MBWM/PNFP,Banks - Regional,0.9532,0.42057,624,,,,,,,,
FDBC/THFF,Banks - Regional,0.8435,0.42057,624,,,,,,,,
EL/HELE,Household & Personal Products,0.9065,0.42057,624,,,,,,,,
NRIM/UMBF,Banks - Regional,0.8951,0.42058,624,,,,,,,,
HTBK/KRNY,Banks - Regional,0.8191,0.42058,624,,,,,,,,
K/LANC,Packaged Foods,0.8267,0.42059,624,,,,,,,,
EVG/EVT,Asset Management,0.9673,0.42061,624,,,,,,,,
HQL/VGM,Asset Management,0.8729,0.42062,624,,,,,,,,
BGY/QQQX,Asset Management,0.9369,0.42063,624,,,,,,,,
AX/WSFS,Banks - Regional,0.9094,0.42063,624,,,,,,,,
OBT/SNV,Banks - Regional,0.8075,0.42063,624,,,,,,,,
MQY/NMZ,Asset Management,0.9758,0.42065,624,,,,,,,,
ISBA/SRCE,Banks - Regional,0.8748,0.42065,624,,,,,,,,
GABC/ZION,Banks - Regional,0.9396,0.42066,624,,,,,,,,
CIF/NAC,Asset Management,0.8996,0.42068,624,,,,,,,,
LCNB/NWFL,Banks - Regional,0.8447,0.42068,624,,,,,,,,
SELF/WY,REIT - Specialty,0.8661,0.42069,624,,,,,,,,
AWP/GLAD,Asset Management,0.8325,0.42069,624,,,,,,,,
GUT/MPA,Asset Management,0.8125,0.4207,624,,,,,,,,
LKFN/TFC,Banks - Regional,0.8934,0.4207,624,,,,,,,,
CTBI/GBCI,Banks - Regional,0.9087,0.4207,624,,,,,,,,
NXN/PFL,Asset Management,0.9335,0.42072,624,,,,,,,,
BKT/VPV,Asset Management,0.9438,0.42072,624,,,,,,,,
HDB/HFBL,Banks - Regional,0.9039,0.42072,624,,,,,,,,
CNP/IDA,Utilities - Regulated Electric,0.9328,0.42072,624,,,,,,,,
TRMK/WBS,Banks - Regional,0.9384,0.42073,624,,,,,,,,
CSWC/IFN,Asset Management,0.9697,0.42074,624,,,,,,,,
FCNCA/MBWM,Banks - Regional,0.8463,0.42074,624,,,,,,,,
NNI/V,Credit Services,0.9586,0.42074,624,,,,,,,,
FRST/SSB,Banks - Regional,0.8549,0.42076,624,,,,,,,,
BLK/GDL,Asset Management,0.9394,0.42076,624,,,,,,,,
KMX/LAD,Auto & Truck Dealerships,0.8224,0.42076,624,,,,,,,,
BLK/RMT,Asset Management,0.9813,0.42077,624,,,,,,,,
MYI/NQP,Asset Management,0.9799,0.42077,624,,,,,,,,
FRME/SFNC,Banks - Regional,0.9223,0.42079,624,,,,,,,,
FBNC/LCNB,Banks - Regional,0.8692,0.42081,624,,,,,,,,
HIW/KRC,REIT - Office,0.9135,0.42081,624,,,,,,,,
JHI/RNP,Asset Management,0.949,0.42083,624,,,,,,,,
INDY/ONEQ,Unknown,0.9587,0.42084,624,,,,,,,,
ISBA/LSBK,Banks - Regional,0.8667,0.42085,624,,,,,,,,
ATS/IEX,Specialty Industrial Machinery,0.8715,0.42085,624,,,,,,,,
AGM/V,Credit Services,0.9369,0.42086,624,,,,,,,,
PNC/VLY,Banks - Regional,0.8541,0.42086,624,,,,,,,,
OVBC/PEBO,Banks - Regional,0.8314,0.42086,624,,,,,,,,
OVLY/PNFP,Banks - Regional,0.8673,0.42087,624,,,,,,,,
FMN/JHI,Asset Management,0.8573,0.42088,624,,,,,,,,
JBK/PEZ,Unknown,0.9228,0.42088,624,,,,,,,,
CNS/SCD,Asset Management,0.9317,0.42088,624,,,,,,,,
FCT/IGR,Asset Management,0.9078,0.42089,624,,,,,,,,
BNY/MUJ,Asset Management,0.9327,0.4209,624,,,,,,,,
MYN/PNI,Asset Management,0.8915,0.42092,624,,,,,,,,
CBAN/PNC,Banks - Regional,0.9217,0.42092,624,,,,,,,,
IQI/MHI,Asset Management,0.8926,0.42092,624,,,,,,,,
ETB/MFM,Asset Management,0.8542,0.42095,624,,,,,,,,
GCBC/SMBK,Banks - Regional,0.8596,0.42095,624,,,,,,,,
HFBL/NFBK,Banks - Regional,0.8089,0.42096,624,,,,,,,,
FRME/PB,Banks - Regional,0.9548,0.42096,624,,,,,,,,
FMY/PFN,Asset Management,0.9335,0.42096,624,,,,,,,,
AIA/SCZ,Unknown,0.9452,0.42097,624,,,,,,,,
BSRR/INBK,Banks - Regional,0.8117,0.42099,624,,,,,,,,
FBIZ/FULT,Banks - Regional,0.9044,0.42099,624,,,,,,,,
AOD/WIW,Asset Management,0.8936,0.421,624,,,,,,,,
CFFI/ESSA,Banks - Regional,0.8794,0.421,624,,,,,,,,
DCI/KAI,Specialty Industrial Machinery,0.9321,0.42102,624,,,,,,,,
GBCI/WABC,Banks - Regional,0.9157,0.42102,624,,,,,,,,
BME/GAB,Asset Management,0.9324,0.42102,624,,,,,,,,
ETB/PMM,Asset Management,0.9011,0.42103,624,,,,,,,,
GDL/PSEC,Asset Management,0.8263,0.42104,624,,,,,,,,
GBCI/UCB,Banks - Regional,0.9347,0.42105,624,,,,,,,,
ASRT/VTRS,Drug Manufacturers - Specialty & Generic,0.8828,0.42106,624,,,,,,,,
FRME/UNTY,Banks - Regional,0.8776,0.42107,624,,,,,,,,
AOD/RVT,Asset Management,0.9751,0.42107,624,,,,,,,,
FBIZ/OSBC,Banks - Regional,0.8679,0.42107,624,,,,,,,,
EOS/NTRS,Asset Management,0.8845,0.42107,624,,,,,,,,
GUT/PFD,Asset Management,0.8313,0.42108,624,,,,,,,,
BME/BXMX,Asset Management,0.9657,0.4211,624,,,,,,,,
IGIB/PYT,Unknown,0.9426,0.4211,624,,,,,,,,
AGD/AWF,Asset Management,0.9182,0.42111,624,,,,,,,,
PNFP/VLY,Banks - Regional,0.8211,0.42113,624,,,,,,,,
JCE/PNNT,Asset Management,0.9107,0.42114,624,,,,,,,,
HPF/NAN,Asset Management,0.9327,0.42115,624,,,,,,,,
IEF/VMBS,Unknown,0.9753,0.42115,624,,,,,,,,
LKFN/UVSP,Banks - Regional,0.8923,0.42115,624,,,,,,,,
EFT/EOS,Asset Management,0.9602,0.42116,624,,,,,,,,
LKFN/PFIS,Banks - Regional,0.9173,0.42117,624,,,,,,,,
INDB/MTB,Banks - Regional,0.8906,0.42118,624,,,,,,,,
PUI/VCLT,Unknown,0.8533,0.42118,624,,,,,,,,
HIO/MPA,Asset Management,0.8976,0.42119,624,,,,,,,,
BHK/HPS,Asset Management,0.9344,0.42122,624,,,,,,,,
FCF/SFNC,Banks - Regional,0.8409,0.42123,624,,,,,,,,
BTA/BTZ,Asset Management,0.9716,0.42123,624,,,,,,,,
FHI/PIM,Asset Management,0.8165,0.42123,624,,,,,,,,
FISI/GBCI,Banks - Regional,0.868,0.42126,624,,,,,,,,
BRW/FFA,Asset Management,0.9306,0.42126,624,,,,,,,,
RF/RNST,Banks - Regional,0.8001,0.42127,624,,,,,,,,
CNOB/DCOM,Banks - Regional,0.9323,0.42128,624,,,,,,,,
EOT/PFL,Asset Management,0.9005,0.42128,624,,,,,,,,
CZNC/SYBT,Banks - Regional,0.8642,0.42129,624,,,,,,,,
GLAD/RNP,Asset Management,0.9367,0.42131,624,,,,,,,,
AB/ETB,Asset Management,0.9408,0.42134,624,,,,,,,,
AVK/PCF,Asset Management,0.8061,0.42135,624,,,,,,,,
HQH/PFN,Asset Management,0.8796,0.42135,624,,,,,,,,
ARCC/PSEC,Asset Management,0.8642,0.42136,624,,,,,,,,
HQL/MVF,Asset Management,0.87,0.42136,624,,,,,,,,
HPI/WIA,Asset Management,0.8591,0.42136,624,,,,,,,,
FRD/STLD,Steel,0.8235,0.42137,624,,,,,,,,
FLC/JHI,Asset Management,0.9403,0.42137,624,,,,,,,,
AUB/LKFN,Banks - Regional,0.9272,0.42138,624,,,,,,,,
KTOS/WWD,Aerospace & Defense,0.8277,0.42139,624,,,,,,,,
FTCS/QTEC,Unknown,0.9797,0.42139,624,,,,,,,,
NMZ/NQP,Asset Management,0.9816,0.42139,624,,,,,,,,
CIF/NXN,Asset Management,0.9265,0.42139,624,,,,,,,,
PMX/WEA,Asset Management,0.8425,0.4214,624,,,,,,,,
JPC/MYI,Asset Management,0.9474,0.42141,624,,,,,,,,
OVLY/THFF,Banks - Regional,0.8701,0.42141,624,,,,,,,,
EOS/JCE,Asset Management,0.9836,0.42141,624,,,,,,,,
CLF/MT,Steel,0.8583,0.42142,624,,,,,,,,
AIA/PFF,Unknown,0.9149,0.42143,624,,,,,,,,
AB/STEW,Asset Management,0.9465,0.42144,624,,,,,,,,
GUT/WIA,Asset Management,0.8685,0.42144,624,,,,,,,,
NMZ/PCK,Asset Management,0.8409,0.42146,624,,,,,,,,
EVT/JMM,Asset Management,0.9371,0.42147,624,,,,,,,,
HQH/MYD,Asset Management,0.85,0.42148,624,,,,,,,,
EVG/GOF,Asset Management,0.9704,0.4215,624,,,,,,,,
HQH/PCN,Asset Management,0.8672,0.42152,624,,,,,,,,
COFS/CWBC,Banks - Regional,0.8709,0.42153,624,,,,,,,,
BBH/PFM,Unknown,0.8798,0.42154,624,,,,,,,,
MUE/PMF,Asset Management,0.9371,0.42154,624,,,,,,,,
CIVB/HFBL,Banks - Regional,0.9321,0.42154,624,,,,,,,,
JHI/TROW,Asset Management,0.9196,0.42154,624,,,,,,,,
BPOPM/PNQI,Unknown,0.9154,0.42156,624,,,,,,,,
IMOS/TXN,Semiconductors,0.924,0.42156,624,,,,,,,,
MCY/TRV,Insurance - Property & Casualty,0.8023,0.42158,624,,,,,,,,
JRS/WEA,Asset Management,0.92,0.42158,624,,,,,,,,
STN/STRL,Engineering & Construction,0.867,0.42159,624,,,,,,,,
RUSHA/RUSHB,Auto & Truck Dealerships,0.9909,0.42159,624,,,,,,,,
CFR/UVSP,Banks - Regional,0.9133,0.4216,624,,,,,,,,
AGD/FRA,Asset Management,0.929,0.42162,624,,,,,,,,
FOF/IIF,Asset Management,0.9248,0.42162,624,,,,,,,,
FFBC/GSBC,Banks - Regional,0.9353,0.42163,624,,,,,,,,
VRTS/WIA,Asset Management,0.8034,0.42163,624,,,,,,,,
EFSC/INDB,Banks - Regional,0.9376,0.42163,624,,,,,,,,
CXH/OIA,Asset Management,0.9662,0.42164,624,,,,,,,,
FITB/PPBI,Banks - Regional,0.8175,0.42166,624,,,,,,,,
HPS/SBI,Asset Management,0.9028,0.42166,624,,,,,,,,
ASH/SXT,Specialty Chemicals,0.8821,0.42166,624,,,,,,,,
HOMB/HOPE,Banks - Regional,0.8062,0.42167,624,,,,,,,,
HTBK/OPBK,Banks - Regional,0.848,0.42167,624,,,,,,,,
PTY/RVT,Asset Management,0.9668,0.42167,624,,,,,,,,
LCNB/OZK,Banks - Regional,0.8801,0.42167,624,,,,,,,,
FLC/SBI,Asset Management,0.9401,0.42167,624,,,,,,,,
SMBK/TFSL,Banks - Regional,0.8518,0.42168,624,,,,,,,,
LKFN/NECB,Banks - Regional,0.8125,0.42168,624,,,,,,,,
HAL/SLB,Oil & Gas Equipment & Services,0.8962,0.42169,624,,,,,,,,
DSU/PFL,Asset Management,0.9392,0.42169,624,,,,,,,,
CARE/WBS,Banks - Regional,0.8615,0.4217,624,,,,,,,,
BGT/SEIC,Asset Management,0.8721,0.4217,624,,,,,,,,
MUC/VPV,Asset Management,0.9589,0.42171,624,,,,,,,,
BFK/HIO,Asset Management,0.8086,0.42171,624,,,,,,,,
AWP/ETG,Asset Management,0.9202,0.42171,624,,,,,,,,
SHY/VCIT,Unknown,0.9358,0.42172,624,,,,,,,,
NIM/PFN,Asset Management,0.9308,0.42172,624,,,,,,,,
ABCB/FISI,Banks - Regional,0.9144,0.42173,624,,,,,,,,
HQH/PAI,Asset Management,0.8523,0.42174,624,,,,,,,,
ALV/ORLY,Auto Parts,0.8092,0.42175,624,,,,,,,,
MGYR/PNC,Banks - Regional,0.9193,0.42175,624,,,,,,,,
CII/ETV,Asset Management,0.9745,0.42175,624,,,,,,,,
MAIN/RCS,Asset Management,0.8624,0.42175,624,,,,,,,,
FRA/MPV,Asset Management,0.9599,0.42175,624,,,,,,,,
GYRE/VXRT,Biotechnology,0.9674,0.42178,624,,,,,,,,
CBSH/LCNB,Banks - Regional,0.8632,0.42178,624,,,,,,,,
BSRR/HTBK,Banks - Regional,0.8971,0.4218,624,,,,,,,,
HQI/KFRC,Staffing & Employment Services,0.8939,0.4218,624,,,,,,,,
GDO/MGF,Asset Management,0.9197,0.4218,624,,,,,,,,
FRA/PNNT,Asset Management,0.9454,0.42181,624,,,,,,,,
GDL/NXN,Asset Management,0.8973,0.42181,624,,,,,,,,
BOKF/FBIZ,Banks - Regional,0.902,0.42181,624,,,,,,,,
HDB/WTBA,Banks - Regional,0.9048,0.42182,624,,,,,,,,
LCNB/OPBK,Banks - Regional,0.8722,0.42183,624,,,,,,,,
PMM/WIA,Asset Management,0.9139,0.42183,624,,,,,,,,
FCNCA/GCBC,Banks - Regional,0.8644,0.42184,624,,,,,,,,
MBWM/PB,Banks - Regional,0.9384,0.42184,624,,,,,,,,
FYX/GJT,Unknown,0.9276,0.42185,624,,,,,,,,
HBAN/OZK,Banks - Regional,0.8751,0.42185,624,,,,,,,,
AWP/OIA,Asset Management,0.9172,0.42186,624,,,,,,,,
BFZ/NAC,Asset Management,0.9699,0.42186,624,,,,,,,,
MCR/PCN,Asset Management,0.9799,0.42186,624,,,,,,,,
FAD/SMH,Unknown,0.941,0.42186,624,,,,,,,,
DSWL/ROG,Electronic Components,0.8324,0.42186,624,,,,,,,,
PFI/PIE,Unknown,0.84,0.42187,624,,,,,,,,
DCOM/NWBI,Banks - Regional,0.9002,0.42188,624,,,,,,,,
AU/CGAU,Gold,0.8418,0.42189,624,,,,,,,,
CAF/MVT,Asset Management,0.8252,0.4219,624,,,,,,,,
FDBC/HDB,Banks - Regional,0.9279,0.42191,624,,,,,,,,
GAIN/PIM,Asset Management,0.8613,0.42192,624,,,,,,,,
TRMK/TRST,Banks - Regional,0.9194,0.42192,624,,,,,,,,
NEA/PYN,Asset Management,0.8256,0.42194,624,,,,,,,,
FFBC/TRMK,Banks - Regional,0.946,0.42194,624,,,,,,,,
CENT/LANC,Packaged Foods,0.9086,0.42194,624,,,,,,,,
COLB/WAFD,Banks - Regional,0.8574,0.42196,624,,,,,,,,
BOKF/FFIN,Banks - Regional,0.8658,0.42197,624,,,,,,,,
BXMX/FRA,Asset Management,0.9559,0.42198,624,,,,,,,,
ETW/NFJ,Asset Management,0.9519,0.42198,624,,,,,,,,
BK/BNS,Banks - Diversified,0.8032,0.422,624,,,,,,,,
EWBC/WAL,Banks - Regional,0.9428,0.422,624,,,,,,,,
BTO/ETO,Asset Management,0.9563,0.422,624,,,,,,,,
PFF/QTEC,Unknown,0.9092,0.42203,624,,,,,,,,
AIV/UMH,REIT - Residential,0.9242,0.42204,624,,,,,,,,
HFBL/PFBC,Banks - Regional,0.8468,0.42204,624,,,,,,,,
BOTJ/PROV,Banks - Regional,0.8355,0.42204,624,,,,,,,,
HBCP/OCFC,Banks - Regional,0.8666,0.42205,624,,,,,,,,
QCRH/WSFS,Banks - Regional,0.9368,0.42205,624,,,,,,,,
IBB/QTEC,Unknown,0.8364,0.42208,624,,,,,,,,
BUSE/NFBK,Banks - Regional,0.8498,0.42208,624,,,,,,,,
EWBC/PEBK,Banks - Regional,0.8974,0.42209,624,,,,,,,,
CCNE/FCBC,Banks - Regional,0.8775,0.42209,624,,,,,,,,
HWBK/UBSI,Banks - Regional,0.8902,0.4221,624,,,,,,,,
MTB/SBSI,Banks - Regional,0.9156,0.4221,624,,,,,,,,
PFO/RCS,Asset Management,0.8281,0.42211,624,,,,,,,,
MCR/NAC,Asset Management,0.8997,0.42211,624,,,,,,,,
EBTC/OZK,Banks - Regional,0.8661,0.42214,624,,,,,,,,
BME/JEQ,Asset Management,0.9267,0.42215,624,,,,,,,,
FMNB/SSB,Banks - Regional,0.91,0.42215,624,,,,,,,,
HQL/IGI,Asset Management,0.8988,0.42216,624,,,,,,,,
BYM/WIA,Asset Management,0.8862,0.42216,624,,,,,,,,
HBAN/INBK,Banks - Regional,0.8301,0.42217,624,,,,,,,,
HIFS/IBCP,Banks - Regional,0.8333,0.42218,624,,,,,,,,
FDBC/FRME,Banks - Regional,0.8883,0.4222,624,,,,,,,,
EMB/JBK,Unknown,0.9097,0.4222,624,,,,,,,,
PIM/VKQ,Asset Management,0.8768,0.42221,624,,,,,,,,
HBCP/RF,Banks - Regional,0.9333,0.42221,624,,,,,,,,
JHS/MPA,Asset Management,0.9644,0.42221,624,,,,,,,,
KDP/KO,Beverages - Non-Alcoholic,0.9509,0.42221,624,,,,,,,,
EHI/MVF,Asset Management,0.8519,0.42223,624,,,,,,,,
BKNG/RCL,Travel Services,0.8883,0.42224,624,,,,,,,,
ABCB/HTBK,Banks - Regional,0.9181,0.42224,624,,,,,,,,
PNC/UBFO,Banks - Regional,0.8945,0.42224,624,,,,,,,,
LSCC/POWI,Semiconductors,0.9281,0.42226,624,,,,,,,,
FTC/RTH,Unknown,0.995,0.42227,624,,,,,,,,
EHI/VMO,Asset Management,0.898,0.42227,624,,,,,,,,
CMU/NAC,Asset Management,0.9684,0.42227,624,,,,,,,,
DWSN/TDW,Oil & Gas Equipment & Services,0.878,0.42229,624,,,,,,,,
COLB/GBCI,Banks - Regional,0.8338,0.42229,624,,,,,,,,
GIS/SJM,Packaged Foods,0.9469,0.42229,624,,,,,,,,
RQI/TSI,Asset Management,0.9523,0.42229,624,,,,,,,,
EFSC/GABC,Banks - Regional,0.9732,0.4223,624,,,,,,,,
FAD/VGSH,Unknown,0.9397,0.42232,624,,,,,,,,
NRK/NUV,Asset Management,0.9823,0.42233,624,,,,,,,,
ASB/WSBF,Banks - Regional,0.8589,0.42234,624,,,,,,,,
RNST/WASH,Banks - Regional,0.9205,0.42235,624,,,,,,,,
PFIS/SFNC,Banks - Regional,0.8057,0.42235,624,,,,,,,,
DSM/PDT,Asset Management,0.8859,0.42235,624,,,,,,,,
BCBP/THFF,Banks - Regional,0.8529,0.42235,624,,,,,,,,
MSD/NUV,Asset Management,0.8745,0.42235,624,,,,,,,,
PBHC/PNC,Banks - Regional,0.9048,0.42236,624,,,,,,,,
CVBF/EFSC,Banks - Regional,0.9361,0.42236,624,,,,,,,,
CCNE/LCNB,Banks - Regional,0.8892,0.42236,624,,,,,,,,
ETB/PIM,Asset Management,0.9147,0.42236,624,,,,,,,,
EWBC/FMBH,Banks - Regional,0.9164,0.42236,624,,,,,,,,
CHI/EXG,Asset Management,0.9815,0.42237,624,,,,,,,,
UTF/VLT,Asset Management,0.9694,0.42237,624,,,,,,,,
BRW/DHIL,Asset Management,0.8271,0.42238,624,,,,,,,,
JBK/VGSH,Unknown,0.9404,0.42238,624,,,,,,,,
CAF/PAI,Asset Management,0.8444,0.42238,624,,,,,,,,
RF/TFC,Banks - Regional,0.8813,0.42239,624,,,,,,,,
LPX/TREX,Building Products & Equipment,0.8031,0.42239,624,,,,,,,,
EBMT/TSBK,Banks - Regional,0.8599,0.4224,624,,,,,,,,
TXT/VSEC,Aerospace & Defense,0.8482,0.4224,624,,,,,,,,
RF/TBBK,Banks - Regional,0.8026,0.42241,624,,,,,,,,
FFBC/HDB,Banks - Regional,0.8496,0.42241,624,,,,,,,,
HBAN/ZION,Banks - Regional,0.9515,0.42242,624,,,,,,,,
JCE/PFL,Asset Management,0.945,0.42242,624,,,,,,,,
JRS/NAD,Asset Management,0.9123,0.42243,624,,,,,,,,
EMR/MWA,Specialty Industrial Machinery,0.9046,0.42244,624,,,,,,,,
CARE/PFIS,Banks - Regional,0.8042,0.42245,624,,,,,,,,
BUSE/CMA,Banks - Regional,0.9136,0.42245,624,,,,,,,,
AROW/UMBF,Banks - Regional,0.8653,0.42245,624,,,,,,,,
FMBH/LKFN,Banks - Regional,0.9191,0.42245,624,,,,,,,,
FFIC/TFC,Banks - Regional,0.8103,0.42248,624,,,,,,,,
EFR/FUND,Asset Management,0.9496,0.42249,624,,,,,,,,
CBSH/FCBC,Banks - Regional,0.8993,0.42249,624,,,,,,,,
NPV/PMO,Asset Management,0.9215,0.42251,624,,,,,,,,
CVBF/TRST,Banks - Regional,0.9225,0.42253,624,,,,,,,,
CIF/PHD,Asset Management,0.8709,0.42253,624,,,,,,,,
SBCF/SBSI,Banks - Regional,0.9609,0.42253,624,,,,,,,,
CXE/NCA,Asset Management,0.9344,0.42254,624,,,,,,,,
CNS/NZF,Asset Management,0.8622,0.42254,624,,,,,,,,
RFI/USA,Asset Management,0.9692,0.42255,624,,,,,,,,
ETG/PFL,Asset Management,0.9604,0.42255,624,,,,,,,,
ETW/TY,Asset Management,0.9865,0.42257,624,,,,,,,,
PBHC/UBSI,Banks - Regional,0.9174,0.42258,624,,,,,,,,
OVLY/RBCAA,Banks - Regional,0.9392,0.4226,624,,,,,,,,
JFR/WEA,Asset Management,0.8903,0.4226,624,,,,,,,,
DHF/STEW,Asset Management,0.9314,0.4226,624,,,,,,,,
ETG/PHD,Asset Management,0.9707,0.42261,624,,,,,,,,
MUE/PNI,Asset Management,0.8902,0.42262,624,,,,,,,,
CCBG/UCB,Banks - Regional,0.9018,0.42263,624,,,,,,,,
JMM/RCS,Asset Management,0.8768,0.42263,624,,,,,,,,
CGO/UTF,Asset Management,0.9515,0.42265,624,,,,,,,,
FRAF/GABC,Banks - Regional,0.9432,0.42265,624,,,,,,,,
CADE/FNLC,Banks - Regional,0.9049,0.42265,624,,,,,,,,
CADE/FNB,Banks - Regional,0.8798,0.42266,624,,,,,,,,
NYMT/RWT,REIT - Mortgage,0.8385,0.42267,624,,,,,,,,
ADUS/ENSG,Medical Care Facilities,0.9134,0.42267,624,,,,,,,,
PGC/SFNC,Banks - Regional,0.9088,0.42267,624,,,,,,,,
FBNC/FMAO,Banks - Regional,0.8855,0.42267,624,,,,,,,,
MMT/VCV,Asset Management,0.9141,0.42268,624,,,,,,,,
GUT/IGR,Asset Management,0.811,0.42268,624,,,,,,,,
CVX/XOM,Oil & Gas Integrated,0.9198,0.42269,624,,,,,,,,
BSRR/FCBC,Banks - Regional,0.9233,0.4227,624,,,,,,,,
EMD/NMZ,Asset Management,0.8671,0.42272,624,,,,,,,,
JBTM/ROK,Specialty Industrial Machinery,0.8907,0.42272,624,,,,,,,,
DTF/WEA,Asset Management,0.8541,0.42273,624,,,,,,,,
HBAN/TRMK,Banks - Regional,0.9558,0.42274,624,,,,,,,,
DHF/RCS,Asset Management,0.8769,0.42274,624,,,,,,,,
LDOS/WNS,Information Technology Services,0.8054,0.42274,624,,,,,,,,
PSEC/WIW,Asset Management,0.8581,0.42274,624,,,,,,,,
HIFS/OCFC,Banks - Regional,0.8063,0.42275,624,,,,,,,,
CZNC/PEBO,Banks - Regional,0.9377,0.42277,624,,,,,,,,
MPB/OZK,Banks - Regional,0.84,0.42278,624,,,,,,,,
LARK/TRMK,Banks - Regional,0.8658,0.42279,624,,,,,,,,
DCOM/GSBC,Banks - Regional,0.8626,0.42279,624,,,,,,,,
HYT/MCR,Asset Management,0.9738,0.4228,624,,,,,,,,
CADE/NWBI,Banks - Regional,0.9287,0.42282,624,,,,,,,,
LKFN/MBCN,Banks - Regional,0.9379,0.42283,624,,,,,,,,
HPS/PFD,Asset Management,0.902,0.42286,624,,,,,,,,
BSRR/PROV,Banks - Regional,0.8099,0.42286,624,,,,,,,,
FCF/OSBC,Banks - Regional,0.9645,0.42286,624,,,,,,,,
RQI/VBF,Asset Management,0.9316,0.42287,624,,,,,,,,
IGF/KTH,Unknown,0.9406,0.42287,624,,,,,,,,
CIF/FOF,Asset Management,0.9033,0.42287,624,,,,,,,,
MUC/NXJ,Asset Management,0.9414,0.42288,624,,,,,,,,
AWP/MAIN,Asset Management,0.8504,0.42289,624,,,,,,,,
MQT/PML,Asset Management,0.9314,0.42289,624,,,,,,,,
ETO/FT,Asset Management,0.9828,0.4229,624,,,,,,,,
CFFI/HBAN,Banks - Regional,0.9016,0.42291,624,,,,,,,,
BOKF/CVBF,Banks - Regional,0.8835,0.42292,624,,,,,,,,
HOMB/INDB,Banks - Regional,0.8368,0.42293,624,,,,,,,,
ASB/PB,Banks - Regional,0.9257,0.42293,624,,,,,,,,
BELFA/SANM,Electronic Components,0.806,0.42294,624,,,,,,,,
GWW/WCC,Industrial Distribution,0.9192,0.42294,624,,,,,,,,
FHI/RQI,Asset Management,0.918,0.42295,624,,,,,,,,
EVF/PFN,Asset Management,0.9286,0.42295,624,,,,,,,,
APA/NOG,Oil & Gas E&P,0.9113,0.42295,624,,,,,,,,
PFS/TFC,Banks - Regional,0.9136,0.42295,624,,,,,,,,
EFR/PNNT,Asset Management,0.9366,0.42295,624,,,,,,,,
MAV/NOM,Asset Management,0.8192,0.42296,624,,,,,,,,
FITB/SMBK,Banks - Regional,0.918,0.42296,624,,,,,,,,
ASG/CHN,Asset Management,0.8668,0.42297,624,,,,,,,,
JPC/MYD,Asset Management,0.9277,0.42298,624,,,,,,,,
BGT/WEA,Asset Management,0.8612,0.423,624,,,,,,,,
MGF/NAC,Asset Management,0.9216,0.423,624,,,,,,,,
EBTC/PFIS,Banks - Regional,0.9159,0.42301,624,,,,,,,,
ETG/IIF,Asset Management,0.9223,0.42302,624,,,,,,,,
ETG/STEW,Asset Management,0.9856,0.42302,624,,,,,,,,
HQL/JMM,Asset Management,0.9226,0.42302,624,,,,,,,,
CXH/VPV,Asset Management,0.9745,0.42303,624,,,,,,,,
PPH/PTF,Unknown,0.8947,0.42303,624,,,,,,,,
GJO/PEY,Unknown,0.9692,0.42303,624,,,,,,,,
CADE/STBA,Banks - Regional,0.9367,0.42304,624,,,,,,,,
JLS/PFL,Asset Management,0.9488,0.42305,624,,,,,,,,
BANC/OCFC,Banks - Regional,0.872,0.42305,624,,,,,,,,
FUNC/UCB,Banks - Regional,0.8461,0.42306,624,,,,,,,,
CFFI/SBCF,Banks - Regional,0.8162,0.42307,624,,,,,,,,
CBSH/HTBK,Banks - Regional,0.8514,0.42307,624,,,,,,,,
MTD/RVTY,Diagnostics & Research,0.9583,0.42307,624,,,,,,,,
ABCB/CHCO,Banks - Regional,0.9007,0.42308,624,,,,,,,,
NFJ/OIA,Asset Management,0.8591,0.42309,624,,,,,,,,
BGT/JMM,Asset Management,0.8684,0.42309,624,,,,,,,,
DHF/NVG,Asset Management,0.8993,0.42309,624,,,,,,,,
ASRV/WSBF,Banks - Regional,0.8506,0.4231,624,,,,,,,,
EXG/NFJ,Asset Management,0.978,0.42311,624,,,,,,,,
BCML/CCNE,Banks - Regional,0.9309,0.42313,624,,,,,,,,
EMD/NAC,Asset Management,0.8476,0.42314,624,,,,,,,,
GAM/PHD,Asset Management,0.9713,0.42315,624,,,,,,,,
PCN/SAR,Asset Management,0.9393,0.42315,624,,,,,,,,
CAF/NUV,Asset Management,0.8388,0.42315,624,,,,,,,,
BOTJ/INBK,Banks - Regional,0.8534,0.42316,624,,,,,,,,
FNWD/TOWN,Banks - Regional,0.818,0.42316,624,,,,,,,,
AXP/NNI,Credit Services,0.9504,0.42318,624,,,,,,,,
GAM/PCN,Asset Management,0.9154,0.42319,624,,,,,,,,
HBAN/QCRH,Banks - Regional,0.9561,0.42319,624,,,,,,,,
AGM/MA,Credit Services,0.9428,0.42319,624,,,,,,,,
NCA/PIM,Asset Management,0.8651,0.42321,624,,,,,,,,
HQH/PHD,Asset Management,0.8425,0.42321,624,,,,,,,,
CZNC/RF,Banks - Regional,0.8785,0.42322,624,,,,,,,,
MWA/NPO,Specialty Industrial Machinery,0.9095,0.42323,624,,,,,,,,
CB/WTM,Insurance - Property & Casualty,0.9799,0.42323,624,,,,,,,,
BHK/MFM,Asset Management,0.9497,0.42323,624,,,,,,,,
ETO/GRX,Asset Management,0.9659,0.42325,624,,,,,,,,
BOTJ/TRST,Banks - Regional,0.913,0.42325,624,,,,,,,,
HPS/NAC,Asset Management,0.8909,0.42326,624,,,,,,,,
BANF/IBCP,Banks - Regional,0.9163,0.42328,624,,,,,,,,
HTBK/TCBK,Banks - Regional,0.8892,0.42329,624,,,,,,,,
AFB/EMD,Asset Management,0.8795,0.4233,624,,,,,,,,
BRKL/CBSH,Banks - Regional,0.8724,0.42331,624,,,,,,,,
GRX/PCF,Asset Management,0.9537,0.42332,624,,,,,,,,
BHK/RNP,Asset Management,0.9211,0.42332,624,,,,,,,,
BRKL/FMAO,Banks - Regional,0.8891,0.42333,624,,,,,,,,
MBCN/NECB,Banks - Regional,0.8309,0.42334,624,,,,,,,,
CAF/MHD,Asset Management,0.8428,0.42334,624,,,,,,,,
CBAN/SFST,Banks - Regional,0.9399,0.42336,624,,,,,,,,
HIX/NQP,Asset Management,0.9276,0.42336,624,,,,,,,,
ATO/SR,Utilities - Regulated Gas,0.9417,0.42337,624,,,,,,,,
MGEE/NWE,Utilities - Regulated Electric,0.9322,0.42337,624,,,,,,,,
NI/NJR,Utilities - Regulated Gas,0.9626,0.42337,624,,,,,,,,
FMBH/ONB,Banks - Regional,0.9268,0.42338,624,,,,,,,,
MIN/MYN,Asset Management,0.8938,0.4234,624,,,,,,,,
CIF/JLS,Asset Management,0.896,0.42342,624,,,,,,,,
FMAO/HBCP,Banks - Regional,0.8888,0.42342,624,,,,,,,,
CBU/RBCAA,Banks - Regional,0.852,0.42342,624,,,,,,,,
EFT/NFJ,Asset Management,0.956,0.42342,624,,,,,,,,
PRFZ/SWZ,Unknown,0.97,0.42343,624,,,,,,,,
IQI/PZC,Asset Management,0.915,0.42345,624,,,,,,,,
ICE/MORN,Financial Data & Stock Exchanges,0.9639,0.42345,624,,,,,,,,
IAE/IIF,Asset Management,0.8246,0.42345,624,,,,,,,,
ETV/GLAD,Asset Management,0.9305,0.42345,624,,,,,,,,
BANR/PNC,Banks - Regional,0.9272,0.42345,624,,,,,,,,
MPB/ONB,Banks - Regional,0.93,0.42347,624,,,,,,,,
AOD/STT,Asset Management,0.824,0.42348,624,,,,,,,,
BANR/NFBK,Banks - Regional,0.8246,0.42348,624,,,,,,,,
HQH/MVT,Asset Management,0.8178,0.42348,624,,,,,,,,
ETB/JLS,Asset Management,0.9209,0.42349,624,,,,,,,,
CARE/HTBK,Banks - Regional,0.9047,0.42351,624,,,,,,,,
CAC/HOMB,Banks - Regional,0.8868,0.42351,624,,,,,,,,
AGD/ETV,Asset Management,0.9388,0.42351,624,,,,,,,,
HOMB/SFST,Banks - Regional,0.8318,0.42352,624,,,,,,,,
CFFN/NFBK,Banks - Regional,0.8048,0.42353,624,,,,,,,,
LKFN/NWFL,Banks - Regional,0.8656,0.42353,624,,,,,,,,
CADE/PB,Banks - Regional,0.9415,0.42355,624,,,,,,,,
GJS/PTF,Unknown,0.9193,0.42355,624,,,,,,,,
ALRS/FRME,Banks - Regional,0.9148,0.42355,624,,,,,,,,
CIVB/KEY,Banks - Regional,0.9386,0.4236,624,,,,,,,,
HFBL/PGC,Banks - Regional,0.9014,0.42362,624,,,,,,,,
HOPE/NFBK,Banks - Regional,0.9077,0.42362,624,,,,,,,,
INDY/PTF,Unknown,0.9484,0.42363,624,,,,,,,,
HPF/PAI,Asset Management,0.9424,0.42364,624,,,,,,,,
COLB/FBNC,Banks - Regional,0.8314,0.42364,624,,,,,,,,
IEF/MBB,Unknown,0.9793,0.42365,624,,,,,,,,
RTH/SHY,Unknown,0.9406,0.42366,624,,,,,,,,
JFR/TSI,Asset Management,0.9215,0.42367,624,,,,,,,,
CHW/WIA,Asset Management,0.947,0.42368,624,,,,,,,,
JHS/WIW,Asset Management,0.9003,0.42368,624,,,,,,,,
AME/KAI,Specialty Industrial Machinery,0.9707,0.42368,624,,,,,,,,
PIM/VCV,Asset Management,0.8723,0.42368,624,,,,,,,,
GUT/NEA,Asset Management,0.8416,0.42369,624,,,,,,,,
AVK/GF,Asset Management,0.8331,0.42369,624,,,,,,,,
PGC/TCBI,Banks - Regional,0.8171,0.42371,624,,,,,,,,
IIM/WIW,Asset Management,0.8586,0.42372,624,,,,,,,,
CP/TRN,Railroads,0.8924,0.42373,624,,,,,,,,
FUNC/UMBF,Banks - Regional,0.9091,0.42373,624,,,,,,,,
BDJ/VVR,Asset Management,0.9379,0.42374,624,,,,,,,,
LGI/TROW,Asset Management,0.9015,0.42374,624,,,,,,,,
RVSB/THFF,Banks - Regional,0.8791,0.42375,624,,,,,,,,
HFWA/UCB,Banks - Regional,0.886,0.42375,624,,,,,,,,
SAR/SPE,Asset Management,0.9552,0.42376,624,,,,,,,,
ETO/PPT,Asset Management,0.918,0.42376,624,,,,,,,,
PNW/XEL,Utilities - Regulated Electric,0.9186,0.42377,624,,,,,,,,
OVBC/SFNC,Banks - Regional,0.8068,0.42377,624,,,,,,,,
FFA/NIE,Asset Management,0.9951,0.42378,624,,,,,,,,
DSU/SAR,Asset Management,0.9575,0.4238,624,,,,,,,,
IBCP/PNFP,Banks - Regional,0.9514,0.42381,624,,,,,,,,
FBNC/GABC,Banks - Regional,0.968,0.42381,624,,,,,,,,
CADE/LKFN,Banks - Regional,0.877,0.42384,624,,,,,,,,
WSFS/ZION,Banks - Regional,0.9273,0.42384,624,,,,,,,,
EMD/NVG,Asset Management,0.8788,0.42385,624,,,,,,,,
FCF/UCB,Banks - Regional,0.9304,0.42385,624,,,,,,,,
RVT/STEW,Asset Management,0.978,0.42386,624,,,,,,,,
FHN/WSBC,Banks - Regional,0.8426,0.42386,624,,,,,,,,
MMT/PFL,Asset Management,0.9801,0.42386,624,,,,,,,,
CWBC/FHN,Banks - Regional,0.8345,0.42386,624,,,,,,,,
ETB/MCR,Asset Management,0.9509,0.42387,624,,,,,,,,
BHK/MYI,Asset Management,0.9617,0.42387,624,,,,,,,,
MNSB/SSBI,Banks - Regional,0.9235,0.42389,624,,,,,,,,
BXMX/FOF,Asset Management,0.9836,0.42391,624,,,,,,,,
BANC/BHLB,Banks - Regional,0.8092,0.42392,624,,,,,,,,
BBH/VCIT,Unknown,0.943,0.42393,624,,,,,,,,
SFBC/UBFO,Banks - Regional,0.9356,0.42394,624,,,,,,,,
EG/RNR,Insurance - Reinsurance,0.9553,0.42394,624,,,,,,,,
LNT/PEG,Utilities - Regulated Electric,0.9618,0.42394,624,,,,,,,,
CZFS/CZNC,Banks - Regional,0.9064,0.42395,624,,,,,,,,
CBAN/WNEB,Banks - Regional,0.8339,0.42395,624,,,,,,,,
EVT/PFL,Asset Management,0.9711,0.42396,624,,,,,,,,
KTH/PKW,Unknown,0.9421,0.42396,624,,,,,,,,
BGT/MMT,Asset Management,0.8987,0.42396,624,,,,,,,,
OMAB/PAC,Airports & Air Services,0.9814,0.42397,624,,,,,,,,
HNI/LZB,"Furnishings, Fixtures & Appliances",0.8524,0.42398,624,,,,,,,,
BFC/CZWI,Banks - Regional,0.8087,0.42399,624,,,,,,,,
ISBA/PROV,Banks - Regional,0.8334,0.424,624,,,,,,,,
NUW/RNP,Asset Management,0.8682,0.42401,624,,,,,,,,
CNS/NXC,Asset Management,0.824,0.42402,624,,,,,,,,
BVFL/TFC,Banks - Regional,0.8211,0.42405,624,,,,,,,,
HQH/TSI,Asset Management,0.9154,0.42405,624,,,,,,,,
MYRG/PWR,Engineering & Construction,0.9393,0.42406,624,,,,,,,,
BTO/PSEC,Asset Management,0.8753,0.42408,624,,,,,,,,
FDBC/SBSI,Banks - Regional,0.8656,0.42408,624,,,,,,,,
PIM/PMM,Asset Management,0.9104,0.42409,624,,,,,,,,
JBK/SHY,Unknown,0.9366,0.42412,624,,,,,,,,
BTA/VLT,Asset Management,0.9353,0.42413,624,,,,,,,,
ES/PNW,Utilities - Regulated Electric,0.8682,0.42414,624,,,,,,,,
PFIS/WSFS,Banks - Regional,0.9036,0.42415,624,,,,,,,,
CBAN/HTBK,Banks - Regional,0.8945,0.42415,624,,,,,,,,
EHC/USPH,Medical Care Facilities,0.8024,0.42416,624,,,,,,,,
KTF/PNI,Asset Management,0.8887,0.42416,624,,,,,,,,
AWP/EOT,Asset Management,0.8937,0.42417,624,,,,,,,,
GABC/INBK,Banks - Regional,0.8224,0.42418,624,,,,,,,,
QCRH/WTFC,Banks - Regional,0.9729,0.42418,624,,,,,,,,
FCNCA/FUNC,Banks - Regional,0.8696,0.42419,624,,,,,,,,
EBMT/FMNB,Banks - Regional,0.9256,0.42419,624,,,,,,,,
BELFB/LYTS,Electronic Components,0.8721,0.4242,624,,,,,,,,
CSX/TRN,Railroads,0.8605,0.42421,624,,,,,,,,
DTF/PML,Asset Management,0.9226,0.42421,624,,,,,,,,
IART/MDT,Medical Devices,0.8124,0.42421,624,,,,,,,,
LKFN/VABK,Banks - Regional,0.8936,0.42422,624,,,,,,,,
GAM/PPT,Asset Management,0.8651,0.42422,624,,,,,,,,
FBNC/UCB,Banks - Regional,0.9523,0.42422,624,,,,,,,,
DTF/MMU,Asset Management,0.9456,0.42423,624,,,,,,,,
BCML/SMBC,Banks - Regional,0.8972,0.42424,624,,,,,,,,
BANFP/INDY,Unknown,0.9144,0.42424,624,,,,,,,,
FT/OIA,Asset Management,0.9092,0.42425,624,,,,,,,,
OZK/PPBI,Banks - Regional,0.8349,0.42425,624,,,,,,,,
JMM/NMT,Asset Management,0.9059,0.42425,624,,,,,,,,
FCCO/SYBT,Banks - Regional,0.8808,0.42425,624,,,,,,,,
NXN/PPT,Asset Management,0.9029,0.42425,624,,,,,,,,
CMU/ETB,Asset Management,0.8135,0.42426,624,,,,,,,,
TTE/XOM,Oil & Gas Integrated,0.9105,0.42427,624,,,,,,,,
AWP/JMM,Asset Management,0.9482,0.42427,624,,,,,,,,
BCML/FCBC,Banks - Regional,0.9279,0.42427,624,,,,,,,,
JPC/NAN,Asset Management,0.9512,0.42428,624,,,,,,,,
NMT/PYN,Asset Management,0.8555,0.42429,624,,,,,,,,
EBMT/FCF,Banks - Regional,0.8335,0.42429,624,,,,,,,,
GDL/MPV,Asset Management,0.9354,0.42429,624,,,,,,,,
AEP/IDA,Utilities - Regulated Electric,0.9822,0.4243,624,,,,,,,,
EOD/PFN,Asset Management,0.8995,0.4243,624,,,,,,,,
D/MGEE,Utilities - Regulated Electric,0.8005,0.42431,624,,,,,,,,
DHF/MVF,Asset Management,0.822,0.42431,624,,,,,,,,
AX/FSFG,Banks - Regional,0.8952,0.42432,624,,,,,,,,
MSD/TSI,Asset Management,0.9115,0.42436,624,,,,,,,,
PBHC/SYBT,Banks - Regional,0.9072,0.42436,624,,,,,,,,
BVFL/FRAF,Banks - Regional,0.8004,0.42436,624,,,,,,,,
ACWI/BPOPM,Unknown,0.9311,0.42436,624,,,,,,,,
DHIL/RFI,Asset Management,0.8529,0.42437,624,,,,,,,,
CIF/IQI,Asset Management,0.939,0.42437,624,,,,,,,,
JPC/PZC,Asset Management,0.8338,0.42438,624,,,,,,,,
IBCP/NWBI,Banks - Regional,0.9152,0.42438,624,,,,,,,,
EHI/NUW,Asset Management,0.8883,0.42439,624,,,,,,,,
GRX/SWKH,Asset Management,0.8434,0.42439,624,,,,,,,,
AWP/PTY,Asset Management,0.9323,0.4244,624,,,,,,,,
ACWX/IGSB,Unknown,0.9365,0.4244,624,,,,,,,,
CVX/SHEL,Oil & Gas Integrated,0.8805,0.4244,624,,,,,,,,
BGT/GAB,Asset Management,0.9306,0.4244,624,,,,,,,,
BLK/EXG,Asset Management,0.9854,0.4244,624,,,,,,,,
FFC/TSI,Asset Management,0.9474,0.4244,624,,,,,,,,
HIO/NEA,Asset Management,0.9113,0.42441,624,,,,,,,,
HSY/MDLZ,Confectioners,0.9586,0.42441,624,,,,,,,,
AGD/GAM,Asset Management,0.9364,0.42442,624,,,,,,,,
CMA/MGYR,Banks - Regional,0.856,0.42442,624,,,,,,,,
JPC/MVT,Asset Management,0.8737,0.42442,624,,,,,,,,
AEE/CMS,Utilities - Regulated Electric,0.9917,0.42444,624,,,,,,,,
CIF/VMO,Asset Management,0.9219,0.42446,624,,,,,,,,
FT/JHI,Asset Management,0.9498,0.42447,624,,,,,,,,
NEWT/WAFD,Banks - Regional,0.8493,0.42447,624,,,,,,,,
JHS/PDT,Asset Management,0.9212,0.42447,624,,,,,,,,
GCBC/IBOC,Banks - Regional,0.9233,0.42447,624,,,,,,,,
BLW/HTGC,Asset Management,0.9436,0.42447,624,,,,,,,,
CHT/TU,Telecom Services,0.934,0.42448,624,,,,,,,,
JQC/PNNT,Asset Management,0.8944,0.4245,624,,,,,,,,
CNS/JCE,Asset Management,0.9532,0.42452,624,,,,,,,,
BGY/STT,Asset Management,0.8314,0.42453,624,,,,,,,,
AUB/ISBA,Banks - Regional,0.8652,0.42453,624,,,,,,,,
OPOF/VABK,Banks - Regional,0.8455,0.42454,624,,,,,,,,
BVFL/PNC,Banks - Regional,0.8323,0.42454,624,,,,,,,,
CHMG/FFIN,Banks - Regional,0.8789,0.42456,624,,,,,,,,
MCR/VPV,Asset Management,0.9376,0.42456,624,,,,,,,,
GJR/PIO,Unknown,0.9355,0.42457,624,,,,,,,,
EFR/GAIN,Asset Management,0.9609,0.42457,624,,,,,,,,
FBNC/MBWM,Banks - Regional,0.9239,0.42458,624,,,,,,,,
FMBH/INDB,Banks - Regional,0.9269,0.4246,624,,,,,,,,
CFR/SBSI,Banks - Regional,0.9238,0.42461,624,,,,,,,,
DHF/MAIN,Asset Management,0.9212,0.42462,624,,,,,,,,
PMF/WEA,Asset Management,0.8111,0.42462,624,,,,,,,,
KAI/NDSN,Specialty Industrial Machinery,0.9146,0.42463,624,,,,,,,,
ACWX/GJT,Unknown,0.9227,0.42464,624,,,,,,,,
MAIN/VLT,Asset Management,0.9437,0.42464,624,,,,,,,,
FMNB/LCNB,Banks - Regional,0.9095,0.42464,624,,,,,,,,
TCBI/UNB,Banks - Regional,0.8523,0.42467,624,,,,,,,,
PHK/SPE,Asset Management,0.8237,0.42468,624,,,,,,,,
BOE/ETW,Asset Management,0.963,0.42469,624,,,,,,,,
RNST/RVSB,Banks - Regional,0.8883,0.42469,624,,,,,,,,
EHI/MUA,Asset Management,0.8975,0.4247,624,,,,,,,,
HQH/RFI,Asset Management,0.8803,0.4247,624,,,,,,,,
GAIN/GAM,Asset Management,0.9608,0.4247,624,,,,,,,,
KEY/TCBK,Banks - Regional,0.9224,0.42471,624,,,,,,,,
IGF/PKW,Unknown,0.9707,0.42471,624,,,,,,,,
BBVA/SMFG,Banks - Diversified,0.8777,0.42472,624,,,,,,,,
IT/JKHY,Information Technology Services,0.8244,0.42472,624,,,,,,,,
HOMB/TSBK,Banks - Regional,0.8957,0.42472,624,,,,,,,,
FNWD/FRAF,Banks - Regional,0.8587,0.42475,624,,,,,,,,
FBNC/UBCP,Banks - Regional,0.9345,0.42479,624,,,,,,,,
GRX/NIM,Asset Management,0.9336,0.4248,624,,,,,,,,
CGO/PFO,Asset Management,0.9157,0.42481,624,,,,,,,,
HFBL/PFIS,Banks - Regional,0.8796,0.42482,624,,,,,,,,
GCBC/MNSB,Banks - Regional,0.8206,0.42483,624,,,,,,,,
ETB/FRA,Asset Management,0.9321,0.42483,624,,,,,,,,
IONS/JAZZ,Biotechnology,0.8049,0.42484,624,,,,,,,,
BLW/PAI,Asset Management,0.8976,0.42485,624,,,,,,,,
CCBG/FRME,Banks - Regional,0.8752,0.42486,624,,,,,,,,
CCBG/ONB,Banks - Regional,0.9287,0.42486,624,,,,,,,,
BN/FFC,Asset Management,0.8797,0.42487,624,,,,,,,,
EGBN/FRST,Banks - Regional,0.8896,0.42487,624,,,,,,,,
EMD/MGF,Asset Management,0.8528,0.42488,624,,,,,,,,
IGR/MAIN,Asset Management,0.8471,0.42489,624,,,,,,,,
FSFG/SMBC,Banks - Regional,0.9393,0.4249,624,,,,,,,,
EOI/IIF,Asset Management,0.9374,0.42491,624,,,,,,,,
HQL/PCN,Asset Management,0.8912,0.42491,624,,,,,,,,
CFFI/COFS,Banks - Regional,0.8576,0.42491,624,,,,,,,,
CHY/FOF,Asset Management,0.974,0.42491,624,,,,,,,,
NBTB/TFC,Banks - Regional,0.8668,0.42491,624,,,,,,,,
BCBP/VLY,Banks - Regional,0.8667,0.42493,624,,,,,,,,
GSBC/NKSH,Banks - Regional,0.8646,0.42494,624,,,,,,,,
CASH/IBOC,Banks - Regional,0.9611,0.42494,624,,,,,,,,
BPOPM/MBB,Unknown,0.8508,0.42494,624,,,,,,,,
PBHC/UBCP,Banks - Regional,0.9158,0.42495,624,,,,,,,,
FBIZ/THFF,Banks - Regional,0.8586,0.42496,624,,,,,,,,
LKFN/RF,Banks - Regional,0.9662,0.42497,624,,,,,,,,
INDY/PDP,Unknown,0.939,0.42498,624,,,,,,,,
DTF/MCR,Asset Management,0.8262,0.42499,624,,,,,,,,
CXE/WIA,Asset Management,0.8115,0.42499,624,,,,,,,,
BLE/BTZ,Asset Management,0.8844,0.42499,624,,,,,,,,
OBT/TSBK,Banks - Regional,0.8518,0.42499,624,,,,,,,,
OSBC/STBA,Banks - Regional,0.9402,0.425,624,,,,,,,,
MUC/VTN,Asset Management,0.966,0.425,624,,,,,,,,
NXC/PIM,Asset Management,0.8704,0.42501,624,,,,,,,,
BGT/VLT,Asset Management,0.9368,0.42501,624,,,,,,,,
IBOC/TBBK,Banks - Regional,0.835,0.42501,624,,,,,,,,
LCNB/WAL,Banks - Regional,0.8415,0.42502,624,,,,,,,,
CARE/WTBA,Banks - Regional,0.8065,0.42504,624,,,,,,,,
BANR/QCRH,Banks - Regional,0.9323,0.42505,624,,,,,,,,
DHIL/UTF,Asset Management,0.852,0.42508,624,,,,,,,,
NBN/QCRH,Banks - Regional,0.8711,0.42508,624,,,,,,,,
HPF/MQT,Asset Management,0.9151,0.42509,624,,,,,,,,
INDY/PEY,Unknown,0.9413,0.42509,624,,,,,,,,
MAIN/NTRS,Asset Management,0.8506,0.4251,624,,,,,,,,
ACWI/PFI,Unknown,0.983,0.4251,624,,,,,,,,
TFSL/VABK,Banks - Regional,0.8319,0.4251,624,,,,,,,,
BNY/FLC,Asset Management,0.8942,0.42511,624,,,,,,,,
RFI/WIW,Asset Management,0.9324,0.42512,624,,,,,,,,
HPF/NKX,Asset Management,0.9349,0.42512,624,,,,,,,,
IUSV/PUI,Unknown,0.9574,0.42513,624,,,,,,,,
RF/WAL,Banks - Regional,0.9289,0.42514,624,,,,,,,,
BHK/EHI,Asset Management,0.9648,0.42514,624,,,,,,,,
ETY/GLAD,Asset Management,0.9803,0.42514,624,,,,,,,,
FTC/ONEQ,Unknown,0.9953,0.42515,624,,,,,,,,
EEA/PHD,Asset Management,0.9416,0.42515,624,,,,,,,,
DHF/ETY,Asset Management,0.9307,0.42517,624,,,,,,,,
BFZ/JMM,Asset Management,0.9115,0.42518,624,,,,,,,,
JPC/NQP,Asset Management,0.9486,0.42518,624,,,,,,,,
SPXX/VVR,Asset Management,0.9453,0.42519,624,,,,,,,,
FELE/MWA,Specialty Industrial Machinery,0.871,0.4252,624,,,,,,,,
CBAN/EFSC,Banks - Regional,0.9397,0.42521,624,,,,,,,,
EFSC/UVSP,Banks - Regional,0.9548,0.42521,624,,,,,,,,
BX/CNS,Asset Management,0.954,0.42521,624,,,,,,,,
FITB/UBCP,Banks - Regional,0.9337,0.42522,624,,,,,,,,
MUJ/WIW,Asset Management,0.8997,0.42523,624,,,,,,,,
JQC/LGI,Asset Management,0.9456,0.42524,624,,,,,,,,
HDB/SBFG,Banks - Regional,0.9126,0.42524,624,,,,,,,,
OIA/QQQX,Asset Management,0.9242,0.42524,624,,,,,,,,
COFS/TCBK,Banks - Regional,0.8791,0.42525,624,,,,,,,,
FCT/WIA,Asset Management,0.8523,0.42526,624,,,,,,,,
RQI/SCD,Asset Management,0.9202,0.42527,624,,,,,,,,
CNS/NXP,Asset Management,0.912,0.42528,624,,,,,,,,
BCBP/FITB,Banks - Regional,0.8456,0.42528,624,,,,,,,,
INFY/IT,Information Technology Services,0.9162,0.42529,624,,,,,,,,
IMOS/MU,Semiconductors,0.8952,0.42529,624,,,,,,,,
FRAF/PEBO,Banks - Regional,0.9443,0.4253,624,,,,,,,,
HBNC/OPBK,Banks - Regional,0.8986,0.42532,624,,,,,,,,
AWF/ETB,Asset Management,0.9605,0.42533,624,,,,,,,,
CII/GOF,Asset Management,0.9761,0.42533,624,,,,,,,,
LECO/RBC,Tools & Accessories,0.9507,0.42534,624,,,,,,,,
KFY/RHI,Staffing & Employment Services,0.9085,0.42537,624,,,,,,,,
KTN/PKW,Unknown,0.9253,0.42537,624,,,,,,,,
CHCO/EWBC,Banks - Regional,0.9311,0.42539,624,,,,,,,,
DCI/MWA,Specialty Industrial Machinery,0.8927,0.42539,624,,,,,,,,
FMNB/ZIONP,Banks - Regional,0.9113,0.4254,624,,,,,,,,
CLX/HELE,Household & Personal Products,0.8058,0.42541,624,,,,,,,,
OCSL/SWKH,Asset Management,0.8047,0.42542,624,,,,,,,,
ITW/PH,Specialty Industrial Machinery,0.9077,0.42543,624,,,,,,,,
ISBA/WTBA,Banks - Regional,0.885,0.42544,624,,,,,,,,
NWBI/NWFL,Banks - Regional,0.907,0.42546,624,,,,,,,,
HDB/MPB,Banks - Regional,0.9058,0.42546,624,,,,,,,,
GOVI/VMBS,Unknown,0.9538,0.42547,624,,,,,,,,
IFN/MCI,Asset Management,0.9117,0.42547,624,,,,,,,,
RCS/VLT,Asset Management,0.8854,0.42548,624,,,,,,,,
FTCS/ONEQ,Unknown,0.9824,0.42548,624,,,,,,,,
HQL/VKQ,Asset Management,0.8676,0.42549,624,,,,,,,,
FCF/FDBC,Banks - Regional,0.8675,0.4255,624,,,,,,,,
FUND/SOR,Asset Management,0.9604,0.42551,624,,,,,,,,
PFIS/UMBF,Banks - Regional,0.8968,0.42551,624,,,,,,,,
QCOM/TXN,Semiconductors,0.9289,0.42552,624,,,,,,,,
CHY/STT,Asset Management,0.8252,0.42552,624,,,,,,,,
VLT/WIW,Asset Management,0.9253,0.42552,624,,,,,,,,
ABCB/COFS,Banks - Regional,0.8717,0.42555,624,,,,,,,,
AROW/FHN,Banks - Regional,0.834,0.42555,624,,,,,,,,
BAP/OVBC,Banks - Regional,0.8448,0.42555,624,,,,,,,,
CHCO/PNFP,Banks - Regional,0.9092,0.42556,624,,,,,,,,
DHF/NMI,Asset Management,0.8551,0.42556,624,,,,,,,,
CTBI/FCBC,Banks - Regional,0.9592,0.42558,624,,,,,,,,
ISBA/PFS,Banks - Regional,0.8729,0.42558,624,,,,,,,,
BFC/SMBC,Banks - Regional,0.9388,0.42558,624,,,,,,,,
AWF/RFI,Asset Management,0.9516,0.42559,624,,,,,,,,
EFR/EOS,Asset Management,0.965,0.42559,624,,,,,,,,
CUBE/PSA,REIT - Industrial,0.9884,0.42559,624,,,,,,,,
PIM/VGM,Asset Management,0.8681,0.42559,624,,,,,,,,
DUK/POR,Utilities - Regulated Electric,0.9255,0.42559,624,,,,,,,,
CZFS/WBS,Banks - Regional,0.8429,0.42561,624,,,,,,,,
GAM/PIM,Asset Management,0.8695,0.42562,624,,,,,,,,
JPC/NRK,Asset Management,0.9407,0.42563,624,,,,,,,,
BNY/VTN,Asset Management,0.9515,0.42563,624,,,,,,,,
BHK/JPC,Asset Management,0.9448,0.42563,624,,,,,,,,
FUNC/PB,Banks - Regional,0.896,0.42563,624,,,,,,,,
JPC/NUV,Asset Management,0.9447,0.42564,624,,,,,,,,
GOOD/OLP,REIT - Diversified,0.9346,0.42564,624,,,,,,,,
CBU/ESSA,Banks - Regional,0.8539,0.42564,624,,,,,,,,
EFR/JMM,Asset Management,0.8934,0.42565,624,,,,,,,,
FT/MMT,Asset Management,0.9663,0.42565,624,,,,,,,,
EBTC/FCBC,Banks - Regional,0.8957,0.42565,624,,,,,,,,
EWBC/WBS,Banks - Regional,0.9303,0.42567,624,,,,,,,,
GDV/STK,Asset Management,0.9511,0.42567,624,,,,,,,,
GABC/ZIONP,Banks - Regional,0.9206,0.42567,624,,,,,,,,
POR/TXNM,Utilities - Regulated Electric,0.969,0.42568,624,,,,,,,,
GIC/WSO,Industrial Distribution,0.8282,0.4257,624,,,,,,,,
HIO/NIM,Asset Management,0.919,0.4257,624,,,,,,,,
ECL/SCL,Specialty Chemicals,0.8064,0.42572,624,,,,,,,,
ACNB/FDBC,Banks - Regional,0.8772,0.42572,624,,,,,,,,
FULT/SNV,Banks - Regional,0.9641,0.42573,624,,,,,,,,
BN/NZF,Asset Management,0.8717,0.42575,624,,,,,,,,
FCBC/PFS,Banks - Regional,0.8195,0.42576,624,,,,,,,,
CME/SPGI,Financial Data & Stock Exchanges,0.9617,0.42576,624,,,,,,,,
FHN/UCB,Banks - Regional,0.9046,0.42576,624,,,,,,,,
RFI/TROW,Asset Management,0.909,0.42576,624,,,,,,,,
NKX/VPV,Asset Management,0.9682,0.42576,624,,,,,,,,
EOD/PFL,Asset Management,0.9043,0.42577,624,,,,,,,,
MHD/PFD,Asset Management,0.9323,0.42579,624,,,,,,,,
CTBI/FCNCA,Banks - Regional,0.8129,0.4258,624,,,,,,,,
PPBI/SMBK,Banks - Regional,0.8711,0.42581,624,,,,,,,,
PFF/TVE,Unknown,0.9254,0.42581,624,,,,,,,,
BOKF/UMBF,Banks - Regional,0.949,0.42581,624,,,,,,,,
MHF/PZC,Asset Management,0.8208,0.42581,624,,,,,,,,
ARCC/EOI,Asset Management,0.9851,0.42583,624,,,,,,,,
IJT/KTH,Unknown,0.9652,0.42584,624,,,,,,,,
EFSC/FBNC,Banks - Regional,0.9702,0.42584,624,,,,,,,,
COO/WST,Medical Instruments & Supplies,0.913,0.42585,624,,,,,,,,
AWF/CSWC,Asset Management,0.9412,0.42585,624,,,,,,,,
HTBK/VABK,Banks - Regional,0.8951,0.42585,624,,,,,,,,
BLFS/RGEN,Medical Instruments & Supplies,0.8983,0.42585,624,,,,,,,,
DHF/ETG,Asset Management,0.9549,0.42586,624,,,,,,,,
CIVB/HFWA,Banks - Regional,0.9536,0.42586,624,,,,,,,,
AX/TFC,Banks - Regional,0.857,0.42586,624,,,,,,,,
BOH/FBNC,Banks - Regional,0.9229,0.42587,624,,,,,,,,
CHCO/FMBH,Banks - Regional,0.8537,0.42587,624,,,,,,,,
ETB/GDV,Asset Management,0.9833,0.42588,624,,,,,,,,
JQC/STEW,Asset Management,0.9566,0.42589,624,,,,,,,,
EMD/VLT,Asset Management,0.9182,0.4259,624,,,,,,,,
CSWC/JCE,Asset Management,0.9743,0.42593,624,,,,,,,,
BDJ/PPT,Asset Management,0.9021,0.42593,624,,,,,,,,
ELV/HUM,Healthcare Plans,0.9152,0.42593,624,,,,,,,,
BOH/NKSH,Banks - Regional,0.8872,0.42594,624,,,,,,,,
BYM/HPS,Asset Management,0.9142,0.42594,624,,,,,,,,
HBNC/HWC,Banks - Regional,0.8456,0.42594,624,,,,,,,,
NAN/PYN,Asset Management,0.8465,0.42594,624,,,,,,,,
IJT/ONEQ,Unknown,0.965,0.42596,624,,,,,,,,
NVR/TOL,Residential Construction,0.9229,0.42596,624,,,,,,,,
EVN/PNF,Asset Management,0.8824,0.42597,624,,,,,,,,
HTD/PFD,Asset Management,0.8745,0.42597,624,,,,,,,,
GSBC/HDB,Banks - Regional,0.9383,0.42598,624,,,,,,,,
EVN/MHI,Asset Management,0.8983,0.42598,624,,,,,,,,
KEY/WBS,Banks - Regional,0.9477,0.42598,624,,,,,,,,
MCR/PFN,Asset Management,0.9809,0.42599,624,,,,,,,,
ETB/NIE,Asset Management,0.9622,0.42599,624,,,,,,,,
CTBI/LARK,Banks - Regional,0.875,0.42601,624,,,,,,,,
ADP/NICE,Software - Application,0.8546,0.42602,624,,,,,,,,
JRS/NMT,Asset Management,0.8441,0.42605,624,,,,,,,,
TOWN/VABK,Banks - Regional,0.9374,0.42606,624,,,,,,,,
BND/SHY,Unknown,0.9066,0.42607,624,,,,,,,,
MTB/TOWN,Banks - Regional,0.9457,0.42608,624,,,,,,,,
CII/STEW,Asset Management,0.9901,0.42609,624,,,,,,,,
RVT/TROW,Asset Management,0.9,0.42609,624,,,,,,,,
ETR/NEE,Utilities - Regulated Electric,0.886,0.42611,624,,,,,,,,
NCA/NZF,Asset Management,0.9457,0.42611,624,,,,,,,,
EVN/PZC,Asset Management,0.9211,0.42611,624,,,,,,,,
MO/PM,Tobacco,0.8959,0.42612,624,,,,,,,,
CSGS/EEFT,Software - Infrastructure,0.8313,0.42612,624,,,,,,,,
BANR/OBT,Banks - Regional,0.8234,0.42614,624,,,,,,,,
GAB/MCN,Asset Management,0.9509,0.42615,624,,,,,,,,
DRI/NATH,Restaurants,0.8787,0.42615,624,,,,,,,,
JMM/MIY,Asset Management,0.9553,0.42616,624,,,,,,,,
DHF/GAIN,Asset Management,0.9004,0.42618,624,,,,,,,,
EFR/MAIN,Asset Management,0.9732,0.42618,624,,,,,,,,
IIF/JFR,Asset Management,0.929,0.42619,624,,,,,,,,
HPF/VTN,Asset Management,0.9008,0.42619,624,,,,,,,,
LCNB/ZIONP,Banks - Regional,0.8648,0.4262,624,,,,,,,,
CHW/NTRS,Asset Management,0.9357,0.42621,624,,,,,,,,
DVY/KTH,Unknown,0.9579,0.42621,624,,,,,,,,
PDT/PZC,Asset Management,0.8131,0.42622,624,,,,,,,,
AX/GCBC,Banks - Regional,0.8571,0.42622,624,,,,,,,,
LKFN/PB,Banks - Regional,0.9245,0.42623,624,,,,,,,,
JOF/STK,Asset Management,0.8125,0.42624,624,,,,,,,,
HQL/NAZ,Asset Management,0.8729,0.42624,624,,,,,,,,
NMZ/NXP,Asset Management,0.9521,0.42628,624,,,,,,,,
AVK/EOD,Asset Management,0.8033,0.4263,624,,,,,,,,
AROW/WABC,Banks - Regional,0.9357,0.4263,624,,,,,,,,
FCBC/VABK,Banks - Regional,0.9388,0.42631,624,,,,,,,,
CAF/MVF,Asset Management,0.8079,0.42631,624,,,,,,,,
FFC/WIA,Asset Management,0.8952,0.42631,624,,,,,,,,
GJR/PFI,Unknown,0.916,0.42632,624,,,,,,,,
FMY/MUJ,Asset Management,0.8703,0.42632,624,,,,,,,,
DDT/FTA,Unknown,0.9842,0.42632,624,,,,,,,,
PRIM/STN,Engineering & Construction,0.8451,0.42633,624,,,,,,,,
AMP/USA,Asset Management,0.9399,0.42633,624,,,,,,,,
CTBI/SFNC,Banks - Regional,0.8134,0.42634,624,,,,,,,,
JFR/USA,Asset Management,0.9359,0.42635,624,,,,,,,,
ISBA/NFBK,Banks - Regional,0.8162,0.42635,624,,,,,,,,
BGT/FT,Asset Management,0.9429,0.42636,624,,,,,,,,
FFA/PIM,Asset Management,0.8907,0.42636,624,,,,,,,,
LEO/NMZ,Asset Management,0.9631,0.42637,624,,,,,,,,
NFBK/UVSP,Banks - Regional,0.8402,0.42638,624,,,,,,,,
BN/DSU,Asset Management,0.96,0.42639,624,,,,,,,,
ECL/SHW,Specialty Chemicals,0.9493,0.4264,624,,,,,,,,
PBHC/TRMK,Banks - Regional,0.8932,0.4264,624,,,,,,,,
EEA/FMY,Asset Management,0.8783,0.4264,624,,,,,,,,
SBCF/SRCE,Banks - Regional,0.9032,0.42641,624,,,,,,,,
CIF/MHD,Asset Management,0.8836,0.42641,624,,,,,,,,
EFT/EOI,Asset Management,0.9665,0.42641,624,,,,,,,,
CBU/PFS,Banks - Regional,0.8978,0.42642,624,,,,,,,,
EXAS/NEO,Diagnostics & Research,0.8982,0.42643,624,,,,,,,,
ADX/PTY,Asset Management,0.9631,0.42643,624,,,,,,,,
CNS/JMM,Asset Management,0.8875,0.42644,624,,,,,,,,
GABC/TCBK,Banks - Regional,0.9714,0.42644,624,,,,,,,,
MIN/WIA,Asset Management,0.9419,0.42644,624,,,,,,,,
HOMB/NFBK,Banks - Regional,0.8043,0.42645,624,,,,,,,,
BN/PCM,Asset Management,0.8938,0.42645,624,,,,,,,,
CASH/HOMB,Banks - Regional,0.8933,0.42645,624,,,,,,,,
BPOPM/PPH,Unknown,0.8865,0.42646,624,,,,,,,,
BRW/STT,Asset Management,0.8759,0.42646,624,,,,,,,,
FCT/RCS,Asset Management,0.8444,0.42647,624,,,,,,,,
FMBH/GBCI,Banks - Regional,0.9386,0.42647,624,,,,,,,,
AWF/GAM,Asset Management,0.9643,0.42647,624,,,,,,,,
FEX/GJH,Unknown,0.967,0.42649,624,,,,,,,,
ETO/HTGC,Asset Management,0.934,0.4265,624,,,,,,,,
OXSQ/PCF,Asset Management,0.802,0.4265,624,,,,,,,,
JMM/PML,Asset Management,0.8682,0.42651,624,,,,,,,,
BHP/RIO,Other Industrial Metals & Mining,0.8915,0.42652,624,,,,,,,,
PRSO/QUIK,Semiconductors,0.8812,0.42652,624,,,,,,,,
INDY/RTH,Unknown,0.9536,0.42654,624,,,,,,,,
COHR/TDY,Scientific & Technical Instruments,0.8383,0.42655,624,,,,,,,,
BFK/WIA,Asset Management,0.827,0.42655,624,,,,,,,,
PIM/RFI,Asset Management,0.9085,0.42655,624,,,,,,,,
CZFS/PGC,Banks - Regional,0.8752,0.42656,624,,,,,,,,
BOH/CATY,Banks - Regional,0.913,0.42656,624,,,,,,,,
JRS/VKQ,Asset Management,0.8873,0.42657,624,,,,,,,,
CGO/MHF,Asset Management,0.9097,0.42658,624,,,,,,,,
DHIL/NFJ,Asset Management,0.8335,0.4266,624,,,,,,,,
NTRS/SCD,Asset Management,0.8132,0.42661,624,,,,,,,,
QCRH/RNST,Banks - Regional,0.8306,0.42663,624,,,,,,,,
BGT/FUND,Asset Management,0.9349,0.42664,624,,,,,,,,
MMT/NAC,Asset Management,0.8855,0.42665,624,,,,,,,,
CMU/PCN,Asset Management,0.8826,0.42666,624,,,,,,,,
MTB/NWBI,Banks - Regional,0.9487,0.42667,624,,,,,,,,
AWF/USA,Asset Management,0.9578,0.42667,624,,,,,,,,
JHI/LGI,Asset Management,0.9474,0.42668,624,,,,,,,,
FCBC/PLBC,Banks - Regional,0.9587,0.42671,624,,,,,,,,
SMBC/TRMK,Banks - Regional,0.9263,0.42672,624,,,,,,,,
CBAN/PNFP,Banks - Regional,0.899,0.42673,624,,,,,,,,
AB/MCN,Asset Management,0.9481,0.42674,624,,,,,,,,
CAF/NCA,Asset Management,0.8013,0.42674,624,,,,,,,,
BRKL/LCNB,Banks - Regional,0.8401,0.42678,624,,,,,,,,
FRAF/OZK,Banks - Regional,0.8093,0.42678,624,,,,,,,,
ABCB/CTBI,Banks - Regional,0.9697,0.42678,624,,,,,,,,
BGY/CGO,Asset Management,0.9229,0.42679,624,,,,,,,,
JPC/MGF,Asset Management,0.8577,0.42679,624,,,,,,,,
BKN/TSI,Asset Management,0.8777,0.42679,624,,,,,,,,
ISBA/WTFC,Banks - Regional,0.8606,0.42679,624,,,,,,,,
EFT/ETW,Asset Management,0.9289,0.42679,624,,,,,,,,
HOMB/UVSP,Banks - Regional,0.9161,0.42682,624,,,,,,,,
GLAD/PHD,Asset Management,0.9487,0.42683,624,,,,,,,,
BGY/BME,Asset Management,0.8922,0.42685,624,,,,,,,,
BBH/PFF,Unknown,0.958,0.42685,624,,,,,,,,
HFBL/MOFG,Banks - Regional,0.8275,0.42686,624,,,,,,,,
EVT/GDL,Asset Management,0.9611,0.42688,624,,,,,,,,
BSRR/FHN,Banks - Regional,0.8172,0.42689,624,,,,,,,,
BYM/JPC,Asset Management,0.9315,0.42689,624,,,,,,,,
DHF/EMF,Asset Management,0.8055,0.4269,624,,,,,,,,
FHI/RNP,Asset Management,0.9249,0.42691,624,,,,,,,,
QQQ/RTH,Unknown,0.991,0.42692,624,,,,,,,,
AIR/HEI,Aerospace & Defense,0.8784,0.42694,624,,,,,,,,
CCBG/WTBA,Banks - Regional,0.8316,0.42694,624,,,,,,,,
GAB/TY,Asset Management,0.9622,0.42697,624,,,,,,,,
BOKF/PNC,Banks - Regional,0.9478,0.427,624,,,,,,,,
PMO/TSI,Asset Management,0.9361,0.42703,624,,,,,,,,
DHF/JHS,Asset Management,0.9036,0.42703,624,,,,,,,,
JOF/TSI,Asset Management,0.8941,0.42703,624,,,,,,,,
EVG/RNP,Asset Management,0.972,0.42704,624,,,,,,,,
PFG/SPE,Asset Management,0.9271,0.42704,624,,,,,,,,
CMS/EVRG,Utilities - Regulated Electric,0.9831,0.42704,624,,,,,,,,
IGR/NXC,Asset Management,0.8703,0.42705,624,,,,,,,,
CIF/MCR,Asset Management,0.9523,0.42706,624,,,,,,,,
LLY/NVO,Drug Manufacturers - General,0.9581,0.42707,624,,,,,,,,
MOFG/OPBK,Banks - Regional,0.8498,0.42707,624,,,,,,,,
DHF/RNP,Asset Management,0.9538,0.42708,624,,,,,,,,
ETB/JOF,Asset Management,0.8895,0.42708,624,,,,,,,,
BN/IFN,Asset Management,0.936,0.42708,624,,,,,,,,
FEX/JBK,Unknown,0.9462,0.4271,624,,,,,,,,
MHF/PTY,Asset Management,0.9318,0.42711,624,,,,,,,,
QQQX/WIA,Asset Management,0.8858,0.42711,624,,,,,,,,
BXMX/PFN,Asset Management,0.9595,0.42712,624,,,,,,,,
CM/RY,Banks - Diversified,0.9769,0.42712,624,,,,,,,,
JPC/WIA,Asset Management,0.8571,0.42712,624,,,,,,,,
EVG/HPS,Asset Management,0.9552,0.42712,624,,,,,,,,
DORM/MLR,Auto Parts,0.8327,0.42713,624,,,,,,,,
GRX/JHS,Asset Management,0.922,0.42713,624,,,,,,,,
BME/SWKH,Asset Management,0.8355,0.42713,624,,,,,,,,
HIX/TROW,Asset Management,0.9347,0.42714,624,,,,,,,,
BOH/VABK,Banks - Regional,0.8786,0.42714,624,,,,,,,,
BPOP/SBSI,Banks - Regional,0.8271,0.42714,624,,,,,,,,
CWBC/SYBT,Banks - Regional,0.852,0.42715,624,,,,,,,,
HPF/VMO,Asset Management,0.907,0.42717,624,,,,,,,,
BBH/TVE,Unknown,0.8681,0.42717,624,,,,,,,,
MS/SCHW,Capital Markets,0.9424,0.42717,624,,,,,,,,
HDB/PKBK,Banks - Regional,0.9381,0.42717,624,,,,,,,,
BOE/WIA,Asset Management,0.8595,0.42719,624,,,,,,,,
CFR/NEWT,Banks - Regional,0.8557,0.42719,624,,,,,,,,
FRAF/OBT,Banks - Regional,0.8099,0.4272,624,,,,,,,,
CIF/PMX,Asset Management,0.8742,0.42721,624,,,,,,,,
AIR/HXL,Aerospace & Defense,0.8098,0.42721,624,,,,,,,,
GRX/RJF,Asset Management,0.8666,0.42722,624,,,,,,,,
MCN/TWN,Asset Management,0.9372,0.42722,624,,,,,,,,
ABR/LOAN,REIT - Mortgage,0.8895,0.42722,624,,,,,,,,
ETO/PHD,Asset Management,0.9595,0.42724,624,,,,,,,,
DTE/ES,Utilities - Regulated Electric,0.9199,0.42724,624,,,,,,,,
CBU/WSFS,Banks - Regional,0.9204,0.42726,624,,,,,,,,
MGRC/R,Rental & Leasing Services,0.8239,0.42726,624,,,,,,,,
CHY/RJF,Asset Management,0.93,0.42726,624,,,,,,,,
CHMG/PNFP,Banks - Regional,0.9135,0.42726,624,,,,,,,,
TCBK/TRMK,Banks - Regional,0.9393,0.42727,624,,,,,,,,
MBWM/TOWN,Banks - Regional,0.9578,0.42728,624,,,,,,,,
HFBL/TRMK,Banks - Regional,0.8415,0.42728,624,,,,,,,,
BGT/ETG,Asset Management,0.9594,0.42729,624,,,,,,,,
ETG/HQL,Asset Management,0.8871,0.4273,624,,,,,,,,
ADI/TXN,Semiconductors,0.9831,0.42731,624,,,,,,,,
TWN/TY,Asset Management,0.8956,0.42732,624,,,,,,,,
GBCI/ZION,Banks - Regional,0.9505,0.42733,624,,,,,,,,
NXP/PML,Asset Management,0.8408,0.42734,624,,,,,,,,
HIO/VMO,Asset Management,0.8661,0.42734,624,,,,,,,,
BOE/FT,Asset Management,0.9685,0.42734,624,,,,,,,,
ISBA/PFBC,Banks - Regional,0.8692,0.42734,624,,,,,,,,
BOH/UMBF,Banks - Regional,0.8639,0.42735,624,,,,,,,,
BHK/RFI,Asset Management,0.9266,0.42735,624,,,,,,,,
FUND/OCSL,Asset Management,0.8819,0.42735,624,,,,,,,,
FCT/FMY,Asset Management,0.9234,0.42735,624,,,,,,,,
FFBC/UBSI,Banks - Regional,0.914,0.42736,624,,,,,,,,
IGR/VVR,Asset Management,0.8306,0.42737,624,,,,,,,,
HQL/MYN,Asset Management,0.8733,0.42739,624,,,,,,,,
FMNB/OBT,Banks - Regional,0.8015,0.4274,624,,,,,,,,
CARE/CZWI,Banks - Regional,0.8604,0.42741,624,,,,,,,,
CASH/CHCO,Banks - Regional,0.9496,0.42743,624,,,,,,,,
NEWT/PKBK,Banks - Regional,0.8935,0.42743,624,,,,,,,,
SBFG/TRST,Banks - Regional,0.9152,0.42744,624,,,,,,,,
EFT/PCF,Asset Management,0.948,0.42744,624,,,,,,,,
BTA/ETB,Asset Management,0.9194,0.42746,624,,,,,,,,
HPI/PFO,Asset Management,0.9536,0.42749,624,,,,,,,,
AWP/DSU,Asset Management,0.8663,0.42749,624,,,,,,,,
BGT/IGR,Asset Management,0.8377,0.4275,624,,,,,,,,
EWBC/MBCN,Banks - Regional,0.9137,0.42751,624,,,,,,,,
ALL/CNA,Insurance - Property & Casualty,0.9722,0.42751,624,,,,,,,,
EVF/RJF,Asset Management,0.9522,0.42754,624,,,,,,,,
HQL/NMI,Asset Management,0.8861,0.42755,624,,,,,,,,
IMOS/QCOM,Semiconductors,0.8962,0.42755,624,,,,,,,,
BCBP/HFBL,Banks - Regional,0.9078,0.42755,624,,,,,,,,
CARE/SRCE,Banks - Regional,0.8266,0.42757,624,,,,,,,,
FDBC/HIFS,Banks - Regional,0.8401,0.42757,624,,,,,,,,
FHN/PPBI,Banks - Regional,0.8069,0.42758,624,,,,,,,,
MCN/PNNT,Asset Management,0.8959,0.42758,624,,,,,,,,
JMM/WIW,Asset Management,0.8947,0.42758,624,,,,,,,,
BAC/BK,Banks - Diversified,0.9018,0.42759,624,,,,,,,,
AUB/BFC,Banks - Regional,0.8709,0.42759,624,,,,,,,,
THG/WTM,Insurance - Property & Casualty,0.9207,0.42761,624,,,,,,,,
GAM/STK,Asset Management,0.9647,0.42761,624,,,,,,,,
AAXJ/IGIB,Unknown,0.901,0.42761,624,,,,,,,,
INDB/USB,Banks - Regional,0.921,0.42761,624,,,,,,,,
SSB/TCBK,Banks - Regional,0.9168,0.42762,624,,,,,,,,
FTA/FYX,Unknown,0.9874,0.42763,624,,,,,,,,
CBU/CCNE,Banks - Regional,0.9208,0.42764,624,,,,,,,,
BXMX/EFT,Asset Management,0.9553,0.42764,624,,,,,,,,
CSWC/IGA,Asset Management,0.9541,0.42765,624,,,,,,,,
GBX/TRN,Railroads,0.8727,0.42765,624,,,,,,,,
FMY/PTY,Asset Management,0.9427,0.42765,624,,,,,,,,
JEQ/VBF,Asset Management,0.9279,0.42766,624,,,,,,,,
BFIN/CWBC,Banks - Regional,0.8027,0.42767,624,,,,,,,,
FMBH/HFWA,Banks - Regional,0.9105,0.42767,624,,,,,,,,
CAF/PCQ,Asset Management,0.8959,0.42768,624,,,,,,,,
BXMX/PFL,Asset Management,0.9594,0.42768,624,,,,,,,,
FMBH/PEBO,Banks - Regional,0.9372,0.42769,624,,,,,,,,
FCF/HWC,Banks - Regional,0.9289,0.42769,624,,,,,,,,
AX/RNST,Banks - Regional,0.8265,0.42771,624,,,,,,,,
IFN/NTRS,Asset Management,0.8318,0.42772,624,,,,,,,,
CBSH/FULT,Banks - Regional,0.914,0.42772,624,,,,,,,,
HFWA/RNST,Banks - Regional,0.8962,0.42772,624,,,,,,,,
GUT/MMT,Asset Management,0.8441,0.42772,624,,,,,,,,
MHI/MVF,Asset Management,0.9286,0.42773,624,,,,,,,,
NKSH/WSBF,Banks - Regional,0.8534,0.42774,624,,,,,,,,
RCS/VBF,Asset Management,0.8178,0.42774,624,,,,,,,,
RF/VLY,Banks - Regional,0.8314,0.42775,624,,,,,,,,
PWR/STN,Engineering & Construction,0.9657,0.42775,624,,,,,,,,
JQC/SOR,Asset Management,0.9693,0.42775,624,,,,,,,,
HFWA/UBFO,Banks - Regional,0.9127,0.42775,624,,,,,,,,
MPV/PNNT,Asset Management,0.9026,0.42776,624,,,,,,,,
ISBA/SFNC,Banks - Regional,0.8212,0.42777,624,,,,,,,,
BRW/MIN,Asset Management,0.8345,0.42777,624,,,,,,,,
AX/WSBC,Banks - Regional,0.826,0.42778,624,,,,,,,,
GJO/PDP,Unknown,0.9658,0.42778,624,,,,,,,,
JHI/SPE,Asset Management,0.9176,0.42778,624,,,,,,,,
ETG/ETV,Asset Management,0.9796,0.42778,624,,,,,,,,
CFFI/OBT,Banks - Regional,0.8557,0.42779,624,,,,,,,,
CMU/VLT,Asset Management,0.8534,0.4278,624,,,,,,,,
NBTB/ONB,Banks - Regional,0.9661,0.42781,624,,,,,,,,
MGF/TSI,Asset Management,0.8491,0.42781,624,,,,,,,,
HIX/NAN,Asset Management,0.9015,0.42782,624,,,,,,,,
PEBK/SBSI,Banks - Regional,0.9349,0.42784,624,,,,,,,,
BCML/FMAO,Banks - Regional,0.9001,0.42785,624,,,,,,,,
BOE/JQC,Asset Management,0.9494,0.42786,624,,,,,,,,
AMP/BX,Asset Management,0.9753,0.42786,624,,,,,,,,
BLW/NXN,Asset Management,0.9063,0.42786,624,,,,,,,,
FBNC/ONB,Banks - Regional,0.9439,0.42786,624,,,,,,,,
GDL/PAI,Asset Management,0.8858,0.42787,624,,,,,,,,
CIVB/FMBH,Banks - Regional,0.9467,0.42788,624,,,,,,,,
ATS/GGG,Specialty Industrial Machinery,0.8891,0.42788,624,,,,,,,,
FT/SPE,Asset Management,0.9741,0.42789,624,,,,,,,,
HFBL/UVSP,Banks - Regional,0.8437,0.42791,624,,,,,,,,
CHCO/OFG,Banks - Regional,0.9077,0.42792,624,,,,,,,,
FUNC/NBN,Banks - Regional,0.8978,0.42793,624,,,,,,,,
ETG/SAR,Asset Management,0.9664,0.42794,624,,,,,,,,
MCHP/QCOM,Semiconductors,0.9031,0.42796,624,,,,,,,,
HQH/PFL,Asset Management,0.8805,0.42796,624,,,,,,,,
USIG/VGSH,Unknown,0.9294,0.42796,624,,,,,,,,
HOPE/SFNC,Banks - Regional,0.8845,0.42796,624,,,,,,,,
CIVB/FRAF,Banks - Regional,0.957,0.42796,624,,,,,,,,
PTY/STK,Asset Management,0.9374,0.42797,624,,,,,,,,
PAI/RFI,Asset Management,0.9033,0.42799,624,,,,,,,,
DHIL/EOI,Asset Management,0.8235,0.428,624,,,,,,,,
MTX/SXT,Specialty Chemicals,0.8692,0.42801,624,,,,,,,,
CCBG/WTFC,Banks - Regional,0.9249,0.42801,624,,,,,,,,
HQL/NQP,Asset Management,0.8843,0.42802,624,,,,,,,,
FCBC/FRAF,Banks - Regional,0.9322,0.42803,624,,,,,,,,
LEO/VTN,Asset Management,0.9588,0.42804,624,,,,,,,,
GJS/PRFZ,Unknown,0.9622,0.42807,624,,,,,,,,
SIMO/TXN,Semiconductors,0.9161,0.42807,624,,,,,,,,
CIF/SPE,Asset Management,0.8541,0.42808,624,,,,,,,,
GRX/TWN,Asset Management,0.8393,0.42808,624,,,,,,,,
NKSH/TCBI,Banks - Regional,0.8063,0.42808,624,,,,,,,,
JQC/NIE,Asset Management,0.945,0.42809,624,,,,,,,,
FBNC/FNLC,Banks - Regional,0.968,0.4281,624,,,,,,,,
JCE/VVR,Asset Management,0.9649,0.42811,624,,,,,,,,
FSFG/WSBC,Banks - Regional,0.8782,0.42812,624,,,,,,,,
HQH/MMU,Asset Management,0.8511,0.42813,624,,,,,,,,
AROW/ASB,Banks - Regional,0.8836,0.42813,624,,,,,,,,
CCBG/CZNC,Banks - Regional,0.8538,0.42814,624,,,,,,,,
MVT/PFD,Asset Management,0.9143,0.42815,624,,,,,,,,
SHBI/WTBA,Banks - Regional,0.8865,0.42815,624,,,,,,,,
AEP/EIX,Utilities - Regulated Electric,0.889,0.42817,624,,,,,,,,
HEES/UHAL,Rental & Leasing Services,0.834,0.42818,624,,,,,,,,
NMI/PIM,Asset Management,0.8586,0.42819,624,,,,,,,,
ATR/WST,Medical Instruments & Supplies,0.8779,0.4282,624,,,,,,,,
FRME/THFF,Banks - Regional,0.9649,0.42821,624,,,,,,,,
FCBC/SBFG,Banks - Regional,0.9129,0.42821,624,,,,,,,,
FBIZ/UBCP,Banks - Regional,0.8439,0.42821,624,,,,,,,,
FCCO/LARK,Banks - Regional,0.9136,0.42822,624,,,,,,,,
PHD/STEW,Asset Management,0.9613,0.42823,624,,,,,,,,
BANC/CVBF,Banks - Regional,0.8202,0.42824,624,,,,,,,,
AGD/MMT,Asset Management,0.9248,0.42825,624,,,,,,,,
BUSE/OZK,Banks - Regional,0.8703,0.42825,624,,,,,,,,
ACN/JKHY,Information Technology Services,0.9307,0.42825,624,,,,,,,,
ENB/OKE,Oil & Gas Midstream,0.8685,0.42826,624,,,,,,,,
JFR/SCD,Asset Management,0.9657,0.42826,624,,,,,,,,
FFBC/KEY,Banks - Regional,0.8945,0.42827,624,,,,,,,,
KEY/UBCP,Banks - Regional,0.8847,0.42828,624,,,,,,,,
FCBC/FSFG,Banks - Regional,0.9016,0.42828,624,,,,,,,,
FLC/PDT,Asset Management,0.9568,0.42828,624,,,,,,,,
FSFG/OPBK,Banks - Regional,0.9144,0.42829,624,,,,,,,,
AX/CFR,Banks - Regional,0.9225,0.42829,624,,,,,,,,
CBAN/MBWM,Banks - Regional,0.8858,0.4283,624,,,,,,,,
HFBL/NWFL,Banks - Regional,0.8749,0.4283,624,,,,,,,,
FRAF/ONB,Banks - Regional,0.9239,0.42831,624,,,,,,,,
SSB/UBFO,Banks - Regional,0.8923,0.42833,624,,,,,,,,
GLAD/MPV,Asset Management,0.9438,0.42834,624,,,,,,,,
SRCE/UBCP,Banks - Regional,0.9047,0.42839,624,,,,,,,,
HIFS/ZION,Banks - Regional,0.9402,0.42839,624,,,,,,,,
EFT/ETG,Asset Management,0.9666,0.42839,624,,,,,,,,
AWP/GCV,Asset Management,0.9394,0.4284,624,,,,,,,,
CIF/MHN,Asset Management,0.901,0.4284,624,,,,,,,,
DSU/EXG,Asset Management,0.9669,0.42842,624,,,,,,,,
MGYR/UBCP,Banks - Regional,0.8961,0.42844,624,,,,,,,,
EMD/JEQ,Asset Management,0.8468,0.42844,624,,,,,,,,
ETB/USA,Asset Management,0.9654,0.42845,624,,,,,,,,
PIE/PIZ,Unknown,0.8821,0.42846,624,,,,,,,,
OSBC/SFST,Banks - Regional,0.8626,0.42847,624,,,,,,,,
BSRR/LCNB,Banks - Regional,0.8859,0.42847,624,,,,,,,,
CZFS/FMNB,Banks - Regional,0.8804,0.42848,624,,,,,,,,
EXG/MCN,Asset Management,0.9662,0.42848,624,,,,,,,,
CHCO/WAFD,Banks - Regional,0.8843,0.42851,624,,,,,,,,
AGD/EMF,Asset Management,0.8127,0.42853,624,,,,,,,,
ARCC/PCF,Asset Management,0.9346,0.42853,624,,,,,,,,
FSFG/USB,Banks - Regional,0.9277,0.42853,624,,,,,,,,
ISBA/MPB,Banks - Regional,0.8646,0.42854,624,,,,,,,,
HBCP/UBCP,Banks - Regional,0.9059,0.42854,624,,,,,,,,
FAD/SHY,Unknown,0.9342,0.42856,624,,,,,,,,
IJT/PTF,Unknown,0.9458,0.42856,624,,,,,,,,
CZNC/PNC,Banks - Regional,0.9025,0.42856,624,,,,,,,,
EOD/HTGC,Asset Management,0.9617,0.42856,624,,,,,,,,
GUT/UTF,Asset Management,0.8425,0.42856,624,,,,,,,,
BSRR/CBU,Banks - Regional,0.9223,0.42858,624,,,,,,,,
MUJ/WIA,Asset Management,0.9055,0.42859,624,,,,,,,,
FYX/QQEW,Unknown,0.9769,0.42859,624,,,,,,,,
SBSI/SYBT,Banks - Regional,0.9001,0.42859,624,,,,,,,,
GRBK/KBH,Residential Construction,0.8689,0.4286,624,,,,,,,,
ALNY/CORT,Biotechnology,0.8541,0.42861,624,,,,,,,,
IDA/XEL,Utilities - Regulated Electric,0.9713,0.42861,624,,,,,,,,
BYM/HIO,Asset Management,0.8825,0.42861,624,,,,,,,,
CBT/HWKN,Specialty Chemicals,0.8804,0.42861,624,,,,,,,,
RNP/VPV,Asset Management,0.9008,0.42862,624,,,,,,,,
ABCB/CASH,Banks - Regional,0.9157,0.42864,624,,,,,,,,
CXH/RFI,Asset Management,0.8704,0.42864,624,,,,,,,,
MIN/TSI,Asset Management,0.9279,0.42864,624,,,,,,,,
CSQ/STK,Asset Management,0.9911,0.42865,624,,,,,,,,
IFN/PFL,Asset Management,0.9074,0.42865,624,,,,,,,,
CAF/PNI,Asset Management,0.8161,0.42867,624,,,,,,,,
ETY/PCN,Asset Management,0.9393,0.42868,624,,,,,,,,
EVT/SOR,Asset Management,0.9816,0.42869,624,,,,,,,,
GJH/IJT,Unknown,0.9695,0.4287,624,,,,,,,,
DOX/ORCL,Software - Infrastructure,0.8501,0.42872,624,,,,,,,,
HQL/NAN,Asset Management,0.8829,0.42872,624,,,,,,,,
SBSI/SFNC,Banks - Regional,0.898,0.42873,624,,,,,,,,
KAI/PNR,Specialty Industrial Machinery,0.9423,0.42874,624,,,,,,,,
IUSG/SHY,Unknown,0.9398,0.42875,624,,,,,,,,
LNT/TXNM,Utilities - Regulated Electric,0.974,0.42877,624,,,,,,,,
ETV/PFL,Asset Management,0.973,0.42878,624,,,,,,,,
FBIZ/TOWN,Banks - Regional,0.8726,0.4288,624,,,,,,,,
MTB/SBCF,Banks - Regional,0.9039,0.42881,624,,,,,,,,
FITB/IBOC,Banks - Regional,0.943,0.42881,624,,,,,,,,
BOE/GCV,Asset Management,0.8857,0.42882,624,,,,,,,,
ESSA/TFSL,Banks - Regional,0.8298,0.42882,624,,,,,,,,
MMT/MPA,Asset Management,0.9346,0.42884,624,,,,,,,,
CVBF/SFNC,Banks - Regional,0.8836,0.42885,624,,,,,,,,
NTRS/PFO,Asset Management,0.9257,0.42887,624,,,,,,,,
PAI/PMF,Asset Management,0.8764,0.42888,624,,,,,,,,
BUSE/SBSI,Banks - Regional,0.9245,0.42889,624,,,,,,,,
BANR/TRMK,Banks - Regional,0.9424,0.42889,624,,,,,,,,
NNY/PDT,Asset Management,0.9308,0.4289,624,,,,,,,,
AGM/SLMBP,Credit Services,0.9204,0.4289,624,,,,,,,,
AMP/ETG,Asset Management,0.9408,0.4289,624,,,,,,,,
BHK/MHN,Asset Management,0.9451,0.42891,624,,,,,,,,
OBT/TOWN,Banks - Regional,0.8402,0.42892,624,,,,,,,,
BHK/NAD,Asset Management,0.9836,0.42892,624,,,,,,,,
ETJ/PTY,Asset Management,0.959,0.42893,624,,,,,,,,
GAIN/RFI,Asset Management,0.9479,0.42894,624,,,,,,,,
FT/PFO,Asset Management,0.8973,0.42895,624,,,,,,,,
FBNC/PFIS,Banks - Regional,0.9019,0.42895,624,,,,,,,,
G/MGIC,Information Technology Services,0.9156,0.42896,624,,,,,,,,
BUSE/OSBC,Banks - Regional,0.9356,0.42896,624,,,,,,,,
PEBO/QCRH,Banks - Regional,0.9429,0.42898,624,,,,,,,,
GBCI/LKFN,Banks - Regional,0.9621,0.42899,624,,,,,,,,
MOFG/UBSI,Banks - Regional,0.9068,0.42899,624,,,,,,,,
BBH/IEUS,Unknown,0.9307,0.42899,624,,,,,,,,
CASH/FMNB,Banks - Regional,0.8913,0.429,624,,,,,,,,
BX/ETY,Asset Management,0.9617,0.429,624,,,,,,,,
CVBF/PNFP,Banks - Regional,0.8896,0.429,624,,,,,,,,
BOTJ/FMAO,Banks - Regional,0.8489,0.42901,624,,,,,,,,
AAXJ/ACWX,Unknown,0.9272,0.42901,624,,,,,,,,
AWP/LGI,Asset Management,0.9222,0.42901,624,,,,,,,,
BOH/COFS,Banks - Regional,0.8373,0.42902,624,,,,,,,,
MCR/VMO,Asset Management,0.9161,0.42904,624,,,,,,,,
ED/EIX,Utilities - Regulated Electric,0.9178,0.42904,624,,,,,,,,
IAE/STK,Asset Management,0.849,0.42905,624,,,,,,,,
PCN/RVT,Asset Management,0.9576,0.42906,624,,,,,,,,
BOKF/UCB,Banks - Regional,0.914,0.42912,624,,,,,,,,
EVF/RMT,Asset Management,0.9557,0.42912,624,,,,,,,,
PROV/WTBA,Banks - Regional,0.8335,0.42912,624,,,,,,,,
GAIN/JLS,Asset Management,0.8448,0.42912,624,,,,,,,,
CGO/PCN,Asset Management,0.9535,0.42913,624,,,,,,,,
NEA/WIA,Asset Management,0.9203,0.42914,624,,,,,,,,
GBCI/SMBK,Banks - Regional,0.9115,0.42914,624,,,,,,,,
ARCC/ETO,Asset Management,0.9582,0.42915,624,,,,,,,,
GCV/QQQX,Asset Management,0.9296,0.42915,624,,,,,,,,
AAXJ/IGSB,Unknown,0.8795,0.42915,624,,,,,,,,
NVG/PCQ,Asset Management,0.8587,0.42916,624,,,,,,,,
IFN/PFN,Asset Management,0.9045,0.42916,624,,,,,,,,
GRX/MUA,Asset Management,0.8991,0.42917,624,,,,,,,,
BELFB/FLEX,Electronic Components,0.9177,0.42917,624,,,,,,,,
CVBF/WSBC,Banks - Regional,0.928,0.42918,624,,,,,,,,
IGI/IGR,Asset Management,0.8574,0.42918,624,,,,,,,,
FMN/MHI,Asset Management,0.9299,0.42918,624,,,,,,,,
IFN/USA,Asset Management,0.9612,0.42918,624,,,,,,,,
IEI/VCIT,Unknown,0.9726,0.42918,624,,,,,,,,
CII/TWN,Asset Management,0.9534,0.4292,624,,,,,,,,
BOH/EFSC,Banks - Regional,0.9229,0.4292,624,,,,,,,,
FISI/QCRH,Banks - Regional,0.8359,0.42921,624,,,,,,,,
BOE/STEW,Asset Management,0.9842,0.42921,624,,,,,,,,
ACNB/NRIM,Banks - Regional,0.9028,0.42922,624,,,,,,,,
KIM/REG,REIT - Retail,0.9227,0.42923,624,,,,,,,,
ACN/G,Information Technology Services,0.9201,0.42923,624,,,,,,,,
ATR/PDEX,Medical Instruments & Supplies,0.8823,0.42923,624,,,,,,,,
FRME/PNC,Banks - Regional,0.9305,0.42924,624,,,,,,,,
PFS/UBFO,Banks - Regional,0.8709,0.42924,624,,,,,,,,
PPBI/SMBC,Banks - Regional,0.8471,0.42924,624,,,,,,,,
EVT/OIA,Asset Management,0.9154,0.42925,624,,,,,,,,
PPG/SXT,Specialty Chemicals,0.912,0.42926,624,,,,,,,,
GDL/IIF,Asset Management,0.9178,0.42927,624,,,,,,,,
FMBH/PFS,Banks - Regional,0.9096,0.42927,624,,,,,,,,
FULT/WTBA,Banks - Regional,0.899,0.42927,624,,,,,,,,
AUB/FRAF,Banks - Regional,0.9381,0.42927,624,,,,,,,,
CHCO/PNC,Banks - Regional,0.9253,0.42929,624,,,,,,,,
AB/AMP,Asset Management,0.9028,0.42929,624,,,,,,,,
BCBP/MBCN,Banks - Regional,0.8592,0.42932,624,,,,,,,,
COFS/ZION,Banks - Regional,0.8163,0.42932,624,,,,,,,,
HTBK/TOWN,Banks - Regional,0.9042,0.42933,624,,,,,,,,
EFT/ETY,Asset Management,0.9669,0.42934,624,,,,,,,,
DRI/MCD,Restaurants,0.978,0.42935,624,,,,,,,,
BCML/FBNC,Banks - Regional,0.9219,0.42935,624,,,,,,,,
GSBC/ISBA,Banks - Regional,0.8689,0.42937,624,,,,,,,,
IMCV/PUI,Unknown,0.9678,0.42937,624,,,,,,,,
MMT/PTY,Asset Management,0.9782,0.42938,624,,,,,,,,
BOE/FUND,Asset Management,0.9654,0.42939,624,,,,,,,,
CENT/JJSF,Packaged Foods,0.8591,0.42939,624,,,,,,,,
NTRS/PSEC,Asset Management,0.8077,0.42939,624,,,,,,,,
CHRW/HUBG,Integrated Freight & Logistics,0.862,0.42941,624,,,,,,,,
PDP/PFI,Unknown,0.9849,0.42942,624,,,,,,,,
BOTJ/VABK,Banks - Regional,0.9172,0.42943,624,,,,,,,,
HWC/IBN,Banks - Regional,0.8024,0.42943,624,,,,,,,,
NAD/PZC,Asset Management,0.8947,0.42944,624,,,,,,,,
AZTA/BLFS,Medical Instruments & Supplies,0.8937,0.42946,624,,,,,,,,
CMI/TNC,Specialty Industrial Machinery,0.8438,0.42946,624,,,,,,,,
OPBK/PFBC,Banks - Regional,0.9437,0.42947,624,,,,,,,,
ETB/TROW,Asset Management,0.8612,0.42948,624,,,,,,,,
ETB/MMT,Asset Management,0.9492,0.42948,624,,,,,,,,
CZWI/VABK,Banks - Regional,0.9156,0.42949,624,,,,,,,,
AOD/PPT,Asset Management,0.8863,0.42949,624,,,,,,,,
CBU/TFC,Banks - Regional,0.9531,0.4295,624,,,,,,,,
DSM/NAZ,Asset Management,0.9371,0.42951,624,,,,,,,,
BOTJ/WABC,Banks - Regional,0.86,0.42952,624,,,,,,,,
AB/PCF,Asset Management,0.9415,0.42952,624,,,,,,,,
HPF/NAZ,Asset Management,0.8678,0.42954,624,,,,,,,,
CBAN/CHMG,Banks - Regional,0.9054,0.42954,624,,,,,,,,
RQI/UTF,Asset Management,0.9835,0.42955,624,,,,,,,,
HPS/NAN,Asset Management,0.9246,0.42955,624,,,,,,,,
HQL/PMM,Asset Management,0.8904,0.42956,624,,,,,,,,
AXP/SLM,Credit Services,0.962,0.42957,624,,,,,,,,
EXG/VRTS,Asset Management,0.8312,0.42958,624,,,,,,,,
BND/VGSH,Unknown,0.9034,0.42958,624,,,,,,,,
PB/WTFC,Banks - Regional,0.912,0.42959,624,,,,,,,,
MOFG/TSBK,Banks - Regional,0.8189,0.42959,624,,,,,,,,
GDO/NPV,Asset Management,0.8873,0.42959,624,,,,,,,,
AROW/THFF,Banks - Regional,0.9342,0.4296,624,,,,,,,,
GCBC/SBFG,Banks - Regional,0.8024,0.4296,624,,,,,,,,
OPOF/SNV,Banks - Regional,0.8534,0.42961,624,,,,,,,,
ASX/AVGO,Semiconductors,0.9174,0.42962,624,,,,,,,,
CACI/CSPI,Information Technology Services,0.8269,0.42962,624,,,,,,,,
FRST/PKBK,Banks - Regional,0.8537,0.42962,624,,,,,,,,
BRKL/MTB,Banks - Regional,0.8591,0.42963,624,,,,,,,,
AAXJ/USIG,Unknown,0.8968,0.42963,624,,,,,,,,
LCNB/TRST,Banks - Regional,0.8913,0.42963,624,,,,,,,,
UBSI/UCB,Banks - Regional,0.8982,0.42963,624,,,,,,,,
NPV/NUV,Asset Management,0.9207,0.42963,624,,,,,,,,
NVEC/TXN,Semiconductors,0.8108,0.42964,624,,,,,,,,
EFR/PCN,Asset Management,0.9255,0.42964,624,,,,,,,,
IAE/USA,Asset Management,0.8642,0.42967,624,,,,,,,,
EBMT/MBCN,Banks - Regional,0.8103,0.42967,624,,,,,,,,
CARE/OSBC,Banks - Regional,0.8325,0.42967,624,,,,,,,,
CRMT/KMX,Auto & Truck Dealerships,0.8661,0.42967,624,,,,,,,,
ACNB/MBWM,Banks - Regional,0.9657,0.42968,624,,,,,,,,
FYX/JBK,Unknown,0.9374,0.42968,624,,,,,,,,
ATLC/AXP,Credit Services,0.8291,0.42968,624,,,,,,,,
ISBA/SBSI,Banks - Regional,0.8615,0.42968,624,,,,,,,,
BLW/TWN,Asset Management,0.9297,0.42969,624,,,,,,,,
GSBC/MTB,Banks - Regional,0.9417,0.42969,624,,,,,,,,
CATY/FBIZ,Banks - Regional,0.9231,0.4297,624,,,,,,,,
ABCB/CWBC,Banks - Regional,0.9364,0.4297,624,,,,,,,,
CHY/TY,Asset Management,0.9718,0.42971,624,,,,,,,,
GPI/SAH,Auto & Truck Dealerships,0.9382,0.42972,624,,,,,,,,
BANR/FBIZ,Banks - Regional,0.9024,0.42973,624,,,,,,,,
ABCB/PGC,Banks - Regional,0.9172,0.42974,624,,,,,,,,
ALRS/FMBH,Banks - Regional,0.8893,0.42974,624,,,,,,,,
BDJ/IIF,Asset Management,0.9178,0.42976,624,,,,,,,,
TOWN/WTBA,Banks - Regional,0.9195,0.42977,624,,,,,,,,
ETW/SPXX,Asset Management,0.976,0.42977,624,,,,,,,,
EMF/MMT,Asset Management,0.8051,0.42978,624,,,,,,,,
AGD/EOS,Asset Management,0.9706,0.42978,624,,,,,,,,
FCF/PNFP,Banks - Regional,0.9548,0.42979,624,,,,,,,,
AKAM/DOX,Software - Infrastructure,0.8386,0.42979,624,,,,,,,,
IGR/JCE,Asset Management,0.8924,0.42979,624,,,,,,,,
EXLS/FI,Information Technology Services,0.9109,0.4298,624,,,,,,,,
HBAN/NBTB,Banks - Regional,0.9611,0.42982,624,,,,,,,,
CASY/WSM,Specialty Retail,0.9372,0.42982,624,,,,,,,,
CNS/GDO,Asset Management,0.8901,0.42983,624,,,,,,,,
SSB/VABK,Banks - Regional,0.8858,0.42988,624,,,,,,,,
CZFS/OSBC,Banks - Regional,0.8755,0.42988,624,,,,,,,,
PIPR/SF,Capital Markets,0.9768,0.42988,624,,,,,,,,
SSBI/UBCP,Banks - Regional,0.8615,0.4299,624,,,,,,,,
BKN/MIN,Asset Management,0.8948,0.4299,624,,,,,,,,
MNDO/NICE,Software - Application,0.9248,0.42991,624,,,,,,,,
BFC/FFIN,Banks - Regional,0.8967,0.42991,624,,,,,,,,
FLC/VPV,Asset Management,0.9602,0.42991,624,,,,,,,,
BME/GCV,Asset Management,0.9332,0.42992,624,,,,,,,,
BRW/FHI,Asset Management,0.9248,0.42993,624,,,,,,,,
MBCN/TFSL,Banks - Regional,0.8381,0.42994,624,,,,,,,,
IGR/MFM,Asset Management,0.8655,0.42994,624,,,,,,,,
FEX/VGSH,Unknown,0.9213,0.42996,624,,,,,,,,
CHN/JEQ,Asset Management,0.8472,0.42996,624,,,,,,,,
EVT/MPV,Asset Management,0.9214,0.42997,624,,,,,,,,
PEBK/UCB,Banks - Regional,0.9044,0.42999,624,,,,,,,,
FUND/PPT,Asset Management,0.8339,0.42999,624,,,,,,,,
FITB/PKBK,Banks - Regional,0.923,0.43,624,,,,,,,,
IBN/OFG,Banks - Regional,0.9593,0.43002,624,,,,,,,,
ICE/NDAQ,Financial Data & Stock Exchanges,0.9781,0.43002,624,,,,,,,,
DCOM/FFIN,Banks - Regional,0.8073,0.43003,624,,,,,,,,
BTO/SEIC,Asset Management,0.9254,0.43003,624,,,,,,,,
GJR/PRFZ,Unknown,0.9412,0.43004,624,,,,,,,,
HQL/NAD,Asset Management,0.9053,0.43004,624,,,,,,,,
EOD/GAIN,Asset Management,0.9514,0.43005,624,,,,,,,,
AROW/BANC,Banks - Regional,0.8316,0.43005,624,,,,,,,,
EEA/QQQX,Asset Management,0.954,0.43005,624,,,,,,,,
AWF/QQQX,Asset Management,0.9626,0.43006,624,,,,,,,,
BGT/HIO,Asset Management,0.9223,0.43006,624,,,,,,,,
BANR/FNB,Banks - Regional,0.9006,0.43007,624,,,,,,,,
BANR/FCBC,Banks - Regional,0.9194,0.43007,624,,,,,,,,
MTD/QGEN,Diagnostics & Research,0.9451,0.43009,624,,,,,,,,
AROW/OPBK,Banks - Regional,0.8652,0.4301,624,,,,,,,,
LGI/NTRS,Asset Management,0.894,0.43011,624,,,,,,,,
EME/MTZ,Engineering & Construction,0.8474,0.43012,624,,,,,,,,
HTGC/RMT,Asset Management,0.9379,0.43012,624,,,,,,,,
BCML/COFS,Banks - Regional,0.8636,0.43012,624,,,,,,,,
CCBG/SHBI,Banks - Regional,0.8153,0.43013,624,,,,,,,,
MMT/NXJ,Asset Management,0.9687,0.43013,624,,,,,,,,
CZWI/HFWA,Banks - Regional,0.8902,0.43014,624,,,,,,,,
BRW/HIO,Asset Management,0.9189,0.43014,624,,,,,,,,
HPS/NKX,Asset Management,0.9308,0.43014,624,,,,,,,,
ES/NWE,Utilities - Regulated Electric,0.9164,0.43014,624,,,,,,,,
ISRG/WST,Medical Instruments & Supplies,0.8645,0.43015,624,,,,,,,,
RNST/TCBK,Banks - Regional,0.8806,0.43015,624,,,,,,,,
ETW/GAIN,Asset Management,0.9237,0.43015,624,,,,,,,,
BPOPM/VMBS,Unknown,0.8602,0.43018,624,,,,,,,,
BLW/PCF,Asset Management,0.9765,0.43018,624,,,,,,,,
FLIC/HFWA,Banks - Regional,0.8067,0.4302,624,,,,,,,,
IPB/PTH,Unknown,0.9359,0.43021,624,,,,,,,,
CBU/LKFN,Banks - Regional,0.9224,0.43021,624,,,,,,,,
LKFN/OPBK,Banks - Regional,0.9086,0.43022,624,,,,,,,,
BCML/MGYR,Banks - Regional,0.9042,0.43022,624,,,,,,,,
FISI/WSBC,Banks - Regional,0.9343,0.43024,624,,,,,,,,
CHY/PFL,Asset Management,0.9534,0.43024,624,,,,,,,,
JSM/QABA,Unknown,0.895,0.43024,624,,,,,,,,
AOD/BME,Asset Management,0.9308,0.43024,624,,,,,,,,
FHI/STK,Asset Management,0.9179,0.43025,624,,,,,,,,
MCN/USA,Asset Management,0.9668,0.43025,624,,,,,,,,
PHK/PPT,Asset Management,0.8379,0.43025,624,,,,,,,,
FITB/MBWM,Banks - Regional,0.9374,0.43025,624,,,,,,,,
HON/OTTR,Conglomerates,0.9104,0.43026,624,,,,,,,,
FRAF/WSFS,Banks - Regional,0.9434,0.43027,624,,,,,,,,
CPB/SJM,Packaged Foods,0.8972,0.43028,624,,,,,,,,
AUB/FMAO,Banks - Regional,0.8663,0.43029,624,,,,,,,,
OVLY/WSBF,Banks - Regional,0.8082,0.43029,624,,,,,,,,
AROW/SYBT,Banks - Regional,0.8627,0.4303,624,,,,,,,,
ATRC/AZTA,Medical Instruments & Supplies,0.9253,0.43031,624,,,,,,,,
AMP/CGO,Asset Management,0.842,0.43032,624,,,,,,,,
GAB/MAIN,Asset Management,0.9376,0.43032,624,,,,,,,,
FCT/GDO,Asset Management,0.8949,0.43034,624,,,,,,,,
MQY/PMF,Asset Management,0.9221,0.43035,624,,,,,,,,
CBSH/CFFI,Banks - Regional,0.8406,0.43036,624,,,,,,,,
EVG/GAB,Asset Management,0.9459,0.43036,624,,,,,,,,
BOE/MHF,Asset Management,0.884,0.43037,624,,,,,,,,
DHF/NTRS,Asset Management,0.894,0.43039,624,,,,,,,,
ACNB/COFS,Banks - Regional,0.9193,0.43039,624,,,,,,,,
NMZ/NRK,Asset Management,0.9799,0.4304,624,,,,,,,,
MAA/SUI,REIT - Residential,0.9589,0.43041,624,,,,,,,,
NQP/OIA,Asset Management,0.9674,0.43043,624,,,,,,,,
PCN/VBF,Asset Management,0.9606,0.43043,624,,,,,,,,
MMU/PIM,Asset Management,0.834,0.43045,624,,,,,,,,
NWBI/WSFS,Banks - Regional,0.963,0.43045,624,,,,,,,,
BTO/JCE,Asset Management,0.9392,0.43046,624,,,,,,,,
INDY/PIO,Unknown,0.9565,0.43048,624,,,,,,,,
OCSL/PNNT,Asset Management,0.865,0.43048,624,,,,,,,,
MTB/STBA,Banks - Regional,0.942,0.43048,624,,,,,,,,
CNS/MMT,Asset Management,0.9475,0.43051,624,,,,,,,,
DHIL/SPXX,Asset Management,0.8805,0.43051,624,,,,,,,,
ETW/SOR,Asset Management,0.969,0.43051,624,,,,,,,,
FNX/GJH,Unknown,0.9576,0.43052,624,,,,,,,,
MCR/MUJ,Asset Management,0.946,0.43052,624,,,,,,,,
FEX/PFI,Unknown,0.9842,0.43053,624,,,,,,,,
CAC/PWOD,Banks - Regional,0.8056,0.43054,624,,,,,,,,
BLK/EOI,Asset Management,0.984,0.43055,624,,,,,,,,
RTH/SMH,Unknown,0.9522,0.43055,624,,,,,,,,
IRDM/TU,Telecom Services,0.8435,0.43055,624,,,,,,,,
HQL/USA,Asset Management,0.8563,0.43056,624,,,,,,,,
CXE/MAV,Asset Management,0.8088,0.43056,624,,,,,,,,
AOS/KAI,Specialty Industrial Machinery,0.8847,0.43058,624,,,,,,,,
PEBO/TCBK,Banks - Regional,0.9475,0.43059,624,,,,,,,,
CCBG/FNB,Banks - Regional,0.8386,0.43059,624,,,,,,,,
HIX/RFI,Asset Management,0.9378,0.43062,624,,,,,,,,
NZF/RQI,Asset Management,0.9221,0.43062,624,,,,,,,,
JHS/PCQ,Asset Management,0.851,0.43062,624,,,,,,,,
FLC/NXP,Asset Management,0.9574,0.43063,624,,,,,,,,
GDL/VVR,Asset Management,0.9346,0.43063,624,,,,,,,,
CIF/VGM,Asset Management,0.9352,0.43064,624,,,,,,,,
EVN/WIA,Asset Management,0.8556,0.43064,624,,,,,,,,
PROV/SFNC,Banks - Regional,0.8331,0.43066,624,,,,,,,,
GUT/NUV,Asset Management,0.8286,0.43067,624,,,,,,,,
IGI/TROW,Asset Management,0.8772,0.43068,624,,,,,,,,
CWT/YORW,Utilities - Regulated Water,0.9644,0.43071,624,,,,,,,,
DCO/TXT,Aerospace & Defense,0.8587,0.43071,624,,,,,,,,
BMRC/CVBF,Banks - Regional,0.8147,0.43072,624,,,,,,,,
CFR/PFBC,Banks - Regional,0.9574,0.43072,624,,,,,,,,
GRX/NXC,Asset Management,0.9331,0.43073,624,,,,,,,,
HPQ/STX,Computer Hardware,0.8973,0.43074,624,,,,,,,,
CVBF/FNB,Banks - Regional,0.8125,0.43074,624,,,,,,,,
FNB/TRST,Banks - Regional,0.8028,0.43075,624,,,,,,,,
MIN/NAD,Asset Management,0.9364,0.43075,624,,,,,,,,
PEY/PFM,Unknown,0.9796,0.43076,624,,,,,,,,
PHO/PTF,Unknown,0.9841,0.43076,624,,,,,,,,
MQY/VTN,Asset Management,0.9601,0.43078,624,,,,,,,,
GRX/PMO,Asset Management,0.9424,0.43079,624,,,,,,,,
MHI/MMU,Asset Management,0.8963,0.43079,624,,,,,,,,
OIA/PPT,Asset Management,0.9245,0.4308,624,,,,,,,,
GRC/ITW,Specialty Industrial Machinery,0.8586,0.43082,624,,,,,,,,
EGBN/RVSB,Banks - Regional,0.821,0.43083,624,,,,,,,,
UMBF/VLY,Banks - Regional,0.8314,0.43083,624,,,,,,,,
OTEX/TYL,Software - Application,0.8213,0.43084,624,,,,,,,,
BGY/BLW,Asset Management,0.9491,0.43086,624,,,,,,,,
MOFG/WSFS,Banks - Regional,0.9122,0.43086,624,,,,,,,,
BGY/GOF,Asset Management,0.9393,0.43086,624,,,,,,,,
MPA/PYN,Asset Management,0.8348,0.43086,624,,,,,,,,
HIX/NMT,Asset Management,0.8602,0.43086,624,,,,,,,,
HQL/MHN,Asset Management,0.8562,0.43087,624,,,,,,,,
MUJ/PCK,Asset Management,0.8357,0.43087,624,,,,,,,,
BANR/FULT,Banks - Regional,0.9556,0.43088,624,,,,,,,,
FFBC/ZIONP,Banks - Regional,0.8499,0.43088,624,,,,,,,,
FMBH/OSBC,Banks - Regional,0.907,0.43088,624,,,,,,,,
NAC/PML,Asset Management,0.9382,0.43089,624,,,,,,,,
ETW/NIE,Asset Management,0.9506,0.43089,624,,,,,,,,
BLW/NIE,Asset Management,0.982,0.4309,624,,,,,,,,
MIN/MYI,Asset Management,0.9098,0.43091,624,,,,,,,,
CVLT/IDCC,Software - Application,0.8542,0.43092,624,,,,,,,,
BGT/PFL,Asset Management,0.9025,0.43092,624,,,,,,,,
FISI/LKFN,Banks - Regional,0.8071,0.43093,624,,,,,,,,
FITB/LKFN,Banks - Regional,0.9564,0.43094,624,,,,,,,,
FTK/INVX,Oil & Gas Equipment & Services,0.8659,0.43094,624,,,,,,,,
CNS/HPS,Asset Management,0.9265,0.43094,624,,,,,,,,
EOD/JMM,Asset Management,0.8523,0.43095,624,,,,,,,,
BLW/MHF,Asset Management,0.937,0.43095,624,,,,,,,,
EVG/TWN,Asset Management,0.9366,0.43096,624,,,,,,,,
MMT/RNP,Asset Management,0.9735,0.43096,624,,,,,,,,
GJS/SHV,Unknown,0.8961,0.43097,624,,,,,,,,
CENTA/SJM,Packaged Foods,0.8064,0.43097,624,,,,,,,,
CASH/WSFS,Banks - Regional,0.8785,0.43098,624,,,,,,,,
GLAD/LGI,Asset Management,0.9512,0.43098,624,,,,,,,,
ACWI/FEX,Unknown,0.9961,0.43099,624,,,,,,,,
BRW/EOI,Asset Management,0.9321,0.43099,624,,,,,,,,
FCT/IIF,Asset Management,0.9023,0.43101,624,,,,,,,,
BLE/WIA,Asset Management,0.8028,0.43101,624,,,,,,,,
FTK/OII,Oil & Gas Equipment & Services,0.8782,0.43101,624,,,,,,,,
D/IDA,Utilities - Regulated Electric,0.8317,0.43103,624,,,,,,,,
HPS/NXP,Asset Management,0.9522,0.43103,624,,,,,,,,
FXNC/MTB,Banks - Regional,0.8522,0.43104,624,,,,,,,,
BPOP/FUNC,Banks - Regional,0.9149,0.43105,624,,,,,,,,
EEA/RMT,Asset Management,0.9671,0.43106,624,,,,,,,,
CSPI/HCKT,Information Technology Services,0.8022,0.43106,624,,,,,,,,
CODA/LMT,Aerospace & Defense,0.8107,0.43107,624,,,,,,,,
PCM/VVR,Asset Management,0.8508,0.43108,624,,,,,,,,
AORT/MDT,Medical Devices,0.8448,0.43109,624,,,,,,,,
GBCI/PNC,Banks - Regional,0.965,0.4311,624,,,,,,,,
HBNC/TOWN,Banks - Regional,0.93,0.4311,624,,,,,,,,
IEF/TLT,Unknown,0.9562,0.43111,624,,,,,,,,
NEWT/SMBK,Banks - Regional,0.8045,0.43111,624,,,,,,,,
CMS/XEL,Utilities - Regulated Electric,0.9884,0.43113,624,,,,,,,,
MAV/MMU,Asset Management,0.8303,0.43114,624,,,,,,,,
SAFT/WRB,Insurance - Property & Casualty,0.8673,0.43114,624,,,,,,,,
FCF/PB,Banks - Regional,0.9531,0.43114,624,,,,,,,,
PUI/PYT,Unknown,0.9612,0.43116,624,,,,,,,,
DHIL/STT,Asset Management,0.883,0.43116,624,,,,,,,,
NGG/PPL,Utilities - Regulated Electric,0.8843,0.43116,624,,,,,,,,
PYZ/VGSH,Unknown,0.8361,0.43116,624,,,,,,,,
DSU/ETV,Asset Management,0.9526,0.43117,624,,,,,,,,
BN/IIF,Asset Management,0.9104,0.43117,624,,,,,,,,
CZFS/FCCO,Banks - Regional,0.8811,0.43119,624,,,,,,,,
BGY/JOF,Asset Management,0.8183,0.43119,624,,,,,,,,
BCBP/CATY,Banks - Regional,0.8835,0.43119,624,,,,,,,,
EVT/IIF,Asset Management,0.9019,0.43121,624,,,,,,,,
CZFS/VABK,Banks - Regional,0.8835,0.43121,624,,,,,,,,
MFIC/PEO,Asset Management,0.8632,0.43121,624,,,,,,,,
IGI/PCM,Asset Management,0.9053,0.43121,624,,,,,,,,
CHW/RJF,Asset Management,0.8589,0.43123,624,,,,,,,,
FMN/HIO,Asset Management,0.8419,0.43123,624,,,,,,,,
ALGN/UTMD,Medical Instruments & Supplies,0.8021,0.43123,624,,,,,,,,
GOF/JQC,Asset Management,0.9579,0.43125,624,,,,,,,,
CIVB/RBCAA,Banks - Regional,0.8503,0.43125,624,,,,,,,,
EMB/IEF,Unknown,0.9108,0.43128,624,,,,,,,,
FMAO/SFBC,Banks - Regional,0.8361,0.43128,624,,,,,,,,
BSRR/HOMB,Banks - Regional,0.9107,0.4313,624,,,,,,,,
HWC/TCBK,Banks - Regional,0.888,0.43131,624,,,,,,,,
FCF/WAL,Banks - Regional,0.914,0.43131,624,,,,,,,,
FAB/FTCS,Unknown,0.9783,0.43132,624,,,,,,,,
CME/MSCI,Financial Data & Stock Exchanges,0.9229,0.43132,624,,,,,,,,
AGD/NZF,Asset Management,0.8305,0.43133,624,,,,,,,,
CCBG/FNLC,Banks - Regional,0.9337,0.43134,624,,,,,,,,
HOMB/MBWM,Banks - Regional,0.944,0.43134,624,,,,,,,,
NQP/VTN,Asset Management,0.9537,0.43134,624,,,,,,,,
MUE/NPV,Asset Management,0.9068,0.43134,624,,,,,,,,
PSEC/STK,Asset Management,0.8668,0.43136,624,,,,,,,,
HDB/INDB,Banks - Regional,0.9115,0.43136,624,,,,,,,,
BOE/PHK,Asset Management,0.8134,0.43139,624,,,,,,,,
BKT/FLC,Asset Management,0.9391,0.43141,624,,,,,,,,
EMD/GDO,Asset Management,0.9043,0.43141,624,,,,,,,,
EFT/EXG,Asset Management,0.9573,0.43142,624,,,,,,,,
CRUS/TXN,Semiconductors,0.9384,0.43142,624,,,,,,,,
FRAF/GBCI,Banks - Regional,0.9088,0.43144,624,,,,,,,,
TCBK/TFC,Banks - Regional,0.9113,0.43144,624,,,,,,,,
NAC/PZC,Asset Management,0.9465,0.43144,624,,,,,,,,
MCN/PFG,Asset Management,0.9624,0.43144,624,,,,,,,,
BHK/JRS,Asset Management,0.8904,0.43144,624,,,,,,,,
NZF/PYN,Asset Management,0.8234,0.43145,624,,,,,,,,
EFT/IIF,Asset Management,0.9306,0.43145,624,,,,,,,,
IJT/IUSG,Unknown,0.9665,0.43146,624,,,,,,,,
DDT/FTC,Unknown,0.9633,0.43146,624,,,,,,,,
NQP/NUV,Asset Management,0.9794,0.43146,624,,,,,,,,
BAX/ICUI,Medical Instruments & Supplies,0.8673,0.43147,624,,,,,,,,
AMGN/SNY,Drug Manufacturers - General,0.921,0.43147,624,,,,,,,,
PFD/VCV,Asset Management,0.9503,0.43147,624,,,,,,,,
FOF/QQQX,Asset Management,0.9826,0.43148,624,,,,,,,,
AZTA/BDX,Medical Instruments & Supplies,0.8048,0.43148,624,,,,,,,,
FFBC/TCBI,Banks - Regional,0.8046,0.43149,624,,,,,,,,
HBAN/RBCAA,Banks - Regional,0.938,0.43149,624,,,,,,,,
BN/PFN,Asset Management,0.9434,0.4315,624,,,,,,,,
DHF/VTN,Asset Management,0.8432,0.4315,624,,,,,,,,
MBWM/WSBF,Banks - Regional,0.8732,0.4315,624,,,,,,,,
FNX/FYX,Unknown,0.9944,0.43151,624,,,,,,,,
COFS/UCB,Banks - Regional,0.8189,0.43151,624,,,,,,,,
GAM/GDL,Asset Management,0.9569,0.43153,624,,,,,,,,
ONEQ/RTH,Unknown,0.9933,0.43154,624,,,,,,,,
AUB/THFF,Banks - Regional,0.9431,0.43155,624,,,,,,,,
BTZ/NAD,Asset Management,0.9669,0.43155,624,,,,,,,,
EVT/GAM,Asset Management,0.9545,0.43156,624,,,,,,,,
MRTN/TFII,Trucking,0.8633,0.43157,624,,,,,,,,
FMNB/NKSH,Banks - Regional,0.8809,0.43157,624,,,,,,,,
EHI/NAN,Asset Management,0.9203,0.43157,624,,,,,,,,
LHX/LMT,Aerospace & Defense,0.9643,0.43158,624,,,,,,,,
IGSB/PFM,Unknown,0.9596,0.43158,624,,,,,,,,
GJH/JSM,Unknown,0.9555,0.43159,624,,,,,,,,
MQY/PML,Asset Management,0.9164,0.43159,624,,,,,,,,
OCFC/ZION,Banks - Regional,0.8327,0.43159,624,,,,,,,,
PFIS/WSBF,Banks - Regional,0.9062,0.43159,624,,,,,,,,
JFR/STT,Asset Management,0.8927,0.43159,624,,,,,,,,
EOD/RJF,Asset Management,0.9601,0.43161,624,,,,,,,,
FT/WIA,Asset Management,0.8915,0.43164,624,,,,,,,,
BHK/NAN,Asset Management,0.969,0.43164,624,,,,,,,,
BANFP/PIZ,Unknown,0.9038,0.43164,624,,,,,,,,
FBIZ/GSBC,Banks - Regional,0.8849,0.43166,624,,,,,,,,
BTZ/NEA,Asset Management,0.9636,0.43166,624,,,,,,,,
ANSS/INTU,Software - Application,0.9428,0.43166,624,,,,,,,,
CCNE/PNFP,Banks - Regional,0.8685,0.43167,624,,,,,,,,
AB/OCSL,Asset Management,0.8409,0.43169,624,,,,,,,,
ALK/LUV,Airlines,0.8957,0.43169,624,,,,,,,,
FCBC/SMBC,Banks - Regional,0.9633,0.43171,624,,,,,,,,
JRS/NKX,Asset Management,0.9015,0.43172,624,,,,,,,,
EVF/EXG,Asset Management,0.9572,0.43173,624,,,,,,,,
EGP/EXR,REIT - Industrial,0.9706,0.43174,624,,,,,,,,
PNQI/VGSH,Unknown,0.9433,0.43174,624,,,,,,,,
EXLS/GIB,Information Technology Services,0.9033,0.43176,624,,,,,,,,
ROP/SAP,Software - Application,0.8917,0.43176,624,,,,,,,,
BHRB/CFFI,Banks - Regional,0.82,0.43176,624,,,,,,,,
MNSB/MTB,Banks - Regional,0.853,0.43177,624,,,,,,,,
GBCI/PB,Banks - Regional,0.9526,0.43177,624,,,,,,,,
GAB/SPXX,Asset Management,0.9666,0.43177,624,,,,,,,,
FMY/GDL,Asset Management,0.901,0.43177,624,,,,,,,,
EOS/HYT,Asset Management,0.9841,0.43178,624,,,,,,,,
KEY/VABK,Banks - Regional,0.8837,0.43178,624,,,,,,,,
OPOF/SFST,Banks - Regional,0.8445,0.43178,624,,,,,,,,
BGY/PCM,Asset Management,0.8617,0.43179,624,,,,,,,,
EMF/JHI,Asset Management,0.834,0.43179,624,,,,,,,,
FFC/NUW,Asset Management,0.9552,0.4318,624,,,,,,,,
BFZ/HIO,Asset Management,0.8325,0.43181,624,,,,,,,,
BYD/CPHC,Resorts & Casinos,0.8832,0.43184,624,,,,,,,,
OPOF/PFBC,Banks - Regional,0.8142,0.43185,624,,,,,,,,
PBHC/UMBF,Banks - Regional,0.8855,0.43185,624,,,,,,,,
AFG/HIG,Insurance - Property & Casualty,0.9475,0.43185,624,,,,,,,,
NRIM/TOWN,Banks - Regional,0.8633,0.43185,624,,,,,,,,
CASH/FFIN,Banks - Regional,0.8654,0.43185,624,,,,,,,,
ARCC/GDL,Asset Management,0.9328,0.43186,624,,,,,,,,
AUB/FDBC,Banks - Regional,0.891,0.43186,624,,,,,,,,
ADX/TWN,Asset Management,0.9606,0.43187,624,,,,,,,,
CNS/HQH,Asset Management,0.828,0.43188,624,,,,,,,,
SSB/TCBI,Banks - Regional,0.8197,0.43189,624,,,,,,,,
FSFG/ONB,Banks - Regional,0.9304,0.4319,624,,,,,,,,
AFB/BHK,Asset Management,0.9666,0.43191,624,,,,,,,,
BFZ/PFO,Asset Management,0.914,0.43191,624,,,,,,,,
AROW/OVBC,Banks - Regional,0.8117,0.43192,624,,,,,,,,
OZK/WAL,Banks - Regional,0.8373,0.43192,624,,,,,,,,
PFS/UMBF,Banks - Regional,0.833,0.43192,624,,,,,,,,
MCR/NUW,Asset Management,0.912,0.43193,624,,,,,,,,
JQC/SCD,Asset Management,0.9641,0.43197,624,,,,,,,,
PFS/THFF,Banks - Regional,0.9145,0.43198,624,,,,,,,,
NUV/VTN,Asset Management,0.9374,0.43199,624,,,,,,,,
FFIC/WTBA,Banks - Regional,0.8457,0.432,624,,,,,,,,
IBOC/UBSI,Banks - Regional,0.8879,0.432,624,,,,,,,,
BNY/OIA,Asset Management,0.886,0.432,624,,,,,,,,
BTZ/MYI,Asset Management,0.9473,0.432,624,,,,,,,,
EBTC/FFIN,Banks - Regional,0.8719,0.432,624,,,,,,,,
AGD/MCR,Asset Management,0.9128,0.432,624,,,,,,,,
MUE/PNF,Asset Management,0.8993,0.43203,624,,,,,,,,
BCML/CZNC,Banks - Regional,0.8854,0.43204,624,,,,,,,,
AOD/UTF,Asset Management,0.9601,0.43204,624,,,,,,,,
HQH/NFJ,Asset Management,0.8854,0.43205,624,,,,,,,,
GDL/JOF,Asset Management,0.9047,0.43205,624,,,,,,,,
FITB/TBBK,Banks - Regional,0.8008,0.43205,624,,,,,,,,
PPH/RTH,Unknown,0.9407,0.43206,624,,,,,,,,
LCNB/UBSI,Banks - Regional,0.8919,0.43207,624,,,,,,,,
EFSC/FMNB,Banks - Regional,0.9659,0.43207,624,,,,,,,,
FMAO/HIFS,Banks - Regional,0.8355,0.43209,624,,,,,,,,
AROW/CFFI,Banks - Regional,0.8046,0.43211,624,,,,,,,,
AGD/GRX,Asset Management,0.8932,0.43211,624,,,,,,,,
ADP/CRM,Software - Application,0.9329,0.43212,624,,,,,,,,
PTF/VGSH,Unknown,0.9346,0.43213,624,,,,,,,,
BFC/SNV,Banks - Regional,0.8275,0.43213,624,,,,,,,,
CHY/HQL,Asset Management,0.8755,0.43214,624,,,,,,,,
ROL/SCI,Personal Services,0.9734,0.43215,624,,,,,,,,
FFBC/PNC,Banks - Regional,0.9042,0.43215,624,,,,,,,,
BKN/FMY,Asset Management,0.8173,0.43217,624,,,,,,,,
BME/SPXX,Asset Management,0.9561,0.43218,624,,,,,,,,
FMY/MUE,Asset Management,0.8249,0.43218,624,,,,,,,,
HFBL/SHBI,Banks - Regional,0.8644,0.43219,624,,,,,,,,
FBNC/FULT,Banks - Regional,0.9401,0.43221,624,,,,,,,,
NFJ/PCN,Asset Management,0.9341,0.43225,624,,,,,,,,
MPA/WIA,Asset Management,0.8958,0.43226,624,,,,,,,,
IQI/NPV,Asset Management,0.9244,0.43226,624,,,,,,,,
PPBI/UMBF,Banks - Regional,0.8283,0.43228,624,,,,,,,,
BCML/OPBK,Banks - Regional,0.9041,0.43228,624,,,,,,,,
CXE/PFD,Asset Management,0.9369,0.43228,624,,,,,,,,
NMZ/RNP,Asset Management,0.9191,0.4323,624,,,,,,,,
CHN/CHW,Asset Management,0.8555,0.43231,624,,,,,,,,
FSFG/UVSP,Banks - Regional,0.9381,0.43231,624,,,,,,,,
CVBF/HBAN,Banks - Regional,0.9227,0.43231,624,,,,,,,,
PID/RTH,Unknown,0.9224,0.43231,624,,,,,,,,
ETW/MCN,Asset Management,0.9229,0.43233,624,,,,,,,,
LKFN/NWBI,Banks - Regional,0.8653,0.43233,624,,,,,,,,
MBWM/PNC,Banks - Regional,0.9396,0.43234,624,,,,,,,,
PROV/SFST,Banks - Regional,0.8146,0.43234,624,,,,,,,,
MHI/MYI,Asset Management,0.8919,0.43234,624,,,,,,,,
CHE/USPH,Medical Care Facilities,0.8787,0.43235,624,,,,,,,,
BHK/SBI,Asset Management,0.9273,0.43235,624,,,,,,,,
AGD/PAI,Asset Management,0.8094,0.43236,624,,,,,,,,
LGI/STT,Asset Management,0.8409,0.43236,624,,,,,,,,
FCBC/FNLC,Banks - Regional,0.934,0.43237,624,,,,,,,,
GAIN/SOR,Asset Management,0.9667,0.43238,624,,,,,,,,
JMM/SOR,Asset Management,0.9252,0.43238,624,,,,,,,,
CMI/KAI,Specialty Industrial Machinery,0.9687,0.43238,624,,,,,,,,
HTGC/PHD,Asset Management,0.9556,0.4324,624,,,,,,,,
LGI/PFL,Asset Management,0.9647,0.43242,624,,,,,,,,
BRW/JMM,Asset Management,0.8931,0.43243,624,,,,,,,,
TFSL/WSBF,Banks - Regional,0.9274,0.43243,624,,,,,,,,
GRVY/TTWO,Electronic Gaming & Multimedia,0.849,0.43243,624,,,,,,,,
CZWI/TSBK,Banks - Regional,0.9149,0.43244,624,,,,,,,,
IMCV/VGSH,Unknown,0.8847,0.43245,624,,,,,,,,
PTY/RFI,Asset Management,0.9595,0.43246,624,,,,,,,,
AEIS/HUBB,Electrical Equipment & Parts,0.8398,0.43246,624,,,,,,,,
LKFN/SBCF,Banks - Regional,0.9368,0.43246,624,,,,,,,,
GBCI/SNV,Banks - Regional,0.9045,0.43246,624,,,,,,,,
NEE/PEG,Utilities - Regulated Electric,0.9285,0.43247,624,,,,,,,,
ETO/JEQ,Asset Management,0.9324,0.43248,624,,,,,,,,
AME/DOV,Specialty Industrial Machinery,0.9865,0.43248,624,,,,,,,,
ASB/ZION,Banks - Regional,0.9164,0.4325,624,,,,,,,,
IBOC/WAFD,Banks - Regional,0.8852,0.43251,624,,,,,,,,
CIF/NMT,Asset Management,0.9061,0.43251,624,,,,,,,,
ACWX/GRID,Unknown,0.9399,0.43251,624,,,,,,,,
IEUS/PIZ,Unknown,0.9663,0.43252,624,,,,,,,,
EOT/RCS,Asset Management,0.835,0.43252,624,,,,,,,,
EVF/VRTS,Asset Management,0.8162,0.43252,624,,,,,,,,
JPC/PMF,Asset Management,0.8274,0.43254,624,,,,,,,,
ACWI/GJT,Unknown,0.9589,0.43255,624,,,,,,,,
NUV/PCK,Asset Management,0.8353,0.43256,624,,,,,,,,
AOD/TY,Asset Management,0.9597,0.43256,624,,,,,,,,
NKX/PML,Asset Management,0.9091,0.43256,624,,,,,,,,
CAG/FLO,Packaged Foods,0.84,0.43256,624,,,,,,,,
JEQ/SOR,Asset Management,0.9121,0.43257,624,,,,,,,,
LKFN/TSBK,Banks - Regional,0.9312,0.43257,624,,,,,,,,
CIF/PZC,Asset Management,0.8108,0.43257,624,,,,,,,,
FLO/HRL,Packaged Foods,0.8602,0.43257,624,,,,,,,,
GAB/RQI,Asset Management,0.9553,0.43258,624,,,,,,,,
BCML/CBFV,Banks - Regional,0.9411,0.43258,624,,,,,,,,
CNS/NAD,Asset Management,0.8598,0.43259,624,,,,,,,,
IFN/IGR,Asset Management,0.8392,0.43261,624,,,,,,,,
FNB/WAFD,Banks - Regional,0.8487,0.43262,624,,,,,,,,
ACN/CACI,Information Technology Services,0.9493,0.43262,624,,,,,,,,
NUV/PNI,Asset Management,0.8246,0.43262,624,,,,,,,,
FEX/FNX,Unknown,0.9974,0.43262,624,,,,,,,,
LKFN/UMBF,Banks - Regional,0.9324,0.43263,624,,,,,,,,
AGX/IESC,Engineering & Construction,0.8993,0.43264,624,,,,,,,,
AAXJ/VCLT,Unknown,0.8782,0.43264,624,,,,,,,,
BELFA/FLEX,Electronic Components,0.9152,0.43264,624,,,,,,,,
PID/PRN,Unknown,0.9385,0.43264,624,,,,,,,,
FAD/PTF,Unknown,0.9821,0.43264,624,,,,,,,,
FTCS/VCSH,Unknown,0.9605,0.43265,624,,,,,,,,
CBZ/RELX,Specialty Business Services,0.9637,0.43266,624,,,,,,,,
DORM/MGA,Auto Parts,0.8014,0.43269,624,,,,,,,,
FMBH/UNTY,Banks - Regional,0.8874,0.43269,624,,,,,,,,
SHBI/WABC,Banks - Regional,0.8761,0.4327,624,,,,,,,,
CHCO/MTB,Banks - Regional,0.8918,0.4327,624,,,,,,,,
FBIZ/FCBC,Banks - Regional,0.9162,0.43271,624,,,,,,,,
AWF/BOE,Asset Management,0.9611,0.43272,624,,,,,,,,
MCR/RFI,Asset Management,0.966,0.43273,624,,,,,,,,
FAD/IUSG,Unknown,0.9924,0.43273,624,,,,,,,,
NVG/TSI,Asset Management,0.9144,0.43274,624,,,,,,,,
EVG/RVT,Asset Management,0.9701,0.43274,624,,,,,,,,
EFSC/HBAN,Banks - Regional,0.9658,0.43274,624,,,,,,,,
ASG/HQH,Asset Management,0.8638,0.43275,624,,,,,,,,
EFR/WEA,Asset Management,0.8904,0.43276,624,,,,,,,,
AWF/WIA,Asset Management,0.8621,0.43276,624,,,,,,,,
CARE/SBFG,Banks - Regional,0.8144,0.43278,624,,,,,,,,
KLAC/TER,Semiconductor Equipment & Materials,0.8666,0.43279,624,,,,,,,,
IOSP/WLK,Specialty Chemicals,0.8989,0.43279,624,,,,,,,,
CHMG/WAL,Banks - Regional,0.8819,0.4328,624,,,,,,,,
CARE/FFIC,Banks - Regional,0.8295,0.4328,624,,,,,,,,
COFS/SYBT,Banks - Regional,0.8655,0.4328,624,,,,,,,,
FRA/GDL,Asset Management,0.9435,0.43283,624,,,,,,,,
ADBE/SPNS,Software - Application,0.9514,0.43285,624,,,,,,,,
PFO/WIW,Asset Management,0.884,0.43286,624,,,,,,,,
ABCB/OVBC,Banks - Regional,0.8008,0.43286,624,,,,,,,,
JRS/NCA,Asset Management,0.8678,0.43287,624,,,,,,,,
PFBC/PFIS,Banks - Regional,0.9255,0.43287,624,,,,,,,,
EHI/EMF,Asset Management,0.8242,0.43288,624,,,,,,,,
MSD/NIM,Asset Management,0.8773,0.43288,624,,,,,,,,
FMBH/FULT,Banks - Regional,0.9284,0.4329,624,,,,,,,,
JMM/PFL,Asset Management,0.9745,0.4329,624,,,,,,,,
FLC/MHI,Asset Management,0.8532,0.43291,624,,,,,,,,
CZWI/TCBK,Banks - Regional,0.9173,0.43291,624,,,,,,,,
IFN/SCD,Asset Management,0.9381,0.43292,624,,,,,,,,
JSM/PTH,Unknown,0.9265,0.43293,624,,,,,,,,
LNT/NWE,Utilities - Regulated Electric,0.9238,0.43293,624,,,,,,,,
CBU/FMNB,Banks - Regional,0.9664,0.43294,624,,,,,,,,
HTGC/PCM,Asset Management,0.8246,0.43295,624,,,,,,,,
ALRS/WSFS,Banks - Regional,0.8957,0.43296,624,,,,,,,,
HPS/VTN,Asset Management,0.8885,0.43296,624,,,,,,,,
AIA/PFI,Unknown,0.8921,0.43296,624,,,,,,,,
BRKL/SBSI,Banks - Regional,0.8906,0.43297,624,,,,,,,,
IGA/PCM,Asset Management,0.8981,0.43297,624,,,,,,,,
HPF/JMM,Asset Management,0.974,0.43297,624,,,,,,,,
MS/OPY,Capital Markets,0.959,0.43297,624,,,,,,,,
ALRS/OZK,Banks - Regional,0.822,0.43297,624,,,,,,,,
BGY/RMT,Asset Management,0.9577,0.43298,624,,,,,,,,
NUW/TSI,Asset Management,0.902,0.43298,624,,,,,,,,
MUJ/PNI,Asset Management,0.8319,0.43299,624,,,,,,,,
FDBC/LKFN,Banks - Regional,0.8463,0.433,624,,,,,,,,
BME/NAZ,Asset Management,0.8389,0.43302,624,,,,,,,,
CNS/PMO,Asset Management,0.8707,0.43302,624,,,,,,,,
NECB/UNTY,Banks - Regional,0.9316,0.43303,624,,,,,,,,
SMBC/TRST,Banks - Regional,0.8456,0.43303,624,,,,,,,,
OCFC/STBA,Banks - Regional,0.8837,0.43304,624,,,,,,,,
IGSB/PUI,Unknown,0.9527,0.43304,624,,,,,,,,
EVG/JFR,Asset Management,0.9684,0.43305,624,,,,,,,,
BK/RY,Banks - Diversified,0.9063,0.43305,624,,,,,,,,
ADP/ROP,Software - Application,0.9742,0.43305,624,,,,,,,,
MAIN/PFN,Asset Management,0.9249,0.43306,624,,,,,,,,
CI/HUM,Healthcare Plans,0.8626,0.43307,624,,,,,,,,
GUT/PFO,Asset Management,0.816,0.43308,624,,,,,,,,
JEQ/MMT,Asset Management,0.9433,0.43309,624,,,,,,,,
CZNC/ONB,Banks - Regional,0.8972,0.4331,624,,,,,,,,
CNS/NMZ,Asset Management,0.8554,0.4331,624,,,,,,,,
BGY/SWKH,Asset Management,0.8485,0.43311,624,,,,,,,,
CMI/PNR,Specialty Industrial Machinery,0.9459,0.43311,624,,,,,,,,
AAXJ/VCSH,Unknown,0.8787,0.43311,624,,,,,,,,
PBHC/RBCAA,Banks - Regional,0.8459,0.43312,624,,,,,,,,
CBAN/FFBC,Banks - Regional,0.9006,0.43313,624,,,,,,,,
UCB/USB,Banks - Regional,0.8827,0.43316,624,,,,,,,,
HFWA/THFF,Banks - Regional,0.9265,0.43318,624,,,,,,,,
BCBP/WTBA,Banks - Regional,0.884,0.43319,624,,,,,,,,
OSK/TEX,Farm & Heavy Construction Machinery,0.8105,0.43319,624,,,,,,,,
COFS/WAFD,Banks - Regional,0.8782,0.43319,624,,,,,,,,
CFFI/THFF,Banks - Regional,0.8961,0.4332,624,,,,,,,,
NAN/NPV,Asset Management,0.9199,0.4332,624,,,,,,,,
MFIC/RMT,Asset Management,0.8464,0.43321,624,,,,,,,,
GABC/OPBK,Banks - Regional,0.9243,0.43322,624,,,,,,,,
DHIL/GDL,Asset Management,0.8908,0.43323,624,,,,,,,,
HYT/NXN,Asset Management,0.9059,0.43324,624,,,,,,,,
CGO/JCE,Asset Management,0.9262,0.43324,624,,,,,,,,
HIO/NAN,Asset Management,0.8969,0.43326,624,,,,,,,,
MTB/PNC,Banks - Regional,0.9263,0.43326,624,,,,,,,,
IGR/WEA,Asset Management,0.909,0.43327,624,,,,,,,,
GRX/NXN,Asset Management,0.927,0.43328,624,,,,,,,,
FITB/ONB,Banks - Regional,0.9391,0.43329,624,,,,,,,,
CMS/PEG,Utilities - Regulated Electric,0.9606,0.4333,624,,,,,,,,
BHRB/CCBG,Banks - Regional,0.8212,0.4333,624,,,,,,,,
COP/EOG,Oil & Gas E&P,0.9205,0.43331,624,,,,,,,,
EOD/WEA,Asset Management,0.8559,0.43332,624,,,,,,,,
FUNC/OFG,Banks - Regional,0.8638,0.43332,624,,,,,,,,
HFBL/QCRH,Banks - Regional,0.8156,0.43334,624,,,,,,,,
IBN/PLBC,Banks - Regional,0.911,0.43334,624,,,,,,,,
CSWC/ETG,Asset Management,0.9721,0.43336,624,,,,,,,,
PSEC/WEA,Asset Management,0.8012,0.43339,624,,,,,,,,
IGR/PMM,Asset Management,0.909,0.43339,624,,,,,,,,
BME/IGI,Asset Management,0.8966,0.4334,624,,,,,,,,
COR/MCK,Medical Distribution,0.9763,0.4334,624,,,,,,,,
ABCB/AUB,Banks - Regional,0.9638,0.4334,624,,,,,,,,
IGD/RMT,Asset Management,0.9472,0.43341,624,,,,,,,,
CWBC/OSBC,Banks - Regional,0.9368,0.43343,624,,,,,,,,
JBSS/JJSF,Packaged Foods,0.9292,0.43343,624,,,,,,,,
CTAS/RELX,Specialty Business Services,0.9768,0.43343,624,,,,,,,,
FMY/NAC,Asset Management,0.8158,0.43344,624,,,,,,,,
EMD/HIO,Asset Management,0.9187,0.43345,624,,,,,,,,
HI/ITW,Specialty Industrial Machinery,0.8086,0.43345,624,,,,,,,,
BBH/DDT,Unknown,0.8769,0.43345,624,,,,,,,,
NEA/TSI,Asset Management,0.9107,0.43346,624,,,,,,,,
MBCN/ZIONP,Banks - Regional,0.875,0.43346,624,,,,,,,,
BRW/CIF,Asset Management,0.8099,0.43348,624,,,,,,,,
GJT/QABA,Unknown,0.8437,0.43348,624,,,,,,,,
RF/STBA,Banks - Regional,0.8617,0.43349,624,,,,,,,,
L/WRB,Insurance - Property & Casualty,0.933,0.43349,624,,,,,,,,
MBWM/OFG,Banks - Regional,0.83,0.4335,624,,,,,,,,
CCBG/RF,Banks - Regional,0.9566,0.43351,624,,,,,,,,
NAD/PFD,Asset Management,0.9725,0.43351,624,,,,,,,,
DSU/UTF,Asset Management,0.9488,0.43351,624,,,,,,,,
PFI/PTH,Unknown,0.9171,0.43351,624,,,,,,,,
UBFO/WTFC,Banks - Regional,0.9067,0.43352,624,,,,,,,,
HQL/MQY,Asset Management,0.9004,0.43353,624,,,,,,,,
PHK/SEIC,Asset Management,0.8237,0.43353,624,,,,,,,,
DHF/NIE,Asset Management,0.942,0.43354,624,,,,,,,,
BDJ/PSEC,Asset Management,0.9006,0.43355,624,,,,,,,,
JFR/RNP,Asset Management,0.9421,0.43355,624,,,,,,,,
CHN/PFD,Asset Management,0.8922,0.43355,624,,,,,,,,
JRS/NRK,Asset Management,0.8921,0.43356,624,,,,,,,,
FRAF/OCFC,Banks - Regional,0.856,0.43359,624,,,,,,,,
CMS/NWE,Utilities - Regulated Electric,0.934,0.43359,624,,,,,,,,
CARE/RNST,Banks - Regional,0.8618,0.43362,624,,,,,,,,
CFR/TCBK,Banks - Regional,0.9573,0.43364,624,,,,,,,,
TOWN/WAFD,Banks - Regional,0.9559,0.43364,624,,,,,,,,
HI/NDSN,Specialty Industrial Machinery,0.8271,0.43365,624,,,,,,,,
KTH/SWZ,Unknown,0.9315,0.43365,624,,,,,,,,
HOMB/UBCP,Banks - Regional,0.8563,0.43367,624,,,,,,,,
GJH/TVE,Unknown,0.8825,0.43368,624,,,,,,,,
BTZ/PFN,Asset Management,0.9757,0.43369,624,,,,,,,,
CWBC/EWBC,Banks - Regional,0.8824,0.43369,624,,,,,,,,
ALGT/JBLU,Airlines,0.8448,0.4337,624,,,,,,,,
GAM/PFN,Asset Management,0.9212,0.4337,624,,,,,,,,
GOF/GRX,Asset Management,0.9527,0.43372,624,,,,,,,,
TEX/WNC,Farm & Heavy Construction Machinery,0.8503,0.43373,624,,,,,,,,
HPF/RCS,Asset Management,0.9095,0.43374,624,,,,,,,,
CHCO/HOMB,Banks - Regional,0.8904,0.43376,624,,,,,,,,
TCBK/ZION,Banks - Regional,0.9316,0.43376,624,,,,,,,,
CVBF/HWC,Banks - Regional,0.8114,0.43378,624,,,,,,,,
JHS/PNF,Asset Management,0.8624,0.43378,624,,,,,,,,
BHRB/CHCO,Banks - Regional,0.818,0.43378,624,,,,,,,,
NNY/VLT,Asset Management,0.891,0.43379,624,,,,,,,,
BHK/MHD,Asset Management,0.9158,0.43379,624,,,,,,,,
AROW/PGC,Banks - Regional,0.9078,0.4338,624,,,,,,,,
BK/ING,Banks - Diversified,0.9079,0.43381,624,,,,,,,,
AWP/RJF,Asset Management,0.8132,0.43382,624,,,,,,,,
RBCAA/WAFD,Banks - Regional,0.8844,0.43382,624,,,,,,,,
EBMT/PGC,Banks - Regional,0.8723,0.43382,624,,,,,,,,
FCT/IAE,Asset Management,0.8472,0.43382,624,,,,,,,,
ETG/TROW,Asset Management,0.8779,0.43383,624,,,,,,,,
JMM/PZC,Asset Management,0.8367,0.43383,624,,,,,,,,
IGR/WIW,Asset Management,0.9263,0.43383,624,,,,,,,,
FMY/PPT,Asset Management,0.9027,0.43384,624,,,,,,,,
HTBK/NWFL,Banks - Regional,0.8617,0.43384,624,,,,,,,,
AZTA/STAA,Medical Instruments & Supplies,0.9046,0.43385,624,,,,,,,,
AX/OZK,Banks - Regional,0.878,0.43385,624,,,,,,,,
PHD/VBF,Asset Management,0.8821,0.43386,624,,,,,,,,
ASX/MU,Semiconductors,0.903,0.43387,624,,,,,,,,
MKSI/NOVT,Scientific & Technical Instruments,0.8652,0.43387,624,,,,,,,,
NDSN/TNC,Specialty Industrial Machinery,0.8514,0.43387,624,,,,,,,,
HXL/LMT,Aerospace & Defense,0.8245,0.43388,624,,,,,,,,
MBWM/PPBI,Banks - Regional,0.8224,0.4339,624,,,,,,,,
DHF/MIN,Asset Management,0.9248,0.43391,624,,,,,,,,
ABCB/TOWN,Banks - Regional,0.9772,0.43391,624,,,,,,,,
HAFC/WNEB,Banks - Regional,0.8344,0.43391,624,,,,,,,,
MUJ/VTN,Asset Management,0.9509,0.43392,624,,,,,,,,
EHI/EOT,Asset Management,0.8964,0.43392,624,,,,,,,,
VKQ/WIA,Asset Management,0.8948,0.43392,624,,,,,,,,
EBTC/PROV,Banks - Regional,0.8099,0.43392,624,,,,,,,,
CMI/CXT,Specialty Industrial Machinery,0.9142,0.43394,624,,,,,,,,
JLS/MPV,Asset Management,0.9061,0.43395,624,,,,,,,,
HOMB/WTBA,Banks - Regional,0.9076,0.43395,624,,,,,,,,
GJO/KTH,Unknown,0.9626,0.43397,624,,,,,,,,
DHF/NMZ,Asset Management,0.8988,0.43397,624,,,,,,,,
ACWI/JSM,Unknown,0.9246,0.43401,624,,,,,,,,
SPXX/TY,Asset Management,0.9834,0.43405,624,,,,,,,,
AMG/IVZ,Asset Management,0.8684,0.43406,624,,,,,,,,
BANF/HIFS,Banks - Regional,0.8168,0.43407,624,,,,,,,,
DHIL/EOS,Asset Management,0.8113,0.43408,624,,,,,,,,
BBH/GJS,Unknown,0.8742,0.43408,624,,,,,,,,
ACWX/VCSH,Unknown,0.9277,0.43408,624,,,,,,,,
HDB/RNST,Banks - Regional,0.8078,0.43409,624,,,,,,,,
RVT/WIA,Asset Management,0.8959,0.4341,624,,,,,,,,
DCOM/OZK,Banks - Regional,0.8197,0.43411,624,,,,,,,,
HPF/NAC,Asset Management,0.9006,0.43411,624,,,,,,,,
HIX/MMU,Asset Management,0.823,0.43411,624,,,,,,,,
CARE/SFST,Banks - Regional,0.8117,0.43412,624,,,,,,,,
BOH/FCBC,Banks - Regional,0.8296,0.43414,624,,,,,,,,
AUB/COLB,Banks - Regional,0.8606,0.43414,624,,,,,,,,
HIO/MUJ,Asset Management,0.9052,0.43414,624,,,,,,,,
CHY/HQH,Asset Management,0.8702,0.43414,624,,,,,,,,
MNSB/PLBC,Banks - Regional,0.8795,0.43414,624,,,,,,,,
ESEA/SBLK,Marine Shipping,0.9438,0.43415,624,,,,,,,,
OCFC/PEBO,Banks - Regional,0.8644,0.43416,624,,,,,,,,
AWP/HPS,Asset Management,0.9394,0.43417,624,,,,,,,,
EOT/PTY,Asset Management,0.8705,0.43417,624,,,,,,,,
ELV/UNH,Healthcare Plans,0.9856,0.43418,624,,,,,,,,
NAZ/NVG,Asset Management,0.9346,0.43418,624,,,,,,,,
ALRS/COLB,Banks - Regional,0.8439,0.43418,624,,,,,,,,
CFR/WSFS,Banks - Regional,0.9047,0.43419,624,,,,,,,,
BHK/VKQ,Asset Management,0.9707,0.43419,624,,,,,,,,
OVV/USEG,Oil & Gas E&P,0.8939,0.43419,624,,,,,,,,
AWK/CWT,Utilities - Regulated Water,0.9776,0.4342,624,,,,,,,,
MPWR/NVDA,Semiconductors,0.863,0.4342,624,,,,,,,,
CMU/EHI,Asset Management,0.8756,0.43421,624,,,,,,,,
ETB/JHI,Asset Management,0.9124,0.43423,624,,,,,,,,
MGYR/NWFL,Banks - Regional,0.8706,0.43423,624,,,,,,,,
PCK/VKQ,Asset Management,0.8591,0.43423,624,,,,,,,,
CII/PFN,Asset Management,0.9414,0.43424,624,,,,,,,,
CB/MKL,Insurance - Property & Casualty,0.9543,0.43424,624,,,,,,,,
GDL/WEA,Asset Management,0.9261,0.43424,624,,,,,,,,
JPC/VTN,Asset Management,0.918,0.43425,624,,,,,,,,
COFS/PB,Banks - Regional,0.8917,0.43426,624,,,,,,,,
CMA/UNTY,Banks - Regional,0.8053,0.43426,624,,,,,,,,
KEY/UNTY,Banks - Regional,0.8361,0.43427,624,,,,,,,,
ASH/NTIC,Specialty Chemicals,0.8137,0.43428,624,,,,,,,,
JHS/VLT,Asset Management,0.9115,0.43428,624,,,,,,,,
CIVB/SNV,Banks - Regional,0.9197,0.4343,624,,,,,,,,
PFL/RFI,Asset Management,0.9662,0.4343,624,,,,,,,,
FDBC/TFSL,Banks - Regional,0.8455,0.4343,624,,,,,,,,
TFC/TRST,Banks - Regional,0.8864,0.4343,624,,,,,,,,
HIX/PCN,Asset Management,0.9429,0.43431,624,,,,,,,,
FMNB/GSBC,Banks - Regional,0.9702,0.43432,624,,,,,,,,
BOE/VLT,Asset Management,0.9584,0.43433,624,,,,,,,,
ISBA/PEBO,Banks - Regional,0.8683,0.43434,624,,,,,,,,
COHR/ESE,Scientific & Technical Instruments,0.8467,0.43438,624,,,,,,,,
FRAF/HWC,Banks - Regional,0.849,0.4344,624,,,,,,,,
NEWT/ZION,Banks - Regional,0.8857,0.4344,624,,,,,,,,
EHI/LEO,Asset Management,0.8718,0.43443,624,,,,,,,,
GAM/MFIC,Asset Management,0.9105,0.43444,624,,,,,,,,
FMN/PNF,Asset Management,0.9012,0.43444,624,,,,,,,,
BANFP/SWZ,Unknown,0.9431,0.43447,624,,,,,,,,
SFNC/WNEB,Banks - Regional,0.8213,0.43447,624,,,,,,,,
BRKL/TOWN,Banks - Regional,0.881,0.43448,624,,,,,,,,
NIM/PIM,Asset Management,0.8967,0.43448,624,,,,,,,,
ABCB/CBAN,Banks - Regional,0.9162,0.43448,624,,,,,,,,
BCML/CATY,Banks - Regional,0.9123,0.43449,624,,,,,,,,
ISBA/OSBC,Banks - Regional,0.8536,0.43449,624,,,,,,,,
JCE/RMT,Asset Management,0.9756,0.4345,624,,,,,,,,
JRS/MUE,Asset Management,0.8822,0.4345,624,,,,,,,,
HIO/JEQ,Asset Management,0.9164,0.4345,624,,,,,,,,
AWF/MCR,Asset Management,0.954,0.43451,624,,,,,,,,
FAD/ONEQ,Unknown,0.9917,0.43451,624,,,,,,,,
CBU/SSBI,Banks - Regional,0.8449,0.43451,624,,,,,,,,
ETW/JMM,Asset Management,0.9554,0.43452,624,,,,,,,,
PPBI/UVSP,Banks - Regional,0.9042,0.43452,624,,,,,,,,
ARCC/PHD,Asset Management,0.9549,0.43453,624,,,,,,,,
CMI/ITW,Specialty Industrial Machinery,0.9549,0.43453,624,,,,,,,,
FCT/FUND,Asset Management,0.9414,0.43454,624,,,,,,,,
HIO/PCM,Asset Management,0.9372,0.43454,624,,,,,,,,
FNWD/OSBC,Banks - Regional,0.81,0.43455,624,,,,,,,,
FMY/VTN,Asset Management,0.8306,0.43456,624,,,,,,,,
DSU/RVT,Asset Management,0.9635,0.43456,624,,,,,,,,
RPM/SXT,Specialty Chemicals,0.8198,0.43457,624,,,,,,,,
PROV/WAFD,Banks - Regional,0.8012,0.43457,624,,,,,,,,
BANF/FCNCA,Banks - Regional,0.91,0.43458,624,,,,,,,,
HQL/PFN,Asset Management,0.9023,0.43458,624,,,,,,,,
HQL/NVG,Asset Management,0.8748,0.43458,624,,,,,,,,
NEA/PML,Asset Management,0.924,0.43458,624,,,,,,,,
EFT/TY,Asset Management,0.9464,0.43459,624,,,,,,,,
BNY/NXJ,Asset Management,0.8949,0.4346,624,,,,,,,,
D/WEC,Utilities - Regulated Electric,0.8193,0.4346,624,,,,,,,,
PGC/TSBK,Banks - Regional,0.9109,0.43461,624,,,,,,,,
CZFS/SFST,Banks - Regional,0.8148,0.43462,624,,,,,,,,
BTO/OXSQ,Asset Management,0.8153,0.43462,624,,,,,,,,
ACWI/IGSB,Unknown,0.9632,0.43463,624,,,,,,,,
ISRG/RMD,Medical Instruments & Supplies,0.9077,0.43463,624,,,,,,,,
BLW/NFJ,Asset Management,0.9739,0.43463,624,,,,,,,,
SNV/WTFC,Banks - Regional,0.9565,0.43463,624,,,,,,,,
AME/NPO,Specialty Industrial Machinery,0.9329,0.43463,624,,,,,,,,
ALRS/TFSL,Banks - Regional,0.9043,0.43464,624,,,,,,,,
HBCP/UCB,Banks - Regional,0.9125,0.43465,624,,,,,,,,
CCEP/FIZZ,Beverages - Non-Alcoholic,0.8227,0.43466,624,,,,,,,,
MGYR/TSBK,Banks - Regional,0.9303,0.43466,624,,,,,,,,
CAF/LEO,Asset Management,0.8555,0.43467,624,,,,,,,,
PUI/TVE,Unknown,0.8576,0.43467,624,,,,,,,,
PEBK/PPBI,Banks - Regional,0.8957,0.43467,624,,,,,,,,
HIO/HQL,Asset Management,0.872,0.43467,624,,,,,,,,
PM/UVV,Tobacco,0.8664,0.43468,624,,,,,,,,
AWP/EVF,Asset Management,0.86,0.43468,624,,,,,,,,
FLC/PML,Asset Management,0.9051,0.43469,624,,,,,,,,
BRKL/CNOB,Banks - Regional,0.9015,0.4347,624,,,,,,,,
BME/RFI,Asset Management,0.9647,0.43471,624,,,,,,,,
CBAN/KEY,Banks - Regional,0.9386,0.43472,624,,,,,,,,
ABCB/CATY,Banks - Regional,0.9751,0.43472,624,,,,,,,,
CZFS/PNC,Banks - Regional,0.8525,0.43473,624,,,,,,,,
GCBC/STBA,Banks - Regional,0.8077,0.43473,624,,,,,,,,
ATS/CXT,Specialty Industrial Machinery,0.8602,0.43473,624,,,,,,,,
BFC/CVBF,Banks - Regional,0.8394,0.43474,624,,,,,,,,
MIN/NUW,Asset Management,0.8777,0.43476,624,,,,,,,,
CBSH/KEY,Banks - Regional,0.9387,0.43476,624,,,,,,,,
GRX/TSI,Asset Management,0.9599,0.43477,624,,,,,,,,
ETW/GAB,Asset Management,0.9536,0.43477,624,,,,,,,,
CCBG/CWBC,Banks - Regional,0.8589,0.43477,624,,,,,,,,
HQL/NUV,Asset Management,0.8999,0.43479,624,,,,,,,,
SYBT/THFF,Banks - Regional,0.9212,0.43479,624,,,,,,,,
MQY/PYN,Asset Management,0.8502,0.43481,624,,,,,,,,
CTLP/CTSH,Information Technology Services,0.822,0.43482,624,,,,,,,,
EFSC/NBTB,Banks - Regional,0.9712,0.43483,624,,,,,,,,
IBB/PFM,Unknown,0.8531,0.43483,624,,,,,,,,
AWF/JHS,Asset Management,0.8801,0.43483,624,,,,,,,,
AGD/IAE,Asset Management,0.8977,0.43484,624,,,,,,,,
PIM/VMO,Asset Management,0.8492,0.43485,624,,,,,,,,
MCR/WIA,Asset Management,0.9293,0.43485,624,,,,,,,,
LCNB/PWOD,Banks - Regional,0.8433,0.43485,624,,,,,,,,
BNY/PFO,Asset Management,0.9014,0.43487,624,,,,,,,,
ETJ/EVT,Asset Management,0.973,0.43487,624,,,,,,,,
ET/LNG,Oil & Gas Midstream,0.8022,0.43487,624,,,,,,,,
MLR/MOD,Auto Parts,0.8161,0.43487,624,,,,,,,,
FXNC/NEWT,Banks - Regional,0.8358,0.43487,624,,,,,,,,
BTZ/VLT,Asset Management,0.9702,0.4349,624,,,,,,,,
FCNCA/NRIM,Banks - Regional,0.9419,0.43491,624,,,,,,,,
DSU/GDV,Asset Management,0.9677,0.43491,624,,,,,,,,
CNOB/SSBI,Banks - Regional,0.8317,0.43493,624,,,,,,,,
CMA/PFIS,Banks - Regional,0.8341,0.43494,624,,,,,,,,
GAB/WIW,Asset Management,0.8934,0.43494,624,,,,,,,,
GLAD/HTD,Asset Management,0.9079,0.43494,624,,,,,,,,
EIX/PNW,Utilities - Regulated Electric,0.9111,0.43494,624,,,,,,,,
HI/HLIO,Specialty Industrial Machinery,0.8528,0.43496,624,,,,,,,,
BGT/FMY,Asset Management,0.9058,0.43496,624,,,,,,,,
MHI/NQP,Asset Management,0.8726,0.43497,624,,,,,,,,
ONEQ/VGSH,Unknown,0.9477,0.43502,624,,,,,,,,
CBAN/COLB,Banks - Regional,0.8807,0.43503,624,,,,,,,,
BLK/FOF,Asset Management,0.9815,0.43506,624,,,,,,,,
BOH/HOPE,Banks - Regional,0.8345,0.43506,624,,,,,,,,
LARK/ZION,Banks - Regional,0.8565,0.43506,624,,,,,,,,
AROW/NKSH,Banks - Regional,0.8915,0.43507,624,,,,,,,,
CZNC/UBSI,Banks - Regional,0.9012,0.43507,624,,,,,,,,
RNP/STK,Asset Management,0.9558,0.43507,624,,,,,,,,
KAI/NPO,Specialty Industrial Machinery,0.9606,0.43507,624,,,,,,,,
BTZ/OIA,Asset Management,0.9578,0.43509,624,,,,,,,,
FNB/RF,Banks - Regional,0.877,0.43509,624,,,,,,,,
BHK/BYM,Asset Management,0.9696,0.43509,624,,,,,,,,
L/THG,Insurance - Property & Casualty,0.8334,0.4351,624,,,,,,,,
FUND/JEQ,Asset Management,0.8471,0.43511,624,,,,,,,,
MTB/PB,Banks - Regional,0.9532,0.43511,624,,,,,,,,
PSEC/TY,Asset Management,0.8695,0.43512,624,,,,,,,,
CNS/GCV,Asset Management,0.9039,0.43512,624,,,,,,,,
JPC/VLT,Asset Management,0.9601,0.43513,624,,,,,,,,
FXNC/WTFC,Banks - Regional,0.8669,0.43514,624,,,,,,,,
FLIC/RNST,Banks - Regional,0.8678,0.43518,624,,,,,,,,
GLP/WMB,Oil & Gas Midstream,0.9185,0.43518,624,,,,,,,,
BXP/HIW,REIT - Office,0.8788,0.43519,624,,,,,,,,
CZFS/FDBC,Banks - Regional,0.8128,0.43519,624,,,,,,,,
HDB/PBHC,Banks - Regional,0.8806,0.43519,624,,,,,,,,
HFBL/WBS,Banks - Regional,0.8771,0.4352,624,,,,,,,,
DCOM/TRST,Banks - Regional,0.8929,0.4352,624,,,,,,,,
AX/FCNCA,Banks - Regional,0.8649,0.43521,624,,,,,,,,
FRST/ZION,Banks - Regional,0.8385,0.43521,624,,,,,,,,
HOMB/OVLY,Banks - Regional,0.8663,0.43521,624,,,,,,,,
ARCC/EVF,Asset Management,0.9714,0.43522,624,,,,,,,,
FMY/FT,Asset Management,0.9369,0.43523,624,,,,,,,,
CHW/UTF,Asset Management,0.9574,0.43524,624,,,,,,,,
AROW/COLB,Banks - Regional,0.9044,0.43525,624,,,,,,,,
CASH/KEY,Banks - Regional,0.8451,0.43525,624,,,,,,,,
CZFS/PKBK,Banks - Regional,0.8961,0.43525,624,,,,,,,,
HOMB/WASH,Banks - Regional,0.8013,0.43526,624,,,,,,,,
GBCI/HOMB,Banks - Regional,0.8832,0.43526,624,,,,,,,,
BBH/IEI,Unknown,0.8847,0.43526,624,,,,,,,,
PNR/TNC,Specialty Industrial Machinery,0.8715,0.43527,624,,,,,,,,
BPOP/ESSA,Banks - Regional,0.9341,0.43528,624,,,,,,,,
NGG/XEL,Utilities - Regulated Electric,0.8704,0.43529,624,,,,,,,,
FFA/TY,Asset Management,0.9769,0.4353,624,,,,,,,,
CCNE/SFNC,Banks - Regional,0.8939,0.43531,624,,,,,,,,
AGD/MUJ,Asset Management,0.8019,0.43531,624,,,,,,,,
EOD/RVT,Asset Management,0.9557,0.43532,624,,,,,,,,
BHK/NEA,Asset Management,0.9851,0.43533,624,,,,,,,,
CSWC/GDL,Asset Management,0.9248,0.43533,624,,,,,,,,
FUNC/HWC,Banks - Regional,0.8747,0.43534,624,,,,,,,,
MHI/PCQ,Asset Management,0.8163,0.43535,624,,,,,,,,
ACWX/SHV,Unknown,0.8548,0.43535,624,,,,,,,,
FMY/MPV,Asset Management,0.9143,0.43536,624,,,,,,,,
BX/ETG,Asset Management,0.9468,0.43536,624,,,,,,,,
FISI/RF,Banks - Regional,0.8034,0.43536,624,,,,,,,,
BRKR/STE,Medical Devices,0.9438,0.43536,624,,,,,,,,
FBNC/WSBF,Banks - Regional,0.9215,0.43537,624,,,,,,,,
CNS/SWKH,Asset Management,0.8416,0.43537,624,,,,,,,,
BANR/NBTB,Banks - Regional,0.9478,0.43539,624,,,,,,,,
LCNB/PEBK,Banks - Regional,0.9112,0.43539,624,,,,,,,,
FCT/PHK,Asset Management,0.85,0.43539,624,,,,,,,,
DHF/VPV,Asset Management,0.8994,0.43541,624,,,,,,,,
PCN/TWN,Asset Management,0.8484,0.43542,624,,,,,,,,
BDJ/DHIL,Asset Management,0.8756,0.43542,624,,,,,,,,
ADUS/CHE,Medical Care Facilities,0.9702,0.43543,624,,,,,,,,
BME/STEW,Asset Management,0.9431,0.43543,624,,,,,,,,
PHD/RQI,Asset Management,0.9371,0.43544,624,,,,,,,,
HBAN/HWC,Banks - Regional,0.9047,0.43544,624,,,,,,,,
FDBC/PFIS,Banks - Regional,0.8138,0.43544,624,,,,,,,,
CIF/VBF,Asset Management,0.9519,0.43545,624,,,,,,,,
IGI/JQC,Asset Management,0.8477,0.43545,624,,,,,,,,
HIG/MKL,Insurance - Property & Casualty,0.9361,0.43547,624,,,,,,,,
FMY/NFJ,Asset Management,0.9091,0.43548,624,,,,,,,,
INDB/SYBT,Banks - Regional,0.8534,0.43548,624,,,,,,,,
AEP/LNT,Utilities - Regulated Electric,0.9917,0.43549,624,,,,,,,,
TRV/WTM,Insurance - Property & Casualty,0.9788,0.43549,624,,,,,,,,
BANR/TOWN,Banks - Regional,0.9447,0.43549,624,,,,,,,,
GCV/MCN,Asset Management,0.8597,0.43551,624,,,,,,,,
LKFN/NRIM,Banks - Regional,0.8474,0.43551,624,,,,,,,,
JRS/NUV,Asset Management,0.8819,0.43551,624,,,,,,,,
FSFG/FUNC,Banks - Regional,0.8968,0.43551,624,,,,,,,,
HTGC/IFN,Asset Management,0.9477,0.43552,624,,,,,,,,
GCV/VRTS,Asset Management,0.8023,0.43552,624,,,,,,,,
QQQX/SOR,Asset Management,0.9797,0.43552,624,,,,,,,,
EOT/HYT,Asset Management,0.8413,0.43554,624,,,,,,,,
KEY/OCFC,Banks - Regional,0.8745,0.43554,624,,,,,,,,
DHR/IDXX,Diagnostics & Research,0.9758,0.43554,624,,,,,,,,
GPC/LKQ,Auto Parts,0.9416,0.43555,624,,,,,,,,
CBSH/CZFS,Banks - Regional,0.8773,0.43556,624,,,,,,,,
AWF/BN,Asset Management,0.9556,0.43557,624,,,,,,,,
ACNB/WSBF,Banks - Regional,0.8465,0.43558,624,,,,,,,,
GSBC/UBSI,Banks - Regional,0.9461,0.43558,624,,,,,,,,
ETG/SPXX,Asset Management,0.9836,0.43558,624,,,,,,,,
NWBI/PLBC,Banks - Regional,0.8516,0.43558,624,,,,,,,,
CZNC/WTFC,Banks - Regional,0.8453,0.43559,624,,,,,,,,
FNX/JBK,Unknown,0.9368,0.4356,624,,,,,,,,
FMNB/HFWA,Banks - Regional,0.9114,0.4356,624,,,,,,,,
FHN/HBCP,Banks - Regional,0.8687,0.43561,624,,,,,,,,
EOD/VVR,Asset Management,0.9491,0.43561,624,,,,,,,,
CGO/CNS,Asset Management,0.9402,0.43562,624,,,,,,,,
DHF/VVR,Asset Management,0.9053,0.43563,624,,,,,,,,
BSRR/STBA,Banks - Regional,0.9448,0.43564,624,,,,,,,,
GDL/JEQ,Asset Management,0.9195,0.43566,624,,,,,,,,
MCO/MSCI,Financial Data & Stock Exchanges,0.9713,0.43566,624,,,,,,,,
PFI/QQXT,Unknown,0.9778,0.43567,624,,,,,,,,
SFST/SMBK,Banks - Regional,0.8761,0.43567,624,,,,,,,,
FDBC/MPB,Banks - Regional,0.8739,0.43568,624,,,,,,,,
MHN/OIA,Asset Management,0.9329,0.4357,624,,,,,,,,
BTO/RNP,Asset Management,0.9508,0.43571,624,,,,,,,,
CARE/CBFV,Banks - Regional,0.8305,0.43572,624,,,,,,,,
BME/OIA,Asset Management,0.9393,0.43573,624,,,,,,,,
IGF/PTF,Unknown,0.9071,0.43573,624,,,,,,,,
OPBK/SHBI,Banks - Regional,0.8239,0.43575,624,,,,,,,,
GRX/JEQ,Asset Management,0.9382,0.43576,624,,,,,,,,
CME/FDS,Financial Data & Stock Exchanges,0.9486,0.43576,624,,,,,,,,
FFBC/VLY,Banks - Regional,0.8043,0.43577,624,,,,,,,,
JRS/MIN,Asset Management,0.8642,0.43578,624,,,,,,,,
EHI/NEA,Asset Management,0.9335,0.43579,624,,,,,,,,
HQL/MPA,Asset Management,0.8843,0.43579,624,,,,,,,,
EHI/MQT,Asset Management,0.9115,0.43581,624,,,,,,,,
JOF/SPXX,Asset Management,0.8884,0.43581,624,,,,,,,,
EWBC/FITB,Banks - Regional,0.98,0.43582,624,,,,,,,,
ETY/TSI,Asset Management,0.9309,0.43583,624,,,,,,,,
JQC/PCF,Asset Management,0.9502,0.43583,624,,,,,,,,
CIF/FFC,Asset Management,0.9529,0.43584,624,,,,,,,,
BGY/SEIC,Asset Management,0.8423,0.43584,624,,,,,,,,
FCF/TRST,Banks - Regional,0.9047,0.43585,624,,,,,,,,
BN/MAIN,Asset Management,0.9587,0.43585,624,,,,,,,,
AWF/NIE,Asset Management,0.9601,0.43586,624,,,,,,,,
RCS/RFI,Asset Management,0.8076,0.43588,624,,,,,,,,
BME/JHS,Asset Management,0.9002,0.43588,624,,,,,,,,
IBN/OBT,Banks - Regional,0.9395,0.4359,624,,,,,,,,
OPBK/PEBO,Banks - Regional,0.9426,0.4359,624,,,,,,,,
CTBI/SBSI,Banks - Regional,0.9037,0.43591,624,,,,,,,,
NUW/VLT,Asset Management,0.8741,0.43591,624,,,,,,,,
BGT/RMT,Asset Management,0.9386,0.43592,624,,,,,,,,
FCT/STT,Asset Management,0.8668,0.43593,624,,,,,,,,
GBCI/SBSI,Banks - Regional,0.9624,0.43593,624,,,,,,,,
EBMT/PFBC,Banks - Regional,0.819,0.43594,624,,,,,,,,
AGCO/DE,Farm & Heavy Construction Machinery,0.9568,0.43594,624,,,,,,,,
FSFG/RF,Banks - Regional,0.9235,0.43594,624,,,,,,,,
CCOI/TU,Telecom Services,0.8664,0.43595,624,,,,,,,,
GAM/MPV,Asset Management,0.9638,0.43596,624,,,,,,,,
EXG/GAIN,Asset Management,0.9696,0.43596,624,,,,,,,,
WBS/ZION,Banks - Regional,0.9405,0.43596,624,,,,,,,,
HQL/VCV,Asset Management,0.8938,0.43597,624,,,,,,,,
BCML/PEBO,Banks - Regional,0.9317,0.43598,624,,,,,,,,
CBAN/GBCI,Banks - Regional,0.9355,0.43598,624,,,,,,,,
EOT/JLS,Asset Management,0.9053,0.43598,624,,,,,,,,
EMN/WDFC,Specialty Chemicals,0.8622,0.436,624,,,,,,,,
HPS/VKQ,Asset Management,0.9145,0.43601,624,,,,,,,,
CZNC/OZK,Banks - Regional,0.8061,0.43601,624,,,,,,,,
GEOS/INVX,Oil & Gas Equipment & Services,0.8116,0.43601,624,,,,,,,,
ETW/TSI,Asset Management,0.9529,0.43601,624,,,,,,,,
WSBC/ZION,Banks - Regional,0.8752,0.43607,624,,,,,,,,
BDJ/ETY,Asset Management,0.9827,0.43607,624,,,,,,,,
JHS/NXJ,Asset Management,0.9675,0.43607,624,,,,,,,,
BTO/GDV,Asset Management,0.9663,0.43609,624,,,,,,,,
ACWI/FTC,Unknown,0.9961,0.43609,624,,,,,,,,
PHD/RNP,Asset Management,0.9532,0.4361,624,,,,,,,,
NDSN/PNR,Specialty Industrial Machinery,0.8503,0.4361,624,,,,,,,,
ONEQ/SOXX,Unknown,0.9854,0.43611,624,,,,,,,,
NFJ/VRTS,Asset Management,0.8944,0.43612,624,,,,,,,,
CNS/USA,Asset Management,0.973,0.43612,624,,,,,,,,
HIFS/NWFL,Banks - Regional,0.839,0.43613,624,,,,,,,,
BGT/RVT,Asset Management,0.9433,0.43614,624,,,,,,,,
FMY/PHD,Asset Management,0.9357,0.43614,624,,,,,,,,
PHK/RCS,Asset Management,0.9093,0.43615,624,,,,,,,,
FSFG/WTFC,Banks - Regional,0.8949,0.43616,624,,,,,,,,
PHK/STEW,Asset Management,0.8248,0.43616,624,,,,,,,,
ACWI/SHY,Unknown,0.9312,0.43618,624,,,,,,,,
CIF/PMO,Asset Management,0.9429,0.43619,624,,,,,,,,
EMD/NKX,Asset Management,0.8657,0.43619,624,,,,,,,,
ASGN/BR,Information Technology Services,0.8784,0.4362,624,,,,,,,,
NWBI/UVSP,Banks - Regional,0.9441,0.4362,624,,,,,,,,
CAF/NMZ,Asset Management,0.8423,0.43622,624,,,,,,,,
FMBH/TCBK,Banks - Regional,0.9314,0.43623,624,,,,,,,,
ALRS/SBSI,Banks - Regional,0.9352,0.43624,624,,,,,,,,
CMA/RF,Banks - Regional,0.8637,0.43624,624,,,,,,,,
OBT/PEBK,Banks - Regional,0.81,0.43627,624,,,,,,,,
MAV/PZC,Asset Management,0.8204,0.43627,624,,,,,,,,
BOE/FRA,Asset Management,0.9631,0.43627,624,,,,,,,,
CQP/SBR,Oil & Gas Midstream,0.8993,0.43629,624,,,,,,,,
CIF/EVN,Asset Management,0.9129,0.43629,624,,,,,,,,
BMY/JNJ,Drug Manufacturers - General,0.8845,0.43629,624,,,,,,,,
CWBC/WABC,Banks - Regional,0.8805,0.43629,624,,,,,,,,
NIM/TROW,Asset Management,0.8926,0.4363,624,,,,,,,,
ONEQ/QQEW,Unknown,0.9935,0.4363,624,,,,,,,,
IAE/NIE,Asset Management,0.8608,0.4363,624,,,,,,,,
MUJ/PMF,Asset Management,0.9106,0.43631,624,,,,,,,,
IJT/VGSH,Unknown,0.9088,0.43631,624,,,,,,,,
PFS/RNST,Banks - Regional,0.9367,0.43633,624,,,,,,,,
AGD/GAB,Asset Management,0.9356,0.43633,624,,,,,,,,
PHO/QQXT,Unknown,0.9802,0.43634,624,,,,,,,,
JRS/MYD,Asset Management,0.8667,0.43634,624,,,,,,,,
FNX/PNQI,Unknown,0.9082,0.43635,624,,,,,,,,
HTD/VBF,Asset Management,0.9247,0.43636,624,,,,,,,,
JCE/MAIN,Asset Management,0.9804,0.43636,624,,,,,,,,
FFIC/WSBC,Banks - Regional,0.8952,0.43636,624,,,,,,,,
HPI/PFD,Asset Management,0.9121,0.43636,624,,,,,,,,
MPV/OIA,Asset Management,0.8311,0.43637,624,,,,,,,,
CCBG/PNFP,Banks - Regional,0.8949,0.43638,624,,,,,,,,
DHIL/USA,Asset Management,0.8263,0.43638,624,,,,,,,,
TRST/ZION,Banks - Regional,0.8643,0.43639,624,,,,,,,,
IGF/PHO,Unknown,0.9403,0.4364,624,,,,,,,,
GJH/VGIT,Unknown,0.8646,0.4364,624,,,,,,,,
EOT/EVT,Asset Management,0.8406,0.43642,624,,,,,,,,
GABC/NRIM,Banks - Regional,0.8377,0.43643,624,,,,,,,,
ALE/SRE,Utilities - Diversified,0.8761,0.43643,624,,,,,,,,
ACWI/SWZ,Unknown,0.978,0.43644,624,,,,,,,,
EOI/SAR,Asset Management,0.9668,0.43644,624,,,,,,,,
FSFG/PB,Banks - Regional,0.9272,0.43645,624,,,,,,,,
MHF/WIW,Asset Management,0.8926,0.43645,624,,,,,,,,
ETJ/JEQ,Asset Management,0.9124,0.43646,624,,,,,,,,
GCBC/OBT,Banks - Regional,0.9393,0.43647,624,,,,,,,,
HIFS/MPB,Banks - Regional,0.9249,0.43649,624,,,,,,,,
CWBC/ESSA,Banks - Regional,0.8765,0.43649,624,,,,,,,,
PBHC/VLY,Banks - Regional,0.8109,0.43651,624,,,,,,,,
CMU/PPT,Asset Management,0.8732,0.43655,624,,,,,,,,
ETB/PHD,Asset Management,0.9404,0.43655,624,,,,,,,,
AEE/NGG,Utilities - Regulated Electric,0.8847,0.43656,624,,,,,,,,
ABCB/BFC,Banks - Regional,0.8624,0.43657,624,,,,,,,,
BHK/PML,Asset Management,0.8988,0.43658,624,,,,,,,,
JSM/RTH,Unknown,0.9146,0.43658,624,,,,,,,,
CTS/TEL,Electronic Components,0.9535,0.4366,624,,,,,,,,
AOD/PTY,Asset Management,0.9481,0.43661,624,,,,,,,,
MBCN/NWBI,Banks - Regional,0.8917,0.43662,624,,,,,,,,
IAG/USAU,Gold,0.8224,0.43662,624,,,,,,,,
FFC/PZC,Asset Management,0.881,0.43663,624,,,,,,,,
DHR/WAT,Diagnostics & Research,0.9621,0.43663,624,,,,,,,,
DSGR/POOL,Industrial Distribution,0.8805,0.43663,624,,,,,,,,
FMBH/PEBK,Banks - Regional,0.9159,0.43664,624,,,,,,,,
FFA/SOR,Asset Management,0.9867,0.43665,624,,,,,,,,
ETJ/LGI,Asset Management,0.9807,0.43666,624,,,,,,,,
EXG/JEQ,Asset Management,0.9252,0.43667,624,,,,,,,,
AWF/MIN,Asset Management,0.9199,0.43667,624,,,,,,,,
OBT/PFIS,Banks - Regional,0.8352,0.43668,624,,,,,,,,
CAF/IIM,Asset Management,0.8022,0.43668,624,,,,,,,,
DSU/FCT,Asset Management,0.978,0.43669,624,,,,,,,,
GSBC/OPBK,Banks - Regional,0.922,0.43672,624,,,,,,,,
PFIS/SNV,Banks - Regional,0.8799,0.43672,624,,,,,,,,
KRNY/PPBI,Banks - Regional,0.8303,0.43672,624,,,,,,,,
BCML/FCCO,Banks - Regional,0.9444,0.43675,624,,,,,,,,
DHF/JCE,Asset Management,0.9347,0.43675,624,,,,,,,,
OBT/RBCAA,Banks - Regional,0.919,0.43676,624,,,,,,,,
EFT/QQQX,Asset Management,0.9419,0.43676,624,,,,,,,,
JHI/KF,Asset Management,0.8375,0.43677,624,,,,,,,,
GSBC/WASH,Banks - Regional,0.8589,0.43679,624,,,,,,,,
EOT/IGR,Asset Management,0.8577,0.43681,624,,,,,,,,
HPS/VMO,Asset Management,0.8984,0.43681,624,,,,,,,,
HTBK/SBCF,Banks - Regional,0.9067,0.43681,624,,,,,,,,
BHRB/VABK,Banks - Regional,0.8391,0.43682,624,,,,,,,,
BGT/CHI,Asset Management,0.9255,0.43683,624,,,,,,,,
CIF/HIO,Asset Management,0.9396,0.43683,624,,,,,,,,
HIX/NAC,Asset Management,0.86,0.43684,624,,,,,,,,
MOFG/SFNC,Banks - Regional,0.9106,0.43685,624,,,,,,,,
CASH/QCRH,Banks - Regional,0.9594,0.43686,624,,,,,,,,
MCI/SAR,Asset Management,0.9101,0.43686,624,,,,,,,,
ADSK/ANSS,Software - Application,0.9815,0.43687,624,,,,,,,,
DHIL/VVR,Asset Management,0.8049,0.43688,624,,,,,,,,
MNSB/NWBI,Banks - Regional,0.8957,0.43688,624,,,,,,,,
FFA/LGI,Asset Management,0.9881,0.43689,624,,,,,,,,
IBOC/TOWN,Banks - Regional,0.9306,0.43689,624,,,,,,,,
EHI/KTF,Asset Management,0.81,0.4369,624,,,,,,,,
EVF/QQQX,Asset Management,0.944,0.4369,624,,,,,,,,
EFT/SPXX,Asset Management,0.9557,0.4369,624,,,,,,,,
DHR/LH,Diagnostics & Research,0.9667,0.43691,624,,,,,,,,
AUB/NFBK,Banks - Regional,0.8236,0.43692,624,,,,,,,,
GS/PIPR,Capital Markets,0.9788,0.43692,624,,,,,,,,
JQC/MHF,Asset Management,0.9136,0.43693,624,,,,,,,,
BBH/JSM,Unknown,0.9141,0.43694,624,,,,,,,,
BN/SOR,Asset Management,0.9702,0.43694,624,,,,,,,,
CNS/ETW,Asset Management,0.9128,0.43694,624,,,,,,,,
BOKF/WSBF,Banks - Regional,0.8644,0.43695,624,,,,,,,,
CHW/QQQX,Asset Management,0.9614,0.43696,624,,,,,,,,
AIR/RTX,Aerospace & Defense,0.8976,0.43696,624,,,,,,,,
IGD/RVT,Asset Management,0.9557,0.43696,624,,,,,,,,
FAD/PNQI,Unknown,0.9467,0.43696,624,,,,,,,,
SMBK/UBCP,Banks - Regional,0.9046,0.43696,624,,,,,,,,
HOMB/IBOC,Banks - Regional,0.9093,0.43697,624,,,,,,,,
ETB/HPF,Asset Management,0.9629,0.43698,624,,,,,,,,
ADX/CSWC,Asset Management,0.9749,0.43698,624,,,,,,,,
MFM/MHI,Asset Management,0.8911,0.43699,624,,,,,,,,
CZNC/FBIZ,Banks - Regional,0.8045,0.437,624,,,,,,,,
MCR/VTN,Asset Management,0.8708,0.437,624,,,,,,,,
AOD/FOF,Asset Management,0.9761,0.43701,624,,,,,,,,
ASB/PFIS,Banks - Regional,0.8941,0.43701,624,,,,,,,,
MSD/PTY,Asset Management,0.9215,0.43702,624,,,,,,,,
GCV/SPE,Asset Management,0.8684,0.43702,624,,,,,,,,
CASH/ORRF,Banks - Regional,0.8181,0.43703,624,,,,,,,,
IGD/JCE,Asset Management,0.9699,0.43703,624,,,,,,,,
ADBE/ANSS,Software - Application,0.9786,0.43704,624,,,,,,,,
BR/CACI,Information Technology Services,0.9717,0.43704,624,,,,,,,,
BME/BTZ,Asset Management,0.9597,0.43705,624,,,,,,,,
PBHC/PEBO,Banks - Regional,0.9137,0.43706,624,,,,,,,,
CYTK/HALO,Biotechnology,0.8201,0.43706,624,,,,,,,,
A/DGX,Diagnostics & Research,0.9532,0.43707,624,,,,,,,,
OPOF/SBCF,Banks - Regional,0.8302,0.43707,624,,,,,,,,
BPOPM/GRID,Unknown,0.8648,0.43708,624,,,,,,,,
NBTB/RNST,Banks - Regional,0.8534,0.43708,624,,,,,,,,
ETJ/WIA,Asset Management,0.9043,0.43709,624,,,,,,,,
AWP/GRX,Asset Management,0.9442,0.43709,624,,,,,,,,
THO/WGO,Recreational Vehicles,0.8869,0.4371,624,,,,,,,,
GJS/RTH,Unknown,0.9605,0.4371,624,,,,,,,,
FFC/PML,Asset Management,0.911,0.43711,624,,,,,,,,
RQI/VPV,Asset Management,0.9054,0.43712,624,,,,,,,,
IGA/SEIC,Asset Management,0.9296,0.43714,624,,,,,,,,
FT/PIM,Asset Management,0.9109,0.43714,624,,,,,,,,
JRS/NUW,Asset Management,0.8846,0.43716,624,,,,,,,,
BLW/JQC,Asset Management,0.9769,0.43717,624,,,,,,,,
EXLS/IT,Information Technology Services,0.9636,0.43718,624,,,,,,,,
ISBA/SNV,Banks - Regional,0.8824,0.43718,624,,,,,,,,
CBU/FMAO,Banks - Regional,0.849,0.43719,624,,,,,,,,
HPF/NCA,Asset Management,0.9161,0.43719,624,,,,,,,,
AX/PBHC,Banks - Regional,0.8621,0.43721,624,,,,,,,,
EVN/NXJ,Asset Management,0.9685,0.43723,624,,,,,,,,
BANR/LKFN,Banks - Regional,0.9165,0.43723,624,,,,,,,,
JPC/MQT,Asset Management,0.932,0.43724,624,,,,,,,,
AAXJ/VCIT,Unknown,0.8899,0.43724,624,,,,,,,,
EEA/OIA,Asset Management,0.8642,0.43725,624,,,,,,,,
MNSB/SFST,Banks - Regional,0.9157,0.43725,624,,,,,,,,
FDBC/RVSB,Banks - Regional,0.8396,0.43726,624,,,,,,,,
JPC/NMT,Asset Management,0.8993,0.43726,624,,,,,,,,
BFC/SBCF,Banks - Regional,0.8572,0.43726,624,,,,,,,,
ABCB/WNEB,Banks - Regional,0.8675,0.43727,624,,,,,,,,
FFIN/HWBK,Banks - Regional,0.8949,0.43727,624,,,,,,,,
CNOB/NEWT,Banks - Regional,0.8414,0.43728,624,,,,,,,,
HTGC/MFIC,Asset Management,0.937,0.43729,624,,,,,,,,
QABA/QQEW,Unknown,0.8549,0.4373,624,,,,,,,,
FMY/NIE,Asset Management,0.9312,0.4373,624,,,,,,,,
CNS/PAI,Asset Management,0.8413,0.4373,624,,,,,,,,
GOF/SCD,Asset Management,0.939,0.43731,624,,,,,,,,
BRW/HYT,Asset Management,0.9312,0.43731,624,,,,,,,,
BXMX/JMM,Asset Management,0.9278,0.43732,624,,,,,,,,
CBAN/LARK,Banks - Regional,0.8995,0.43732,624,,,,,,,,
AWR/PCYO,Utilities - Regulated Water,0.9124,0.43732,624,,,,,,,,
PFF/QQQ,Unknown,0.8857,0.43733,624,,,,,,,,
EFR/ETV,Asset Management,0.9433,0.43733,624,,,,,,,,
AGD/JEQ,Asset Management,0.8832,0.43734,624,,,,,,,,
GRX/NPV,Asset Management,0.839,0.43734,624,,,,,,,,
TFSL/USB,Banks - Regional,0.8884,0.43734,624,,,,,,,,
NAZ/NUV,Asset Management,0.9439,0.43736,624,,,,,,,,
CVBF/GSBC,Banks - Regional,0.9437,0.43736,624,,,,,,,,
MKL/RLI,Insurance - Property & Casualty,0.9409,0.43738,624,,,,,,,,
EFT/STEW,Asset Management,0.9657,0.43738,624,,,,,,,,
CCNE/TOWN,Banks - Regional,0.926,0.43739,624,,,,,,,,
INDB/VLY,Banks - Regional,0.843,0.43739,624,,,,,,,,
MCN/SWKH,Asset Management,0.8589,0.4374,624,,,,,,,,
KEY/MTB,Banks - Regional,0.9282,0.43741,624,,,,,,,,
EW/SYK,Medical Devices,0.8672,0.43741,624,,,,,,,,
IFGL/VMBS,Unknown,0.8321,0.43741,624,,,,,,,,
FT/GLAD,Asset Management,0.9492,0.43742,624,,,,,,,,
GUT/MQT,Asset Management,0.8125,0.43742,624,,,,,,,,
ABCB/ASB,Banks - Regional,0.9719,0.43743,624,,,,,,,,
LEN/MTH,Residential Construction,0.9824,0.43743,624,,,,,,,,
BGT/MFIC,Asset Management,0.9233,0.43744,624,,,,,,,,
PFO/VTN,Asset Management,0.9231,0.43744,624,,,,,,,,
JMM/USA,Asset Management,0.9078,0.43745,624,,,,,,,,
FOF/TROW,Asset Management,0.8704,0.43745,624,,,,,,,,
BCML/CCBG,Banks - Regional,0.8844,0.43746,624,,,,,,,,
OIA/PHD,Asset Management,0.8632,0.43746,624,,,,,,,,
BXMX/JFR,Asset Management,0.9577,0.43746,624,,,,,,,,
MIY/WEA,Asset Management,0.9453,0.43747,624,,,,,,,,
FULT/KEY,Banks - Regional,0.9135,0.43749,624,,,,,,,,
KEY/LKFN,Banks - Regional,0.9069,0.43749,624,,,,,,,,
ASH/EMN,Specialty Chemicals,0.8859,0.43751,624,,,,,,,,
GRX/NAD,Asset Management,0.9384,0.43752,624,,,,,,,,
JRS/NAC,Asset Management,0.8691,0.43752,624,,,,,,,,
CZFS/IBCP,Banks - Regional,0.822,0.43752,624,,,,,,,,
HQL/PAI,Asset Management,0.884,0.43753,624,,,,,,,,
HQL/NKX,Asset Management,0.9055,0.43753,624,,,,,,,,
AWP/ETW,Asset Management,0.947,0.43753,624,,,,,,,,
JFR/PFG,Asset Management,0.937,0.43753,624,,,,,,,,
MOFG/RNST,Banks - Regional,0.9452,0.43754,624,,,,,,,,
MSTR/SAP,Software - Application,0.829,0.43755,624,,,,,,,,
BGT/TSI,Asset Management,0.8992,0.43757,624,,,,,,,,
CHCO/UBCP,Banks - Regional,0.9043,0.43757,624,,,,,,,,
HIX/HTGC,Asset Management,0.8117,0.43757,624,,,,,,,,
IGD/STK,Asset Management,0.9325,0.43758,624,,,,,,,,
AX/CBFV,Banks - Regional,0.8747,0.43759,624,,,,,,,,
GDL/VBF,Asset Management,0.8992,0.43759,624,,,,,,,,
CBSH/SNV,Banks - Regional,0.9088,0.4376,624,,,,,,,,
ADI/NVDA,Semiconductors,0.8013,0.43761,624,,,,,,,,
HAFC/NWBI,Banks - Regional,0.8267,0.43762,624,,,,,,,,
AWP/IGR,Asset Management,0.9687,0.43762,624,,,,,,,,
OZK/UMBF,Banks - Regional,0.8442,0.43764,624,,,,,,,,
MOFG/OSBC,Banks - Regional,0.8325,0.43764,624,,,,,,,,
PML/VCV,Asset Management,0.9145,0.43764,624,,,,,,,,
IBB/VCIT,Unknown,0.9333,0.43766,624,,,,,,,,
ALRS/AROW,Banks - Regional,0.902,0.43766,624,,,,,,,,
BFK/HPS,Asset Management,0.8465,0.43766,624,,,,,,,,
CGO/ETW,Asset Management,0.9549,0.43767,624,,,,,,,,
BXMX/MCI,Asset Management,0.924,0.43768,624,,,,,,,,
AVA/SRE,Utilities - Diversified,0.8701,0.43768,624,,,,,,,,
HPS/VGM,Asset Management,0.9091,0.43769,624,,,,,,,,
PNQI/SHY,Unknown,0.9431,0.43769,624,,,,,,,,
FNX/SWZ,Unknown,0.9728,0.43771,624,,,,,,,,
CARE/SNV,Banks - Regional,0.8156,0.43772,624,,,,,,,,
BANF/FSFG,Banks - Regional,0.8477,0.43774,624,,,,,,,,
AGD/JQC,Asset Management,0.8935,0.43775,624,,,,,,,,
BGY/BOE,Asset Management,0.9854,0.43776,624,,,,,,,,
FE/LNT,Utilities - Regulated Electric,0.8616,0.43778,624,,,,,,,,
GJH/QQXT,Unknown,0.9647,0.43778,624,,,,,,,,
OPOF/SFBC,Banks - Regional,0.8207,0.43778,624,,,,,,,,
NIM/PCN,Asset Management,0.9286,0.43781,624,,,,,,,,
BME/PCN,Asset Management,0.9567,0.43781,624,,,,,,,,
CXE/PIM,Asset Management,0.8613,0.43781,624,,,,,,,,
GLAD/MFIC,Asset Management,0.9162,0.43781,624,,,,,,,,
JHI/NXP,Asset Management,0.935,0.43781,624,,,,,,,,
ALRS/RNST,Banks - Regional,0.8807,0.43782,624,,,,,,,,
EVG/MIN,Asset Management,0.9176,0.43783,624,,,,,,,,
TCBK/UBSI,Banks - Regional,0.9314,0.43783,624,,,,,,,,
AWP/SCD,Asset Management,0.8424,0.43785,624,,,,,,,,
CIF/LEO,Asset Management,0.9084,0.43785,624,,,,,,,,
HTBK/ISBA,Banks - Regional,0.8692,0.43785,624,,,,,,,,
DHF/NQP,Asset Management,0.9082,0.43786,624,,,,,,,,
HQL/MVT,Asset Management,0.8378,0.43787,624,,,,,,,,
JBK/TVE,Unknown,0.9014,0.43787,624,,,,,,,,
CSWC/ETO,Asset Management,0.962,0.43788,624,,,,,,,,
CMA/WNEB,Banks - Regional,0.8781,0.43788,624,,,,,,,,
PEY/QQQ,Unknown,0.9386,0.4379,624,,,,,,,,
FMBH/PKBK,Banks - Regional,0.9415,0.43791,624,,,,,,,,
GJO/KTN,Unknown,0.9471,0.43793,624,,,,,,,,
EMD/MIY,Asset Management,0.8696,0.43794,624,,,,,,,,
JPC/MQY,Asset Management,0.9302,0.43794,624,,,,,,,,
PFI/QQQ,Unknown,0.9612,0.43794,624,,,,,,,,
MKL/SAFT,Insurance - Property & Casualty,0.9332,0.43795,624,,,,,,,,
AX/WTFC,Banks - Regional,0.9522,0.43795,624,,,,,,,,
ACWI/VCSH,Unknown,0.9503,0.43796,624,,,,,,,,
PEBK/TOWN,Banks - Regional,0.9424,0.43796,624,,,,,,,,
ARCC/JFR,Asset Management,0.9479,0.43796,624,,,,,,,,
MPA/WEA,Asset Management,0.9409,0.43797,624,,,,,,,,
FSFG/LARK,Banks - Regional,0.91,0.438,624,,,,,,,,
ETB/SEIC,Asset Management,0.9382,0.43801,624,,,,,,,,
CGO/TSI,Asset Management,0.9173,0.43805,624,,,,,,,,
HQH/PTY,Asset Management,0.8546,0.43805,624,,,,,,,,
CFFI/RF,Banks - Regional,0.8926,0.43806,624,,,,,,,,
IEF/IPB,Unknown,0.8464,0.43807,624,,,,,,,,
EWBC/IBCP,Banks - Regional,0.9512,0.43807,624,,,,,,,,
CZWI/LCNB,Banks - Regional,0.9104,0.43808,624,,,,,,,,
EEA/KF,Asset Management,0.8312,0.43809,624,,,,,,,,
CRM/MANH,Software - Application,0.9089,0.4381,624,,,,,,,,
HQH/VTN,Asset Management,0.8246,0.43811,624,,,,,,,,
FMAO/NWFL,Banks - Regional,0.9011,0.43811,624,,,,,,,,
BCO/BRC,Security & Protection Services,0.9021,0.43811,624,,,,,,,,
BTA/FT,Asset Management,0.9164,0.43811,624,,,,,,,,
BANC/CWBC,Banks - Regional,0.8399,0.43812,624,,,,,,,,
BRW/PIM,Asset Management,0.8603,0.43813,624,,,,,,,,
NMT/WIW,Asset Management,0.8499,0.43814,624,,,,,,,,
FRA/JLS,Asset Management,0.8759,0.43815,624,,,,,,,,
HQL/NEA,Asset Management,0.8764,0.43815,624,,,,,,,,
FDBC/SFST,Banks - Regional,0.8496,0.43816,624,,,,,,,,
EVN/PCK,Asset Management,0.8664,0.43816,624,,,,,,,,
ETW/GCV,Asset Management,0.9292,0.43816,624,,,,,,,,
BCML/CHCO,Banks - Regional,0.8789,0.43817,624,,,,,,,,
AOD/CHY,Asset Management,0.9666,0.43819,624,,,,,,,,
BNY/NXP,Asset Management,0.8381,0.43819,624,,,,,,,,
BKN/PDT,Asset Management,0.8963,0.4382,624,,,,,,,,
HTGC/PCN,Asset Management,0.8705,0.4382,624,,,,,,,,
MAIN/PCM,Asset Management,0.8679,0.4382,624,,,,,,,,
PKBK/PNFP,Banks - Regional,0.9229,0.43821,624,,,,,,,,
PAR/PEGA,Software - Application,0.8459,0.43822,624,,,,,,,,
STM/UMC,Semiconductors,0.9008,0.43822,624,,,,,,,,
HTGC/TY,Asset Management,0.9143,0.43823,624,,,,,,,,
MCI/RJF,Asset Management,0.9396,0.43824,624,,,,,,,,
RNST/UMBF,Banks - Regional,0.8232,0.43824,624,,,,,,,,
ETB/HYT,Asset Management,0.9676,0.43824,624,,,,,,,,
INBK/KEY,Banks - Regional,0.8913,0.43824,624,,,,,,,,
GRX/PFD,Asset Management,0.9154,0.43825,624,,,,,,,,
DHF/PIM,Asset Management,0.9169,0.43825,624,,,,,,,,
FYX/PTF,Unknown,0.9528,0.43826,624,,,,,,,,
FBNC/OCFC,Banks - Regional,0.8521,0.43827,624,,,,,,,,
SAR/TY,Asset Management,0.9577,0.43828,624,,,,,,,,
BOKF/CHCO,Banks - Regional,0.9249,0.43828,624,,,,,,,,
CASH/FULT,Banks - Regional,0.9161,0.43829,624,,,,,,,,
FDBC/MTB,Banks - Regional,0.824,0.43829,624,,,,,,,,
HQL/MQT,Asset Management,0.8972,0.4383,624,,,,,,,,
RTH/SOXX,Unknown,0.9727,0.43831,624,,,,,,,,
PNW/WEC,Utilities - Regulated Electric,0.9286,0.43832,624,,,,,,,,
BN/IGI,Asset Management,0.8213,0.43834,624,,,,,,,,
BUSE/CBSH,Banks - Regional,0.8942,0.43835,624,,,,,,,,
CNS/IGD,Asset Management,0.8991,0.43836,624,,,,,,,,
EXG/JOF,Asset Management,0.8785,0.43837,624,,,,,,,,
BOE/UTF,Asset Management,0.9639,0.43838,624,,,,,,,,
EFSC/NEWT,Banks - Regional,0.832,0.43839,624,,,,,,,,
BKT/VTN,Asset Management,0.9283,0.43839,624,,,,,,,,
BSRR/SBSI,Banks - Regional,0.9105,0.4384,624,,,,,,,,
HQL/PTY,Asset Management,0.8751,0.43842,624,,,,,,,,
CAF/EOT,Asset Management,0.8666,0.43844,624,,,,,,,,
BANC/HTBK,Banks - Regional,0.8801,0.43844,624,,,,,,,,
HIO/NAC,Asset Management,0.8407,0.43844,624,,,,,,,,
AUB/WABC,Banks - Regional,0.8853,0.43845,624,,,,,,,,
BTZ/NXP,Asset Management,0.9788,0.43846,624,,,,,,,,
CAE/NOC,Aerospace & Defense,0.806,0.43847,624,,,,,,,,
FFIN/PPBI,Banks - Regional,0.8582,0.43847,624,,,,,,,,
CAF/MYD,Asset Management,0.8376,0.43847,624,,,,,,,,
ASG/HQL,Asset Management,0.8809,0.43849,624,,,,,,,,
CHN/TROW,Asset Management,0.8969,0.4385,624,,,,,,,,
BGT/QQQX,Asset Management,0.9301,0.4385,624,,,,,,,,
HIFS/RNST,Banks - Regional,0.8312,0.4385,624,,,,,,,,
NWBI/WABC,Banks - Regional,0.872,0.43852,624,,,,,,,,
SSB/ZION,Banks - Regional,0.8691,0.43852,624,,,,,,,,
WSBF/ZIONP,Banks - Regional,0.8984,0.43853,624,,,,,,,,
FMY/MQT,Asset Management,0.8431,0.43853,624,,,,,,,,
FFBC/TFC,Banks - Regional,0.8657,0.43854,624,,,,,,,,
AWP/KF,Asset Management,0.828,0.43854,624,,,,,,,,
GSBC/UBCP,Banks - Regional,0.9342,0.43856,624,,,,,,,,
HPI/MMT,Asset Management,0.9575,0.43856,624,,,,,,,,
HDB/SFBC,Banks - Regional,0.9324,0.43856,624,,,,,,,,
FFBC/TCBK,Banks - Regional,0.9241,0.43857,624,,,,,,,,
OIA/UTF,Asset Management,0.9214,0.43857,624,,,,,,,,
NRK/PMF,Asset Management,0.9112,0.43858,624,,,,,,,,
ETB/PFL,Asset Management,0.9635,0.43859,624,,,,,,,,
CLX/UL,Household & Personal Products,0.9251,0.4386,624,,,,,,,,
WAFD/WSBC,Banks - Regional,0.912,0.4386,624,,,,,,,,
PNF/SBI,Asset Management,0.8629,0.4386,624,,,,,,,,
LEN/PHM,Residential Construction,0.9736,0.43861,624,,,,,,,,
JPC/PFD,Asset Management,0.934,0.43861,624,,,,,,,,
GAB/PCN,Asset Management,0.9279,0.43861,624,,,,,,,,
LEO/NPV,Asset Management,0.8937,0.43862,624,,,,,,,,
MCI/MHF,Asset Management,0.8503,0.43863,624,,,,,,,,
IQI/MAV,Asset Management,0.8043,0.43864,624,,,,,,,,
AOD/HTGC,Asset Management,0.9386,0.43865,624,,,,,,,,
COF/V,Credit Services,0.9064,0.43866,624,,,,,,,,
AWF/FLC,Asset Management,0.9113,0.43866,624,,,,,,,,
ESOA/IESC,Engineering & Construction,0.897,0.43867,624,,,,,,,,
AUB/HWC,Banks - Regional,0.8739,0.43868,624,,,,,,,,
ETO/FHI,Asset Management,0.929,0.43868,624,,,,,,,,
CGO/MYI,Asset Management,0.8625,0.43869,624,,,,,,,,
VCLT/VGIT,Unknown,0.9755,0.43869,624,,,,,,,,
PZC/VGM,Asset Management,0.9123,0.4387,624,,,,,,,,
CFFN/FLIC,Banks - Regional,0.8708,0.4387,624,,,,,,,,
BXMX/GAM,Asset Management,0.9678,0.4387,624,,,,,,,,
BLW/FOF,Asset Management,0.9902,0.43871,624,,,,,,,,
DD/MTX,Specialty Chemicals,0.8917,0.43871,624,,,,,,,,
PFF/PTF,Unknown,0.8726,0.43871,624,,,,,,,,
APD/WDFC,Specialty Chemicals,0.9467,0.43872,624,,,,,,,,
PCQ/PFD,Asset Management,0.8606,0.43872,624,,,,,,,,
JHS/PNI,Asset Management,0.8137,0.43873,624,,,,,,,,
PUI/QTEC,Unknown,0.9295,0.43873,624,,,,,,,,
EWBC/FMNB,Banks - Regional,0.9115,0.43875,624,,,,,,,,
BGT/NFJ,Asset Management,0.9449,0.43875,624,,,,,,,,
GJO/IJT,Unknown,0.9596,0.43876,624,,,,,,,,
GRID/SHV,Unknown,0.9339,0.43876,624,,,,,,,,
SBSI/SRCE,Banks - Regional,0.9157,0.43877,624,,,,,,,,
CZWI/RBCAA,Banks - Regional,0.8717,0.43878,624,,,,,,,,
CCNE/FHN,Banks - Regional,0.8312,0.43879,624,,,,,,,,
GAB/GRX,Asset Management,0.9465,0.43879,624,,,,,,,,
PDT/SAR,Asset Management,0.9163,0.43879,624,,,,,,,,
PTY/SPE,Asset Management,0.9459,0.4388,624,,,,,,,,
JBL/LYTS,Electronic Components,0.8785,0.4388,624,,,,,,,,
ABCB/UMBF,Banks - Regional,0.9369,0.43882,624,,,,,,,,
JSM/QQXT,Unknown,0.9325,0.43882,624,,,,,,,,
GBCI/UNTY,Banks - Regional,0.8818,0.43884,624,,,,,,,,
AX/BSRR,Banks - Regional,0.9048,0.43884,624,,,,,,,,
DHF/MUE,Asset Management,0.8538,0.43885,624,,,,,,,,
BPOPM/QABA,Unknown,0.8848,0.43886,624,,,,,,,,
CHI/IAE,Asset Management,0.8776,0.43886,624,,,,,,,,
BN/BTO,Asset Management,0.9352,0.43888,624,,,,,,,,
MPB/SYBT,Banks - Regional,0.9043,0.43888,624,,,,,,,,
KLIC/PLAB,Semiconductor Equipment & Materials,0.8292,0.43888,624,,,,,,,,
CGO/WEA,Asset Management,0.9383,0.43888,624,,,,,,,,
EHI/FT,Asset Management,0.9461,0.4389,624,,,,,,,,
BRW/JLS,Asset Management,0.9166,0.4389,624,,,,,,,,
AER/UHAL,Rental & Leasing Services,0.8974,0.43891,624,,,,,,,,
GUT/MIY,Asset Management,0.8346,0.43892,624,,,,,,,,
PPBI/SSB,Banks - Regional,0.8751,0.43893,624,,,,,,,,
TSI/WIA,Asset Management,0.8577,0.43894,624,,,,,,,,
MOFG/TCBK,Banks - Regional,0.856,0.43894,624,,,,,,,,
FSFG/SRCE,Banks - Regional,0.9289,0.43895,624,,,,,,,,
IMCV/QTEC,Unknown,0.9505,0.43895,624,,,,,,,,
FHN/GSBC,Banks - Regional,0.8672,0.43896,624,,,,,,,,
AWP/FRA,Asset Management,0.8323,0.43896,624,,,,,,,,
BTO/MCN,Asset Management,0.9057,0.43897,624,,,,,,,,
FITB/PB,Banks - Regional,0.9297,0.43897,624,,,,,,,,
OCFC/TFC,Banks - Regional,0.8612,0.43897,624,,,,,,,,
FNLC/TFSL,Banks - Regional,0.8864,0.439,624,,,,,,,,
PHD/TROW,Asset Management,0.8169,0.43903,624,,,,,,,,
EMD/MUJ,Asset Management,0.8723,0.43904,624,,,,,,,,
NUW/PIM,Asset Management,0.8599,0.43905,624,,,,,,,,
CNS/EXG,Asset Management,0.9582,0.43905,624,,,,,,,,
ETV/SPXX,Asset Management,0.9842,0.43905,624,,,,,,,,
HFBL/MTB,Banks - Regional,0.849,0.43905,624,,,,,,,,
CAF/MQY,Asset Management,0.8108,0.43905,624,,,,,,,,
STT/UTF,Asset Management,0.8331,0.43906,624,,,,,,,,
GJR/PRN,Unknown,0.9497,0.43906,624,,,,,,,,
SHBI/SSBI,Banks - Regional,0.8144,0.43907,624,,,,,,,,
BTO/STK,Asset Management,0.8983,0.43907,624,,,,,,,,
BCBP/HTBK,Banks - Regional,0.8497,0.43908,624,,,,,,,,
FMBH/PLBC,Banks - Regional,0.8864,0.43909,624,,,,,,,,
ISBA/WBS,Banks - Regional,0.8835,0.4391,624,,,,,,,,
HQH/SEIC,Asset Management,0.8918,0.4391,624,,,,,,,,
EEA/HQL,Asset Management,0.8901,0.43911,624,,,,,,,,
MAV/MYD,Asset Management,0.8514,0.43911,624,,,,,,,,
EMB/GJO,Unknown,0.8322,0.43912,624,,,,,,,,
HIX/NXP,Asset Management,0.9337,0.43912,624,,,,,,,,
NMI/WIW,Asset Management,0.806,0.43912,624,,,,,,,,
CBU/QCRH,Banks - Regional,0.8728,0.43913,624,,,,,,,,
HFWA/UVSP,Banks - Regional,0.906,0.43913,624,,,,,,,,
BOE/PFG,Asset Management,0.9395,0.43914,624,,,,,,,,
GRX/PCN,Asset Management,0.9489,0.43916,624,,,,,,,,
FSFG/SBSI,Banks - Regional,0.9366,0.43916,624,,,,,,,,
BXMX/JOF,Asset Management,0.8833,0.43917,624,,,,,,,,
EHI/MVT,Asset Management,0.8161,0.43917,624,,,,,,,,
JRS/NIM,Asset Management,0.8945,0.43919,624,,,,,,,,
BRW/PAI,Asset Management,0.8097,0.43919,624,,,,,,,,
ETY/PFN,Asset Management,0.9433,0.43919,624,,,,,,,,
CBAN/WSBC,Banks - Regional,0.8931,0.4392,624,,,,,,,,
NMT/PML,Asset Management,0.9131,0.4392,624,,,,,,,,
CNS/GDV,Asset Management,0.94,0.4392,624,,,,,,,,
CASH/CNOB,Banks - Regional,0.8239,0.43921,624,,,,,,,,
COLB/TFC,Banks - Regional,0.8972,0.43922,624,,,,,,,,
EFT/JMM,Asset Management,0.8924,0.43923,624,,,,,,,,
SNV/VLY,Banks - Regional,0.8396,0.43923,624,,,,,,,,
EVG/MUA,Asset Management,0.8121,0.43924,624,,,,,,,,
IGI/UTF,Asset Management,0.8734,0.43924,624,,,,,,,,
HYT/MHF,Asset Management,0.9372,0.43924,624,,,,,,,,
IMCV/VCSH,Unknown,0.9351,0.43925,624,,,,,,,,
FDBC/SBFG,Banks - Regional,0.8927,0.43925,624,,,,,,,,
EME/ESOA,Engineering & Construction,0.8776,0.43926,624,,,,,,,,
EOT/ETO,Asset Management,0.841,0.43926,624,,,,,,,,
HWC/NBTB,Banks - Regional,0.8934,0.43927,624,,,,,,,,
AVGO/TSM,Semiconductors,0.931,0.43928,624,,,,,,,,
PTF/SHY,Unknown,0.9293,0.43928,624,,,,,,,,
BCE/TU,Telecom Services,0.9531,0.43928,624,,,,,,,,
ETY/IFN,Asset Management,0.9657,0.43929,624,,,,,,,,
BRW/PFL,Asset Management,0.9114,0.43929,624,,,,,,,,
FORM/KLIC,Semiconductor Equipment & Materials,0.897,0.4393,624,,,,,,,,
OVLY/UMBF,Banks - Regional,0.8463,0.4393,624,,,,,,,,
HQH/NNY,Asset Management,0.8669,0.4393,624,,,,,,,,
BME/NXC,Asset Management,0.9181,0.43931,624,,,,,,,,
PPBI/UBCP,Banks - Regional,0.8383,0.43931,624,,,,,,,,
HOMB/INBK,Banks - Regional,0.842,0.43933,624,,,,,,,,
CZFS/FRME,Banks - Regional,0.8763,0.43933,624,,,,,,,,
BCBP/FNLC,Banks - Regional,0.8943,0.43934,624,,,,,,,,
PMX/VTN,Asset Management,0.9121,0.43934,624,,,,,,,,
CBU/FDBC,Banks - Regional,0.9114,0.43934,624,,,,,,,,
CNOB/WBS,Banks - Regional,0.9349,0.43936,624,,,,,,,,
BHLB/WBS,Banks - Regional,0.8331,0.43936,624,,,,,,,,
FMNB/TCBK,Banks - Regional,0.9562,0.43936,624,,,,,,,,
CMI/DOV,Specialty Industrial Machinery,0.9694,0.43938,624,,,,,,,,
BRKR/NSYS,Medical Devices,0.8317,0.43938,624,,,,,,,,
SHEL/XOM,Oil & Gas Integrated,0.9025,0.43938,624,,,,,,,,
MMT/MUJ,Asset Management,0.9394,0.4394,624,,,,,,,,
BRW/PCF,Asset Management,0.9149,0.4394,624,,,,,,,,
BFZ/NRK,Asset Management,0.9411,0.4394,624,,,,,,,,
BN/SCD,Asset Management,0.9606,0.43941,624,,,,,,,,
BHLB/UVSP,Banks - Regional,0.8268,0.43941,624,,,,,,,,
HIO/MMU,Asset Management,0.8114,0.43943,624,,,,,,,,
CAF/PPT,Asset Management,0.8007,0.43943,624,,,,,,,,
MQY/NVG,Asset Management,0.9669,0.43943,624,,,,,,,,
CZNC/EWBC,Banks - Regional,0.8606,0.43944,624,,,,,,,,
HQH/PIM,Asset Management,0.8267,0.43946,624,,,,,,,,
AAXJ/JBK,Unknown,0.8888,0.43946,624,,,,,,,,
AGI/HMY,Gold,0.8763,0.43947,624,,,,,,,,
AGD/TROW,Asset Management,0.861,0.43947,624,,,,,,,,
ACNB/MNSB,Banks - Regional,0.8808,0.43947,624,,,,,,,,
GJT/PFI,Unknown,0.9202,0.43948,624,,,,,,,,
GS/LAZ,Capital Markets,0.8465,0.43948,624,,,,,,,,
AX/NRIM,Banks - Regional,0.9204,0.43949,624,,,,,,,,
CHMG/PPBI,Banks - Regional,0.855,0.4395,624,,,,,,,,
ABG/RUSHA,Auto & Truck Dealerships,0.9563,0.4395,624,,,,,,,,
BCML/BOTJ,Banks - Regional,0.8982,0.4395,624,,,,,,,,
PAI/PDT,Asset Management,0.9398,0.4395,624,,,,,,,,
BUSE/CNOB,Banks - Regional,0.9188,0.4395,624,,,,,,,,
FEX/PRFZ,Unknown,0.9928,0.43951,624,,,,,,,,
GRID/PIZ,Unknown,0.9254,0.43951,624,,,,,,,,
CNS/EVT,Asset Management,0.9604,0.43951,624,,,,,,,,
IMCV/QABA,Unknown,0.9295,0.43951,624,,,,,,,,
R/URI,Rental & Leasing Services,0.9336,0.43952,624,,,,,,,,
ACNB/CZWI,Banks - Regional,0.8802,0.43952,624,,,,,,,,
KFRC/NSP,Staffing & Employment Services,0.8935,0.43953,624,,,,,,,,
BCML/WSBC,Banks - Regional,0.8886,0.43955,624,,,,,,,,
JCE/SCD,Asset Management,0.9759,0.43956,624,,,,,,,,
HFBL/WSBC,Banks - Regional,0.8562,0.43957,624,,,,,,,,
GJS/PNQI,Unknown,0.8866,0.43958,624,,,,,,,,
BUSE/NWBI,Banks - Regional,0.9655,0.43958,624,,,,,,,,
CBU/COFS,Banks - Regional,0.8936,0.43959,624,,,,,,,,
HYT/NFJ,Asset Management,0.9781,0.43959,624,,,,,,,,
AUB/EWBC,Banks - Regional,0.9229,0.4396,624,,,,,,,,
FULT/UMBF,Banks - Regional,0.9422,0.43961,624,,,,,,,,
BOKF/SFNC,Banks - Regional,0.8144,0.43961,624,,,,,,,,
AEE/NWE,Utilities - Regulated Electric,0.911,0.43963,624,,,,,,,,
BOKF/SBSI,Banks - Regional,0.909,0.43963,624,,,,,,,,
CWBC/LARK,Banks - Regional,0.8871,0.43964,624,,,,,,,,
EMD/NQP,Asset Management,0.8919,0.43964,624,,,,,,,,
MFM/WIA,Asset Management,0.844,0.43965,624,,,,,,,,
RQI/VVR,Asset Management,0.9042,0.43966,624,,,,,,,,
MPB/SBCF,Banks - Regional,0.9496,0.43967,624,,,,,,,,
IMCV/PYT,Unknown,0.9542,0.43967,624,,,,,,,,
MUC/NZF,Asset Management,0.9484,0.43967,624,,,,,,,,
BGY/SAR,Asset Management,0.9334,0.43968,624,,,,,,,,
NPV/PMF,Asset Management,0.8347,0.43968,624,,,,,,,,
CGO/EXG,Asset Management,0.9578,0.43969,624,,,,,,,,
DHF/NIM,Asset Management,0.8947,0.43969,624,,,,,,,,
NTRS/NVG,Asset Management,0.911,0.4397,624,,,,,,,,
PDP/VCSH,Unknown,0.9706,0.4397,624,,,,,,,,
CIVB/HWC,Banks - Regional,0.8437,0.43971,624,,,,,,,,
MSD/NZF,Asset Management,0.9,0.43971,624,,,,,,,,
FMAO/WNEB,Banks - Regional,0.8389,0.43971,624,,,,,,,,
GRX/IIM,Asset Management,0.9201,0.43973,624,,,,,,,,
FCCO/PFIS,Banks - Regional,0.9046,0.43974,624,,,,,,,,
CVBF/KEY,Banks - Regional,0.9187,0.43974,624,,,,,,,,
AXS/RDN,Insurance - Specialty,0.9117,0.43974,624,,,,,,,,
BME/SEIC,Asset Management,0.9119,0.43975,624,,,,,,,,
HQH/STK,Asset Management,0.8037,0.43975,624,,,,,,,,
THFF/VLY,Banks - Regional,0.8167,0.43976,624,,,,,,,,
EHI/MYD,Asset Management,0.8822,0.43977,624,,,,,,,,
NBN/ORRF,Banks - Regional,0.8507,0.43977,624,,,,,,,,
HWC/TFC,Banks - Regional,0.8188,0.43977,624,,,,,,,,
IMOS/MCHP,Semiconductors,0.939,0.43977,624,,,,,,,,
BRW/FUND,Asset Management,0.9043,0.43978,624,,,,,,,,
DHF/VKQ,Asset Management,0.8811,0.43978,624,,,,,,,,
HBNC/QCRH,Banks - Regional,0.8904,0.43979,624,,,,,,,,
AIA/IGIB,Unknown,0.9284,0.4398,624,,,,,,,,
EWBC/GCBC,Banks - Regional,0.8725,0.43981,624,,,,,,,,
FHI/LGI,Asset Management,0.9156,0.43982,624,,,,,,,,
CAF/IQI,Asset Management,0.837,0.43982,624,,,,,,,,
DSU/FMY,Asset Management,0.9349,0.43982,624,,,,,,,,
CHCO/ONB,Banks - Regional,0.937,0.43983,624,,,,,,,,
OPBK/SBFG,Banks - Regional,0.9176,0.43983,624,,,,,,,,
AB/CSQ,Asset Management,0.9648,0.43985,624,,,,,,,,
CGO/SPE,Asset Management,0.9379,0.43986,624,,,,,,,,
PNNT/RJF,Asset Management,0.9373,0.43986,624,,,,,,,,
HFWA/WAL,Banks - Regional,0.8215,0.43987,624,,,,,,,,
FMBH/RBCAA,Banks - Regional,0.8983,0.43987,624,,,,,,,,
GBCI/RBCAA,Banks - Regional,0.8845,0.43988,624,,,,,,,,
GBCI/MNSB,Banks - Regional,0.9036,0.43988,624,,,,,,,,
MPV/RNP,Asset Management,0.9225,0.43988,624,,,,,,,,
FXNC/HBNC,Banks - Regional,0.8306,0.43989,624,,,,,,,,
MNSB/UBFO,Banks - Regional,0.8815,0.43991,624,,,,,,,,
FCT/MPV,Asset Management,0.9317,0.43991,624,,,,,,,,
MYD/RQI,Asset Management,0.8419,0.43991,624,,,,,,,,
PFM/PYT,Unknown,0.9528,0.43991,624,,,,,,,,
GJT/PEZ,Unknown,0.9029,0.43992,624,,,,,,,,
CTBI/RNST,Banks - Regional,0.8831,0.43992,624,,,,,,,,
BANC/USB,Banks - Regional,0.8461,0.43992,624,,,,,,,,
SFST/SSB,Banks - Regional,0.8469,0.43993,624,,,,,,,,
MYI/PNF,Asset Management,0.8696,0.43993,624,,,,,,,,
BTO/CHI,Asset Management,0.9187,0.43993,624,,,,,,,,
EG/RGA,Insurance - Reinsurance,0.9245,0.43993,624,,,,,,,,
BLW/WIW,Asset Management,0.9177,0.43994,624,,,,,,,,
CGO/FOF,Asset Management,0.9581,0.43995,624,,,,,,,,
MMSI/RGEN,Medical Instruments & Supplies,0.8117,0.43995,624,,,,,,,,
MQY/MSD,Asset Management,0.8701,0.43995,624,,,,,,,,
CAF/NZF,Asset Management,0.8475,0.43998,624,,,,,,,,
IGF/QABA,Unknown,0.9061,0.43999,624,,,,,,,,
INDB/TFC,Banks - Regional,0.94,0.44,624,,,,,,,,
BFC/FMNB,Banks - Regional,0.9012,0.44,624,,,,,,,,
CBAN/FFIN,Banks - Regional,0.91,0.44,624,,,,,,,,
BOE/MSD,Asset Management,0.8784,0.44001,624,,,,,,,,
CMU/JRS,Asset Management,0.8561,0.44001,624,,,,,,,,
BXMX/QQQX,Asset Management,0.9856,0.44003,624,,,,,,,,
BPOPM/PIO,Unknown,0.9221,0.44004,624,,,,,,,,
JLS/MAIN,Asset Management,0.9066,0.44004,624,,,,,,,,
AEE/MGEE,Utilities - Regulated Electric,0.975,0.44004,624,,,,,,,,
CNS/PIM,Asset Management,0.876,0.44005,624,,,,,,,,
AWP/NZF,Asset Management,0.9284,0.44006,624,,,,,,,,
OBT/PB,Banks - Regional,0.8055,0.44007,624,,,,,,,,
AX/PNFP,Banks - Regional,0.9629,0.44007,624,,,,,,,,
BCBP/SMBC,Banks - Regional,0.876,0.44007,624,,,,,,,,
FRA/STT,Asset Management,0.8426,0.44007,624,,,,,,,,
KTF/PNF,Asset Management,0.8561,0.44008,624,,,,,,,,
PCN/PFO,Asset Management,0.9444,0.44008,624,,,,,,,,
JHS/PCK,Asset Management,0.8399,0.44008,624,,,,,,,,
KTN/PIZ,Unknown,0.9147,0.4401,624,,,,,,,,
MCN/WIA,Asset Management,0.8118,0.44011,624,,,,,,,,
LHX/TXT,Aerospace & Defense,0.8676,0.44011,624,,,,,,,,
FRME/VLY,Banks - Regional,0.8363,0.44012,624,,,,,,,,
EEFT/VRSN,Software - Infrastructure,0.8817,0.44013,624,,,,,,,,
NAC/PMX,Asset Management,0.9467,0.44013,624,,,,,,,,
MSD/NXJ,Asset Management,0.912,0.44014,624,,,,,,,,
JPC/VMO,Asset Management,0.9215,0.44015,624,,,,,,,,
BRW/PTY,Asset Management,0.9134,0.44017,624,,,,,,,,
FCCO/PWOD,Banks - Regional,0.8614,0.4402,624,,,,,,,,
GOF/STT,Asset Management,0.8551,0.4402,624,,,,,,,,
FRAF/FSFG,Banks - Regional,0.9376,0.4402,624,,,,,,,,
AWI/LII,Building Products & Equipment,0.924,0.44022,624,,,,,,,,
IGR/NEA,Asset Management,0.8934,0.44023,624,,,,,,,,
RFI/SWKH,Asset Management,0.8288,0.44023,624,,,,,,,,
IOSP/SCL,Specialty Chemicals,0.8287,0.44024,624,,,,,,,,
AGD/JOF,Asset Management,0.8463,0.44026,624,,,,,,,,
HFWA/WTFC,Banks - Regional,0.8242,0.44026,624,,,,,,,,
GRX/PDT,Asset Management,0.9528,0.44028,624,,,,,,,,
IGR/VPV,Asset Management,0.9025,0.44028,624,,,,,,,,
CCBG/WSBF,Banks - Regional,0.841,0.44028,624,,,,,,,,
IPB/SWZ,Unknown,0.9362,0.4403,624,,,,,,,,
CCNE/RNST,Banks - Regional,0.9036,0.44033,624,,,,,,,,
ASB/CCNE,Banks - Regional,0.9167,0.44033,624,,,,,,,,
CCBG/NBTB,Banks - Regional,0.9556,0.44033,624,,,,,,,,
PKW/QQEW,Unknown,0.9849,0.44035,624,,,,,,,,
CHI/ETO,Asset Management,0.9779,0.44036,624,,,,,,,,
JRS/LEO,Asset Management,0.8445,0.44037,624,,,,,,,,
HOMB/WAL,Banks - Regional,0.8876,0.44038,624,,,,,,,,
AROW/RNST,Banks - Regional,0.8949,0.44038,624,,,,,,,,
CNS/NQP,Asset Management,0.8786,0.4404,624,,,,,,,,
FSFG/MTB,Banks - Regional,0.9317,0.44043,624,,,,,,,,
HBNC/MNSB,Banks - Regional,0.8818,0.44046,624,,,,,,,,
BN/WEA,Asset Management,0.9096,0.44046,624,,,,,,,,
CNS/FFC,Asset Management,0.8697,0.44046,624,,,,,,,,
GBCI/WBS,Banks - Regional,0.9181,0.44047,624,,,,,,,,
BBH/USIG,Unknown,0.9333,0.44047,624,,,,,,,,
PIE/PTF,Unknown,0.8396,0.44047,624,,,,,,,,
FUNC/HOMB,Banks - Regional,0.8639,0.44047,624,,,,,,,,
BANFP/IEUS,Unknown,0.904,0.44048,624,,,,,,,,
TRST/WSBF,Banks - Regional,0.8828,0.44049,624,,,,,,,,
EOI/NTRS,Asset Management,0.8659,0.44049,624,,,,,,,,
AKAM/CSGS,Software - Infrastructure,0.8365,0.44049,624,,,,,,,,
JEF/OPY,Capital Markets,0.889,0.44049,624,,,,,,,,
BANR/IBOC,Banks - Regional,0.9053,0.44052,624,,,,,,,,
FFBC/UMBF,Banks - Regional,0.897,0.44054,624,,,,,,,,
HIX/NXJ,Asset Management,0.9374,0.44054,624,,,,,,,,
AROW/BUSE,Banks - Regional,0.9297,0.44057,624,,,,,,,,
GBCI/TSBK,Banks - Regional,0.9231,0.44057,624,,,,,,,,
EMD/TSI,Asset Management,0.8684,0.44058,624,,,,,,,,
PTF/SMH,Unknown,0.9699,0.44059,624,,,,,,,,
BBW/WSM,Specialty Retail,0.8567,0.4406,624,,,,,,,,
MHD/MMT,Asset Management,0.8444,0.4406,624,,,,,,,,
AIR/TXT,Aerospace & Defense,0.9148,0.44061,624,,,,,,,,
BYM/PCQ,Asset Management,0.8571,0.44062,624,,,,,,,,
AME/ATS,Specialty Industrial Machinery,0.9005,0.44062,624,,,,,,,,
BFC/HFBL,Banks - Regional,0.8238,0.44064,624,,,,,,,,
HDB/TFC,Banks - Regional,0.886,0.44065,624,,,,,,,,
FHI/FRA,Asset Management,0.9227,0.44066,624,,,,,,,,
INDY/PEZ,Unknown,0.9315,0.44067,624,,,,,,,,
BPOP/UMBF,Banks - Regional,0.9209,0.44067,624,,,,,,,,
HPS/RCS,Asset Management,0.8929,0.44068,624,,,,,,,,
CAF/NAC,Asset Management,0.8317,0.44069,624,,,,,,,,
MCN/TROW,Asset Management,0.8161,0.44071,624,,,,,,,,
OSBC/RNST,Banks - Regional,0.8785,0.44073,624,,,,,,,,
BANF/MTB,Banks - Regional,0.8821,0.44073,624,,,,,,,,
HBAN/UBCP,Banks - Regional,0.9197,0.44073,624,,,,,,,,
CCBG/TCBK,Banks - Regional,0.9361,0.44073,624,,,,,,,,
DHF/RJF,Asset Management,0.8825,0.44074,624,,,,,,,,
AIR/DCO,Aerospace & Defense,0.856,0.44074,624,,,,,,,,
FRA/JMM,Asset Management,0.8621,0.44075,624,,,,,,,,
CNO/MFC,Insurance - Life,0.94,0.44075,624,,,,,,,,
CTBI/WABC,Banks - Regional,0.8237,0.44077,624,,,,,,,,
IGD/PPT,Asset Management,0.8782,0.44079,624,,,,,,,,
BTA/NPV,Asset Management,0.9141,0.44079,624,,,,,,,,
PFF/PFM,Unknown,0.9238,0.4408,624,,,,,,,,
MAIN/UTF,Asset Management,0.9418,0.4408,624,,,,,,,,
AROW/FMBH,Banks - Regional,0.9415,0.4408,624,,,,,,,,
BFK/GF,Asset Management,0.8611,0.44082,624,,,,,,,,
ETB/PCF,Asset Management,0.9675,0.44082,624,,,,,,,,
PHD/PNNT,Asset Management,0.9118,0.44082,624,,,,,,,,
AVK/GCV,Asset Management,0.8326,0.44083,624,,,,,,,,
ETW/HQL,Asset Management,0.9321,0.44088,624,,,,,,,,
IGF/PPH,Unknown,0.9489,0.44088,624,,,,,,,,
BRW/PCM,Asset Management,0.8609,0.44089,624,,,,,,,,
SYBT/WAFD,Banks - Regional,0.8943,0.44089,624,,,,,,,,
GBCI/WTBA,Banks - Regional,0.9466,0.44089,624,,,,,,,,
HTD/IGI,Asset Management,0.8822,0.4409,624,,,,,,,,
BLW/GOF,Asset Management,0.9807,0.44091,624,,,,,,,,
CASH/FCNCA,Banks - Regional,0.9048,0.44092,624,,,,,,,,
BGT/SPE,Asset Management,0.9696,0.44092,624,,,,,,,,
BVFL/UBCP,Banks - Regional,0.8761,0.44093,624,,,,,,,,
HTD/MFM,Asset Management,0.8818,0.44093,624,,,,,,,,
MIN/VPV,Asset Management,0.934,0.44094,624,,,,,,,,
WASH/WNEB,Banks - Regional,0.8135,0.44095,624,,,,,,,,
SBSI/ZIONP,Banks - Regional,0.8838,0.44096,624,,,,,,,,
FISI/ONB,Banks - Regional,0.8604,0.44096,624,,,,,,,,
CGO/HYT,Asset Management,0.961,0.44096,624,,,,,,,,
DHF/FFA,Asset Management,0.9411,0.44097,624,,,,,,,,
SBCF/UBFO,Banks - Regional,0.8917,0.44097,624,,,,,,,,
IPB/SCZ,Unknown,0.9571,0.44097,624,,,,,,,,
EOS/TWN,Asset Management,0.9539,0.441,624,,,,,,,,
CASH/CTBI,Banks - Regional,0.9269,0.441,624,,,,,,,,
BME/NXP,Asset Management,0.9505,0.44101,624,,,,,,,,
HQH/PCM,Asset Management,0.8618,0.44101,624,,,,,,,,
BCBP/TFC,Banks - Regional,0.8474,0.44103,624,,,,,,,,
CIVB/NWFL,Banks - Regional,0.9179,0.44103,624,,,,,,,,
FHN/FISI,Banks - Regional,0.8291,0.44106,624,,,,,,,,
BYM/MSD,Asset Management,0.8594,0.44106,624,,,,,,,,
AWF/PFO,Asset Management,0.893,0.44106,624,,,,,,,,
FRME/FUNC,Banks - Regional,0.8707,0.44106,624,,,,,,,,
BOE/NXN,Asset Management,0.8366,0.44106,624,,,,,,,,
MQT/VTN,Asset Management,0.9574,0.44108,624,,,,,,,,
FORTY/MGIC,Information Technology Services,0.9581,0.44108,624,,,,,,,,
CBU/NFBK,Banks - Regional,0.8032,0.44108,624,,,,,,,,
AKAM/WEX,Software - Infrastructure,0.8544,0.44109,624,,,,,,,,
MUE/WIW,Asset Management,0.844,0.44109,624,,,,,,,,
AZTA/HOLX,Medical Instruments & Supplies,0.8659,0.44109,624,,,,,,,,
OPBK/PKBK,Banks - Regional,0.9233,0.4411,624,,,,,,,,
PRN/QQXT,Unknown,0.9665,0.4411,624,,,,,,,,
CHW/PIM,Asset Management,0.935,0.44112,624,,,,,,,,
ALRS/ZION,Banks - Regional,0.8943,0.44113,624,,,,,,,,
SBCF/UVSP,Banks - Regional,0.9153,0.44113,624,,,,,,,,
BME/EXG,Asset Management,0.9613,0.44114,624,,,,,,,,
CATY/WAFD,Banks - Regional,0.9529,0.44114,624,,,,,,,,
MNSB/WSBC,Banks - Regional,0.8579,0.44115,624,,,,,,,,
NAZ/NMI,Asset Management,0.9414,0.44115,624,,,,,,,,
ACWX/VGSH,Unknown,0.9008,0.44116,624,,,,,,,,
BRW/NIE,Asset Management,0.9174,0.44116,624,,,,,,,,
IGR/JLS,Asset Management,0.8541,0.44117,624,,,,,,,,
ORI/PGR,Insurance - Property & Casualty,0.9735,0.44117,624,,,,,,,,
RQI/STK,Asset Management,0.9362,0.44117,624,,,,,,,,
MCN/QQQX,Asset Management,0.9493,0.44118,624,,,,,,,,
BCML/CBAN,Banks - Regional,0.9206,0.4412,624,,,,,,,,
EVN/HIO,Asset Management,0.8741,0.4412,624,,,,,,,,
IBOC/MTB,Banks - Regional,0.9093,0.4412,624,,,,,,,,
QQQX/WIW,Asset Management,0.9027,0.44121,624,,,,,,,,
GRX/STT,Asset Management,0.8607,0.44121,624,,,,,,,,
EFSC/PEBK,Banks - Regional,0.9582,0.44122,624,,,,,,,,
IGF/IUSV,Unknown,0.9743,0.44123,624,,,,,,,,
ED/SO,Utilities - Regulated Electric,0.9565,0.44124,624,,,,,,,,
CBAN/FMNB,Banks - Regional,0.9518,0.44124,624,,,,,,,,
ACWX/AIA,Unknown,0.9266,0.44127,624,,,,,,,,
MHI/PMF,Asset Management,0.9083,0.44127,624,,,,,,,,
ETB/IQI,Asset Management,0.8717,0.44129,624,,,,,,,,
FUNC/ZIONP,Banks - Regional,0.88,0.4413,624,,,,,,,,
HBNC/PFIS,Banks - Regional,0.8888,0.44131,624,,,,,,,,
MAIN/WEA,Asset Management,0.876,0.44131,624,,,,,,,,
FITB/PFS,Banks - Regional,0.8142,0.44132,624,,,,,,,,
FOF/RVT,Asset Management,0.9882,0.44132,624,,,,,,,,
BRKR/ITGR,Medical Devices,0.8217,0.44135,624,,,,,,,,
CII/MPV,Asset Management,0.9336,0.44135,624,,,,,,,,
OCFC/TCBI,Banks - Regional,0.86,0.44136,624,,,,,,,,
CNA/HCI,Insurance - Property & Casualty,0.8751,0.44136,624,,,,,,,,
CMA/SFST,Banks - Regional,0.929,0.44136,624,,,,,,,,
BHP/VALE,Other Industrial Metals & Mining,0.8202,0.44137,624,,,,,,,,
CBU/FCAP,Banks - Regional,0.8206,0.44138,624,,,,,,,,
BCML/GSBC,Banks - Regional,0.9204,0.44139,624,,,,,,,,
HTGC/NIE,Asset Management,0.9598,0.44139,624,,,,,,,,
RVT/SAR,Asset Management,0.9641,0.44139,624,,,,,,,,
AWF/CSQ,Asset Management,0.9622,0.4414,624,,,,,,,,
BME/RVT,Asset Management,0.9555,0.4414,624,,,,,,,,
HBCP/WAFD,Banks - Regional,0.9516,0.4414,624,,,,,,,,
GDO/RCS,Asset Management,0.8311,0.44141,624,,,,,,,,
GABC/LCNB,Banks - Regional,0.9073,0.44141,624,,,,,,,,
GCBC/UBFO,Banks - Regional,0.8048,0.44142,624,,,,,,,,
NXP/PFD,Asset Management,0.933,0.44142,624,,,,,,,,
GAM/GCV,Asset Management,0.8199,0.44143,624,,,,,,,,
HFWA/PFIS,Banks - Regional,0.8353,0.44143,624,,,,,,,,
NXJ/PMO,Asset Management,0.9827,0.44143,624,,,,,,,,
IBN/MBCN,Banks - Regional,0.8339,0.44145,624,,,,,,,,
MGYR/WABC,Banks - Regional,0.8045,0.44146,624,,,,,,,,
BLK/JMM,Asset Management,0.9063,0.44146,624,,,,,,,,
HIFS/SHBI,Banks - Regional,0.9049,0.44147,624,,,,,,,,
ETG/OIA,Asset Management,0.8859,0.44147,624,,,,,,,,
ACWX/FAD,Unknown,0.9701,0.44148,624,,,,,,,,
COFS/KEY,Banks - Regional,0.8235,0.44148,624,,,,,,,,
KTF/VTN,Asset Management,0.9623,0.44149,624,,,,,,,,
EOI/ETV,Asset Management,0.9697,0.44149,624,,,,,,,,
PIO/SHV,Unknown,0.8862,0.44151,624,,,,,,,,
CSWC/EVT,Asset Management,0.959,0.44151,624,,,,,,,,
ATS/DCI,Specialty Industrial Machinery,0.8453,0.44153,624,,,,,,,,
BDJ/TY,Asset Management,0.9788,0.44153,624,,,,,,,,
ACM/MTZ,Engineering & Construction,0.9212,0.44154,624,,,,,,,,
CBSH/HBCP,Banks - Regional,0.9216,0.44154,624,,,,,,,,
NWBI/SRCE,Banks - Regional,0.9434,0.44155,624,,,,,,,,
FT/MAIN,Asset Management,0.9604,0.44155,624,,,,,,,,
OBT/PNC,Banks - Regional,0.8779,0.44155,624,,,,,,,,
FCBC/HTBK,Banks - Regional,0.8184,0.44156,624,,,,,,,,
FT/PFD,Asset Management,0.8601,0.44156,624,,,,,,,,
CIF/TROW,Asset Management,0.9471,0.44157,624,,,,,,,,
MPWR/TXN,Semiconductors,0.9318,0.44158,624,,,,,,,,
BTO/GAM,Asset Management,0.9047,0.4416,624,,,,,,,,
BANR/FMBH,Banks - Regional,0.9081,0.4416,624,,,,,,,,
KEY/UBFO,Banks - Regional,0.8773,0.44163,624,,,,,,,,
NIM/PDT,Asset Management,0.9302,0.44163,624,,,,,,,,
DCI/IEX,Specialty Industrial Machinery,0.9429,0.44164,624,,,,,,,,
ASX/MPWR,Semiconductors,0.9309,0.44165,624,,,,,,,,
FULT/RF,Banks - Regional,0.9348,0.44165,624,,,,,,,,
NRIM/OFG,Banks - Regional,0.9299,0.44165,624,,,,,,,,
BCML/HTBK,Banks - Regional,0.8789,0.44166,624,,,,,,,,
EVG/STT,Asset Management,0.8357,0.44166,624,,,,,,,,
MQT/PCQ,Asset Management,0.867,0.44167,624,,,,,,,,
IGA/STK,Asset Management,0.948,0.44167,624,,,,,,,,
NAD/TSI,Asset Management,0.929,0.44168,624,,,,,,,,
CIVB/PNFP,Banks - Regional,0.8952,0.4417,624,,,,,,,,
DHIL/PSEC,Asset Management,0.8306,0.4417,624,,,,,,,,
NEWT/WABC,Banks - Regional,0.8516,0.4417,624,,,,,,,,
LHX/TDG,Aerospace & Defense,0.8508,0.44172,624,,,,,,,,
ETB/TWN,Asset Management,0.8829,0.44172,624,,,,,,,,
CNX/SM,Oil & Gas E&P,0.803,0.44172,624,,,,,,,,
BGY/JMM,Asset Management,0.8528,0.44173,624,,,,,,,,
MD/SNDA,Medical Care Facilities,0.8834,0.44175,624,,,,,,,,
ACWX/SHY,Unknown,0.8956,0.44175,624,,,,,,,,
EVG/SPXX,Asset Management,0.9699,0.44175,624,,,,,,,,
CCNE/CNOB,Banks - Regional,0.9174,0.44175,624,,,,,,,,
ASG/TWN,Asset Management,0.8692,0.44176,624,,,,,,,,
MPA/VTN,Asset Management,0.9571,0.44176,624,,,,,,,,
FNX/PSL,Unknown,0.9782,0.44178,624,,,,,,,,
FITB/TSBK,Banks - Regional,0.9023,0.44178,624,,,,,,,,
DCOM/UBSI,Banks - Regional,0.8764,0.44179,624,,,,,,,,
QQQX/SPXX,Asset Management,0.9852,0.4418,624,,,,,,,,
RMT/STT,Asset Management,0.8724,0.44182,624,,,,,,,,
AWP/PDT,Asset Management,0.9471,0.44182,624,,,,,,,,
CFFI/CFR,Banks - Regional,0.8909,0.44182,624,,,,,,,,
HIX/NRK,Asset Management,0.913,0.44182,624,,,,,,,,
AX/WTBA,Banks - Regional,0.88,0.44186,624,,,,,,,,
EBMT/FBNC,Banks - Regional,0.8996,0.44188,624,,,,,,,,
FUND/PFG,Asset Management,0.962,0.44188,624,,,,,,,,
GRX/VRTS,Asset Management,0.8241,0.4419,624,,,,,,,,
GSBC/QCRH,Banks - Regional,0.9414,0.44191,624,,,,,,,,
JBL/OSIS,Electronic Components,0.8743,0.44191,624,,,,,,,,
IGD/PSEC,Asset Management,0.8219,0.44193,624,,,,,,,,
FT/STK,Asset Management,0.9581,0.44195,624,,,,,,,,
SPE/STK,Asset Management,0.9689,0.44197,624,,,,,,,,
ETW/JOF,Asset Management,0.9303,0.44197,624,,,,,,,,
CVBF/NBTB,Banks - Regional,0.921,0.44197,624,,,,,,,,
AWF/VRTS,Asset Management,0.8178,0.44199,624,,,,,,,,
JRS/NXJ,Asset Management,0.9306,0.44199,624,,,,,,,,
PFO/UTF,Asset Management,0.9142,0.442,624,,,,,,,,
INDB/WTFC,Banks - Regional,0.8091,0.44202,624,,,,,,,,
CMI/GGG,Specialty Industrial Machinery,0.9546,0.44203,624,,,,,,,,
MBWM/RF,Banks - Regional,0.941,0.44203,624,,,,,,,,
AVK/RVT,Asset Management,0.8168,0.44203,624,,,,,,,,
FCCO/UBFO,Banks - Regional,0.9537,0.44204,624,,,,,,,,
CHI/ETY,Asset Management,0.9667,0.44204,624,,,,,,,,
CAF/CIF,Asset Management,0.8262,0.44205,624,,,,,,,,
CAF/NEA,Asset Management,0.8357,0.44206,624,,,,,,,,
JQC/RMT,Asset Management,0.9463,0.44207,624,,,,,,,,
OPOF/WBS,Banks - Regional,0.8625,0.44209,624,,,,,,,,
GRX/MPA,Asset Management,0.9205,0.4421,624,,,,,,,,
HQL/JCE,Asset Management,0.8698,0.44211,624,,,,,,,,
EVG/TSI,Asset Management,0.9356,0.44211,624,,,,,,,,
NFJ/PFL,Asset Management,0.9436,0.44214,624,,,,,,,,
PHK/VLT,Asset Management,0.8821,0.44215,624,,,,,,,,
JRS/SCD,Asset Management,0.8876,0.44215,624,,,,,,,,
ADP/CDNS,Software - Application,0.947,0.44216,624,,,,,,,,
RTH/SHV,Unknown,0.924,0.44216,624,,,,,,,,
FRA/SEIC,Asset Management,0.8754,0.44216,624,,,,,,,,
ETY/EXG,Asset Management,0.9876,0.44216,624,,,,,,,,
SBCF/USB,Banks - Regional,0.9298,0.44218,624,,,,,,,,
MTB/PWOD,Banks - Regional,0.8667,0.44218,624,,,,,,,,
EOD/ETY,Asset Management,0.9683,0.44222,624,,,,,,,,
CELH/PEP,Beverages - Non-Alcoholic,0.8017,0.44222,624,,,,,,,,
CPRT/RTO,Specialty Business Services,0.8171,0.44222,624,,,,,,,,
PDP/QTEC,Unknown,0.9855,0.44223,624,,,,,,,,
DHF/DSM,Asset Management,0.8123,0.44223,624,,,,,,,,
AWF/HIO,Asset Management,0.9774,0.44223,624,,,,,,,,
GRX/NXJ,Asset Management,0.9414,0.44226,624,,,,,,,,
CM/TD,Banks - Diversified,0.9229,0.44227,624,,,,,,,,
MMS/RTO,Specialty Business Services,0.8684,0.44228,624,,,,,,,,
JRS/MVT,Asset Management,0.8168,0.44228,624,,,,,,,,
PKW/PYT,Unknown,0.9445,0.44228,624,,,,,,,,
GAIN/GLAD,Asset Management,0.9714,0.44231,624,,,,,,,,
MCI/SPXX,Asset Management,0.9199,0.44232,624,,,,,,,,
IFGL/MBB,Unknown,0.8263,0.44232,624,,,,,,,,
IJT/SOXX,Unknown,0.9302,0.44233,624,,,,,,,,
FULT/WSBC,Banks - Regional,0.9094,0.44233,624,,,,,,,,
GLAD/JLS,Asset Management,0.8372,0.44233,624,,,,,,,,
LIN/WDFC,Specialty Chemicals,0.8828,0.44235,624,,,,,,,,
IBOC/UMBF,Banks - Regional,0.922,0.44235,624,,,,,,,,
HPI/PFN,Asset Management,0.9747,0.44235,624,,,,,,,,
STK/WIW,Asset Management,0.8819,0.44236,624,,,,,,,,
PKBK/QCRH,Banks - Regional,0.9363,0.44236,624,,,,,,,,
BME/CGO,Asset Management,0.9219,0.44236,624,,,,,,,,
CAF/NKX,Asset Management,0.8155,0.44236,624,,,,,,,,
LBTYA/VOD,Telecom Services,0.886,0.44237,624,,,,,,,,
CII/GCV,Asset Management,0.8873,0.44237,624,,,,,,,,
ALRS/HBNC,Banks - Regional,0.9045,0.44238,624,,,,,,,,
FRA/IGR,Asset Management,0.8341,0.44238,624,,,,,,,,
SSB/TFC,Banks - Regional,0.8644,0.44239,624,,,,,,,,
DOX/MSFT,Software - Infrastructure,0.8958,0.44239,624,,,,,,,,
ATR/BDX,Medical Instruments & Supplies,0.9095,0.4424,624,,,,,,,,
NEWT/TCBK,Banks - Regional,0.8736,0.4424,624,,,,,,,,
JRS/VPV,Asset Management,0.9066,0.4424,624,,,,,,,,
BSRR/LKFN,Banks - Regional,0.871,0.44241,624,,,,,,,,
GDO/JEQ,Asset Management,0.9465,0.44242,624,,,,,,,,
FFC/SBI,Asset Management,0.9453,0.44242,624,,,,,,,,
AAXJ/SWZ,Unknown,0.8748,0.44242,624,,,,,,,,
FDBC/FNLC,Banks - Regional,0.895,0.44244,624,,,,,,,,
GDL/MCR,Asset Management,0.9334,0.44245,624,,,,,,,,
GDV/VVR,Asset Management,0.9433,0.44246,624,,,,,,,,
TOWN/WSBF,Banks - Regional,0.8952,0.44246,624,,,,,,,,
FNWD/UBFO,Banks - Regional,0.8374,0.44247,624,,,,,,,,
ALG/WNC,Farm & Heavy Construction Machinery,0.8231,0.4425,624,,,,,,,,
CIVB/COFS,Banks - Regional,0.8559,0.4425,624,,,,,,,,
MBWM/UMBF,Banks - Regional,0.9315,0.44251,624,,,,,,,,
NMZ/PMX,Asset Management,0.9268,0.44252,624,,,,,,,,
EBMT/TRMK,Banks - Regional,0.8668,0.44252,624,,,,,,,,
NBTB/TRST,Banks - Regional,0.897,0.44252,624,,,,,,,,
CGO/EVN,Asset Management,0.858,0.44253,624,,,,,,,,
GJS/PFI,Unknown,0.9462,0.44255,624,,,,,,,,
IMOS/TSM,Semiconductors,0.8313,0.44256,624,,,,,,,,
PKW/VGSH,Unknown,0.9152,0.44257,624,,,,,,,,
ETW/HQH,Asset Management,0.9188,0.4426,624,,,,,,,,
BOH/EWBC,Banks - Regional,0.8503,0.4426,624,,,,,,,,
TWN/WIA,Asset Management,0.832,0.44261,624,,,,,,,,
FBIZ/TBBK,Banks - Regional,0.8459,0.44262,624,,,,,,,,
FMBH/NWFL,Banks - Regional,0.8734,0.44262,624,,,,,,,,
PHK/PTY,Asset Management,0.8568,0.44263,624,,,,,,,,
CGO/IIM,Asset Management,0.8665,0.44264,624,,,,,,,,
FEX/SHY,Unknown,0.9141,0.44265,624,,,,,,,,
CNS/EOI,Asset Management,0.9623,0.44266,624,,,,,,,,
E/XOM,Oil & Gas Integrated,0.8074,0.44267,624,,,,,,,,
HQH/MFM,Asset Management,0.8362,0.44268,624,,,,,,,,
BOTJ/FDBC,Banks - Regional,0.8329,0.4427,624,,,,,,,,
BKN/JPC,Asset Management,0.9055,0.4427,624,,,,,,,,
EVF/SPE,Asset Management,0.9705,0.44271,624,,,,,,,,
GDV/SOR,Asset Management,0.988,0.44272,624,,,,,,,,
JHI/VRTS,Asset Management,0.8286,0.44272,624,,,,,,,,
JHI/NTRS,Asset Management,0.8852,0.44272,624,,,,,,,,
OPBK/WSFS,Banks - Regional,0.9195,0.44273,624,,,,,,,,
EVRG/SO,Utilities - Regulated Electric,0.8996,0.44273,624,,,,,,,,
JHS/PML,Asset Management,0.9251,0.44275,624,,,,,,,,
D/XEL,Utilities - Regulated Electric,0.8254,0.44275,624,,,,,,,,
FCBC/FULT,Banks - Regional,0.952,0.44275,624,,,,,,,,
GABC/TRST,Banks - Regional,0.9078,0.44276,624,,,,,,,,
FRME/VABK,Banks - Regional,0.9435,0.44276,624,,,,,,,,
MAV/NAZ,Asset Management,0.8332,0.44277,624,,,,,,,,
SNX/TAIT,Electronics & Computer Distribution,0.8728,0.44277,624,,,,,,,,
BDJ/RQI,Asset Management,0.9761,0.44278,624,,,,,,,,
AIA/IEUS,Unknown,0.9458,0.44278,624,,,,,,,,
PSEC/WIA,Asset Management,0.8275,0.44278,624,,,,,,,,
CGO/GRX,Asset Management,0.9377,0.44279,624,,,,,,,,
MNDO/PLUS,Software - Application,0.8688,0.44279,624,,,,,,,,
GAIN/QQQX,Asset Management,0.9592,0.44279,624,,,,,,,,
IGR/RJF,Asset Management,0.8336,0.4428,624,,,,,,,,
BRKL/CARE,Banks - Regional,0.8459,0.4428,624,,,,,,,,
BLK/WIA,Asset Management,0.8875,0.4428,624,,,,,,,,
GBCI/OPBK,Banks - Regional,0.9142,0.44281,624,,,,,,,,
PSEC/USA,Asset Management,0.8899,0.44282,624,,,,,,,,
ASH/BCPC,Specialty Chemicals,0.8962,0.44283,624,,,,,,,,
PEBK/SFNC,Banks - Regional,0.8563,0.44284,624,,,,,,,,
MAIN/VBF,Asset Management,0.8452,0.44284,624,,,,,,,,
BTO/JRS,Asset Management,0.9583,0.44284,624,,,,,,,,
EVF/STEW,Asset Management,0.968,0.44285,624,,,,,,,,
GBCI/PFS,Banks - Regional,0.8778,0.44286,624,,,,,,,,
NXN/WIA,Asset Management,0.8632,0.44286,624,,,,,,,,
EVF/PNNT,Asset Management,0.9317,0.44286,624,,,,,,,,
ONEQ/SHY,Unknown,0.9421,0.44287,624,,,,,,,,
CIF/PFD,Asset Management,0.939,0.44287,624,,,,,,,,
GAIN/VVR,Asset Management,0.9525,0.44288,624,,,,,,,,
NQP/RFI,Asset Management,0.9329,0.44288,624,,,,,,,,
MGYR/PWOD,Banks - Regional,0.8655,0.44288,624,,,,,,,,
NOV/OII,Oil & Gas Equipment & Services,0.8862,0.44288,624,,,,,,,,
PNFP/TOWN,Banks - Regional,0.9499,0.44288,624,,,,,,,,
BPOPM/FAB,Unknown,0.9192,0.44289,624,,,,,,,,
BRKL/THFF,Banks - Regional,0.8893,0.44289,624,,,,,,,,
CFFI/GSBC,Banks - Regional,0.8974,0.4429,624,,,,,,,,
RVT/SPXX,Asset Management,0.9836,0.4429,624,,,,,,,,
AGD/NQP,Asset Management,0.8188,0.4429,624,,,,,,,,
CNC/MOH,Healthcare Plans,0.8857,0.44291,624,,,,,,,,
COFS/LCNB,Banks - Regional,0.8169,0.44292,624,,,,,,,,
AIA/JBK,Unknown,0.9087,0.44292,624,,,,,,,,
GDL/JHS,Asset Management,0.8592,0.44293,624,,,,,,,,
SBCF/UMBF,Banks - Regional,0.8809,0.44293,624,,,,,,,,
JLS/MSD,Asset Management,0.9457,0.44293,624,,,,,,,,
EOI/GCV,Asset Management,0.866,0.44295,624,,,,,,,,
PIM/PMO,Asset Management,0.9025,0.44295,624,,,,,,,,
AGD/JLS,Asset Management,0.831,0.44296,624,,,,,,,,
CBSH/ZION,Banks - Regional,0.9464,0.44297,624,,,,,,,,
GBCI/RVSB,Banks - Regional,0.8352,0.44298,624,,,,,,,,
JEQ/OIA,Asset Management,0.9264,0.44298,624,,,,,,,,
NNY/WIA,Asset Management,0.8372,0.44298,624,,,,,,,,
JPC/NCA,Asset Management,0.9381,0.443,624,,,,,,,,
EVF/JMM,Asset Management,0.8889,0.44302,624,,,,,,,,
PPBI/SFNC,Banks - Regional,0.9508,0.44303,624,,,,,,,,
DSX/SBLK,Marine Shipping,0.8255,0.44303,624,,,,,,,,
ETW/STEW,Asset Management,0.9582,0.44304,624,,,,,,,,
GDL/MCN,Asset Management,0.9154,0.44306,624,,,,,,,,
BHLB/FFIC,Banks - Regional,0.8805,0.44306,624,,,,,,,,
CII/PCN,Asset Management,0.9387,0.44308,624,,,,,,,,
FMBH/PB,Banks - Regional,0.9187,0.4431,624,,,,,,,,
D/POR,Utilities - Regulated Electric,0.8766,0.4431,624,,,,,,,,
BBH/SCZ,Unknown,0.9392,0.44311,624,,,,,,,,
AVAV/HEI,Aerospace & Defense,0.9346,0.44313,624,,,,,,,,
IMCV/IPB,Unknown,0.941,0.44313,624,,,,,,,,
FT/GOF,Asset Management,0.986,0.44314,624,,,,,,,,
ESSA/UBFO,Banks - Regional,0.8805,0.44314,624,,,,,,,,
BTA/ETV,Asset Management,0.9293,0.44314,624,,,,,,,,
GJR/QABA,Unknown,0.8119,0.44315,624,,,,,,,,
FHN/SNV,Banks - Regional,0.9009,0.44316,624,,,,,,,,
HIO/MIY,Asset Management,0.9044,0.44319,624,,,,,,,,
FCF/FHN,Banks - Regional,0.8723,0.44319,624,,,,,,,,
TDF/WIA,Asset Management,0.8002,0.44319,624,,,,,,,,
IBCP/TFC,Banks - Regional,0.8508,0.44321,624,,,,,,,,
FXNC/MPB,Banks - Regional,0.8793,0.44322,624,,,,,,,,
AIZ/ORI,Insurance - Property & Casualty,0.9489,0.44322,624,,,,,,,,
NTRS/TROW,Asset Management,0.8845,0.44323,624,,,,,,,,
INBK/SBFG,Banks - Regional,0.8038,0.44323,624,,,,,,,,
GDO/PZC,Asset Management,0.845,0.44323,624,,,,,,,,
FNWD/NWBI,Banks - Regional,0.8744,0.44324,624,,,,,,,,
LEO/NAZ,Asset Management,0.9526,0.44324,624,,,,,,,,
PUI/VGIT,Unknown,0.8312,0.44325,624,,,,,,,,
CZFS/FRAF,Banks - Regional,0.8797,0.44325,624,,,,,,,,
OTEX/PEGA,Software - Application,0.849,0.44325,624,,,,,,,,
DHF/IQI,Asset Management,0.8844,0.44326,624,,,,,,,,
NAZ/NXN,Asset Management,0.9252,0.44326,624,,,,,,,,
FBNC/NWBI,Banks - Regional,0.9348,0.44326,624,,,,,,,,
CCBG/OPBK,Banks - Regional,0.9018,0.44326,624,,,,,,,,
DHIL/GAM,Asset Management,0.8233,0.44326,624,,,,,,,,
DDT/PKW,Unknown,0.9809,0.44326,624,,,,,,,,
CIVB/CNOB,Banks - Regional,0.9262,0.44327,624,,,,,,,,
PIO/QQEW,Unknown,0.9897,0.44328,624,,,,,,,,
FMAO/LKFN,Banks - Regional,0.802,0.44328,624,,,,,,,,
FAB/IGF,Unknown,0.9742,0.44329,624,,,,,,,,
HPS/NRK,Asset Management,0.9278,0.44329,624,,,,,,,,
EHI/EVN,Asset Management,0.9009,0.4433,624,,,,,,,,
PBHC/STBA,Banks - Regional,0.8764,0.4433,624,,,,,,,,
FXNC/SFST,Banks - Regional,0.8368,0.44331,624,,,,,,,,
AGD/NUV,Asset Management,0.8026,0.44332,624,,,,,,,,
GCV/NIE,Asset Management,0.8969,0.44332,624,,,,,,,,
BXMX/JPC,Asset Management,0.9302,0.44336,624,,,,,,,,
BPOP/RBCAA,Banks - Regional,0.9469,0.44336,624,,,,,,,,
NCA/PPT,Asset Management,0.8679,0.44336,624,,,,,,,,
CNOB/PLBC,Banks - Regional,0.8127,0.44337,624,,,,,,,,
DSU/MMT,Asset Management,0.9358,0.44338,624,,,,,,,,
EVG/WIW,Asset Management,0.908,0.44338,624,,,,,,,,
JSM/PEZ,Unknown,0.9146,0.44338,624,,,,,,,,
PEBO/PWOD,Banks - Regional,0.8547,0.44338,624,,,,,,,,
HFWA/SYBT,Banks - Regional,0.8016,0.44339,624,,,,,,,,
GAIN/TY,Asset Management,0.9497,0.44339,624,,,,,,,,
CSWC/GRX,Asset Management,0.8973,0.4434,624,,,,,,,,
AGD/BGT,Asset Management,0.9249,0.44342,624,,,,,,,,
MNSB/SMBC,Banks - Regional,0.8905,0.44343,624,,,,,,,,
CZWI/NFBK,Banks - Regional,0.8452,0.44345,624,,,,,,,,
ABCB/SRCE,Banks - Regional,0.9722,0.44346,624,,,,,,,,
JJSF/MKC,Packaged Foods,0.8958,0.44346,624,,,,,,,,
CZNC/RNST,Banks - Regional,0.8871,0.44347,624,,,,,,,,
MBCN/OPBK,Banks - Regional,0.9197,0.44347,624,,,,,,,,
EVR/OPY,Capital Markets,0.9221,0.44347,624,,,,,,,,
BME/JOF,Asset Management,0.8892,0.44349,624,,,,,,,,
NEM/PAAS,Gold,0.8517,0.44349,624,,,,,,,,
L/ORI,Insurance - Property & Casualty,0.9557,0.44349,624,,,,,,,,
AAXJ/GRID,Unknown,0.8031,0.4435,624,,,,,,,,
CZWI/EBMT,Banks - Regional,0.8546,0.4435,624,,,,,,,,
HQH/PPT,Asset Management,0.8243,0.4435,624,,,,,,,,
FAD/GJO,Unknown,0.9646,0.44351,624,,,,,,,,
MUE/NXJ,Asset Management,0.9564,0.44351,624,,,,,,,,
HFBL/VLY,Banks - Regional,0.8326,0.44351,624,,,,,,,,
ETW/ETY,Asset Management,0.9545,0.44351,624,,,,,,,,
CFR/WTBA,Banks - Regional,0.8982,0.44352,624,,,,,,,,
ACNB/SFBC,Banks - Regional,0.9511,0.44353,624,,,,,,,,
BME/UTF,Asset Management,0.9746,0.44353,624,,,,,,,,
AWF/EHI,Asset Management,0.9555,0.44353,624,,,,,,,,
ANSS/CDNS,Software - Application,0.8717,0.44354,624,,,,,,,,
BANR/RF,Banks - Regional,0.9282,0.44354,624,,,,,,,,
NAZ/PAI,Asset Management,0.9069,0.44355,624,,,,,,,,
LKFN/WSBC,Banks - Regional,0.8218,0.44355,624,,,,,,,,
EVF/PCF,Asset Management,0.9473,0.44355,624,,,,,,,,
IMCV/SHY,Unknown,0.8767,0.44356,624,,,,,,,,
RQI/SPXX,Asset Management,0.9681,0.44356,624,,,,,,,,
GCV/STEW,Asset Management,0.8746,0.44357,624,,,,,,,,
AWF/EOS,Asset Management,0.9589,0.44357,624,,,,,,,,
EFT/HIO,Asset Management,0.9449,0.44357,624,,,,,,,,
EFR/PTY,Asset Management,0.9433,0.44358,624,,,,,,,,
IGI/USA,Asset Management,0.8213,0.44359,624,,,,,,,,
CGO/GAB,Asset Management,0.9367,0.44362,624,,,,,,,,
FTA/PPH,Unknown,0.9604,0.44362,624,,,,,,,,
AWP/CNS,Asset Management,0.8908,0.44362,624,,,,,,,,
HBCP/SBCF,Banks - Regional,0.9181,0.44364,624,,,,,,,,
IESC/PWR,Engineering & Construction,0.9253,0.44364,624,,,,,,,,
CZNC/FITB,Banks - Regional,0.8675,0.44366,624,,,,,,,,
HTGC/PFL,Asset Management,0.8767,0.44366,624,,,,,,,,
AEP/EVRG,Utilities - Regulated Electric,0.9788,0.44367,624,,,,,,,,
GRID/KTN,Unknown,0.8554,0.44367,624,,,,,,,,
FFBC/NWBI,Banks - Regional,0.9598,0.44367,624,,,,,,,,
CAF/PYN,Asset Management,0.8436,0.44368,624,,,,,,,,
AROW/ZION,Banks - Regional,0.9278,0.44369,624,,,,,,,,
JMM/NPV,Asset Management,0.8573,0.4437,624,,,,,,,,
CBAN/TRMK,Banks - Regional,0.9277,0.4437,624,,,,,,,,
JPC/NAC,Asset Management,0.9291,0.4437,624,,,,,,,,
PYZ/SHY,Unknown,0.8278,0.4437,624,,,,,,,,
CHI/MFIC,Asset Management,0.8275,0.44371,624,,,,,,,,
BGY/NFJ,Asset Management,0.9639,0.44372,624,,,,,,,,
CTBI/INBK,Banks - Regional,0.8036,0.44372,624,,,,,,,,
BOE/HYT,Asset Management,0.9719,0.44373,624,,,,,,,,
FITB/UNTY,Banks - Regional,0.9423,0.44373,624,,,,,,,,
MUJ/PNF,Asset Management,0.8629,0.44373,624,,,,,,,,
ISBA/RNST,Banks - Regional,0.8664,0.44373,624,,,,,,,,
CBSH/MBWM,Banks - Regional,0.9092,0.44374,624,,,,,,,,
JFR/PCM,Asset Management,0.8849,0.44374,624,,,,,,,,
CSWC/SCD,Asset Management,0.9672,0.44376,624,,,,,,,,
OSBC/SSB,Banks - Regional,0.9219,0.44377,624,,,,,,,,
PEBK/SBCF,Banks - Regional,0.9221,0.44378,624,,,,,,,,
BUSE/FITB,Banks - Regional,0.862,0.44378,624,,,,,,,,
AGD/ETB,Asset Management,0.9296,0.44379,624,,,,,,,,
JCE/RFI,Asset Management,0.9551,0.44379,624,,,,,,,,
ETG/SWKH,Asset Management,0.8557,0.44379,624,,,,,,,,
CGO/GF,Asset Management,0.8734,0.44379,624,,,,,,,,
DVA/SEM,Medical Care Facilities,0.8953,0.44379,624,,,,,,,,
MUE/PZC,Asset Management,0.9265,0.44379,624,,,,,,,,
OBT/PNFP,Banks - Regional,0.867,0.4438,624,,,,,,,,
GRX/IFN,Asset Management,0.8789,0.4438,624,,,,,,,,
AIA/USIG,Unknown,0.9218,0.4438,624,,,,,,,,
ADX/HQL,Asset Management,0.8592,0.44381,624,,,,,,,,
GJS/IGF,Unknown,0.9665,0.44382,624,,,,,,,,
CCBG/TFSL,Banks - Regional,0.813,0.44382,624,,,,,,,,
GJT/PFF,Unknown,0.879,0.44382,624,,,,,,,,
IBB/IEI,Unknown,0.8788,0.44382,624,,,,,,,,
NXC/VLT,Asset Management,0.8859,0.44383,624,,,,,,,,
CBAN/MGYR,Banks - Regional,0.8988,0.44383,624,,,,,,,,
DVY/ONEQ,Unknown,0.9567,0.44384,624,,,,,,,,
MIN/NXJ,Asset Management,0.9567,0.44384,624,,,,,,,,
NFBK/PGC,Banks - Regional,0.8866,0.44385,624,,,,,,,,
ICLR/WAT,Diagnostics & Research,0.9318,0.44385,624,,,,,,,,
CORT/INSM,Biotechnology,0.8642,0.44385,624,,,,,,,,
AMSC/BWEN,Specialty Industrial Machinery,0.8499,0.44385,624,,,,,,,,
ISBA/PPBI,Banks - Regional,0.8339,0.44386,624,,,,,,,,
AOD/EFR,Asset Management,0.9509,0.44388,624,,,,,,,,
JMM/UTF,Asset Management,0.9458,0.44388,624,,,,,,,,
GRX/TROW,Asset Management,0.9138,0.44389,624,,,,,,,,
FBNC/TOWN,Banks - Regional,0.9583,0.44389,624,,,,,,,,
AGO/RDN,Insurance - Specialty,0.9399,0.44392,624,,,,,,,,
ALRS/UMBF,Banks - Regional,0.8575,0.44393,624,,,,,,,,
AWF/STK,Asset Management,0.9386,0.44393,624,,,,,,,,
CAF/MQT,Asset Management,0.8278,0.44394,624,,,,,,,,
EWBC/NRIM,Banks - Regional,0.9196,0.44394,624,,,,,,,,
ETV/NVG,Asset Management,0.907,0.44394,624,,,,,,,,
QQEW/QQXT,Unknown,0.9959,0.44395,624,,,,,,,,
BCBP/INDB,Banks - Regional,0.8722,0.44395,624,,,,,,,,
ED/MGEE,Utilities - Regulated Electric,0.9685,0.44395,624,,,,,,,,
HQL/IQI,Asset Management,0.884,0.44396,624,,,,,,,,
EIX/NGG,Utilities - Regulated Electric,0.8896,0.44397,624,,,,,,,,
HQL/VLT,Asset Management,0.8878,0.44398,624,,,,,,,,
CAF/VCV,Asset Management,0.81,0.44399,624,,,,,,,,
FCT/GCV,Asset Management,0.8608,0.44399,624,,,,,,,,
FTCS/QQXT,Unknown,0.9935,0.444,624,,,,,,,,
PDT/PMO,Asset Management,0.9468,0.444,624,,,,,,,,
AWP/WIW,Asset Management,0.9151,0.44402,624,,,,,,,,
AOD/JHI,Asset Management,0.9082,0.44403,624,,,,,,,,
FRA/PCN,Asset Management,0.899,0.44403,624,,,,,,,,
MNSB/WASH,Banks - Regional,0.8709,0.44403,624,,,,,,,,
GRX/PML,Asset Management,0.8104,0.44403,624,,,,,,,,
TRST/UBSI,Banks - Regional,0.887,0.44403,624,,,,,,,,
OVLY/TOWN,Banks - Regional,0.8955,0.44405,624,,,,,,,,
ACNB/FFBC,Banks - Regional,0.9233,0.44406,624,,,,,,,,
BOKF/INBK,Banks - Regional,0.8049,0.44406,624,,,,,,,,
AWF/ETO,Asset Management,0.9687,0.44406,624,,,,,,,,
MYN/NXJ,Asset Management,0.9576,0.44406,624,,,,,,,,
BKT/PCQ,Asset Management,0.8767,0.44407,624,,,,,,,,
ACWI/ONEQ,Unknown,0.9936,0.44408,624,,,,,,,,
FUL/IOSP,Specialty Chemicals,0.926,0.44409,624,,,,,,,,
EHI/SBI,Asset Management,0.8762,0.4441,624,,,,,,,,
HIO/MUE,Asset Management,0.8554,0.44411,624,,,,,,,,
EMF/IAE,Asset Management,0.9271,0.44411,624,,,,,,,,
INDY/VCSH,Unknown,0.8715,0.44411,624,,,,,,,,
AVK/RMT,Asset Management,0.8146,0.44412,624,,,,,,,,
CII/EVF,Asset Management,0.9649,0.44413,624,,,,,,,,
EVG/VPV,Asset Management,0.8582,0.44413,624,,,,,,,,
BRW/PCN,Asset Management,0.9066,0.44414,624,,,,,,,,
CHI/RJF,Asset Management,0.9371,0.44414,624,,,,,,,,
AMGN/MRK,Drug Manufacturers - General,0.9512,0.44414,624,,,,,,,,
FMAO/TFC,Banks - Regional,0.8379,0.44415,624,,,,,,,,
FHI/PFN,Asset Management,0.877,0.44416,624,,,,,,,,
UMBF/WAFD,Banks - Regional,0.8909,0.44416,624,,,,,,,,
KAI/MWA,Specialty Industrial Machinery,0.9081,0.44417,624,,,,,,,,
AGYS/PLUS,Software - Application,0.8558,0.44417,624,,,,,,,,
HPI/MCR,Asset Management,0.9613,0.44417,624,,,,,,,,
CNS/ETG,Asset Management,0.9641,0.44418,624,,,,,,,,
GDL/RNP,Asset Management,0.9611,0.44418,624,,,,,,,,
LEO/RFI,Asset Management,0.8252,0.4442,624,,,,,,,,
AROW/FITB,Banks - Regional,0.8659,0.4442,624,,,,,,,,
NICE/PAYX,Software - Application,0.8687,0.44422,624,,,,,,,,
PUI/QQXT,Unknown,0.9558,0.44423,624,,,,,,,,
BLW/RFI,Asset Management,0.9656,0.44423,624,,,,,,,,
BANF/FMBH,Banks - Regional,0.8315,0.44424,624,,,,,,,,
FFBC/SBSI,Banks - Regional,0.8928,0.44424,624,,,,,,,,
PYZ/QTEC,Unknown,0.9282,0.44425,624,,,,,,,,
HIO/STT,Asset Management,0.8203,0.44425,624,,,,,,,,
IESC/PRIM,Engineering & Construction,0.928,0.44425,624,,,,,,,,
FSFG/PFS,Banks - Regional,0.8966,0.44429,624,,,,,,,,
BTZ/WIA,Asset Management,0.9323,0.44429,624,,,,,,,,
PFIS/TOWN,Banks - Regional,0.8912,0.44429,624,,,,,,,,
PUI/QQEW,Unknown,0.949,0.44429,624,,,,,,,,
FT/IGI,Asset Management,0.8611,0.4443,624,,,,,,,,
AGD/VLT,Asset Management,0.927,0.4443,624,,,,,,,,
CZWI/OVBC,Banks - Regional,0.8217,0.44433,624,,,,,,,,
BGY/TSI,Asset Management,0.8802,0.44434,624,,,,,,,,
AROW/VLY,Banks - Regional,0.8396,0.44434,624,,,,,,,,
FRAF/WSBF,Banks - Regional,0.91,0.44435,624,,,,,,,,
COLB/NKSH,Banks - Regional,0.8594,0.44435,624,,,,,,,,
AMP/ASG,Asset Management,0.814,0.44437,624,,,,,,,,
IMCV/PID,Unknown,0.9491,0.44439,624,,,,,,,,
HDB/WAL,Banks - Regional,0.8852,0.44441,624,,,,,,,,
CASH/LCNB,Banks - Regional,0.8063,0.44441,624,,,,,,,,
FHI/VLT,Asset Management,0.8963,0.44441,624,,,,,,,,
WAFD/WTFC,Banks - Regional,0.8948,0.44443,624,,,,,,,,
BRT/ESS,REIT - Residential,0.8247,0.44443,624,,,,,,,,
CADE/CZNC,Banks - Regional,0.8651,0.44445,624,,,,,,,,
JRS/MPA,Asset Management,0.9144,0.44445,624,,,,,,,,
USB/WTFC,Banks - Regional,0.8441,0.44447,624,,,,,,,,
CHY/GDV,Asset Management,0.9673,0.44447,624,,,,,,,,
HYT/JLS,Asset Management,0.9102,0.44448,624,,,,,,,,
ED/NWE,Utilities - Regulated Electric,0.8941,0.44449,624,,,,,,,,
EVF/JFR,Asset Management,0.9739,0.44449,624,,,,,,,,
CAF/FMN,Asset Management,0.8108,0.44449,624,,,,,,,,
PFI/PHO,Unknown,0.9623,0.44449,624,,,,,,,,
ETW/TROW,Asset Management,0.8936,0.44449,624,,,,,,,,
CZWI/FUNC,Banks - Regional,0.878,0.4445,624,,,,,,,,
PEZ/VCSH,Unknown,0.9332,0.44451,624,,,,,,,,
GEF/PKG,Packaging & Containers,0.8217,0.44452,624,,,,,,,,
HIO/IAE,Asset Management,0.8754,0.44452,624,,,,,,,,
GAB/PHD,Asset Management,0.9468,0.44454,624,,,,,,,,
LSCC/STM,Semiconductors,0.9242,0.44454,624,,,,,,,,
CHY/PFN,Asset Management,0.9467,0.44455,624,,,,,,,,
BHK/MSD,Asset Management,0.8981,0.44455,624,,,,,,,,
JQC/TY,Asset Management,0.9599,0.44456,624,,,,,,,,
CCNE/ZIONP,Banks - Regional,0.8488,0.44457,624,,,,,,,,
BRKL/HOPE,Banks - Regional,0.8033,0.44458,624,,,,,,,,
NKX/PMF,Asset Management,0.9123,0.44459,624,,,,,,,,
BGT/CHY,Asset Management,0.9179,0.44459,624,,,,,,,,
HQL/HYT,Asset Management,0.8859,0.4446,624,,,,,,,,
HOMB/NBTB,Banks - Regional,0.9273,0.44461,624,,,,,,,,
IEX/PH,Specialty Industrial Machinery,0.8259,0.44461,624,,,,,,,,
OPBK/THFF,Banks - Regional,0.9114,0.44463,624,,,,,,,,
FMBH/UBCP,Banks - Regional,0.9093,0.44463,624,,,,,,,,
BANF/COFS,Banks - Regional,0.8534,0.44463,624,,,,,,,,
ARCC/BX,Asset Management,0.968,0.44463,624,,,,,,,,
AGD/BHK,Asset Management,0.8377,0.44465,624,,,,,,,,
BRKL/PNC,Banks - Regional,0.8296,0.44466,624,,,,,,,,
PAI/VLT,Asset Management,0.9206,0.44466,624,,,,,,,,
VGM/WIA,Asset Management,0.8824,0.44468,624,,,,,,,,
BHRB/NWFL,Banks - Regional,0.8258,0.4447,624,,,,,,,,
HQH/SPE,Asset Management,0.8421,0.44471,624,,,,,,,,
BLK/WIW,Asset Management,0.9061,0.44471,624,,,,,,,,
AAXJ/GJH,Unknown,0.87,0.44471,624,,,,,,,,
MMU/PFN,Asset Management,0.8597,0.44472,624,,,,,,,,
STEW/VVR,Asset Management,0.9634,0.44472,624,,,,,,,,
BYM/RFI,Asset Management,0.8923,0.44474,624,,,,,,,,
IGF/PDP,Unknown,0.949,0.44474,624,,,,,,,,
PNFP/UNTY,Banks - Regional,0.9307,0.44477,624,,,,,,,,
HWBK/TRST,Banks - Regional,0.8532,0.44477,624,,,,,,,,
MCR/MFM,Asset Management,0.9165,0.44479,624,,,,,,,,
GABC/HFWA,Banks - Regional,0.9103,0.4448,624,,,,,,,,
BUSE/HFWA,Banks - Regional,0.927,0.44482,624,,,,,,,,
HSBC/SMFG,Banks - Diversified,0.8966,0.44482,624,,,,,,,,
BANF/FMNB,Banks - Regional,0.8595,0.44482,624,,,,,,,,
CZNC/UMBF,Banks - Regional,0.8606,0.44483,624,,,,,,,,
FMAO/MBCN,Banks - Regional,0.8319,0.44483,624,,,,,,,,
BANC/PEBK,Banks - Regional,0.8048,0.44483,624,,,,,,,,
CCBG/SSB,Banks - Regional,0.8668,0.44483,624,,,,,,,,
FLC/NXJ,Asset Management,0.9743,0.44484,624,,,,,,,,
HCI/STC,Insurance - Property & Casualty,0.923,0.44484,624,,,,,,,,
BANC/NWBI,Banks - Regional,0.831,0.44484,624,,,,,,,,
FHI/RVT,Asset Management,0.9222,0.44486,624,,,,,,,,
BRW/EVT,Asset Management,0.9226,0.44486,624,,,,,,,,
FTCS/PDP,Unknown,0.9861,0.44486,624,,,,,,,,
ASRV/LCNB,Banks - Regional,0.8387,0.44487,624,,,,,,,,
FOF/NIE,Asset Management,0.9865,0.44487,624,,,,,,,,
PIM/SBI,Asset Management,0.8228,0.44487,624,,,,,,,,
LARK/PEBK,Banks - Regional,0.8892,0.44489,624,,,,,,,,
EBTC/INBK,Banks - Regional,0.8262,0.44489,624,,,,,,,,
GRX/PMX,Asset Management,0.8038,0.44489,624,,,,,,,,
EIG/MTG,Insurance - Specialty,0.8627,0.44489,624,,,,,,,,
JRS/RCS,Asset Management,0.8502,0.4449,624,,,,,,,,
EMN/FUL,Specialty Chemicals,0.9199,0.4449,624,,,,,,,,
NEA/RFI,Asset Management,0.9147,0.44491,624,,,,,,,,
CHT/TMUS,Telecom Services,0.906,0.44492,624,,,,,,,,
FRST/HFBL,Banks - Regional,0.832,0.44493,624,,,,,,,,
RBCAA/WAL,Banks - Regional,0.8726,0.44493,624,,,,,,,,
VLT/WIA,Asset Management,0.9039,0.44494,624,,,,,,,,
BCML/FSFG,Banks - Regional,0.9039,0.44494,624,,,,,,,,
BCAL/FXNC,Banks - Regional,0.9135,0.44494,624,,,,,,,,
IGR/JFR,Asset Management,0.887,0.44495,624,,,,,,,,
QABA/QQXT,Unknown,0.8683,0.44496,624,,,,,,,,
BPOP/PLBC,Banks - Regional,0.9454,0.44496,624,,,,,,,,
AEE/PEG,Utilities - Regulated Electric,0.9581,0.44496,624,,,,,,,,
NHI/OHI,REIT - Healthcare Facilities,0.9388,0.44497,624,,,,,,,,
CZWI/GSBC,Banks - Regional,0.923,0.44497,624,,,,,,,,
CZNC/SSB,Banks - Regional,0.88,0.44498,624,,,,,,,,
PMM/TSI,Asset Management,0.9338,0.44498,624,,,,,,,,
IIM/MIN,Asset Management,0.9032,0.445,624,,,,,,,,
RVSB/TSBK,Banks - Regional,0.8895,0.44504,624,,,,,,,,
IGD/STT,Asset Management,0.8932,0.44506,624,,,,,,,,
FDBC/VABK,Banks - Regional,0.9189,0.44506,624,,,,,,,,
ETW/SAR,Asset Management,0.9425,0.44506,624,,,,,,,,
OZK/SSB,Banks - Regional,0.9398,0.44506,624,,,,,,,,
EXG/PTY,Asset Management,0.9634,0.44508,624,,,,,,,,
KTF/MIN,Asset Management,0.8055,0.44509,624,,,,,,,,
MFA/NYMT,REIT - Mortgage,0.8981,0.44509,624,,,,,,,,
FULT/OBT,Banks - Regional,0.8575,0.44509,624,,,,,,,,
SXI/WTS,Specialty Industrial Machinery,0.8927,0.4451,624,,,,,,,,
PDP/RTH,Unknown,0.9884,0.44511,624,,,,,,,,
HBCP/OBT,Banks - Regional,0.8501,0.44511,624,,,,,,,,
FLO/MKC,Packaged Foods,0.8952,0.44511,624,,,,,,,,
INTU/PLUS,Software - Application,0.9229,0.44512,624,,,,,,,,
BTO/TSI,Asset Management,0.9124,0.44512,624,,,,,,,,
CZFS/EBTC,Banks - Regional,0.882,0.44512,624,,,,,,,,
IIF/SPXX,Asset Management,0.9265,0.44513,624,,,,,,,,
EFSC/RBCAA,Banks - Regional,0.9192,0.44513,624,,,,,,,,
MPB/TRMK,Banks - Regional,0.9366,0.44513,624,,,,,,,,
ETR/TXNM,Utilities - Regulated Electric,0.8793,0.44513,624,,,,,,,,
MIN/MQT,Asset Management,0.9087,0.44514,624,,,,,,,,
GJT/IPB,Unknown,0.899,0.44514,624,,,,,,,,
FTCS/PFI,Unknown,0.9764,0.44514,624,,,,,,,,
EOI/TSI,Asset Management,0.926,0.44514,624,,,,,,,,
MMT/MUE,Asset Management,0.8962,0.44515,624,,,,,,,,
MMT/MVT,Asset Management,0.8095,0.44515,624,,,,,,,,
MCN/STT,Asset Management,0.8118,0.44516,624,,,,,,,,
DWSN/HLX,Oil & Gas Equipment & Services,0.814,0.44516,624,,,,,,,,
EFT/SPE,Asset Management,0.9714,0.44517,624,,,,,,,,
HQH/PFD,Asset Management,0.8699,0.44517,624,,,,,,,,
BJK/PIE,Unknown,0.8359,0.44518,624,,,,,,,,
CFFN/FRST,Banks - Regional,0.8158,0.4452,624,,,,,,,,
AUB/CFR,Banks - Regional,0.9199,0.44521,624,,,,,,,,
CHI/PCM,Asset Management,0.9299,0.44522,624,,,,,,,,
NFBK/SBSI,Banks - Regional,0.8449,0.44523,624,,,,,,,,
BSRR/FBIZ,Banks - Regional,0.8359,0.44525,624,,,,,,,,
MNSB/RVSB,Banks - Regional,0.9124,0.44525,624,,,,,,,,
ASB/CCBG,Banks - Regional,0.8614,0.44525,624,,,,,,,,
ATS/NDSN,Specialty Industrial Machinery,0.8965,0.44525,624,,,,,,,,
LAMR/SELF,REIT - Specialty,0.9468,0.44527,624,,,,,,,,
HQH/MCN,Asset Management,0.8283,0.44529,624,,,,,,,,
CII/MAIN,Asset Management,0.9643,0.44529,624,,,,,,,,
BN/PAI,Asset Management,0.8498,0.44529,624,,,,,,,,
MBCN/SYBT,Banks - Regional,0.9233,0.4453,624,,,,,,,,
BFIN/BHLB,Banks - Regional,0.8785,0.44532,624,,,,,,,,
ETO/TROW,Asset Management,0.8998,0.44532,624,,,,,,,,
FULT/GSBC,Banks - Regional,0.944,0.44533,624,,,,,,,,
GF/HQL,Asset Management,0.8482,0.44533,624,,,,,,,,
FMAO/SRCE,Banks - Regional,0.8562,0.44533,624,,,,,,,,
NWFL/SHBI,Banks - Regional,0.8188,0.44535,624,,,,,,,,
AUB/NBTB,Banks - Regional,0.9482,0.44535,624,,,,,,,,
NRK/RFI,Asset Management,0.9016,0.44535,624,,,,,,,,
HOMB/RBCAA,Banks - Regional,0.8764,0.44537,624,,,,,,,,
GDV/WIW,Asset Management,0.8894,0.44539,624,,,,,,,,
SRCE/ZION,Banks - Regional,0.9036,0.44539,624,,,,,,,,
CBSH/PFBC,Banks - Regional,0.9331,0.44539,624,,,,,,,,
JQC/RNP,Asset Management,0.9552,0.44539,624,,,,,,,,
CHI/GAM,Asset Management,0.9391,0.4454,624,,,,,,,,
PTY/TROW,Asset Management,0.9005,0.4454,624,,,,,,,,
FBIZ/TCBK,Banks - Regional,0.8729,0.44541,624,,,,,,,,
LKFN/MNSB,Banks - Regional,0.9043,0.44541,624,,,,,,,,
DHF/FFC,Asset Management,0.9129,0.44542,624,,,,,,,,
HTGC/RJF,Asset Management,0.9709,0.44542,624,,,,,,,,
BSRR/FMAO,Banks - Regional,0.8727,0.44542,624,,,,,,,,
MIN/MVF,Asset Management,0.8397,0.44543,624,,,,,,,,
AX/IBOC,Banks - Regional,0.953,0.44543,624,,,,,,,,
IBB/PIZ,Unknown,0.8829,0.44544,624,,,,,,,,
PCYO/WTRG,Utilities - Regulated Water,0.9168,0.44546,624,,,,,,,,
ACWX/PNQI,Unknown,0.9364,0.44547,624,,,,,,,,
JQC/NTRS,Asset Management,0.8755,0.44547,624,,,,,,,,
CFFN/WASH,Banks - Regional,0.8367,0.44547,624,,,,,,,,
CAC/ZIONP,Banks - Regional,0.8862,0.44548,624,,,,,,,,
BRKL/PPBI,Banks - Regional,0.9428,0.44548,624,,,,,,,,
BRW/VBF,Asset Management,0.8305,0.44549,624,,,,,,,,
CHCO/WTFC,Banks - Regional,0.9438,0.44549,624,,,,,,,,
FRME/UBCP,Banks - Regional,0.9026,0.44551,624,,,,,,,,
BDJ/BTO,Asset Management,0.9608,0.44551,624,,,,,,,,
AWF/FFA,Asset Management,0.9656,0.44552,624,,,,,,,,
PNQI/VCSH,Unknown,0.9525,0.44552,624,,,,,,,,
HPS/NMT,Asset Management,0.8569,0.44553,624,,,,,,,,
BRW/GAB,Asset Management,0.926,0.44554,624,,,,,,,,
FCF/NBTB,Banks - Regional,0.9747,0.44554,624,,,,,,,,
ARCC/GAB,Asset Management,0.9535,0.44554,624,,,,,,,,
AROW/SSB,Banks - Regional,0.8727,0.44555,624,,,,,,,,
ALL/HIG,Insurance - Property & Casualty,0.9771,0.44556,624,,,,,,,,
BXMX/FMY,Asset Management,0.9035,0.44557,624,,,,,,,,
CMI/FELE,Specialty Industrial Machinery,0.9582,0.44557,624,,,,,,,,
DHF/NAN,Asset Management,0.889,0.4456,624,,,,,,,,
HPI/MAIN,Asset Management,0.9124,0.4456,624,,,,,,,,
EFSC/FRST,Banks - Regional,0.8591,0.44561,624,,,,,,,,
DUK/ES,Utilities - Regulated Electric,0.8808,0.44561,624,,,,,,,,
HIO/TWN,Asset Management,0.8975,0.44561,624,,,,,,,,
GJR/WOOD,Unknown,0.8858,0.44563,624,,,,,,,,
PCN/SCD,Asset Management,0.8913,0.44563,624,,,,,,,,
FMNB/THFF,Banks - Regional,0.9473,0.44565,624,,,,,,,,
FXNC/SNV,Banks - Regional,0.8609,0.44565,624,,,,,,,,
PFF/PNQI,Unknown,0.9403,0.44566,624,,,,,,,,
CZFS/MBCN,Banks - Regional,0.9242,0.44566,624,,,,,,,,
VCLT/VGSH,Unknown,0.8651,0.44566,624,,,,,,,,
AX/OPBK,Banks - Regional,0.9448,0.44569,624,,,,,,,,
CBU/FMBH,Banks - Regional,0.9374,0.44569,624,,,,,,,,
BSRR/FDBC,Banks - Regional,0.8757,0.4457,624,,,,,,,,
ASB/TFC,Banks - Regional,0.878,0.4457,624,,,,,,,,
NAD/WIA,Asset Management,0.9053,0.4457,624,,,,,,,,
CARE/EFSC,Banks - Regional,0.8479,0.44571,624,,,,,,,,
EWBC/SRCE,Banks - Regional,0.9504,0.44571,624,,,,,,,,
CNS/EOD,Asset Management,0.9455,0.44571,624,,,,,,,,
FHI/PCN,Asset Management,0.867,0.44572,624,,,,,,,,
PNC/SFNC,Banks - Regional,0.8167,0.44574,624,,,,,,,,
BOKF/LKFN,Banks - Regional,0.9284,0.44574,624,,,,,,,,
CZFS/ESSA,Banks - Regional,0.8562,0.44576,624,,,,,,,,
GGG/NDSN,Specialty Industrial Machinery,0.98,0.44577,624,,,,,,,,
FRME/GBCI,Banks - Regional,0.9486,0.44577,624,,,,,,,,
HWBK/LARK,Banks - Regional,0.8688,0.44579,624,,,,,,,,
BCBP/SSB,Banks - Regional,0.8125,0.44579,624,,,,,,,,
BDX/HOLX,Medical Instruments & Supplies,0.9117,0.4458,624,,,,,,,,
FRD/NUE,Steel,0.8071,0.4458,624,,,,,,,,
HFBL/LARK,Banks - Regional,0.8788,0.44584,624,,,,,,,,
ETJ/HQH,Asset Management,0.8598,0.44584,624,,,,,,,,
ETV/PIM,Asset Management,0.9281,0.44586,624,,,,,,,,
BPOP/UBFO,Banks - Regional,0.8188,0.44586,624,,,,,,,,
CIF/NQP,Asset Management,0.941,0.44586,624,,,,,,,,
FMY/NUW,Asset Management,0.8358,0.44587,624,,,,,,,,
IEUS/PFI,Unknown,0.9509,0.44587,624,,,,,,,,
CASH/LKFN,Banks - Regional,0.9168,0.44587,624,,,,,,,,
FMAO/USB,Banks - Regional,0.8266,0.44588,624,,,,,,,,
JFR/MPV,Asset Management,0.9415,0.44589,624,,,,,,,,
ETB/NXJ,Asset Management,0.9226,0.44589,624,,,,,,,,
IFN/IGA,Asset Management,0.9463,0.4459,624,,,,,,,,
BFIN/OPOF,Banks - Regional,0.8266,0.44591,624,,,,,,,,
CCNE/STBA,Banks - Regional,0.924,0.44592,624,,,,,,,,
BBH/VCLT,Unknown,0.9062,0.44593,624,,,,,,,,
CIF/NNY,Asset Management,0.9136,0.44595,624,,,,,,,,
FMBH/SRCE,Banks - Regional,0.9272,0.44596,624,,,,,,,,
HIX/MHD,Asset Management,0.8299,0.44597,624,,,,,,,,
ETB/SBI,Asset Management,0.8551,0.44598,624,,,,,,,,
AAXJ/PRN,Unknown,0.816,0.44599,624,,,,,,,,
BXMX/PHD,Asset Management,0.9532,0.44599,624,,,,,,,,
GF/NPV,Asset Management,0.8017,0.44599,624,,,,,,,,
BLW/FT,Asset Management,0.9841,0.446,624,,,,,,,,
CFFI/RNST,Banks - Regional,0.8192,0.44602,624,,,,,,,,
CVBF/ISBA,Banks - Regional,0.844,0.44603,624,,,,,,,,
EOT/PPT,Asset Management,0.8892,0.44605,624,,,,,,,,
PPBI/TOWN,Banks - Regional,0.8979,0.44605,624,,,,,,,,
ESE/TDY,Scientific & Technical Instruments,0.9289,0.44606,624,,,,,,,,
DHIL/SEIC,Asset Management,0.9001,0.44607,624,,,,,,,,
IBCP/MBCN,Banks - Regional,0.924,0.44608,624,,,,,,,,
AVAV/DCO,Aerospace & Defense,0.887,0.44609,624,,,,,,,,
EGBN/SFNC,Banks - Regional,0.8896,0.44609,624,,,,,,,,
TSI/VPV,Asset Management,0.9201,0.44609,624,,,,,,,,
NAZ/VMO,Asset Management,0.9632,0.44611,624,,,,,,,,
BFC/BVFL,Banks - Regional,0.8415,0.44611,624,,,,,,,,
CBU/FRST,Banks - Regional,0.8537,0.44611,624,,,,,,,,
AROW/FULT,Banks - Regional,0.898,0.44611,624,,,,,,,,
BFC/FFBC,Banks - Regional,0.842,0.44612,624,,,,,,,,
EWBC/SHBI,Banks - Regional,0.8263,0.44613,624,,,,,,,,
ITT/NPO,Specialty Industrial Machinery,0.9584,0.44614,624,,,,,,,,
JRS/MQY,Asset Management,0.8718,0.44614,624,,,,,,,,
GJS/PEZ,Unknown,0.9246,0.44615,624,,,,,,,,
FOF/JLS,Asset Management,0.9148,0.44616,624,,,,,,,,
NBN/OFG,Banks - Regional,0.9293,0.44618,624,,,,,,,,
EHI/NVG,Asset Management,0.9374,0.44618,624,,,,,,,,
FFIC/LCNB,Banks - Regional,0.8335,0.44619,624,,,,,,,,
BCBP/CZFS,Banks - Regional,0.8775,0.4462,624,,,,,,,,
BFZ/BTZ,Asset Management,0.8975,0.44621,624,,,,,,,,
GRX/JMM,Asset Management,0.9536,0.44621,624,,,,,,,,
FRA/RQI,Asset Management,0.9107,0.44621,624,,,,,,,,
NIE/SOR,Asset Management,0.9797,0.44622,624,,,,,,,,
ETB/MHF,Asset Management,0.9265,0.44623,624,,,,,,,,
DSU/RNP,Asset Management,0.9579,0.44623,624,,,,,,,,
FCT/FLC,Asset Management,0.8833,0.44623,624,,,,,,,,
AIA/VCIT,Unknown,0.9159,0.44624,624,,,,,,,,
MFM/NCA,Asset Management,0.9563,0.44624,624,,,,,,,,
MIY/PFD,Asset Management,0.9635,0.44626,624,,,,,,,,
BUSE/SBCF,Banks - Regional,0.9287,0.44626,624,,,,,,,,
FT/JPC,Asset Management,0.94,0.44626,624,,,,,,,,
BHK/MIY,Asset Management,0.9714,0.44627,624,,,,,,,,
OVLY/WAFD,Banks - Regional,0.8786,0.44627,624,,,,,,,,
CAG/SJM,Packaged Foods,0.9192,0.44629,624,,,,,,,,
BOKF/MOFG,Banks - Regional,0.8474,0.4463,624,,,,,,,,
BXMX/PCF,Asset Management,0.9698,0.4463,624,,,,,,,,
FMY/STK,Asset Management,0.9061,0.44631,624,,,,,,,,
CBAN/HBCP,Banks - Regional,0.926,0.44631,624,,,,,,,,
JQC/MMT,Asset Management,0.9412,0.44631,624,,,,,,,,
ABCB/LKFN,Banks - Regional,0.9107,0.44632,624,,,,,,,,
IBB/USIG,Unknown,0.9241,0.44632,624,,,,,,,,
NBN/SMBC,Banks - Regional,0.8446,0.44633,624,,,,,,,,
CATY/SBSI,Banks - Regional,0.949,0.44633,624,,,,,,,,
HIO/LEO,Asset Management,0.8224,0.44633,624,,,,,,,,
FMAO/OPOF,Banks - Regional,0.8392,0.44634,624,,,,,,,,
FSFG/MNSB,Banks - Regional,0.8976,0.44635,624,,,,,,,,
FBIZ/SBFG,Banks - Regional,0.8404,0.44635,624,,,,,,,,
EOT/FT,Asset Management,0.8359,0.44635,624,,,,,,,,
ACWX/PIE,Unknown,0.8975,0.44636,624,,,,,,,,
IBB/PKW,Unknown,0.8565,0.44638,624,,,,,,,,
ATS/GTLS,Specialty Industrial Machinery,0.8422,0.44638,624,,,,,,,,
PFD/TDF,Asset Management,0.8559,0.44639,624,,,,,,,,
BLX/FNB,Banks - Regional,0.8304,0.44639,624,,,,,,,,
BND/VGIT,Unknown,0.9913,0.4464,624,,,,,,,,
HIX/MPA,Asset Management,0.9112,0.4464,624,,,,,,,,
FLIC/PGC,Banks - Regional,0.8339,0.44641,624,,,,,,,,
BLW/CHI,Asset Management,0.9702,0.44641,624,,,,,,,,
BELFB/CLS,Electronic Components,0.8668,0.44642,624,,,,,,,,
MFIC/STK,Asset Management,0.881,0.44643,624,,,,,,,,
BANF/PNC,Banks - Regional,0.912,0.44643,624,,,,,,,,
CAF/VGM,Asset Management,0.8312,0.44644,624,,,,,,,,
OBT/RF,Banks - Regional,0.9167,0.44644,624,,,,,,,,
FXNC/HFWA,Banks - Regional,0.8519,0.44644,624,,,,,,,,
BANR/TFC,Banks - Regional,0.9041,0.44645,624,,,,,,,,
PRFZ/PRN,Unknown,0.9682,0.44647,624,,,,,,,,
GAB/JMM,Asset Management,0.8982,0.44647,624,,,,,,,,
HQL/PFL,Asset Management,0.9023,0.44647,624,,,,,,,,
CZFS/SFBC,Banks - Regional,0.8923,0.44648,624,,,,,,,,
EBMT/FRME,Banks - Regional,0.9167,0.44649,624,,,,,,,,
EXC/PEG,Utilities - Regulated Electric,0.925,0.4465,624,,,,,,,,
IGF/QQEW,Unknown,0.9452,0.4465,624,,,,,,,,
CCBG/GABC,Banks - Regional,0.9164,0.44651,624,,,,,,,,
GDL/TROW,Asset Management,0.8118,0.44651,624,,,,,,,,
EXC/WEC,Utilities - Regulated Electric,0.899,0.44652,624,,,,,,,,
GABC/RBCAA,Banks - Regional,0.9159,0.44652,624,,,,,,,,
BBH/VGIT,Unknown,0.8809,0.44653,624,,,,,,,,
JRS/NMI,Asset Management,0.8667,0.44654,624,,,,,,,,
CALM/CHSCP,Farm Products,0.8083,0.44656,624,,,,,,,,
BRW/FT,Asset Management,0.9408,0.44657,624,,,,,,,,
DHF/RFI,Asset Management,0.9421,0.44657,624,,,,,,,,
GAIN/IGA,Asset Management,0.9631,0.44658,624,,,,,,,,
NAZ/NCA,Asset Management,0.9357,0.44658,624,,,,,,,,
FCBC/HIFS,Banks - Regional,0.8397,0.44659,624,,,,,,,,
CGO/SBI,Asset Management,0.8217,0.4466,624,,,,,,,,
CWST/WM,Waste Management,0.9841,0.44661,624,,,,,,,,
BMRC/FISI,Banks - Regional,0.8122,0.44662,624,,,,,,,,
BPOPM/GJS,Unknown,0.9382,0.44662,624,,,,,,,,
PAR/ROP,Software - Application,0.8838,0.44662,624,,,,,,,,
PNFP/SFNC,Banks - Regional,0.8535,0.44663,624,,,,,,,,
GABC/UBFO,Banks - Regional,0.9163,0.44665,624,,,,,,,,
NAZ/PFO,Asset Management,0.9336,0.44666,624,,,,,,,,
IBB/IJT,Unknown,0.9104,0.44666,624,,,,,,,,
FBNC/VLY,Banks - Regional,0.8737,0.44667,624,,,,,,,,
HPI/JHI,Asset Management,0.9284,0.44668,624,,,,,,,,
IGF/IUSG,Unknown,0.9465,0.44669,624,,,,,,,,
CNS/HIO,Asset Management,0.9529,0.4467,624,,,,,,,,
AGD/HPS,Asset Management,0.9045,0.4467,624,,,,,,,,
IGF/JSM,Unknown,0.9183,0.44671,624,,,,,,,,
NKSH/WABC,Banks - Regional,0.8131,0.44671,624,,,,,,,,
BANF/CHMG,Banks - Regional,0.9097,0.44672,624,,,,,,,,
FBIZ/LARK,Banks - Regional,0.8091,0.44672,624,,,,,,,,
UBCP/WABC,Banks - Regional,0.8508,0.44673,624,,,,,,,,
CHY/PCM,Asset Management,0.9349,0.44675,624,,,,,,,,
IJT/QQQ,Unknown,0.9525,0.44675,624,,,,,,,,
MYI/PMF,Asset Management,0.9174,0.44675,624,,,,,,,,
FDBC/GABC,Banks - Regional,0.8865,0.44676,624,,,,,,,,
BOE/TROW,Asset Management,0.8508,0.44676,624,,,,,,,,
JHI/NIE,Asset Management,0.9297,0.44677,624,,,,,,,,
BRW/QQQX,Asset Management,0.918,0.44677,624,,,,,,,,
AWP/SPXX,Asset Management,0.9111,0.44678,624,,,,,,,,
NWBI/PFS,Banks - Regional,0.9557,0.44679,624,,,,,,,,
BFZ/PMX,Asset Management,0.878,0.44679,624,,,,,,,,
MQY/VPV,Asset Management,0.9717,0.4468,624,,,,,,,,
USB/WAFD,Banks - Regional,0.9319,0.4468,624,,,,,,,,
OPOF/OSBC,Banks - Regional,0.8551,0.44681,624,,,,,,,,
FNX/PTF,Unknown,0.9673,0.44681,624,,,,,,,,
PKW/QTEC,Unknown,0.9745,0.44682,624,,,,,,,,
CZNC/FMBH,Banks - Regional,0.9305,0.44682,624,,,,,,,,
CBSH/IBOC,Banks - Regional,0.8901,0.44683,624,,,,,,,,
FFIN/PBHC,Banks - Regional,0.8756,0.44684,624,,,,,,,,
MPB/TOWN,Banks - Regional,0.9578,0.44684,624,,,,,,,,
BTO/EVF,Asset Management,0.899,0.44685,624,,,,,,,,
CTAS/TRNS,Specialty Business Services,0.9393,0.44686,624,,,,,,,,
CHT/VZ,Telecom Services,0.8429,0.44686,624,,,,,,,,
HIO/VTN,Asset Management,0.8337,0.44688,624,,,,,,,,
FISI/TRMK,Banks - Regional,0.9008,0.44689,624,,,,,,,,
MFM/VLT,Asset Management,0.8853,0.44689,624,,,,,,,,
GEF/GPK,Packaging & Containers,0.8153,0.44689,624,,,,,,,,
BOH/TFSL,Banks - Regional,0.8975,0.44689,624,,,,,,,,
EFT/VRTS,Asset Management,0.8144,0.4469,624,,,,,,,,
FICO/PAYX,Software - Application,0.856,0.44691,624,,,,,,,,
NAC/RFI,Asset Management,0.8516,0.44691,624,,,,,,,,
HEI/LHX,Aerospace & Defense,0.9318,0.44692,624,,,,,,,,
INDB/TOWN,Banks - Regional,0.8989,0.44692,624,,,,,,,,
COFS/PWOD,Banks - Regional,0.8364,0.44692,624,,,,,,,,
DHF/IIF,Asset Management,0.864,0.44693,624,,,,,,,,
BANR/SYBT,Banks - Regional,0.9152,0.44694,624,,,,,,,,
MAS/TT,Building Products & Equipment,0.9138,0.44695,624,,,,,,,,
KEY/MOFG,Banks - Regional,0.8947,0.44695,624,,,,,,,,
AMP/SPE,Asset Management,0.9612,0.44695,624,,,,,,,,
JHI/RFI,Asset Management,0.9497,0.44695,624,,,,,,,,
BANF/TSBK,Banks - Regional,0.9022,0.44696,624,,,,,,,,
GDL/PCM,Asset Management,0.9184,0.44696,624,,,,,,,,
INDB/LCNB,Banks - Regional,0.8727,0.44696,624,,,,,,,,
GOF/IFN,Asset Management,0.9333,0.44697,624,,,,,,,,
EVG/FCT,Asset Management,0.9723,0.44698,624,,,,,,,,
BOKF/GBCI,Banks - Regional,0.9113,0.44699,624,,,,,,,,
ETB/MMU,Asset Management,0.8229,0.44699,624,,,,,,,,
ETB/NNY,Asset Management,0.8794,0.447,624,,,,,,,,
CFFI/HWC,Banks - Regional,0.8544,0.44701,624,,,,,,,,
BME/ETO,Asset Management,0.9647,0.44701,624,,,,,,,,
OCSL/STEW,Asset Management,0.8056,0.44701,624,,,,,,,,
IGI/PPT,Asset Management,0.9143,0.44702,624,,,,,,,,
CCOI/VZ,Telecom Services,0.8313,0.44702,624,,,,,,,,
ARTNA/AWR,Utilities - Regulated Water,0.9314,0.44702,624,,,,,,,,
BCBP/RF,Banks - Regional,0.8692,0.44704,624,,,,,,,,
BPOP/OFG,Banks - Regional,0.9429,0.44705,624,,,,,,,,
STM/VSH,Semiconductors,0.8929,0.44706,624,,,,,,,,
ETB/NMT,Asset Management,0.8014,0.44709,624,,,,,,,,
HPF/MIN,Asset Management,0.912,0.4471,624,,,,,,,,
HOMB/HTBK,Banks - Regional,0.873,0.4471,624,,,,,,,,
JFR/SPE,Asset Management,0.9629,0.44712,624,,,,,,,,
UNTY/WTBA,Banks - Regional,0.8361,0.44713,624,,,,,,,,
ETB/MIY,Asset Management,0.8922,0.44714,624,,,,,,,,
GFF/TT,Building Products & Equipment,0.9557,0.44714,624,,,,,,,,
CFFI/HWBK,Banks - Regional,0.9062,0.44715,624,,,,,,,,
NWFL/SYBT,Banks - Regional,0.8224,0.44716,624,,,,,,,,
HPF/MAIN,Asset Management,0.9236,0.44717,624,,,,,,,,
RFI/RVT,Asset Management,0.9684,0.44717,624,,,,,,,,
MUC/PML,Asset Management,0.9291,0.44717,624,,,,,,,,
BAC/TD,Banks - Diversified,0.9432,0.44718,624,,,,,,,,
ASML/TER,Semiconductor Equipment & Materials,0.9556,0.44719,624,,,,,,,,
FDBC/HBNC,Banks - Regional,0.8465,0.44719,624,,,,,,,,
AWF/EOD,Asset Management,0.9381,0.44721,624,,,,,,,,
DHF/NXC,Asset Management,0.861,0.44721,624,,,,,,,,
CII/GLAD,Asset Management,0.9698,0.44723,624,,,,,,,,
RPM/SHW,Specialty Chemicals,0.9825,0.44723,624,,,,,,,,
CGO/GDV,Asset Management,0.9516,0.44723,624,,,,,,,,
EHI/MMU,Asset Management,0.8484,0.44724,624,,,,,,,,
BANR/CADE,Banks - Regional,0.9483,0.44724,624,,,,,,,,
JBL/PLXS,Electronic Components,0.898,0.44725,624,,,,,,,,
FITB/WBS,Banks - Regional,0.9055,0.44725,624,,,,,,,,
ALRS/INDB,Banks - Regional,0.9008,0.44725,624,,,,,,,,
BN/PFL,Asset Management,0.9439,0.44726,624,,,,,,,,
GUT/HIO,Asset Management,0.8204,0.44726,624,,,,,,,,
DHF/GDL,Asset Management,0.9472,0.44727,624,,,,,,,,
BCML/RVSB,Banks - Regional,0.8661,0.44729,624,,,,,,,,
PFI/PIZ,Unknown,0.9746,0.44731,624,,,,,,,,
BCBP/BOTJ,Banks - Regional,0.8208,0.44732,624,,,,,,,,
ACNB/CBFV,Banks - Regional,0.9146,0.44732,624,,,,,,,,
CFR/NWFL,Banks - Regional,0.8635,0.44732,624,,,,,,,,
TFSL/ZIONP,Banks - Regional,0.8692,0.44732,624,,,,,,,,
ABCB/CZNC,Banks - Regional,0.8989,0.44733,624,,,,,,,,
HEES/URI,Rental & Leasing Services,0.8968,0.44733,624,,,,,,,,
GDV/JQC,Asset Management,0.9706,0.44733,624,,,,,,,,
CBU/SFNC,Banks - Regional,0.8778,0.44735,624,,,,,,,,
BCML/IBOC,Banks - Regional,0.8849,0.44735,624,,,,,,,,
CADE/ZIONP,Banks - Regional,0.8855,0.44736,624,,,,,,,,
HTD/OIA,Asset Management,0.9418,0.44736,624,,,,,,,,
EWBC/OPBK,Banks - Regional,0.9448,0.44736,624,,,,,,,,
MIY/PNF,Asset Management,0.8645,0.44736,624,,,,,,,,
CRM/PAR,Software - Application,0.9277,0.44737,624,,,,,,,,
NAD/RFI,Asset Management,0.9223,0.44737,624,,,,,,,,
IAE/JFR,Asset Management,0.8422,0.44738,624,,,,,,,,
ETV/RQI,Asset Management,0.9775,0.44738,624,,,,,,,,
UBCP/USB,Banks - Regional,0.8405,0.44741,624,,,,,,,,
KTH/PPH,Unknown,0.9216,0.44742,624,,,,,,,,
CXE/HIO,Asset Management,0.8223,0.44742,624,,,,,,,,
CHI/JCE,Asset Management,0.9631,0.44743,624,,,,,,,,
CNS/PTY,Asset Management,0.9377,0.44743,624,,,,,,,,
ABCB/FUNC,Banks - Regional,0.911,0.44743,624,,,,,,,,
IPB/PKW,Unknown,0.932,0.44743,624,,,,,,,,
AP/GIFI,Metal Fabrication,0.8451,0.44744,624,,,,,,,,
ASB/CFR,Banks - Regional,0.911,0.44744,624,,,,,,,,
PEBK/SHBI,Banks - Regional,0.8593,0.44746,624,,,,,,,,
PUI/QQQ,Unknown,0.925,0.44746,624,,,,,,,,
CFFI/SNV,Banks - Regional,0.8782,0.44748,624,,,,,,,,
MDT/SYK,Medical Devices,0.8146,0.44748,624,,,,,,,,
FSFG/OSBC,Banks - Regional,0.9135,0.44749,624,,,,,,,,
LGI/STK,Asset Management,0.9746,0.44749,624,,,,,,,,
CIVB/EFSC,Banks - Regional,0.9649,0.44749,624,,,,,,,,
GAIN/GDL,Asset Management,0.9256,0.4475,624,,,,,,,,
MSM/POOL,Industrial Distribution,0.8523,0.4475,624,,,,,,,,
MCN/RFI,Asset Management,0.9314,0.4475,624,,,,,,,,
EOD/HPS,Asset Management,0.9004,0.44751,624,,,,,,,,
PRFZ/QTEC,Unknown,0.9651,0.44752,624,,,,,,,,
BOE/CHY,Asset Management,0.9678,0.44752,624,,,,,,,,
CIF/NIM,Asset Management,0.9298,0.44753,624,,,,,,,,
PIM/PML,Asset Management,0.824,0.44753,624,,,,,,,,
FNWD/LARK,Banks - Regional,0.8706,0.44754,624,,,,,,,,
GAB/PFG,Asset Management,0.9368,0.44754,624,,,,,,,,
GDO/JRS,Asset Management,0.9178,0.44754,624,,,,,,,,
GRX/IGR,Asset Management,0.9529,0.44755,624,,,,,,,,
NRIM/UBSI,Banks - Regional,0.8171,0.44756,624,,,,,,,,
AIA/FTA,Unknown,0.8477,0.44756,624,,,,,,,,
MKL/STC,Insurance - Property & Casualty,0.9252,0.44756,624,,,,,,,,
HOMB/MOFG,Banks - Regional,0.8947,0.44756,624,,,,,,,,
IEX/JBTM,Specialty Industrial Machinery,0.9125,0.44756,624,,,,,,,,
AROW/HOMB,Banks - Regional,0.8539,0.44756,624,,,,,,,,
BFZ/MFM,Asset Management,0.9434,0.44757,624,,,,,,,,
PEY/QQEW,Unknown,0.9627,0.44757,624,,,,,,,,
CHI/FOF,Asset Management,0.9756,0.44758,624,,,,,,,,
AWP/JCE,Asset Management,0.8872,0.44758,624,,,,,,,,
CNOB/SNV,Banks - Regional,0.9307,0.44759,624,,,,,,,,
AROW/ISBA,Banks - Regional,0.8107,0.44761,624,,,,,,,,
UBFO/UVSP,Banks - Regional,0.9097,0.44762,624,,,,,,,,
MUE/VPV,Asset Management,0.9636,0.44763,624,,,,,,,,
HBNC/VABK,Banks - Regional,0.9054,0.44763,624,,,,,,,,
UNTY/WAL,Banks - Regional,0.8657,0.44764,624,,,,,,,,
BRW/PHK,Asset Management,0.8536,0.44764,624,,,,,,,,
EVG/WIA,Asset Management,0.8768,0.44765,624,,,,,,,,
DHIL/MCN,Asset Management,0.8713,0.44765,624,,,,,,,,
CBAN/CBU,Banks - Regional,0.9524,0.44765,624,,,,,,,,
DTF/VTN,Asset Management,0.945,0.44766,624,,,,,,,,
CGO/IAE,Asset Management,0.903,0.44766,624,,,,,,,,
BOE/EOD,Asset Management,0.976,0.44767,624,,,,,,,,
ETJ/UTF,Asset Management,0.9719,0.44767,624,,,,,,,,
BFC/WSBF,Banks - Regional,0.846,0.44767,624,,,,,,,,
DHF/PNNT,Asset Management,0.8409,0.44768,624,,,,,,,,
OXSQ/RCS,Asset Management,0.8274,0.44769,624,,,,,,,,
CHI/FFA,Asset Management,0.9806,0.4477,624,,,,,,,,
BHK/CXH,Asset Management,0.9617,0.4477,624,,,,,,,,
AGD/RFI,Asset Management,0.933,0.44771,624,,,,,,,,
IGD/JFR,Asset Management,0.9659,0.44771,624,,,,,,,,
GPI/PAG,Auto & Truck Dealerships,0.9577,0.44771,624,,,,,,,,
IGI/RVT,Asset Management,0.8402,0.44771,624,,,,,,,,
AFB/JMM,Asset Management,0.9362,0.44772,624,,,,,,,,
SNV/SRCE,Banks - Regional,0.9422,0.44772,624,,,,,,,,
ACWI/QQEW,Unknown,0.9931,0.44773,624,,,,,,,,
HQL/NUW,Asset Management,0.8879,0.44774,624,,,,,,,,
KTF/NAZ,Asset Management,0.9347,0.44774,624,,,,,,,,
HIX/IAE,Asset Management,0.8466,0.44774,624,,,,,,,,
SBFG/ZIONP,Banks - Regional,0.9205,0.44774,624,,,,,,,,
ETV/NZF,Asset Management,0.913,0.44775,624,,,,,,,,
CCBG/PGC,Banks - Regional,0.8247,0.44777,624,,,,,,,,
AOD/CHW,Asset Management,0.938,0.44779,624,,,,,,,,
CARE/FLIC,Banks - Regional,0.8037,0.4478,624,,,,,,,,
HPS/MHN,Asset Management,0.8673,0.4478,624,,,,,,,,
EOS/QQQX,Asset Management,0.982,0.44781,624,,,,,,,,
BOKF/WAL,Banks - Regional,0.9055,0.44781,624,,,,,,,,
CBU/MBWM,Banks - Regional,0.8738,0.44781,624,,,,,,,,
BFIN/TOWN,Banks - Regional,0.8025,0.44782,624,,,,,,,,
CFFN/COLB,Banks - Regional,0.8651,0.44782,624,,,,,,,,
PRFZ/PYZ,Unknown,0.9847,0.44784,624,,,,,,,,
HPF/SBI,Asset Management,0.9082,0.44784,624,,,,,,,,
GRX/NAZ,Asset Management,0.8811,0.44785,624,,,,,,,,
JMM/PCM,Asset Management,0.949,0.44785,624,,,,,,,,
ETO/VRTS,Asset Management,0.8284,0.44786,624,,,,,,,,
NIE/PCM,Asset Management,0.9171,0.44787,624,,,,,,,,
AWP/BTA,Asset Management,0.9295,0.44787,624,,,,,,,,
CDNS/FICO,Software - Application,0.9199,0.44787,624,,,,,,,,
EVF/JCE,Asset Management,0.9682,0.44788,624,,,,,,,,
FMNB/OZK,Banks - Regional,0.8284,0.44788,624,,,,,,,,
FFC/PNF,Asset Management,0.8533,0.44789,624,,,,,,,,
MIN/MUC,Asset Management,0.8726,0.44791,624,,,,,,,,
CACI/FORTY,Information Technology Services,0.8745,0.44791,624,,,,,,,,
FMY/JQC,Asset Management,0.9264,0.44792,624,,,,,,,,
CHY/TSI,Asset Management,0.9261,0.44794,624,,,,,,,,
JSM/PEY,Unknown,0.9325,0.44795,624,,,,,,,,
TCBK/WBS,Banks - Regional,0.9362,0.44796,624,,,,,,,,
FNLC/WABC,Banks - Regional,0.8913,0.44797,624,,,,,,,,
ETY/EVT,Asset Management,0.9804,0.44797,624,,,,,,,,
GABC/ISBA,Banks - Regional,0.8608,0.44797,624,,,,,,,,
FNX/QQEW,Unknown,0.986,0.44798,624,,,,,,,,
ATLC/NNI,Credit Services,0.817,0.448,624,,,,,,,,
PAI/RCS,Asset Management,0.8423,0.448,624,,,,,,,,
GAB/IGD,Asset Management,0.9522,0.44802,624,,,,,,,,
IAE/SOR,Asset Management,0.8177,0.44802,624,,,,,,,,
AGD/NXP,Asset Management,0.8874,0.44805,624,,,,,,,,
CATY/TFC,Banks - Regional,0.902,0.44806,624,,,,,,,,
FELE/TNC,Specialty Industrial Machinery,0.8578,0.44808,624,,,,,,,,
IFN/RNP,Asset Management,0.936,0.44809,624,,,,,,,,
FUND/IFN,Asset Management,0.9521,0.44809,624,,,,,,,,
CIF/NUV,Asset Management,0.9423,0.44809,624,,,,,,,,
ACWI/PYZ,Unknown,0.9575,0.4481,624,,,,,,,,
EFSC/FNB,Banks - Regional,0.8694,0.44811,624,,,,,,,,
FYX/QTEC,Unknown,0.9625,0.44811,624,,,,,,,,
NAZ/NNY,Asset Management,0.9271,0.44813,624,,,,,,,,
MTB/WAL,Banks - Regional,0.8861,0.44813,624,,,,,,,,
CFR/OSBC,Banks - Regional,0.9216,0.44814,624,,,,,,,,
BANR/EWBC,Banks - Regional,0.9336,0.44815,624,,,,,,,,
ISBA/ZION,Banks - Regional,0.8119,0.44818,624,,,,,,,,
AGD/CNS,Asset Management,0.9475,0.44818,624,,,,,,,,
CHY/IAE,Asset Management,0.8698,0.44818,624,,,,,,,,
GBCI/MOFG,Banks - Regional,0.8325,0.44819,624,,,,,,,,
BTA/GRX,Asset Management,0.9454,0.4482,624,,,,,,,,
PNR/SXI,Specialty Industrial Machinery,0.9248,0.4482,624,,,,,,,,
BLK/STT,Asset Management,0.8592,0.44821,624,,,,,,,,
PEBK/QCRH,Banks - Regional,0.9199,0.44821,624,,,,,,,,
BUSE/TRMK,Banks - Regional,0.9281,0.44821,624,,,,,,,,
CZWI/NWBI,Banks - Regional,0.9378,0.44823,624,,,,,,,,
BOH/SRCE,Banks - Regional,0.885,0.44823,624,,,,,,,,
IGR/PSEC,Asset Management,0.8903,0.44823,624,,,,,,,,
FCBC/SMBK,Banks - Regional,0.9385,0.44823,624,,,,,,,,
EFSC/WTBA,Banks - Regional,0.9356,0.44824,624,,,,,,,,
HFWA/RF,Banks - Regional,0.8299,0.44825,624,,,,,,,,
WAFD/WAL,Banks - Regional,0.8952,0.44826,624,,,,,,,,
AWF/LGI,Asset Management,0.9623,0.44826,624,,,,,,,,
BGT/PFG,Asset Management,0.9325,0.44826,624,,,,,,,,
JPC/LEO,Asset Management,0.9063,0.44827,624,,,,,,,,
TROW/VMO,Asset Management,0.8642,0.44828,624,,,,,,,,
OPBK/SNV,Banks - Regional,0.9284,0.44829,624,,,,,,,,
ACWX/GJO,Unknown,0.9324,0.44829,624,,,,,,,,
COLB/WSBC,Banks - Regional,0.8977,0.4483,624,,,,,,,,
EBMT/HTBK,Banks - Regional,0.852,0.44831,624,,,,,,,,
DDT/QQXT,Unknown,0.9701,0.44831,624,,,,,,,,
HQL/PHK,Asset Management,0.829,0.44832,624,,,,,,,,
HBAN/THFF,Banks - Regional,0.9546,0.44833,624,,,,,,,,
KTN/PEZ,Unknown,0.9128,0.44834,624,,,,,,,,
BUSE/TFSL,Banks - Regional,0.8298,0.44834,624,,,,,,,,
BSRR/TFSL,Banks - Regional,0.8571,0.44835,624,,,,,,,,
DVY/PDP,Unknown,0.9609,0.44837,624,,,,,,,,
INDY/VGSH,Unknown,0.8596,0.44838,624,,,,,,,,
NKX/OIA,Asset Management,0.9678,0.44838,624,,,,,,,,
DENN/JACK,Restaurants,0.827,0.44838,624,,,,,,,,
PCF/PFG,Asset Management,0.9018,0.44839,624,,,,,,,,
GJT/IGF,Unknown,0.9476,0.4484,624,,,,,,,,
LCNB/WSBF,Banks - Regional,0.9103,0.44841,624,,,,,,,,
FHI/FLC,Asset Management,0.8052,0.44841,624,,,,,,,,
NBN/PFBC,Banks - Regional,0.8571,0.44841,624,,,,,,,,
TCBK/USB,Banks - Regional,0.9037,0.44841,624,,,,,,,,
DDT/IJT,Unknown,0.965,0.44842,624,,,,,,,,
AWP/GAIN,Asset Management,0.8565,0.44842,624,,,,,,,,
CII/TY,Asset Management,0.9723,0.44842,624,,,,,,,,
FUND/PHD,Asset Management,0.9278,0.44842,624,,,,,,,,
IPB/PEZ,Unknown,0.9276,0.44843,624,,,,,,,,
BCBP/UVSP,Banks - Regional,0.8488,0.44845,624,,,,,,,,
EOD/SAR,Asset Management,0.9348,0.44845,624,,,,,,,,
AWF/MHF,Asset Management,0.9332,0.44845,624,,,,,,,,
GRID/KTH,Unknown,0.8863,0.44846,624,,,,,,,,
PHK/SCD,Asset Management,0.8291,0.44849,624,,,,,,,,
GAB/JHI,Asset Management,0.9228,0.4485,624,,,,,,,,
HDB/HIFS,Banks - Regional,0.9188,0.44852,624,,,,,,,,
AOD/CSQ,Asset Management,0.9824,0.44854,624,,,,,,,,
FITB/TCBK,Banks - Regional,0.9312,0.44855,624,,,,,,,,
CWBC/GSBC,Banks - Regional,0.9454,0.44855,624,,,,,,,,
JBK/PKW,Unknown,0.9341,0.44855,624,,,,,,,,
PFL/RVT,Asset Management,0.9683,0.44855,624,,,,,,,,
AB/NIE,Asset Management,0.958,0.44856,624,,,,,,,,
ADX/BX,Asset Management,0.9582,0.44856,624,,,,,,,,
AWF/IFN,Asset Management,0.9187,0.44856,624,,,,,,,,
OIA/PCF,Asset Management,0.9221,0.44856,624,,,,,,,,
BCML/BFC,Banks - Regional,0.8514,0.44857,624,,,,,,,,
DCOM/WABC,Banks - Regional,0.824,0.44857,624,,,,,,,,
JHI/TSI,Asset Management,0.9276,0.44858,624,,,,,,,,
JQC/STT,Asset Management,0.8732,0.44858,624,,,,,,,,
EFR/STT,Asset Management,0.8496,0.44859,624,,,,,,,,
PNC/SHBI,Banks - Regional,0.8664,0.44859,624,,,,,,,,
CII/QQQX,Asset Management,0.9808,0.44859,624,,,,,,,,
CHW/PFL,Asset Management,0.9756,0.4486,624,,,,,,,,
LSCC/MPWR,Semiconductors,0.8902,0.4486,624,,,,,,,,
NICE/PAR,Software - Application,0.884,0.44861,624,,,,,,,,
BCBP/QCRH,Banks - Regional,0.8255,0.44862,624,,,,,,,,
HFWA/NWBI,Banks - Regional,0.94,0.44862,624,,,,,,,,
BANR/KEY,Banks - Regional,0.9244,0.44862,624,,,,,,,,
HIO/QQQX,Asset Management,0.9639,0.44863,624,,,,,,,,
QABA/QQQ,Unknown,0.8083,0.44863,624,,,,,,,,
AMP/EOI,Asset Management,0.9689,0.44866,624,,,,,,,,
MHI/PYN,Asset Management,0.8605,0.44866,624,,,,,,,,
BME/MAIN,Asset Management,0.9011,0.44866,624,,,,,,,,
AX/EBTC,Banks - Regional,0.8878,0.44866,624,,,,,,,,
FUND/GDV,Asset Management,0.9591,0.44867,624,,,,,,,,
AWF/STT,Asset Management,0.864,0.44869,624,,,,,,,,
BHK/EMD,Asset Management,0.8957,0.44869,624,,,,,,,,
EBMT/TFSL,Banks - Regional,0.8611,0.4487,624,,,,,,,,
FXNC/SMBC,Banks - Regional,0.8917,0.4487,624,,,,,,,,
BFC/MPB,Banks - Regional,0.8726,0.44871,624,,,,,,,,
BN/EFR,Asset Management,0.9561,0.44871,624,,,,,,,,
BOH/OSBC,Banks - Regional,0.8781,0.44872,624,,,,,,,,
HFWA/LKFN,Banks - Regional,0.838,0.44873,624,,,,,,,,
EOT/PIM,Asset Management,0.883,0.44873,624,,,,,,,,
BOKF/PWOD,Banks - Regional,0.8287,0.44874,624,,,,,,,,
HBCP/UBSI,Banks - Regional,0.9153,0.44876,624,,,,,,,,
FBIZ/UBSI,Banks - Regional,0.8969,0.44876,624,,,,,,,,
AGYS/PAR,Software - Application,0.8138,0.44878,624,,,,,,,,
EXG/JMM,Asset Management,0.9252,0.44879,624,,,,,,,,
ASB/PPBI,Banks - Regional,0.8822,0.4488,624,,,,,,,,
PID/QQEW,Unknown,0.9208,0.4488,624,,,,,,,,
CIVB/OVBC,Banks - Regional,0.8831,0.4488,624,,,,,,,,
BHRB/CFR,Banks - Regional,0.8134,0.44881,624,,,,,,,,
FMAO/WSBC,Banks - Regional,0.8678,0.44882,624,,,,,,,,
ETO/FMY,Asset Management,0.9174,0.44882,624,,,,,,,,
AWF/PFN,Asset Management,0.9674,0.44882,624,,,,,,,,
ALRS/CFR,Banks - Regional,0.8546,0.44884,624,,,,,,,,
EVF/PFL,Asset Management,0.9298,0.44886,624,,,,,,,,
BPOPM/IEF,Unknown,0.8029,0.44886,624,,,,,,,,
NXC/PFN,Asset Management,0.9058,0.44887,624,,,,,,,,
MCR/RNP,Asset Management,0.969,0.44887,624,,,,,,,,
CASY/ULTA,Specialty Retail,0.8256,0.44888,624,,,,,,,,
ETB/PMO,Asset Management,0.908,0.44888,624,,,,,,,,
AFG/SIGI,Insurance - Property & Casualty,0.9594,0.44888,624,,,,,,,,
FBNC/WAL,Banks - Regional,0.9306,0.44888,624,,,,,,,,
BGT/GDV,Asset Management,0.9491,0.44889,624,,,,,,,,
CIF/PCQ,Asset Management,0.8055,0.44889,624,,,,,,,,
ETO/HYT,Asset Management,0.9844,0.4489,624,,,,,,,,
ONEQ/SMH,Unknown,0.9709,0.44892,624,,,,,,,,
BFK/JPC,Asset Management,0.8911,0.44892,624,,,,,,,,
CNOB/UNB,Banks - Regional,0.8086,0.44895,624,,,,,,,,
BCML/PBHC,Banks - Regional,0.8688,0.44895,624,,,,,,,,
OCSL/PFG,Asset Management,0.8123,0.44895,624,,,,,,,,
LARK/PB,Banks - Regional,0.8762,0.44896,624,,,,,,,,
KTH/PIZ,Unknown,0.9111,0.44897,624,,,,,,,,
IGA/PIM,Asset Management,0.9036,0.44898,624,,,,,,,,
CAF/VKQ,Asset Management,0.8269,0.44898,624,,,,,,,,
GDL/MMT,Asset Management,0.9377,0.44898,624,,,,,,,,
ALRS/CATY,Banks - Regional,0.8885,0.44901,624,,,,,,,,
IUSV/PYT,Unknown,0.9448,0.44901,624,,,,,,,,
HQL/NXN,Asset Management,0.8971,0.44901,624,,,,,,,,
BRW/PFN,Asset Management,0.9129,0.44903,624,,,,,,,,
EOD/MAIN,Asset Management,0.9509,0.44904,624,,,,,,,,
JFR/QQQX,Asset Management,0.9333,0.44905,624,,,,,,,,
AB/GAIN,Asset Management,0.952,0.44906,624,,,,,,,,
CNS/FLC,Asset Management,0.8844,0.44907,624,,,,,,,,
RCS/RQI,Asset Management,0.8303,0.44907,624,,,,,,,,
BME/FLC,Asset Management,0.9355,0.44908,624,,,,,,,,
CADE/CBU,Banks - Regional,0.8771,0.4491,624,,,,,,,,
INDY/KTN,Unknown,0.8674,0.4491,624,,,,,,,,
FITB/TOWN,Banks - Regional,0.9253,0.4491,624,,,,,,,,
FCF/ZION,Banks - Regional,0.9328,0.44911,624,,,,,,,,
BRW/SPE,Asset Management,0.9471,0.44911,624,,,,,,,,
IFN/JFR,Asset Management,0.9174,0.44911,624,,,,,,,,
ETV/GDL,Asset Management,0.9689,0.44912,624,,,,,,,,
CBU/FUNC,Banks - Regional,0.8347,0.44913,624,,,,,,,,
EFT/PCM,Asset Management,0.8799,0.44915,624,,,,,,,,
BRW/USA,Asset Management,0.91,0.44915,624,,,,,,,,
GUT/PMM,Asset Management,0.8467,0.44916,624,,,,,,,,
PCN/VTN,Asset Management,0.8545,0.44916,624,,,,,,,,
JRS/STT,Asset Management,0.8587,0.44916,624,,,,,,,,
VSEC/WWD,Aerospace & Defense,0.8882,0.44918,624,,,,,,,,
HIO/MFM,Asset Management,0.8715,0.44918,624,,,,,,,,
STEW/STK,Asset Management,0.9768,0.44919,624,,,,,,,,
EVF/LGI,Asset Management,0.96,0.44919,624,,,,,,,,
PNFP/TFC,Banks - Regional,0.8984,0.44921,624,,,,,,,,
TSBK/UBFO,Banks - Regional,0.9507,0.44921,624,,,,,,,,
CSQ/EOS,Asset Management,0.9944,0.44922,624,,,,,,,,
CASH/FFBC,Banks - Regional,0.8891,0.44923,624,,,,,,,,
AMGN/JNJ,Drug Manufacturers - General,0.954,0.44924,624,,,,,,,,
ABCB/PNC,Banks - Regional,0.941,0.44924,624,,,,,,,,
AEP/PEG,Utilities - Regulated Electric,0.9668,0.44924,624,,,,,,,,
PDP/PPH,Unknown,0.9337,0.44925,624,,,,,,,,
PFIS/UBSI,Banks - Regional,0.9179,0.44925,624,,,,,,,,
MIY/WIW,Asset Management,0.8976,0.44925,624,,,,,,,,
MTB/ONB,Banks - Regional,0.9547,0.44925,624,,,,,,,,
BFZ/IQI,Asset Management,0.9507,0.44926,624,,,,,,,,
IAE/PNNT,Asset Management,0.8046,0.44926,624,,,,,,,,
BN/GAM,Asset Management,0.9681,0.44926,624,,,,,,,,
HQH/NXP,Asset Management,0.8587,0.44926,624,,,,,,,,
GDL/PFL,Asset Management,0.9559,0.44927,624,,,,,,,,
ASB/FBIZ,Banks - Regional,0.8691,0.44927,624,,,,,,,,
CIVB/SSB,Banks - Regional,0.8956,0.44927,624,,,,,,,,
ABCB/ESSA,Banks - Regional,0.9083,0.44928,624,,,,,,,,
AWP/JLS,Asset Management,0.9107,0.44928,624,,,,,,,,
BTO/EXG,Asset Management,0.9548,0.44929,624,,,,,,,,
ETB/HPI,Asset Management,0.9543,0.4493,624,,,,,,,,
AB/HQH,Asset Management,0.8318,0.44931,624,,,,,,,,
AOD/ETJ,Asset Management,0.9777,0.44931,624,,,,,,,,
FMY/HPS,Asset Management,0.9332,0.44932,624,,,,,,,,
SFST/UVSP,Banks - Regional,0.9028,0.44932,624,,,,,,,,
EVG/USA,Asset Management,0.9713,0.44934,624,,,,,,,,
AGD/NXJ,Asset Management,0.8506,0.44934,624,,,,,,,,
EHI/PMO,Asset Management,0.9424,0.44934,624,,,,,,,,
PIM/WIW,Asset Management,0.8474,0.44935,624,,,,,,,,
HIX/JEQ,Asset Management,0.905,0.44935,624,,,,,,,,
HFWA/OPBK,Banks - Regional,0.8438,0.44935,624,,,,,,,,
JRS/SPXX,Asset Management,0.9316,0.44936,624,,,,,,,,
ISBA/SFST,Banks - Regional,0.8273,0.44936,624,,,,,,,,
HIFS/MGYR,Banks - Regional,0.8834,0.44936,624,,,,,,,,
HOVNP/PID,Unknown,0.8106,0.44936,624,,,,,,,,
CNA/TRV,Insurance - Property & Casualty,0.9689,0.44936,624,,,,,,,,
AWP/FCT,Asset Management,0.9012,0.44938,624,,,,,,,,
HQL/PMO,Asset Management,0.8972,0.44938,624,,,,,,,,
MPV/NZF,Asset Management,0.8007,0.44938,624,,,,,,,,
MQY/TSI,Asset Management,0.9062,0.44939,624,,,,,,,,
BUSE/PFIS,Banks - Regional,0.8789,0.44939,624,,,,,,,,
HWBK/NBN,Banks - Regional,0.8265,0.44939,624,,,,,,,,
PIO/VGSH,Unknown,0.9307,0.4494,624,,,,,,,,
BDJ/SCD,Asset Management,0.946,0.4494,624,,,,,,,,
NZF/VTN,Asset Management,0.9402,0.44941,624,,,,,,,,
OSBC/WSFS,Banks - Regional,0.9462,0.44942,624,,,,,,,,
EFSC/IBOC,Banks - Regional,0.9166,0.44943,624,,,,,,,,
NWBI/SSB,Banks - Regional,0.9251,0.44943,624,,,,,,,,
IEF/PFF,Unknown,0.8426,0.44944,624,,,,,,,,
CMI/IEX,Specialty Industrial Machinery,0.9065,0.44944,624,,,,,,,,
GABC/MNSB,Banks - Regional,0.9008,0.44944,624,,,,,,,,
EEA/IAE,Asset Management,0.8659,0.44947,624,,,,,,,,
MQY/NZF,Asset Management,0.9676,0.44947,624,,,,,,,,
HBCP/TCBK,Banks - Regional,0.9451,0.44947,624,,,,,,,,
GDEN/MGM,Resorts & Casinos,0.9159,0.44948,624,,,,,,,,
CXH/EHI,Asset Management,0.908,0.44949,624,,,,,,,,
DSU/FT,Asset Management,0.9671,0.4495,624,,,,,,,,
NWBI/WASH,Banks - Regional,0.8963,0.4495,624,,,,,,,,
BOKF/FNB,Banks - Regional,0.9198,0.44951,624,,,,,,,,
BLW/LGI,Asset Management,0.9799,0.44951,624,,,,,,,,
IBB/TVE,Unknown,0.8622,0.44951,624,,,,,,,,
ALRS/OPBK,Banks - Regional,0.8751,0.44952,624,,,,,,,,
IBN/NECB,Banks - Regional,0.952,0.44953,624,,,,,,,,
HNI/PATK,"Furnishings, Fixtures & Appliances",0.8143,0.44953,624,,,,,,,,
FNX/KTH,Unknown,0.9427,0.44954,624,,,,,,,,
SWX/UGI,Utilities - Regulated Gas,0.8252,0.44955,624,,,,,,,,
CVX/EQNR,Oil & Gas Integrated,0.939,0.44955,624,,,,,,,,
CSQ/GAIN,Asset Management,0.9793,0.44956,624,,,,,,,,
FBIZ/HOMB,Banks - Regional,0.9176,0.44956,624,,,,,,,,
BRW/FLC,Asset Management,0.8303,0.44956,624,,,,,,,,
SEIC/TSI,Asset Management,0.9216,0.44958,624,,,,,,,,
AWF/NFJ,Asset Management,0.9651,0.44958,624,,,,,,,,
CAF/MUE,Asset Management,0.8247,0.44958,624,,,,,,,,
CNOB/UCB,Banks - Regional,0.8987,0.44958,624,,,,,,,,
FRA/RNP,Asset Management,0.9308,0.44958,624,,,,,,,,
EMR/TNC,Specialty Industrial Machinery,0.8549,0.44959,624,,,,,,,,
CFR/WTFC,Banks - Regional,0.9447,0.44961,624,,,,,,,,
JHS/PZC,Asset Management,0.8807,0.44962,624,,,,,,,,
BOH/ISBA,Banks - Regional,0.8347,0.44963,624,,,,,,,,
CZFS/QCRH,Banks - Regional,0.8402,0.44964,624,,,,,,,,
ACWX/SMH,Unknown,0.9071,0.44964,624,,,,,,,,
BANR/SFNC,Banks - Regional,0.8679,0.44966,624,,,,,,,,
DHF/VMO,Asset Management,0.8622,0.44967,624,,,,,,,,
MPV/TSI,Asset Management,0.9008,0.44968,624,,,,,,,,
BANF/CHCO,Banks - Regional,0.9766,0.44968,624,,,,,,,,
MHN/PZC,Asset Management,0.9302,0.4497,624,,,,,,,,
BLW/BTA,Asset Management,0.9162,0.44971,624,,,,,,,,
NEWT/TSBK,Banks - Regional,0.8463,0.44971,624,,,,,,,,
HOMB/WSBF,Banks - Regional,0.9026,0.44971,624,,,,,,,,
HQL/NAC,Asset Management,0.8949,0.44971,624,,,,,,,,
FT/SCD,Asset Management,0.9519,0.44973,624,,,,,,,,
BME/GDL,Asset Management,0.9365,0.44973,624,,,,,,,,
HTD/NTRS,Asset Management,0.9331,0.44974,624,,,,,,,,
CNS/NPV,Asset Management,0.838,0.44974,624,,,,,,,,
GDO/PMF,Asset Management,0.8489,0.44975,624,,,,,,,,
DCO/NOC,Aerospace & Defense,0.8859,0.44976,624,,,,,,,,
EHI/VPV,Asset Management,0.9298,0.44976,624,,,,,,,,
PRN/QQQ,Unknown,0.9874,0.44977,624,,,,,,,,
CZWI/FFIN,Banks - Regional,0.8361,0.44978,624,,,,,,,,
ONEQ/QQXT,Unknown,0.9842,0.4498,624,,,,,,,,
EXP/SMID,Building Materials,0.9222,0.44981,624,,,,,,,,
VGM/VTN,Asset Management,0.9698,0.44982,624,,,,,,,,
BANF/BCBP,Banks - Regional,0.8015,0.44982,624,,,,,,,,
MSD/PMO,Asset Management,0.8603,0.44983,624,,,,,,,,
JRS/NAN,Asset Management,0.898,0.44985,624,,,,,,,,
BTO/ETG,Asset Management,0.9469,0.44986,624,,,,,,,,
CNOB/PPBI,Banks - Regional,0.9332,0.44986,624,,,,,,,,
AX/CNOB,Banks - Regional,0.8709,0.44986,624,,,,,,,,
IAG/SA,Gold,0.8127,0.44987,624,,,,,,,,
PCF/SAR,Asset Management,0.9523,0.44988,624,,,,,,,,
EXG/IIF,Asset Management,0.9224,0.44988,624,,,,,,,,
PLBC/THFF,Banks - Regional,0.901,0.44988,624,,,,,,,,
GRX/VPV,Asset Management,0.9112,0.44988,624,,,,,,,,
AMAT/KLIC,Semiconductor Equipment & Materials,0.917,0.44989,624,,,,,,,,
NZF/PDT,Asset Management,0.9557,0.44989,624,,,,,,,,
ETB/PFO,Asset Management,0.9053,0.44989,624,,,,,,,,
EPD/SBR,Oil & Gas Midstream,0.8419,0.44991,624,,,,,,,,
AUB/INBK,Banks - Regional,0.8459,0.44992,624,,,,,,,,
SHBI/WAL,Banks - Regional,0.867,0.44994,624,,,,,,,,
CIF/PML,Asset Management,0.8811,0.44995,624,,,,,,,,
CHW/JEQ,Asset Management,0.9573,0.44995,624,,,,,,,,
FYX/KTH,Unknown,0.9417,0.44996,624,,,,,,,,
FHI/JFR,Asset Management,0.9172,0.44997,624,,,,,,,,
FRA/MFIC,Asset Management,0.925,0.44997,624,,,,,,,,
CVBF/NWBI,Banks - Regional,0.9307,0.44997,624,,,,,,,,
GJT/PTH,Unknown,0.8394,0.44997,624,,,,,,,,
IGA/PFG,Asset Management,0.9487,0.44998,624,,,,,,,,
ARCC/MCI,Asset Management,0.9551,0.44998,624,,,,,,,,
SEIC/STEW,Asset Management,0.9098,0.44998,624,,,,,,,,
BANR/HWC,Banks - Regional,0.881,0.45,624,,,,,,,,
FYX/PUI,Unknown,0.9436,0.45,624,,,,,,,,
ETB/NXC,Asset Management,0.894,0.45001,624,,,,,,,,
EME/IESC,Engineering & Construction,0.9769,0.45002,624,,,,,,,,
CDNS/MANH,Software - Application,0.9675,0.45003,624,,,,,,,,
ACWI/PDP,Unknown,0.9899,0.45004,624,,,,,,,,
DCOM/TRMK,Banks - Regional,0.8925,0.45005,624,,,,,,,,
ABCB/MBWM,Banks - Regional,0.9602,0.45005,624,,,,,,,,
CMU/TSI,Asset Management,0.8655,0.45005,624,,,,,,,,
EVG/SBI,Asset Management,0.812,0.45007,624,,,,,,,,
IIF/RJF,Asset Management,0.935,0.45008,624,,,,,,,,
CHI/SPE,Asset Management,0.9593,0.4501,624,,,,,,,,
CHY/CSQ,Asset Management,0.9835,0.45011,624,,,,,,,,
EVT/VVR,Asset Management,0.9325,0.45011,624,,,,,,,,
GUT/RVT,Asset Management,0.8023,0.45012,624,,,,,,,,
CXH/PNF,Asset Management,0.9016,0.45013,624,,,,,,,,
OPOF/SFNC,Banks - Regional,0.8323,0.45014,624,,,,,,,,
JRS/VGM,Asset Management,0.8865,0.45014,624,,,,,,,,
FTA/IPB,Unknown,0.9359,0.45015,624,,,,,,,,
FFIN/SBFG,Banks - Regional,0.9016,0.45016,624,,,,,,,,
CADE/SBSI,Banks - Regional,0.8991,0.45016,624,,,,,,,,
BDJ/GCV,Asset Management,0.9179,0.45016,624,,,,,,,,
FHI/RMT,Asset Management,0.9213,0.45017,624,,,,,,,,
HTBK/TRMK,Banks - Regional,0.8882,0.45017,624,,,,,,,,
CYTK/VRTX,Biotechnology,0.8393,0.45017,624,,,,,,,,
MDT/PODD,Medical Devices,0.8272,0.45018,624,,,,,,,,
CII/VVR,Asset Management,0.9572,0.4502,624,,,,,,,,
IMOS/MPWR,Semiconductors,0.8598,0.4502,624,,,,,,,,
CGO/JMM,Asset Management,0.9308,0.4502,624,,,,,,,,
FE/WEC,Utilities - Regulated Electric,0.8644,0.4502,624,,,,,,,,
JEQ/MIN,Asset Management,0.8779,0.4502,624,,,,,,,,
FFIN/HFBL,Banks - Regional,0.9153,0.45021,624,,,,,,,,
BN/WIA,Asset Management,0.8842,0.45021,624,,,,,,,,
INBK/UMBF,Banks - Regional,0.8382,0.45022,624,,,,,,,,
MMU/PPT,Asset Management,0.838,0.45022,624,,,,,,,,
UBFO/WASH,Banks - Regional,0.812,0.45022,624,,,,,,,,
AGD/MPV,Asset Management,0.8914,0.45023,624,,,,,,,,
ATR/LMAT,Medical Instruments & Supplies,0.9316,0.45023,624,,,,,,,,
ALRS/PEBK,Banks - Regional,0.865,0.45023,624,,,,,,,,
NFJ/WIA,Asset Management,0.882,0.45024,624,,,,,,,,
RVSB/WAFD,Banks - Regional,0.8994,0.45024,624,,,,,,,,
CCBG/GSBC,Banks - Regional,0.9365,0.45025,624,,,,,,,,
EVT/JLS,Asset Management,0.9014,0.45026,624,,,,,,,,
MRVL/TSM,Semiconductors,0.955,0.45028,624,,,,,,,,
CIF/ETB,Asset Management,0.8951,0.45028,624,,,,,,,,
BANF/GBCI,Banks - Regional,0.857,0.4503,624,,,,,,,,
PDT/VBF,Asset Management,0.9435,0.4503,624,,,,,,,,
PFG/USA,Asset Management,0.9223,0.4503,624,,,,,,,,
PID/VCSH,Unknown,0.8555,0.4503,624,,,,,,,,
JBK/PNQI,Unknown,0.9428,0.45031,624,,,,,,,,
FXNC/NBTB,Banks - Regional,0.8951,0.45032,624,,,,,,,,
NMI/PCN,Asset Management,0.8871,0.45032,624,,,,,,,,
MFA/RWT,REIT - Mortgage,0.8893,0.45033,624,,,,,,,,
EOS/PCN,Asset Management,0.9515,0.45033,624,,,,,,,,
GLAD/IGR,Asset Management,0.8419,0.45033,624,,,,,,,,
BGY/TROW,Asset Management,0.8247,0.45033,624,,,,,,,,
AEE/DUK,Utilities - Regulated Electric,0.9746,0.45034,624,,,,,,,,
PLBC/UBSI,Banks - Regional,0.8625,0.45038,624,,,,,,,,
FTCS/GJT,Unknown,0.9625,0.45038,624,,,,,,,,
BDJ/JLS,Asset Management,0.887,0.4504,624,,,,,,,,
FT/WIW,Asset Management,0.9183,0.4504,624,,,,,,,,
FHI/QQQX,Asset Management,0.9142,0.45041,624,,,,,,,,
BGT/JRS,Asset Management,0.8777,0.45041,624,,,,,,,,
BOKF/USB,Banks - Regional,0.8825,0.45041,624,,,,,,,,
QQXT/VCSH,Unknown,0.9595,0.45041,624,,,,,,,,
ETY/GCV,Asset Management,0.873,0.45042,624,,,,,,,,
CZFS/HBNC,Banks - Regional,0.8344,0.45042,624,,,,,,,,
MIN/MPA,Asset Management,0.92,0.45042,624,,,,,,,,
EVRG/NGG,Utilities - Regulated Electric,0.8801,0.45043,624,,,,,,,,
EOI/MPV,Asset Management,0.9508,0.45044,624,,,,,,,,
CHY/JCE,Asset Management,0.961,0.45045,624,,,,,,,,
BTA/PCN,Asset Management,0.9511,0.45046,624,,,,,,,,
LARK/WAFD,Banks - Regional,0.8793,0.45047,624,,,,,,,,
NFBK/WAFD,Banks - Regional,0.838,0.45048,624,,,,,,,,
CBU/LCNB,Banks - Regional,0.8678,0.45048,624,,,,,,,,
BLW/MIN,Asset Management,0.94,0.45049,624,,,,,,,,
CASH/MPB,Banks - Regional,0.869,0.45049,624,,,,,,,,
CTBI/GSBC,Banks - Regional,0.9451,0.4505,624,,,,,,,,
FSFG/LKFN,Banks - Regional,0.9273,0.4505,624,,,,,,,,
IUSV/VGSH,Unknown,0.9127,0.4505,624,,,,,,,,
BGY/HTGC,Asset Management,0.9487,0.4505,624,,,,,,,,
ETJ/JCE,Asset Management,0.9655,0.45051,624,,,,,,,,
FMY/SOR,Asset Management,0.9152,0.45053,624,,,,,,,,
MSD/PFD,Asset Management,0.8643,0.45054,624,,,,,,,,
PLBC/TRMK,Banks - Regional,0.8811,0.45056,624,,,,,,,,
MTB/OBT,Banks - Regional,0.8109,0.45056,624,,,,,,,,
GSBC/SHBI,Banks - Regional,0.8707,0.45056,624,,,,,,,,
HQH/PFG,Asset Management,0.8375,0.45056,624,,,,,,,,
AAXJ/PIO,Unknown,0.8864,0.45058,624,,,,,,,,
PFD/VPV,Asset Management,0.9478,0.45058,624,,,,,,,,
CNOB/RVSB,Banks - Regional,0.8779,0.4506,624,,,,,,,,
GDL/SCD,Asset Management,0.9379,0.45061,624,,,,,,,,
GDV/QQQX,Asset Management,0.9827,0.45063,624,,,,,,,,
AWF/TY,Asset Management,0.9727,0.45063,624,,,,,,,,
NUV/RFI,Asset Management,0.9097,0.45064,624,,,,,,,,
FCBC/OVLY,Banks - Regional,0.9482,0.45064,624,,,,,,,,
HYT/VBF,Asset Management,0.9431,0.45064,624,,,,,,,,
CHN/IGI,Asset Management,0.8204,0.45065,624,,,,,,,,
ABCB/LCNB,Banks - Regional,0.9048,0.45065,624,,,,,,,,
JCE/MCI,Asset Management,0.9492,0.45065,624,,,,,,,,
DSM/JRS,Asset Management,0.8534,0.45065,624,,,,,,,,
GUT/NXP,Asset Management,0.8485,0.45065,624,,,,,,,,
IGF/ONEQ,Unknown,0.9371,0.45065,624,,,,,,,,
DHR/QGEN,Diagnostics & Research,0.9372,0.45065,624,,,,,,,,
BGT/WIW,Asset Management,0.829,0.45066,624,,,,,,,,
IBOC/TRMK,Banks - Regional,0.9039,0.45067,624,,,,,,,,
FMN/HIX,Asset Management,0.87,0.45067,624,,,,,,,,
DSU/VRTS,Asset Management,0.8032,0.45067,624,,,,,,,,
CARE/COLB,Banks - Regional,0.8179,0.45068,624,,,,,,,,
CTBI/FDBC,Banks - Regional,0.8292,0.45069,624,,,,,,,,
PIE/QCLN,Unknown,0.8303,0.45071,624,,,,,,,,
NVG/PFD,Asset Management,0.9712,0.45071,624,,,,,,,,
GRX/PSEC,Asset Management,0.8876,0.45071,624,,,,,,,,
FCF/GSBC,Banks - Regional,0.9693,0.45072,624,,,,,,,,
NMZ/PNI,Asset Management,0.838,0.45073,624,,,,,,,,
BRW/BTZ,Asset Management,0.8771,0.45073,624,,,,,,,,
CCBG/MBWM,Banks - Regional,0.9343,0.45074,624,,,,,,,,
IJT/JSM,Unknown,0.9541,0.45074,624,,,,,,,,
TSI/TWN,Asset Management,0.8352,0.45074,624,,,,,,,,
NCA/RQI,Asset Management,0.8721,0.45075,624,,,,,,,,
DHF/SPXX,Asset Management,0.937,0.45076,624,,,,,,,,
BX/JCE,Asset Management,0.9519,0.45076,624,,,,,,,,
HDB/PFBC,Banks - Regional,0.8986,0.45076,624,,,,,,,,
HQL/SPXX,Asset Management,0.874,0.45077,624,,,,,,,,
GOF/PIM,Asset Management,0.9236,0.45078,624,,,,,,,,
IUSG/PDP,Unknown,0.988,0.45079,624,,,,,,,,
PID/QABA,Unknown,0.8242,0.4508,624,,,,,,,,
AIV/MAA,REIT - Residential,0.9407,0.4508,624,,,,,,,,
CZWI/OZK,Banks - Regional,0.8926,0.4508,624,,,,,,,,
EVN/TSI,Asset Management,0.9087,0.45081,624,,,,,,,,
JCE/PSEC,Asset Management,0.8586,0.45081,624,,,,,,,,
ACWI/FTCS,Unknown,0.9909,0.45081,624,,,,,,,,
PFS/VLY,Banks - Regional,0.8445,0.45082,624,,,,,,,,
ARCC/IFN,Asset Management,0.9587,0.45082,624,,,,,,,,
AB/HTGC,Asset Management,0.9047,0.45082,624,,,,,,,,
HFBL/MBCN,Banks - Regional,0.8822,0.45083,624,,,,,,,,
NVG/RNP,Asset Management,0.9125,0.45084,624,,,,,,,,
ETB/NRK,Asset Management,0.8697,0.45084,624,,,,,,,,
FFA/IIF,Asset Management,0.9257,0.45085,624,,,,,,,,
HOMB/NWFL,Banks - Regional,0.8134,0.45088,624,,,,,,,,
ACWX/PDP,Unknown,0.9658,0.45088,624,,,,,,,,
NICE/PEGA,Software - Application,0.8478,0.45089,624,,,,,,,,
ACNB/OVLY,Banks - Regional,0.9527,0.45089,624,,,,,,,,
AAXJ/KTH,Unknown,0.8639,0.45089,624,,,,,,,,
NWBI/SFST,Banks - Regional,0.8993,0.4509,624,,,,,,,,
BGY/LGI,Asset Management,0.9692,0.45091,624,,,,,,,,
STK/TY,Asset Management,0.9492,0.45091,624,,,,,,,,
IGA/TWN,Asset Management,0.9072,0.45091,624,,,,,,,,
PH/PNR,Specialty Industrial Machinery,0.951,0.45092,624,,,,,,,,
BRW/ETY,Asset Management,0.9368,0.45093,624,,,,,,,,
BRW/MMT,Asset Management,0.8909,0.45093,624,,,,,,,,
MBWM/ONB,Banks - Regional,0.966,0.45094,624,,,,,,,,
NWFL/UBCP,Banks - Regional,0.8663,0.45096,624,,,,,,,,
CZFS/HIFS,Banks - Regional,0.8655,0.45096,624,,,,,,,,
GRX/NEA,Asset Management,0.9203,0.45096,624,,,,,,,,
EBMT/SMBC,Banks - Regional,0.8298,0.45096,624,,,,,,,,
HTD/MMU,Asset Management,0.8535,0.45097,624,,,,,,,,
PMO/WIA,Asset Management,0.9052,0.45098,624,,,,,,,,
GCV/GDV,Asset Management,0.9135,0.451,624,,,,,,,,
IBOC/ZIONP,Banks - Regional,0.8691,0.451,624,,,,,,,,
PEY/VCIT,Unknown,0.8898,0.451,624,,,,,,,,
EXR/PSA,REIT - Industrial,0.9847,0.45102,624,,,,,,,,
BTO/PCM,Asset Management,0.9227,0.45103,624,,,,,,,,
BOKF/TRST,Banks - Regional,0.8782,0.45103,624,,,,,,,,
FT/NFJ,Asset Management,0.973,0.45104,624,,,,,,,,
CZNC/KEY,Banks - Regional,0.9163,0.45104,624,,,,,,,,
ETN/GGG,Specialty Industrial Machinery,0.8909,0.45104,624,,,,,,,,
NXN/WIW,Asset Management,0.8626,0.45104,624,,,,,,,,
HIO/RFI,Asset Management,0.9607,0.45106,624,,,,,,,,
HDB/MGYR,Banks - Regional,0.8707,0.45108,624,,,,,,,,
BLW/EFT,Asset Management,0.973,0.45108,624,,,,,,,,
IJT/SHY,Unknown,0.9028,0.45108,624,,,,,,,,
BRW/EOS,Asset Management,0.9169,0.45109,624,,,,,,,,
PPH/VCSH,Unknown,0.9168,0.45109,624,,,,,,,,
D/EVRG,Utilities - Regulated Electric,0.8591,0.45112,624,,,,,,,,
BGY/DHF,Asset Management,0.9176,0.45112,624,,,,,,,,
CSCO/MSI,Communication Equipment,0.8892,0.45112,624,,,,,,,,
AWF/EMD,Asset Management,0.8995,0.45112,624,,,,,,,,
FFBC/ZION,Banks - Regional,0.9037,0.45114,624,,,,,,,,
CBAN/COFS,Banks - Regional,0.8705,0.45114,624,,,,,,,,
OVLY/UBSI,Banks - Regional,0.8413,0.45114,624,,,,,,,,
MCN/PPT,Asset Management,0.8125,0.45115,624,,,,,,,,
MSCI/VALU,Financial Data & Stock Exchanges,0.885,0.45116,624,,,,,,,,
PFG/SWKH,Asset Management,0.8366,0.45116,624,,,,,,,,
EOD/MFIC,Asset Management,0.9092,0.45116,624,,,,,,,,
LNT/POR,Utilities - Regulated Electric,0.9569,0.45117,624,,,,,,,,
AOS/JBTM,Specialty Industrial Machinery,0.9049,0.45117,624,,,,,,,,
CASH/FNB,Banks - Regional,0.8762,0.45117,624,,,,,,,,
CAC/HDB,Banks - Regional,0.9197,0.45118,624,,,,,,,,
BSRR/PWOD,Banks - Regional,0.854,0.45119,624,,,,,,,,
CATY/IBOC,Banks - Regional,0.938,0.45119,624,,,,,,,,
GAM/GDV,Asset Management,0.9687,0.4512,624,,,,,,,,
FFBC/HOMB,Banks - Regional,0.9151,0.45121,624,,,,,,,,
FSFG/MPB,Banks - Regional,0.9551,0.45121,624,,,,,,,,
NFJ/PFN,Asset Management,0.9384,0.45122,624,,,,,,,,
HIX/TWN,Asset Management,0.8243,0.45124,624,,,,,,,,
HOMB/LKFN,Banks - Regional,0.8946,0.45125,624,,,,,,,,
ALRS/HOMB,Banks - Regional,0.8638,0.45125,624,,,,,,,,
KIM/SPG,REIT - Retail,0.8173,0.45125,624,,,,,,,,
CZFS/SBCF,Banks - Regional,0.8604,0.45125,624,,,,,,,,
INGR/SJM,Packaged Foods,0.8149,0.45125,624,,,,,,,,
HBNC/THFF,Banks - Regional,0.9449,0.45125,624,,,,,,,,
BPOP/FXNC,Banks - Regional,0.8633,0.45129,624,,,,,,,,
CHH/MAR,Lodging,0.9316,0.4513,624,,,,,,,,
NBN/WTFC,Banks - Regional,0.8852,0.45131,624,,,,,,,,
BME/NPV,Asset Management,0.8115,0.45131,624,,,,,,,,
CHW/RVT,Asset Management,0.9679,0.45132,624,,,,,,,,
EOT/GRX,Asset Management,0.8896,0.45132,624,,,,,,,,
CFFI/LKFN,Banks - Regional,0.851,0.45133,624,,,,,,,,
ACWX/SOXX,Unknown,0.9298,0.45133,624,,,,,,,,
CII/PCF,Asset Management,0.9634,0.45134,624,,,,,,,,
DHF/VGM,Asset Management,0.8754,0.45136,624,,,,,,,,
BGT/EOS,Asset Management,0.9527,0.45137,624,,,,,,,,
EVG/LGI,Asset Management,0.9719,0.45138,624,,,,,,,,
SHY/USIG,Unknown,0.9305,0.45138,624,,,,,,,,
IGD/VVR,Asset Management,0.9491,0.45139,624,,,,,,,,
BTO/ETJ,Asset Management,0.9144,0.45139,624,,,,,,,,
MFIC/UTF,Asset Management,0.801,0.4514,624,,,,,,,,
AWF/GDO,Asset Management,0.93,0.45141,624,,,,,,,,
GAM/MCI,Asset Management,0.97,0.45141,624,,,,,,,,
CHMG/WABC,Banks - Regional,0.8398,0.45141,624,,,,,,,,
ASB/COLB,Banks - Regional,0.8242,0.45143,624,,,,,,,,
MUJ/WEA,Asset Management,0.9442,0.45143,624,,,,,,,,
CZNC/HOMB,Banks - Regional,0.872,0.45144,624,,,,,,,,
ASB/SYBT,Banks - Regional,0.8626,0.45144,624,,,,,,,,
BGY/BX,Asset Management,0.9416,0.45146,624,,,,,,,,
ASB/SBSI,Banks - Regional,0.8951,0.45146,624,,,,,,,,
BFK/TSI,Asset Management,0.8371,0.45147,624,,,,,,,,
NFJ/WEA,Asset Management,0.9198,0.45148,624,,,,,,,,
EIG/RDN,Insurance - Specialty,0.9017,0.45148,624,,,,,,,,
CASH/FNLC,Banks - Regional,0.9073,0.45148,624,,,,,,,,
FRST/TFC,Banks - Regional,0.8863,0.45149,624,,,,,,,,
BME/MCN,Asset Management,0.931,0.4515,624,,,,,,,,
CGO/PFN,Asset Management,0.9592,0.4515,624,,,,,,,,
EFR/RNP,Asset Management,0.9487,0.45151,624,,,,,,,,
BFC/HDB,Banks - Regional,0.9298,0.45151,624,,,,,,,,
ETB/MCI,Asset Management,0.9011,0.45152,624,,,,,,,,
JCE/TROW,Asset Management,0.829,0.45152,624,,,,,,,,
SSB/TRMK,Banks - Regional,0.9081,0.45153,624,,,,,,,,
NXC/WIW,Asset Management,0.8258,0.45153,624,,,,,,,,
BPOP/CBAN,Banks - Regional,0.807,0.45153,624,,,,,,,,
NTRS/NZF,Asset Management,0.9142,0.45153,624,,,,,,,,
FHN/OSBC,Banks - Regional,0.8722,0.45154,624,,,,,,,,
FULT/SYBT,Banks - Regional,0.9119,0.45154,624,,,,,,,,
NEU/ODC,Specialty Chemicals,0.8353,0.45155,624,,,,,,,,
NGG/SO,Utilities - Regulated Electric,0.9074,0.45155,624,,,,,,,,
CIVB/WSBF,Banks - Regional,0.9461,0.45155,624,,,,,,,,
FRA/UTF,Asset Management,0.9195,0.45156,624,,,,,,,,
IFN/QQQX,Asset Management,0.9388,0.45159,624,,,,,,,,
CZFS/PB,Banks - Regional,0.8886,0.4516,624,,,,,,,,
TROW/WEA,Asset Management,0.9039,0.45161,624,,,,,,,,
TFSL/WTBA,Banks - Regional,0.9068,0.45161,624,,,,,,,,
MVF/PNF,Asset Management,0.9173,0.45161,624,,,,,,,,
CMU/WIA,Asset Management,0.8038,0.45162,624,,,,,,,,
BME/MPV,Asset Management,0.8689,0.45162,624,,,,,,,,
CIF/GOF,Asset Management,0.9038,0.45162,624,,,,,,,,
CATY/GSBC,Banks - Regional,0.9696,0.45162,624,,,,,,,,
ACWI/FYX,Unknown,0.9816,0.45163,624,,,,,,,,
MPV/SPXX,Asset Management,0.9397,0.45164,624,,,,,,,,
EOI/FFA,Asset Management,0.9944,0.45166,624,,,,,,,,
CIF/UTF,Asset Management,0.9131,0.45166,624,,,,,,,,
FRA/SCD,Asset Management,0.983,0.45166,624,,,,,,,,
FFBC/PWOD,Banks - Regional,0.8263,0.45167,624,,,,,,,,
ARCC/OCSL,Asset Management,0.8692,0.45167,624,,,,,,,,
AORT/SNN,Medical Devices,0.802,0.45168,624,,,,,,,,
GCV/NFJ,Asset Management,0.9043,0.45168,624,,,,,,,,
ETB/NUV,Asset Management,0.8865,0.45168,624,,,,,,,,
PYZ/USIG,Unknown,0.8392,0.45169,624,,,,,,,,
DSWL/VICR,Electronic Components,0.8683,0.4517,624,,,,,,,,
BTO/DSU,Asset Management,0.9073,0.4517,624,,,,,,,,
AAXJ/PFI,Unknown,0.8774,0.45171,624,,,,,,,,
JMM/MGF,Asset Management,0.8866,0.45173,624,,,,,,,,
NUW/PPT,Asset Management,0.8634,0.45174,624,,,,,,,,
FFA/RFI,Asset Management,0.9627,0.45174,624,,,,,,,,
CHCO/CVBF,Banks - Regional,0.8303,0.45174,624,,,,,,,,
JQC/QQQX,Asset Management,0.9443,0.45175,624,,,,,,,,
CNS/FFA,Asset Management,0.9689,0.45175,624,,,,,,,,
NRK/PMX,Asset Management,0.9222,0.45176,624,,,,,,,,
CME/MCO,Financial Data & Stock Exchanges,0.9549,0.45176,624,,,,,,,,
MAIN/PAI,Asset Management,0.809,0.45176,624,,,,,,,,
BBH/BPOPM,Unknown,0.9142,0.45179,624,,,,,,,,
PNC/UNTY,Banks - Regional,0.9422,0.45179,624,,,,,,,,
GRX/MGF,Asset Management,0.8296,0.4518,624,,,,,,,,
FAB/PPH,Unknown,0.9604,0.45181,624,,,,,,,,
EOD/MPV,Asset Management,0.9135,0.45182,624,,,,,,,,
FCT/MSD,Asset Management,0.906,0.45184,624,,,,,,,,
CHI/PNNT,Asset Management,0.8605,0.45186,624,,,,,,,,
BFC/NWFL,Banks - Regional,0.8886,0.45188,624,,,,,,,,
MCI/VVR,Asset Management,0.9528,0.45189,624,,,,,,,,
FXNC/PFBC,Banks - Regional,0.8899,0.45192,624,,,,,,,,
STBA/WSBC,Banks - Regional,0.9294,0.45193,624,,,,,,,,
ADX/HQH,Asset Management,0.8552,0.45195,624,,,,,,,,
IGA/VVR,Asset Management,0.9563,0.45195,624,,,,,,,,
BCML/PFBC,Banks - Regional,0.9138,0.45196,624,,,,,,,,
ETV/FT,Asset Management,0.9799,0.45197,624,,,,,,,,
FMBH/PGC,Banks - Regional,0.9045,0.45197,624,,,,,,,,
BLK/IGI,Asset Management,0.8235,0.452,624,,,,,,,,
ED/IDA,Utilities - Regulated Electric,0.9637,0.45201,624,,,,,,,,
NXJ/PNF,Asset Management,0.8308,0.45202,624,,,,,,,,
FMN/TSI,Asset Management,0.8642,0.45202,624,,,,,,,,
BTZ/JEQ,Asset Management,0.9514,0.45203,624,,,,,,,,
CZFS/FULT,Banks - Regional,0.8308,0.45203,624,,,,,,,,
GOOD/WPC,REIT - Diversified,0.9214,0.45204,624,,,,,,,,
DTF/MAV,Asset Management,0.8781,0.45205,624,,,,,,,,
BANF/OPBK,Banks - Regional,0.8968,0.45206,624,,,,,,,,
HPS/MAIN,Asset Management,0.9362,0.45206,624,,,,,,,,
LARK/WSBC,Banks - Regional,0.8854,0.45207,624,,,,,,,,
MSD/NAD,Asset Management,0.8833,0.45209,624,,,,,,,,
PLBC/SYBT,Banks - Regional,0.9476,0.45209,624,,,,,,,,
CBSH/CFR,Banks - Regional,0.9402,0.45209,624,,,,,,,,
EVF/GAB,Asset Management,0.9392,0.4521,624,,,,,,,,
LII/TT,Building Products & Equipment,0.9696,0.45211,624,,,,,,,,
HQL/NRK,Asset Management,0.8632,0.45211,624,,,,,,,,
GOF/LGI,Asset Management,0.9816,0.45211,624,,,,,,,,
MGYR/OBT,Banks - Regional,0.8397,0.45213,624,,,,,,,,
BOE/GAIN,Asset Management,0.9639,0.45214,624,,,,,,,,
MMC/WTW,Insurance Brokers,0.9728,0.45216,624,,,,,,,,
JQC/RJF,Asset Management,0.9207,0.45216,624,,,,,,,,
BOH/PEBO,Banks - Regional,0.9085,0.45216,624,,,,,,,,
ALRS/CADE,Banks - Regional,0.8608,0.45217,624,,,,,,,,
BFK/CAF,Asset Management,0.8574,0.45217,624,,,,,,,,
ACNB/CWBC,Banks - Regional,0.9072,0.45217,624,,,,,,,,
BDJ/EXG,Asset Management,0.989,0.45218,624,,,,,,,,
FRA/PTY,Asset Management,0.92,0.45218,624,,,,,,,,
HFBL/SFNC,Banks - Regional,0.8374,0.45218,624,,,,,,,,
FCBC/PEBK,Banks - Regional,0.9116,0.45218,624,,,,,,,,
IJT/QQEW,Unknown,0.9801,0.45219,624,,,,,,,,
BME/WIW,Asset Management,0.8691,0.45219,624,,,,,,,,
DHF/MYD,Asset Management,0.8405,0.4522,624,,,,,,,,
PPBI/TSBK,Banks - Regional,0.883,0.45221,624,,,,,,,,
AKAM/GEN,Software - Infrastructure,0.8406,0.45223,624,,,,,,,,
AGD/ARCC,Asset Management,0.9496,0.45224,624,,,,,,,,
HIO/RCS,Asset Management,0.844,0.45225,624,,,,,,,,
CIF/STK,Asset Management,0.826,0.45226,624,,,,,,,,
ARCC/SOR,Asset Management,0.9727,0.45226,624,,,,,,,,
EPD/WMB,Oil & Gas Midstream,0.9226,0.45227,624,,,,,,,,
IBCP/THFF,Banks - Regional,0.9295,0.45227,624,,,,,,,,
FRAF/SHBI,Banks - Regional,0.8727,0.45228,624,,,,,,,,
AWP/EFR,Asset Management,0.873,0.45229,624,,,,,,,,
CARE/VABK,Banks - Regional,0.8454,0.4523,624,,,,,,,,
FMBH/UVSP,Banks - Regional,0.9411,0.45231,624,,,,,,,,
CIF/IFN,Asset Management,0.807,0.45233,624,,,,,,,,
CGNX/TDY,Scientific & Technical Instruments,0.8017,0.45234,624,,,,,,,,
BHK/EVN,Asset Management,0.9591,0.45235,624,,,,,,,,
AMKR/LRCX,Semiconductor Equipment & Materials,0.9555,0.45236,624,,,,,,,,
TFC/TRMK,Banks - Regional,0.9148,0.45236,624,,,,,,,,
ETY/GDL,Asset Management,0.953,0.45236,624,,,,,,,,
GDL/IGI,Asset Management,0.8614,0.45238,624,,,,,,,,
ITIC/MTG,Insurance - Specialty,0.883,0.45238,624,,,,,,,,
ETO/PCF,Asset Management,0.9799,0.45238,624,,,,,,,,
AWP/FHI,Asset Management,0.8319,0.45239,624,,,,,,,,
PYZ/RTH,Unknown,0.941,0.4524,624,,,,,,,,
ETB/NEA,Asset Management,0.884,0.4524,624,,,,,,,,
HIX/PMX,Asset Management,0.804,0.45241,624,,,,,,,,
GAIN/PFN,Asset Management,0.9214,0.45241,624,,,,,,,,
PFN/SPXX,Asset Management,0.9632,0.45241,624,,,,,,,,
DVA/THC,Medical Care Facilities,0.8739,0.45243,624,,,,,,,,
ACNB/LSBK,Banks - Regional,0.8142,0.45244,624,,,,,,,,
OPOF/TRMK,Banks - Regional,0.8516,0.45244,624,,,,,,,,
PEZ/SHV,Unknown,0.8598,0.45244,624,,,,,,,,
ETG/EVG,Asset Management,0.9763,0.45246,624,,,,,,,,
EMF/WIA,Asset Management,0.8563,0.45247,624,,,,,,,,
RMT/RVT,Asset Management,0.9954,0.45248,624,,,,,,,,
HWC/PNC,Banks - Regional,0.901,0.4525,624,,,,,,,,
SSD/WFG,Lumber & Wood Production,0.8451,0.4525,624,,,,,,,,
AROW/BCML,Banks - Regional,0.8614,0.45251,624,,,,,,,,
JOF/QQQX,Asset Management,0.908,0.45251,624,,,,,,,,
EBMT/EFSC,Banks - Regional,0.8847,0.45252,624,,,,,,,,
OZK/WTFC,Banks - Regional,0.8596,0.45252,624,,,,,,,,
MAIN/PSEC,Asset Management,0.8039,0.45252,624,,,,,,,,
MAV/SBI,Asset Management,0.847,0.45253,624,,,,,,,,
PEZ/VGSH,Unknown,0.9117,0.45254,624,,,,,,,,
AIA/PDP,Unknown,0.9113,0.45257,624,,,,,,,,
JMM/TROW,Asset Management,0.8915,0.45257,624,,,,,,,,
CADE/FCBC,Banks - Regional,0.9124,0.45258,624,,,,,,,,
GAIN/RQI,Asset Management,0.9479,0.45258,624,,,,,,,,
FHI/JPC,Asset Management,0.8579,0.45258,624,,,,,,,,
CBU/MNSB,Banks - Regional,0.9125,0.45259,624,,,,,,,,
EVG/EXG,Asset Management,0.9689,0.45259,624,,,,,,,,
PFG/VVR,Asset Management,0.9424,0.4526,624,,,,,,,,
CHW/WEA,Asset Management,0.9558,0.45261,624,,,,,,,,
CARE/TSBK,Banks - Regional,0.813,0.45261,624,,,,,,,,
PFI/PIO,Unknown,0.9738,0.45262,624,,,,,,,,
USB/VLY,Banks - Regional,0.8276,0.45262,624,,,,,,,,
CIF/MQY,Asset Management,0.9174,0.45262,624,,,,,,,,
OBT/PKBK,Banks - Regional,0.8253,0.45262,624,,,,,,,,
EVG/JCE,Asset Management,0.973,0.45264,624,,,,,,,,
FMY/RFI,Asset Management,0.919,0.45265,624,,,,,,,,
ETG/GRX,Asset Management,0.9546,0.45266,624,,,,,,,,
INDB/PEBO,Banks - Regional,0.9062,0.45266,624,,,,,,,,
FBNC/RBCAA,Banks - Regional,0.9202,0.45266,624,,,,,,,,
GBCI/PNFP,Banks - Regional,0.9309,0.45266,624,,,,,,,,
HDB/SNV,Banks - Regional,0.8455,0.45267,624,,,,,,,,
EFR/PFL,Asset Management,0.9327,0.45268,624,,,,,,,,
LKFN/MTB,Banks - Regional,0.8937,0.45269,624,,,,,,,,
ASG/JEQ,Asset Management,0.9337,0.45269,624,,,,,,,,
CGO/NMZ,Asset Management,0.9053,0.45269,624,,,,,,,,
GLAD/RVT,Asset Management,0.9503,0.45271,624,,,,,,,,
TRMK/ZION,Banks - Regional,0.935,0.45272,624,,,,,,,,
HDB/VABK,Banks - Regional,0.908,0.45272,624,,,,,,,,
GRX/IQI,Asset Management,0.9086,0.45274,624,,,,,,,,
MOFG/ZION,Banks - Regional,0.8383,0.45275,624,,,,,,,,
CHCO/FNLC,Banks - Regional,0.9188,0.45277,624,,,,,,,,
AB/LGI,Asset Management,0.967,0.45278,624,,,,,,,,
CNS/PDT,Asset Management,0.8925,0.45279,624,,,,,,,,
GRX/PFN,Asset Management,0.9551,0.45279,624,,,,,,,,
RVSB/UBFO,Banks - Regional,0.8869,0.45279,624,,,,,,,,
FHI/PDT,Asset Management,0.8615,0.4528,624,,,,,,,,
FXNC/WAL,Banks - Regional,0.8487,0.45283,624,,,,,,,,
CMU/HTD,Asset Management,0.844,0.45283,624,,,,,,,,
FMNB/PROV,Banks - Regional,0.8052,0.45285,624,,,,,,,,
CHD/CL,Household & Personal Products,0.9398,0.45288,624,,,,,,,,
ALRS/AUB,Banks - Regional,0.9045,0.45289,624,,,,,,,,
GDL/RFI,Asset Management,0.9417,0.4529,624,,,,,,,,
INDB/PNC,Banks - Regional,0.89,0.45291,624,,,,,,,,
BRW/UTF,Asset Management,0.9157,0.45291,624,,,,,,,,
AROW/TCBK,Banks - Regional,0.9339,0.45292,624,,,,,,,,
EVN/RFI,Asset Management,0.8917,0.45292,624,,,,,,,,
ASB/OZK,Banks - Regional,0.9034,0.45293,624,,,,,,,,
ETB/MUJ,Asset Management,0.8965,0.45294,624,,,,,,,,
CZWI/SFBC,Banks - Regional,0.9354,0.45294,624,,,,,,,,
HBCP/TRMK,Banks - Regional,0.9519,0.45294,624,,,,,,,,
GDL/IFN,Asset Management,0.9165,0.45296,624,,,,,,,,
FSFG/MOFG,Banks - Regional,0.8508,0.45297,624,,,,,,,,
FDS/NDAQ,Financial Data & Stock Exchanges,0.9763,0.45298,624,,,,,,,,
ACWX/IJT,Unknown,0.9657,0.45299,624,,,,,,,,
CBSH/OBT,Banks - Regional,0.8057,0.45299,624,,,,,,,,
CFR/FMBH,Banks - Regional,0.9058,0.45299,624,,,,,,,,
CNOB/WSFS,Banks - Regional,0.9339,0.45299,624,,,,,,,,
EXG/RFI,Asset Management,0.9697,0.453,624,,,,,,,,
AWP/FMY,Asset Management,0.8619,0.453,624,,,,,,,,
GAIN/HTGC,Asset Management,0.961,0.453,624,,,,,,,,
DNP/RFI,Asset Management,0.9549,0.45301,624,,,,,,,,
AWI/TREX,Building Products & Equipment,0.8115,0.45302,624,,,,,,,,
CBSH/SFNC,Banks - Regional,0.8481,0.45303,624,,,,,,,,
HPS/NAZ,Asset Management,0.8653,0.45304,624,,,,,,,,
LBTYK/VOD,Telecom Services,0.879,0.45305,624,,,,,,,,
EVG/IAE,Asset Management,0.8838,0.45308,624,,,,,,,,
EXG/FHI,Asset Management,0.9356,0.45309,624,,,,,,,,
FFA/PHD,Asset Management,0.9669,0.45309,624,,,,,,,,
GAB/IGA,Asset Management,0.9551,0.45309,624,,,,,,,,
BCML/PNC,Banks - Regional,0.8726,0.45309,624,,,,,,,,
BGT/BOE,Asset Management,0.9615,0.45309,624,,,,,,,,
CAF/NMT,Asset Management,0.8203,0.45309,624,,,,,,,,
FDS/SPGI,Financial Data & Stock Exchanges,0.9782,0.4531,624,,,,,,,,
BLE/JPC,Asset Management,0.8921,0.45311,624,,,,,,,,
KEY/LCNB,Banks - Regional,0.8864,0.45312,624,,,,,,,,
ETN/PNR,Specialty Industrial Machinery,0.942,0.45313,624,,,,,,,,
CHI/TSI,Asset Management,0.9215,0.45313,624,,,,,,,,
BRW/RNP,Asset Management,0.9202,0.45313,624,,,,,,,,
CHY/KF,Asset Management,0.8236,0.45315,624,,,,,,,,
TRMK/WAL,Banks - Regional,0.8916,0.45316,624,,,,,,,,
MBWM/OSBC,Banks - Regional,0.9441,0.45316,624,,,,,,,,
CNS/NIE,Asset Management,0.9708,0.45316,624,,,,,,,,
PGC/TRST,Banks - Regional,0.932,0.45317,624,,,,,,,,
CIVB/QCRH,Banks - Regional,0.8919,0.4532,624,,,,,,,,
FMAO/PFBC,Banks - Regional,0.83,0.45321,624,,,,,,,,
MPB/NWBI,Banks - Regional,0.9437,0.45322,624,,,,,,,,
GRX/HYT,Asset Management,0.9523,0.45322,624,,,,,,,,
BSRR/LARK,Banks - Regional,0.8813,0.45322,624,,,,,,,,
CARE/FRST,Banks - Regional,0.8783,0.45323,624,,,,,,,,
NIM/STK,Asset Management,0.8184,0.45323,624,,,,,,,,
FYX/PFI,Unknown,0.9833,0.45323,624,,,,,,,,
PIE/PRN,Unknown,0.8054,0.45323,624,,,,,,,,
ACNB/PEBK,Banks - Regional,0.9274,0.45324,624,,,,,,,,
FRA/OCSL,Asset Management,0.8095,0.45325,624,,,,,,,,
IBB/QABA,Unknown,0.8692,0.45325,624,,,,,,,,
ETG/JMM,Asset Management,0.9235,0.45325,624,,,,,,,,
AWF/VBF,Asset Management,0.923,0.45325,624,,,,,,,,
ETG/QQQX,Asset Management,0.9826,0.45326,624,,,,,,,,
PFBC/TOWN,Banks - Regional,0.9672,0.45326,624,,,,,,,,
TCBK/WSBF,Banks - Regional,0.9378,0.45327,624,,,,,,,,
GOF/WEA,Asset Management,0.9382,0.45328,624,,,,,,,,
BOKF/PPBI,Banks - Regional,0.8502,0.45328,624,,,,,,,,
BOE/GRX,Asset Management,0.9284,0.45329,624,,,,,,,,
FFBC/FITB,Banks - Regional,0.8938,0.45329,624,,,,,,,,
AEE/XEL,Utilities - Regulated Electric,0.9926,0.45329,624,,,,,,,,
IBCP/LCNB,Banks - Regional,0.8544,0.4533,624,,,,,,,,
AROW/LCNB,Banks - Regional,0.8764,0.45332,624,,,,,,,,
EVN/PMX,Asset Management,0.9249,0.45332,624,,,,,,,,
NAN/PNF,Asset Management,0.881,0.45333,624,,,,,,,,
FSFG/QCRH,Banks - Regional,0.9271,0.45334,624,,,,,,,,
CASH/PLBC,Banks - Regional,0.9616,0.45335,624,,,,,,,,
CFR/FRAF,Banks - Regional,0.9026,0.45335,624,,,,,,,,
TCBK/VLY,Banks - Regional,0.8441,0.45335,624,,,,,,,,
GABC/PFIS,Banks - Regional,0.9181,0.45336,624,,,,,,,,
IGD/SOR,Asset Management,0.9651,0.45337,624,,,,,,,,
JQC/VRTS,Asset Management,0.8183,0.45337,624,,,,,,,,
CHI/PFL,Asset Management,0.9489,0.45337,624,,,,,,,,
KTH/PTH,Unknown,0.9273,0.45338,624,,,,,,,,
GSBC/STBA,Banks - Regional,0.9208,0.45338,624,,,,,,,,
JQC/NXN,Asset Management,0.8831,0.45338,624,,,,,,,,
SSB/SYBT,Banks - Regional,0.869,0.45339,624,,,,,,,,
COLB/USB,Banks - Regional,0.9053,0.4534,624,,,,,,,,
HTD/MUA,Asset Management,0.8814,0.4534,624,,,,,,,,
BLW/CHY,Asset Management,0.9688,0.4534,624,,,,,,,,
FCBC/MBCN,Banks - Regional,0.9348,0.45341,624,,,,,,,,
IIM/RNP,Asset Management,0.8887,0.45341,624,,,,,,,,
NAZ/NXP,Asset Management,0.8833,0.45342,624,,,,,,,,
CADE/TFSL,Banks - Regional,0.8523,0.45342,624,,,,,,,,
MMT/NUW,Asset Management,0.8973,0.45343,624,,,,,,,,
GUT/TROW,Asset Management,0.8535,0.45343,624,,,,,,,,
INDY/PFI,Unknown,0.9361,0.45344,624,,,,,,,,
CZFS/NEWT,Banks - Regional,0.8126,0.45344,624,,,,,,,,
HIFS/WSBC,Banks - Regional,0.8347,0.45345,624,,,,,,,,
HTGC/MPV,Asset Management,0.9449,0.45345,624,,,,,,,,
PFL/RJF,Asset Management,0.8849,0.45345,624,,,,,,,,
FISI/OSBC,Banks - Regional,0.8395,0.45346,624,,,,,,,,
FFIC/NKSH,Banks - Regional,0.8541,0.45347,624,,,,,,,,
FRAF/RNST,Banks - Regional,0.8652,0.45347,624,,,,,,,,
IAE/SCD,Asset Management,0.8297,0.45348,624,,,,,,,,
AB/TROW,Asset Management,0.8926,0.45348,624,,,,,,,,
FRAF/KEY,Banks - Regional,0.8907,0.45348,624,,,,,,,,
LCNB/TCBI,Banks - Regional,0.8059,0.45349,624,,,,,,,,
MPB/NFBK,Banks - Regional,0.8156,0.45352,624,,,,,,,,
CAF/CMU,Asset Management,0.8541,0.45352,624,,,,,,,,
HPS/MCI,Asset Management,0.8895,0.45352,624,,,,,,,,
UMBF/UNTY,Banks - Regional,0.9275,0.45354,624,,,,,,,,
PCM/PPT,Asset Management,0.9269,0.45354,624,,,,,,,,
MUA/PDT,Asset Management,0.9257,0.45354,624,,,,,,,,
SSB/STBA,Banks - Regional,0.9262,0.45354,624,,,,,,,,
ETY/GAM,Asset Management,0.9862,0.45355,624,,,,,,,,
ALRS/CZWI,Banks - Regional,0.8682,0.45356,624,,,,,,,,
CHCO/FITB,Banks - Regional,0.9253,0.45356,624,,,,,,,,
CHI/HTGC,Asset Management,0.9323,0.45357,624,,,,,,,,
BUSE/IBOC,Banks - Regional,0.8604,0.45357,624,,,,,,,,
FMBH/VABK,Banks - Regional,0.9188,0.45358,624,,,,,,,,
FLC/NAZ,Asset Management,0.9386,0.45359,624,,,,,,,,
NCA/RCS,Asset Management,0.8114,0.4536,624,,,,,,,,
TROW/VGM,Asset Management,0.8758,0.45361,624,,,,,,,,
PFF/PIO,Unknown,0.9222,0.45361,624,,,,,,,,
CBSH/PGC,Banks - Regional,0.8821,0.45362,624,,,,,,,,
ETO/IGR,Asset Management,0.9353,0.45364,624,,,,,,,,
DDT/QQEW,Unknown,0.9617,0.45366,624,,,,,,,,
GDV/WEA,Asset Management,0.9322,0.45367,624,,,,,,,,
BFIN/CMA,Banks - Regional,0.8006,0.45367,624,,,,,,,,
FRST/HOPE,Banks - Regional,0.8811,0.45368,624,,,,,,,,
PID/VGSH,Unknown,0.8224,0.45368,624,,,,,,,,
FCT/JHI,Asset Management,0.9326,0.45368,624,,,,,,,,
EWBC/LKFN,Banks - Regional,0.943,0.4537,624,,,,,,,,
CFR/PB,Banks - Regional,0.9414,0.4537,624,,,,,,,,
QTEC/VGSH,Unknown,0.9448,0.45374,624,,,,,,,,
PIM/RQI,Asset Management,0.9033,0.45375,624,,,,,,,,
FMBH/HOMB,Banks - Regional,0.8737,0.45375,624,,,,,,,,
AX/HIFS,Banks - Regional,0.8606,0.45376,624,,,,,,,,
INDY/PUI,Unknown,0.9057,0.45377,624,,,,,,,,
IFN/NFJ,Asset Management,0.9299,0.45378,624,,,,,,,,
ACWI/INDY,Unknown,0.9662,0.45379,624,,,,,,,,
PFBC/PFS,Banks - Regional,0.8477,0.4538,624,,,,,,,,
HYT/TY,Asset Management,0.9847,0.45381,624,,,,,,,,
MQY/PNF,Asset Management,0.874,0.45382,624,,,,,,,,
INDY/SHY,Unknown,0.851,0.45383,624,,,,,,,,
NNN/O,REIT - Retail,0.976,0.45384,624,,,,,,,,
HYT/RVT,Asset Management,0.9817,0.45385,624,,,,,,,,
PCF/RNP,Asset Management,0.9738,0.45385,624,,,,,,,,
CNOB/RF,Banks - Regional,0.8691,0.45385,624,,,,,,,,
CMU/MHI,Asset Management,0.8984,0.45386,624,,,,,,,,
BSRR/COFS,Banks - Regional,0.8982,0.45387,624,,,,,,,,
AWP/STEW,Asset Management,0.8865,0.45387,624,,,,,,,,
AB/GAB,Asset Management,0.9519,0.45388,624,,,,,,,,
BXMX/DNP,Asset Management,0.9526,0.45388,624,,,,,,,,
FCBC/NWBI,Banks - Regional,0.9113,0.4539,624,,,,,,,,
CGO/ETB,Asset Management,0.9309,0.45391,624,,,,,,,,
FXNC/OSBC,Banks - Regional,0.8953,0.45393,624,,,,,,,,
PPT/SEIC,Asset Management,0.9042,0.45394,624,,,,,,,,
ATS/RRX,Specialty Industrial Machinery,0.9271,0.45394,624,,,,,,,,
CTS/GLW,Electronic Components,0.9159,0.45395,624,,,,,,,,
GOF/PHD,Asset Management,0.9551,0.45395,624,,,,,,,,
CZFS/UVSP,Banks - Regional,0.8318,0.45396,624,,,,,,,,
ASB/AX,Banks - Regional,0.9093,0.45397,624,,,,,,,,
ETV/TROW,Asset Management,0.8825,0.45397,624,,,,,,,,
HTD/PAI,Asset Management,0.9069,0.45398,624,,,,,,,,
BHRB/OSBC,Banks - Regional,0.8102,0.45399,624,,,,,,,,
BFK/BTZ,Asset Management,0.8888,0.45399,624,,,,,,,,
FLC/PZC,Asset Management,0.8658,0.45401,624,,,,,,,,
BN/PPT,Asset Management,0.8852,0.45402,624,,,,,,,,
BN/HPS,Asset Management,0.9496,0.45402,624,,,,,,,,
GDL/GRX,Asset Management,0.9409,0.45402,624,,,,,,,,
FOF/RMT,Asset Management,0.9812,0.45404,624,,,,,,,,
OZK/SNV,Banks - Regional,0.892,0.45405,624,,,,,,,,
AJG/MMC,Insurance Brokers,0.9822,0.45405,624,,,,,,,,
OVLY/QCRH,Banks - Regional,0.9264,0.45405,624,,,,,,,,
CHMG/CNOB,Banks - Regional,0.8793,0.45405,624,,,,,,,,
JFR/SOR,Asset Management,0.9658,0.45406,624,,,,,,,,
FFIN/UBCP,Banks - Regional,0.9389,0.45408,624,,,,,,,,
PFD/VMO,Asset Management,0.9563,0.45409,624,,,,,,,,
B/IAG,Gold,0.8972,0.4541,624,,,,,,,,
FCNCA/IBN,Banks - Regional,0.9509,0.4541,624,,,,,,,,
AVK/CHI,Asset Management,0.8318,0.45411,624,,,,,,,,
HOPE/WTBA,Banks - Regional,0.8096,0.45412,624,,,,,,,,
BUSE/HOPE,Banks - Regional,0.8257,0.45412,624,,,,,,,,
FCBC/NRIM,Banks - Regional,0.9333,0.45412,624,,,,,,,,
HIFS/TOWN,Banks - Regional,0.9009,0.45413,624,,,,,,,,
AAXJ/PDP,Unknown,0.8912,0.45413,624,,,,,,,,
BN/CHY,Asset Management,0.9618,0.45413,624,,,,,,,,
IFN/RFI,Asset Management,0.9154,0.45416,624,,,,,,,,
EOI/PTY,Asset Management,0.952,0.45416,624,,,,,,,,
ASB/RBCAA,Banks - Regional,0.8809,0.45418,624,,,,,,,,
OBT/SSB,Banks - Regional,0.8026,0.45418,624,,,,,,,,
GRID/JSM,Unknown,0.8599,0.4542,624,,,,,,,,
JRS/WIA,Asset Management,0.8684,0.4542,624,,,,,,,,
CGO/NAD,Asset Management,0.9004,0.45421,624,,,,,,,,
GGG/NPO,Specialty Industrial Machinery,0.8958,0.45421,624,,,,,,,,
MHI/PML,Asset Management,0.8728,0.45422,624,,,,,,,,
RVSB/TFC,Banks - Regional,0.8687,0.45423,624,,,,,,,,
HBNC/PNFP,Banks - Regional,0.906,0.45424,624,,,,,,,,
JLS/WEA,Asset Management,0.9301,0.45426,624,,,,,,,,
FXNC/PNFP,Banks - Regional,0.8489,0.45427,624,,,,,,,,
GRX/PFL,Asset Management,0.9574,0.45431,624,,,,,,,,
CNS/NRK,Asset Management,0.8415,0.45431,624,,,,,,,,
BKT/MHI,Asset Management,0.9143,0.45431,624,,,,,,,,
INDB/TRMK,Banks - Regional,0.9146,0.45432,624,,,,,,,,
GBCI/PFIS,Banks - Regional,0.9083,0.45432,624,,,,,,,,
EVG/PSEC,Asset Management,0.8411,0.45432,624,,,,,,,,
GRX/HPS,Asset Management,0.9625,0.45433,624,,,,,,,,
BFC/MNSB,Banks - Regional,0.8658,0.45433,624,,,,,,,,
CMA/HBCP,Banks - Regional,0.8927,0.45434,624,,,,,,,,
NMZ/PZC,Asset Management,0.902,0.45435,624,,,,,,,,
CBAN/CVBF,Banks - Regional,0.9131,0.45435,624,,,,,,,,
FXNC/ONB,Banks - Regional,0.8672,0.45436,624,,,,,,,,
FFC/PDT,Asset Management,0.9509,0.45436,624,,,,,,,,
PEY/PID,Unknown,0.9238,0.45437,624,,,,,,,,
AWP/MUJ,Asset Management,0.9123,0.45438,624,,,,,,,,
INDB/KEY,Banks - Regional,0.9269,0.45439,624,,,,,,,,
PAR/TYL,Software - Application,0.9226,0.4544,624,,,,,,,,
HIG/L,Insurance - Property & Casualty,0.9535,0.45441,624,,,,,,,,
IBN/OVLY,Banks - Regional,0.8712,0.45443,624,,,,,,,,
PBHC/TFC,Banks - Regional,0.8797,0.45443,624,,,,,,,,
HDB/TSBK,Banks - Regional,0.9414,0.45443,624,,,,,,,,
CZWI/OPBK,Banks - Regional,0.928,0.45443,624,,,,,,,,
CII/DSU,Asset Management,0.9761,0.45443,624,,,,,,,,
CARE/HBNC,Banks - Regional,0.8635,0.45444,624,,,,,,,,
BFZ/CMU,Asset Management,0.93,0.45444,624,,,,,,,,
DHIL/RNP,Asset Management,0.8603,0.45444,624,,,,,,,,
BCML/MPB,Banks - Regional,0.9118,0.45444,624,,,,,,,,
AX/FFIN,Banks - Regional,0.8691,0.45445,624,,,,,,,,
AROW/CNOB,Banks - Regional,0.9103,0.45446,624,,,,,,,,
KTF/MHI,Asset Management,0.9236,0.45447,624,,,,,,,,
DHF/MUJ,Asset Management,0.8926,0.45449,624,,,,,,,,
RBCAA/WSBF,Banks - Regional,0.8161,0.45449,624,,,,,,,,
AXP/CACC,Credit Services,0.8113,0.4545,624,,,,,,,,
CGO/EEA,Asset Management,0.9365,0.4545,624,,,,,,,,
ETV/TWN,Asset Management,0.8911,0.4545,624,,,,,,,,
BHLB/HAFC,Banks - Regional,0.881,0.45451,624,,,,,,,,
ASR/OMAB,Airports & Air Services,0.9696,0.45454,624,,,,,,,,
GABC/SYBT,Banks - Regional,0.938,0.45456,624,,,,,,,,
IGD/PCM,Asset Management,0.8787,0.45457,624,,,,,,,,
JQC/OIA,Asset Management,0.8879,0.45457,624,,,,,,,,
INDY/SHV,Unknown,0.8962,0.45459,624,,,,,,,,
FMY/HPI,Asset Management,0.927,0.45459,624,,,,,,,,
UCB/UMBF,Banks - Regional,0.891,0.45459,624,,,,,,,,
CNS/HQL,Asset Management,0.8268,0.4546,624,,,,,,,,
PROV/SBSI,Banks - Regional,0.8079,0.4546,624,,,,,,,,
CNS/HPF,Asset Management,0.9061,0.45461,624,,,,,,,,
UBSI/WTFC,Banks - Regional,0.8914,0.45462,624,,,,,,,,
AWP/VPV,Asset Management,0.9067,0.45464,624,,,,,,,,
AFG/L,Insurance - Property & Casualty,0.9149,0.45464,624,,,,,,,,
PHO/SWZ,Unknown,0.9599,0.45464,624,,,,,,,,
BPOP/EBTC,Banks - Regional,0.8084,0.45465,624,,,,,,,,
BJK/SCZ,Unknown,0.8888,0.45467,624,,,,,,,,
IBOC/OFG,Banks - Regional,0.8996,0.45467,624,,,,,,,,
AX/UMBF,Banks - Regional,0.9498,0.45467,624,,,,,,,,
FT/GAIN,Asset Management,0.9651,0.45467,624,,,,,,,,
QQQ/VGSH,Unknown,0.9417,0.45468,624,,,,,,,,
PRFZ/PTF,Unknown,0.9513,0.45468,624,,,,,,,,
BTZ/ETJ,Asset Management,0.9512,0.45468,624,,,,,,,,
GJH/PIO,Unknown,0.9463,0.45468,624,,,,,,,,
CIVB/SSBI,Banks - Regional,0.8659,0.4547,624,,,,,,,,
EXG/FRA,Asset Management,0.9504,0.45471,624,,,,,,,,
PFG/SPXX,Asset Management,0.9533,0.45471,624,,,,,,,,
BHK/BNY,Asset Management,0.8944,0.45471,624,,,,,,,,
DCI/ROK,Specialty Industrial Machinery,0.9455,0.45472,624,,,,,,,,
WAFD/WBS,Banks - Regional,0.9408,0.45473,624,,,,,,,,
MUC/WIA,Asset Management,0.8404,0.45473,624,,,,,,,,
AUB/CZNC,Banks - Regional,0.9432,0.45473,624,,,,,,,,
CII/FCT,Asset Management,0.9574,0.45473,624,,,,,,,,
AAXJ/GJT,Unknown,0.8033,0.45473,624,,,,,,,,
APD/KWR,Specialty Chemicals,0.8612,0.45474,624,,,,,,,,
NAD/PCQ,Asset Management,0.8459,0.45475,624,,,,,,,,
EFSC/PGC,Banks - Regional,0.9343,0.45477,624,,,,,,,,
FUNC/ISBA,Banks - Regional,0.8168,0.4548,624,,,,,,,,
ATRC/RGEN,Medical Instruments & Supplies,0.9029,0.45481,624,,,,,,,,
CFR/KEY,Banks - Regional,0.9099,0.45482,624,,,,,,,,
FNX/QTEC,Unknown,0.9757,0.45482,624,,,,,,,,
NFBK/SSB,Banks - Regional,0.8296,0.45483,624,,,,,,,,
EFT/VLT,Asset Management,0.9569,0.45484,624,,,,,,,,
CNOB/CWBC,Banks - Regional,0.9151,0.45486,624,,,,,,,,
FNB/ZION,Banks - Regional,0.8053,0.45488,624,,,,,,,,
GDV/NFJ,Asset Management,0.9794,0.45488,624,,,,,,,,
ALRS/FDBC,Banks - Regional,0.8457,0.45489,624,,,,,,,,
RVSB/TOWN,Banks - Regional,0.8638,0.45489,624,,,,,,,,
FT/TSI,Asset Management,0.9651,0.45489,624,,,,,,,,
JQC/UTF,Asset Management,0.9467,0.45492,624,,,,,,,,
DAL/RYAAY,Airlines,0.8189,0.45493,624,,,,,,,,
BANF/CIVB,Banks - Regional,0.8026,0.45493,624,,,,,,,,
ETO/WIW,Asset Management,0.9153,0.45494,624,,,,,,,,
BTO/TWN,Asset Management,0.8365,0.45495,624,,,,,,,,
HTGC/RFI,Asset Management,0.8902,0.45496,624,,,,,,,,
MGF/MMT,Asset Management,0.8968,0.45496,624,,,,,,,,
NUE/ZEUS,Steel,0.8333,0.45497,624,,,,,,,,
EFR/TSI,Asset Management,0.9142,0.45498,624,,,,,,,,
DVY/IUSG,Unknown,0.9645,0.45498,624,,,,,,,,
SFBC/UBSI,Banks - Regional,0.917,0.45499,624,,,,,,,,
BSRR/UBCP,Banks - Regional,0.8579,0.45499,624,,,,,,,,
CGO/NVG,Asset Management,0.9176,0.45499,624,,,,,,,,
FITB/WTFC,Banks - Regional,0.9516,0.455,624,,,,,,,,
LARK/RBCAA,Banks - Regional,0.8011,0.455,624,,,,,,,,
IGI/NTRS,Asset Management,0.8815,0.45501,624,,,,,,,,
DHF/EVT,Asset Management,0.9424,0.45501,624,,,,,,,,
PYT/QABA,Unknown,0.8992,0.45501,624,,,,,,,,
FLIC/PROV,Banks - Regional,0.8303,0.45503,624,,,,,,,,
AAXJ/BJK,Unknown,0.8518,0.45504,624,,,,,,,,
PFBC/UVSP,Banks - Regional,0.9308,0.45505,624,,,,,,,,
FHN/SYBT,Banks - Regional,0.8886,0.45505,624,,,,,,,,
BXMX/HTD,Asset Management,0.972,0.45506,624,,,,,,,,
BLW/FFC,Asset Management,0.9061,0.45506,624,,,,,,,,
JFR/MCN,Asset Management,0.923,0.45507,624,,,,,,,,
CTSH/FI,Information Technology Services,0.8299,0.45508,624,,,,,,,,
BGT/LGI,Asset Management,0.9415,0.45509,624,,,,,,,,
UBSI/WAFD,Banks - Regional,0.927,0.45511,624,,,,,,,,
FHN/UBSI,Banks - Regional,0.8822,0.45512,624,,,,,,,,
CFR/PFS,Banks - Regional,0.8491,0.45513,624,,,,,,,,
BTO/FFA,Asset Management,0.9297,0.45514,624,,,,,,,,
DSU/GDL,Asset Management,0.9576,0.45515,624,,,,,,,,
MYD/TSI,Asset Management,0.8764,0.45515,624,,,,,,,,
NPV/NUW,Asset Management,0.862,0.45515,624,,,,,,,,
JCE/MPV,Asset Management,0.9525,0.45515,624,,,,,,,,
EOD/EXG,Asset Management,0.9621,0.45515,624,,,,,,,,
GDV/OIA,Asset Management,0.9127,0.45516,624,,,,,,,,
IGF/IMCV,Unknown,0.9833,0.45516,624,,,,,,,,
FDBC/WABC,Banks - Regional,0.8917,0.45517,624,,,,,,,,
ALL/SAFT,Insurance - Property & Casualty,0.9045,0.45517,624,,,,,,,,
BCML/PFS,Banks - Regional,0.8693,0.45517,624,,,,,,,,
FUND/WIA,Asset Management,0.8345,0.45518,624,,,,,,,,
MCR/NXJ,Asset Management,0.9719,0.45518,624,,,,,,,,
PPH/PTH,Unknown,0.8456,0.45518,624,,,,,,,,
FCT/HIX,Asset Management,0.9025,0.45518,624,,,,,,,,
HLX/TDW,Oil & Gas Equipment & Services,0.866,0.45518,624,,,,,,,,
EMD/PFO,Asset Management,0.8832,0.45518,624,,,,,,,,
BCBP/OPBK,Banks - Regional,0.8541,0.45518,624,,,,,,,,
BHRB/PLBC,Banks - Regional,0.8285,0.45518,624,,,,,,,,
EVF/HIO,Asset Management,0.9479,0.45521,624,,,,,,,,
MHN/PFD,Asset Management,0.9475,0.45521,624,,,,,,,,
MPA/PNI,Asset Management,0.8331,0.45523,624,,,,,,,,
TFC/TOWN,Banks - Regional,0.8866,0.45523,624,,,,,,,,
CZWI/UBSI,Banks - Regional,0.9149,0.45524,624,,,,,,,,
IGR/PAI,Asset Management,0.8658,0.45524,624,,,,,,,,
BRW/VLT,Asset Management,0.9358,0.45525,624,,,,,,,,
FHI/JQC,Asset Management,0.9113,0.45525,624,,,,,,,,
IBCP/PGC,Banks - Regional,0.8423,0.45526,624,,,,,,,,
LARK/SFBC,Banks - Regional,0.8942,0.45527,624,,,,,,,,
CFR/CZNC,Banks - Regional,0.9014,0.45528,624,,,,,,,,
EWBC/HTBK,Banks - Regional,0.8189,0.45529,624,,,,,,,,
HWC/SBCF,Banks - Regional,0.8422,0.45529,624,,,,,,,,
BHRB/GCBC,Banks - Regional,0.8206,0.4553,624,,,,,,,,
JCE/STT,Asset Management,0.8608,0.45531,624,,,,,,,,
BTO/RVT,Asset Management,0.9602,0.45532,624,,,,,,,,
HTGC/RNP,Asset Management,0.9223,0.45533,624,,,,,,,,
HTD/RCS,Asset Management,0.866,0.45534,624,,,,,,,,
OSBC/UBCP,Banks - Regional,0.8963,0.45535,624,,,,,,,,
CIVB/LCNB,Banks - Regional,0.9086,0.45535,624,,,,,,,,
CAF/NNY,Asset Management,0.8272,0.45535,624,,,,,,,,
GSBC/HWC,Banks - Regional,0.8594,0.45537,624,,,,,,,,
CVBF/FITB,Banks - Regional,0.8519,0.45538,624,,,,,,,,
IGR/IIM,Asset Management,0.8935,0.45539,624,,,,,,,,
GJT/PUI,Unknown,0.9449,0.45539,624,,,,,,,,
EOD/TSI,Asset Management,0.8771,0.45539,624,,,,,,,,
CBAN/FUNC,Banks - Regional,0.8667,0.4554,624,,,,,,,,
MAS/OC,Building Products & Equipment,0.9189,0.45541,624,,,,,,,,
IBCP/PPBI,Banks - Regional,0.8045,0.45541,624,,,,,,,,
HWKN/ODC,Specialty Chemicals,0.8849,0.45542,624,,,,,,,,
TFSL/UVSP,Banks - Regional,0.8301,0.45542,624,,,,,,,,
CBAN/WTFC,Banks - Regional,0.8618,0.45542,624,,,,,,,,
FFBC/ONB,Banks - Regional,0.9405,0.45543,624,,,,,,,,
OCSL/PEO,Asset Management,0.8201,0.45544,624,,,,,,,,
KTF/TSI,Asset Management,0.8224,0.45544,624,,,,,,,,
EFR/MPV,Asset Management,0.9477,0.45545,624,,,,,,,,
RVT/TSI,Asset Management,0.94,0.45546,624,,,,,,,,
CSV/SCI,Personal Services,0.8345,0.45547,624,,,,,,,,
AWP/JHS,Asset Management,0.9202,0.45547,624,,,,,,,,
AOD/WEA,Asset Management,0.8819,0.45548,624,,,,,,,,
HOMB/PFBC,Banks - Regional,0.9365,0.45548,624,,,,,,,,
GJH/QABA,Unknown,0.8986,0.45548,624,,,,,,,,
DHF/JFR,Asset Management,0.9458,0.4555,624,,,,,,,,
BCML/WBS,Banks - Regional,0.9309,0.4555,624,,,,,,,,
BTE/SM,Oil & Gas E&P,0.8363,0.4555,624,,,,,,,,
AWP/EOD,Asset Management,0.8686,0.45551,624,,,,,,,,
JPC/MPA,Asset Management,0.9403,0.45552,624,,,,,,,,
FBNC/PPBI,Banks - Regional,0.9015,0.45552,624,,,,,,,,
PCN/RMT,Asset Management,0.9465,0.45552,624,,,,,,,,
GDV/RFI,Asset Management,0.9654,0.45553,624,,,,,,,,
FR/PSA,REIT - Industrial,0.9659,0.45553,624,,,,,,,,
FCBC/OBT,Banks - Regional,0.917,0.45553,624,,,,,,,,
BRW/BX,Asset Management,0.876,0.45553,624,,,,,,,,
NXJ/PMF,Asset Management,0.8729,0.45554,624,,,,,,,,
BGT/ETV,Asset Management,0.9268,0.45554,624,,,,,,,,
MHF/PFD,Asset Management,0.9263,0.45555,624,,,,,,,,
FDBC/FSFG,Banks - Regional,0.8885,0.45556,624,,,,,,,,
HTD/JHS,Asset Management,0.8823,0.4556,624,,,,,,,,
BFC/CFFI,Banks - Regional,0.8679,0.4556,624,,,,,,,,
GCBC/PNFP,Banks - Regional,0.8332,0.45561,624,,,,,,,,
NZF/TSI,Asset Management,0.9234,0.45561,624,,,,,,,,
DSGR/WSO,Industrial Distribution,0.9158,0.45562,624,,,,,,,,
UFPI/WFG,Lumber & Wood Production,0.8709,0.45566,624,,,,,,,,
MNSB/TRMK,Banks - Regional,0.8545,0.45566,624,,,,,,,,
CHI/EOI,Asset Management,0.9671,0.45566,624,,,,,,,,
STC/TRV,Insurance - Property & Casualty,0.9333,0.45568,624,,,,,,,,
MQY/PZC,Asset Management,0.9102,0.45569,624,,,,,,,,
CMU/ETV,Asset Management,0.8221,0.4557,624,,,,,,,,
BRW/CSQ,Asset Management,0.9195,0.45571,624,,,,,,,,
FT/STEW,Asset Management,0.978,0.45572,624,,,,,,,,
AGM/AXP,Credit Services,0.9605,0.45572,624,,,,,,,,
IIF/MPV,Asset Management,0.9243,0.45572,624,,,,,,,,
JHI/PFL,Asset Management,0.9587,0.45573,624,,,,,,,,
CCBG/GBCI,Banks - Regional,0.893,0.45573,624,,,,,,,,
MQT/WIA,Asset Management,0.8798,0.45575,624,,,,,,,,
CINF/SIGI,Insurance - Property & Casualty,0.9517,0.45575,624,,,,,,,,
SFST/SSBI,Banks - Regional,0.8689,0.45577,624,,,,,,,,
CFR/MTB,Banks - Regional,0.9306,0.45577,624,,,,,,,,
NIE/PFL,Asset Management,0.9531,0.45577,624,,,,,,,,
MQY/PCQ,Asset Management,0.8417,0.45578,624,,,,,,,,
DCOM/INBK,Banks - Regional,0.8504,0.45579,624,,,,,,,,
SRCE/TOWN,Banks - Regional,0.9682,0.45579,624,,,,,,,,
CVBF/ONB,Banks - Regional,0.9039,0.4558,624,,,,,,,,
HQL/RMT,Asset Management,0.8913,0.45581,624,,,,,,,,
SFST/UMBF,Banks - Regional,0.8304,0.45582,624,,,,,,,,
CCBG/EFSC,Banks - Regional,0.9224,0.45582,624,,,,,,,,
ETJ/RVT,Asset Management,0.9747,0.45582,624,,,,,,,,
FRAF/OPBK,Banks - Regional,0.9043,0.45582,624,,,,,,,,
EOD/FMY,Asset Management,0.8902,0.45583,624,,,,,,,,
FXNC/GBCI,Banks - Regional,0.8783,0.45584,624,,,,,,,,
FMAO/FSFG,Banks - Regional,0.8859,0.45584,624,,,,,,,,
ABCB/CBU,Banks - Regional,0.8902,0.45584,624,,,,,,,,
AGM/COF,Credit Services,0.8936,0.45584,624,,,,,,,,
R/UHAL,Rental & Leasing Services,0.82,0.45586,624,,,,,,,,
CASH/NWBI,Banks - Regional,0.8211,0.45586,624,,,,,,,,
STC/WTM,Insurance - Property & Casualty,0.8994,0.45586,624,,,,,,,,
EVG/NZF,Asset Management,0.8728,0.45587,624,,,,,,,,
FDBC/OPBK,Banks - Regional,0.8213,0.45587,624,,,,,,,,
CHI/CNS,Asset Management,0.9695,0.45587,624,,,,,,,,
CASH/NBTB,Banks - Regional,0.9258,0.45588,624,,,,,,,,
BRW/MSD,Asset Management,0.8939,0.45588,624,,,,,,,,
BNY/PFD,Asset Management,0.9122,0.45588,624,,,,,,,,
GF/MUC,Asset Management,0.8475,0.45589,624,,,,,,,,
HQL/JOF,Asset Management,0.8694,0.45589,624,,,,,,,,
SMBC/STBA,Banks - Regional,0.8932,0.4559,624,,,,,,,,
IBCP/STBA,Banks - Regional,0.9398,0.45591,624,,,,,,,,
EWBC/FRAF,Banks - Regional,0.8895,0.45591,624,,,,,,,,
FLC/PYN,Asset Management,0.8045,0.45593,624,,,,,,,,
HPI/HTD,Asset Management,0.9726,0.45593,624,,,,,,,,
EFT/PTY,Asset Management,0.9413,0.45593,624,,,,,,,,
JRS/MUC,Asset Management,0.8525,0.45594,624,,,,,,,,
CHW/RMT,Asset Management,0.9595,0.45594,624,,,,,,,,
BXMX/CSQ,Asset Management,0.9761,0.45596,624,,,,,,,,
CZWI/PFIS,Banks - Regional,0.9051,0.45597,624,,,,,,,,
IAE/IFN,Asset Management,0.8419,0.45598,624,,,,,,,,
PHD/SEIC,Asset Management,0.8802,0.45598,624,,,,,,,,
LSBK/PROV,Banks - Regional,0.8902,0.45598,624,,,,,,,,
BANR/CMA,Banks - Regional,0.8858,0.45599,624,,,,,,,,
ISBA/OPBK,Banks - Regional,0.8638,0.45599,624,,,,,,,,
FHI/PCF,Asset Management,0.8899,0.45599,624,,,,,,,,
HIX/HQL,Asset Management,0.8684,0.456,624,,,,,,,,
EFSC/FRME,Banks - Regional,0.9765,0.456,624,,,,,,,,
TDF/TROW,Asset Management,0.8406,0.456,624,,,,,,,,
AGD/GDL,Asset Management,0.9068,0.45601,624,,,,,,,,
FSFG/TSBK,Banks - Regional,0.9388,0.45602,624,,,,,,,,
IFN/MAIN,Asset Management,0.9343,0.45602,624,,,,,,,,
ISRG/PDEX,Medical Instruments & Supplies,0.8922,0.45603,624,,,,,,,,
NXC/PPT,Asset Management,0.8725,0.45603,624,,,,,,,,
KAI/WTS,Specialty Industrial Machinery,0.9752,0.45604,624,,,,,,,,
CSWC/SOR,Asset Management,0.9669,0.45606,624,,,,,,,,
CADE/HOMB,Banks - Regional,0.9324,0.45606,624,,,,,,,,
RQI/SOR,Asset Management,0.9621,0.45608,624,,,,,,,,
BME/NFJ,Asset Management,0.9338,0.45608,624,,,,,,,,
ITW/MWA,Specialty Industrial Machinery,0.8888,0.45608,624,,,,,,,,
BBY/TSCO,Specialty Retail,0.8171,0.45608,624,,,,,,,,
HQH/JOF,Asset Management,0.8283,0.45609,624,,,,,,,,
JBK/KTH,Unknown,0.9801,0.4561,624,,,,,,,,
CHMG/HDB,Banks - Regional,0.9056,0.45611,624,,,,,,,,
FUND/PFL,Asset Management,0.9133,0.45612,624,,,,,,,,
ETB/VLT,Asset Management,0.9572,0.45612,624,,,,,,,,
CHY/PIM,Asset Management,0.8845,0.45613,624,,,,,,,,
BME/PHK,Asset Management,0.8051,0.45614,624,,,,,,,,
HIO/NMT,Asset Management,0.8416,0.45614,624,,,,,,,,
MNSB/PB,Banks - Regional,0.8768,0.45614,624,,,,,,,,
CAE/HXL,Aerospace & Defense,0.8028,0.45614,624,,,,,,,,
DHF/SOR,Asset Management,0.9383,0.45616,624,,,,,,,,
GAB/JOF,Asset Management,0.8263,0.45617,624,,,,,,,,
ABCB/VLY,Banks - Regional,0.8098,0.45617,624,,,,,,,,
KTF/MAV,Asset Management,0.8984,0.45619,624,,,,,,,,
BTO/EVG,Asset Management,0.9297,0.4562,624,,,,,,,,
BFC/MBWM,Banks - Regional,0.9255,0.45622,624,,,,,,,,
ETW/SPE,Asset Management,0.9445,0.45623,624,,,,,,,,
MTB/TRMK,Banks - Regional,0.9546,0.45623,624,,,,,,,,
ETW/SEIC,Asset Management,0.9471,0.45624,624,,,,,,,,
FCF/WSBF,Banks - Regional,0.8981,0.45624,624,,,,,,,,
MAIN/MFIC,Asset Management,0.9036,0.45625,624,,,,,,,,
EVG/NUW,Asset Management,0.8116,0.45625,624,,,,,,,,
HQL/PIM,Asset Management,0.8597,0.45626,624,,,,,,,,
GF/JHS,Asset Management,0.9135,0.45626,624,,,,,,,,
CATY/UMBF,Banks - Regional,0.9478,0.45626,624,,,,,,,,
PID/PYT,Unknown,0.868,0.45628,624,,,,,,,,
BLDR/MAS,Building Products & Equipment,0.856,0.45628,624,,,,,,,,
HTBK/QCRH,Banks - Regional,0.836,0.45629,624,,,,,,,,
GJR/JSM,Unknown,0.8582,0.4563,624,,,,,,,,
TOWN/WAL,Banks - Regional,0.9125,0.4563,624,,,,,,,,
MCN/MFIC,Asset Management,0.8705,0.45632,624,,,,,,,,
AUB/FCBC,Banks - Regional,0.917,0.45632,624,,,,,,,,
AWP/SEIC,Asset Management,0.8678,0.45633,624,,,,,,,,
HQL/NXJ,Asset Management,0.8834,0.45633,624,,,,,,,,
CGO/FLC,Asset Management,0.9328,0.45634,624,,,,,,,,
AOD/HQL,Asset Management,0.8251,0.45634,624,,,,,,,,
ETV/IFN,Asset Management,0.9325,0.45635,624,,,,,,,,
ASG/BLK,Asset Management,0.9438,0.45636,624,,,,,,,,
FRA/JQC,Asset Management,0.9651,0.45636,624,,,,,,,,
IGF/QQQ,Unknown,0.93,0.45637,624,,,,,,,,
FULT/NBN,Banks - Regional,0.8077,0.45637,624,,,,,,,,
EOD/ETG,Asset Management,0.9705,0.45638,624,,,,,,,,
STK/VVR,Asset Management,0.9531,0.45638,624,,,,,,,,
BOTJ/CZFS,Banks - Regional,0.8174,0.45639,624,,,,,,,,
NWFL/UBSI,Banks - Regional,0.8253,0.45639,624,,,,,,,,
FRME/PNFP,Banks - Regional,0.9291,0.4564,624,,,,,,,,
MCN/VRTS,Asset Management,0.8259,0.4564,624,,,,,,,,
FCBC/ISBA,Banks - Regional,0.825,0.45641,624,,,,,,,,
ADSK/MANH,Software - Application,0.8508,0.45641,624,,,,,,,,
PCM/PFG,Asset Management,0.8639,0.45642,624,,,,,,,,
ETV/PAI,Asset Management,0.9026,0.45642,624,,,,,,,,
OVLY/UBCP,Banks - Regional,0.8765,0.45642,624,,,,,,,,
EFR/FT,Asset Management,0.9571,0.45642,624,,,,,,,,
FTCS/PKW,Unknown,0.9892,0.45642,624,,,,,,,,
ETJ/GDV,Asset Management,0.9595,0.45643,624,,,,,,,,
CHW/JHI,Asset Management,0.9694,0.45643,624,,,,,,,,
EVG/PCF,Asset Management,0.9654,0.45643,624,,,,,,,,
KNX/MRTN,Trucking,0.959,0.45644,624,,,,,,,,
CZFS/GBCI,Banks - Regional,0.8756,0.45644,624,,,,,,,,
IGA/SCD,Asset Management,0.9687,0.45647,624,,,,,,,,
CBSH/CMA,Banks - Regional,0.8792,0.45647,624,,,,,,,,
EMB/GOVI,Unknown,0.8711,0.45648,624,,,,,,,,
MBWM/NECB,Banks - Regional,0.8758,0.45649,624,,,,,,,,
MTB/WSFS,Banks - Regional,0.9524,0.45649,624,,,,,,,,
EEA/RVT,Asset Management,0.9645,0.45649,624,,,,,,,,
PYZ/QQEW,Unknown,0.9494,0.4565,624,,,,,,,,
ASGN/INFY,Information Technology Services,0.8639,0.45651,624,,,,,,,,
MBCN/PWOD,Banks - Regional,0.8179,0.45653,624,,,,,,,,
ASG/BME,Asset Management,0.9479,0.45653,624,,,,,,,,
BGY/PTY,Asset Management,0.9213,0.45654,624,,,,,,,,
ACWX/PFF,Unknown,0.922,0.45654,624,,,,,,,,
NZF/PZC,Asset Management,0.8815,0.45655,624,,,,,,,,
FYX/PKW,Unknown,0.985,0.45656,624,,,,,,,,
CHY/FFA,Asset Management,0.9784,0.45656,624,,,,,,,,
BDJ/HTD,Asset Management,0.9711,0.45656,624,,,,,,,,
BPOP/SBFG,Banks - Regional,0.8313,0.45658,624,,,,,,,,
LFUS/SANM,Electronic Components,0.8291,0.4566,624,,,,,,,,
IGD/PCN,Asset Management,0.9162,0.45661,624,,,,,,,,
IBOC/SYBT,Banks - Regional,0.9325,0.45661,624,,,,,,,,
ETR/SO,Utilities - Regulated Electric,0.9381,0.45661,624,,,,,,,,
AER/MGRC,Rental & Leasing Services,0.8455,0.45663,624,,,,,,,,
HDB/SBCF,Banks - Regional,0.9327,0.45663,624,,,,,,,,
AOD/EFT,Asset Management,0.9402,0.45665,624,,,,,,,,
PKW/SHY,Unknown,0.9079,0.45665,624,,,,,,,,
CIVB/HWBK,Banks - Regional,0.9081,0.45666,624,,,,,,,,
MGF/RFI,Asset Management,0.8295,0.45666,624,,,,,,,,
NECB/SFBC,Banks - Regional,0.8554,0.45667,624,,,,,,,,
HYT/USA,Asset Management,0.984,0.45667,624,,,,,,,,
NECB/PNFP,Banks - Regional,0.836,0.45667,624,,,,,,,,
EHI/NAC,Asset Management,0.8779,0.45668,624,,,,,,,,
FT/PFL,Asset Management,0.9672,0.45669,624,,,,,,,,
BRW/ETJ,Asset Management,0.8838,0.45669,624,,,,,,,,
GAM/JMM,Asset Management,0.8808,0.45669,624,,,,,,,,
ARW/AVT,Electronics & Computer Distribution,0.8326,0.4567,624,,,,,,,,
FRAF/TFSL,Banks - Regional,0.8645,0.45672,624,,,,,,,,
GDL/JPC,Asset Management,0.9582,0.45674,624,,,,,,,,
BOKF/PFS,Banks - Regional,0.8779,0.45675,624,,,,,,,,
HDB/SFST,Banks - Regional,0.8792,0.45675,624,,,,,,,,
TKC/VEON,Telecom Services,0.8188,0.45675,624,,,,,,,,
CHY/USA,Asset Management,0.9865,0.45677,624,,,,,,,,
ABCB/TSBK,Banks - Regional,0.9417,0.45678,624,,,,,,,,
SWZ/WOOD,Unknown,0.938,0.45678,624,,,,,,,,
COLB/LCNB,Banks - Regional,0.8372,0.4568,624,,,,,,,,
PHD/SAR,Asset Management,0.9324,0.45682,624,,,,,,,,
DHF/EOI,Asset Management,0.9282,0.45682,624,,,,,,,,
BLK/FMY,Asset Management,0.9149,0.45682,624,,,,,,,,
HFWA/WAFD,Banks - Regional,0.9146,0.45683,624,,,,,,,,
JHI/UTF,Asset Management,0.9418,0.45683,624,,,,,,,,
DHIL/SPE,Asset Management,0.812,0.45683,624,,,,,,,,
CNMD/PODD,Medical Devices,0.8778,0.45685,624,,,,,,,,
ALG/LNN,Farm & Heavy Construction Machinery,0.872,0.45685,624,,,,,,,,
JQC/WIW,Asset Management,0.8596,0.45685,624,,,,,,,,
IDCC/SAP,Software - Application,0.9206,0.45686,624,,,,,,,,
FT/PAI,Asset Management,0.8877,0.45686,624,,,,,,,,
HTBK/UBSI,Banks - Regional,0.8795,0.45687,624,,,,,,,,
ISRG/LMAT,Medical Instruments & Supplies,0.9716,0.45687,624,,,,,,,,
GUT/NRK,Asset Management,0.8096,0.45687,624,,,,,,,,
FOF/VRTS,Asset Management,0.8121,0.45689,624,,,,,,,,
HBNC/OSBC,Banks - Regional,0.8994,0.45689,624,,,,,,,,
IMOS/UMC,Semiconductors,0.894,0.45689,624,,,,,,,,
PKBK/STBA,Banks - Regional,0.9011,0.4569,624,,,,,,,,
DHF/DNP,Asset Management,0.8801,0.4569,624,,,,,,,,
PFIS/ZIONP,Banks - Regional,0.8587,0.4569,624,,,,,,,,
HIO/PPT,Asset Management,0.9332,0.45692,624,,,,,,,,
AX/WSBF,Banks - Regional,0.8576,0.45695,624,,,,,,,,
MGEE/OGE,Utilities - Regulated Electric,0.9397,0.45696,624,,,,,,,,
CNS/IIM,Asset Management,0.8257,0.45696,624,,,,,,,,
EHC/UHS,Medical Care Facilities,0.8841,0.45696,624,,,,,,,,
BUSE/SYBT,Banks - Regional,0.8373,0.45697,624,,,,,,,,
FRA/GDV,Asset Management,0.95,0.457,624,,,,,,,,
ADX/JCE,Asset Management,0.9856,0.457,624,,,,,,,,
HFBL/NKSH,Banks - Regional,0.8538,0.457,624,,,,,,,,
ETV/MHF,Asset Management,0.9349,0.457,624,,,,,,,,
PTF/PTH,Unknown,0.9118,0.457,624,,,,,,,,
NRIM/UBCP,Banks - Regional,0.8304,0.45701,624,,,,,,,,
JQC/PHK,Asset Management,0.8895,0.45701,624,,,,,,,,
FAD/GJT,Unknown,0.9447,0.45701,624,,,,,,,,
GRX/VKQ,Asset Management,0.8973,0.45702,624,,,,,,,,
BBH/SWZ,Unknown,0.9073,0.45702,624,,,,,,,,
IGF/PFM,Unknown,0.972,0.45702,624,,,,,,,,
FAD/SOXX,Unknown,0.9643,0.45703,624,,,,,,,,
AB/BXMX,Asset Management,0.9452,0.45703,624,,,,,,,,
NXC/PCN,Asset Management,0.9049,0.45703,624,,,,,,,,
CMA/NEWT,Banks - Regional,0.8248,0.45703,624,,,,,,,,
AROW/RF,Banks - Regional,0.8638,0.45705,624,,,,,,,,
AFB/HIO,Asset Management,0.872,0.45706,624,,,,,,,,
HPI/PFL,Asset Management,0.9686,0.45706,624,,,,,,,,
CSWC/VVR,Asset Management,0.9705,0.45706,624,,,,,,,,
FSFG/HWBK,Banks - Regional,0.9349,0.45707,624,,,,,,,,
CXE/HTD,Asset Management,0.8272,0.45708,624,,,,,,,,
GLAD/HIO,Asset Management,0.9136,0.45711,624,,,,,,,,
NBN/PNFP,Banks - Regional,0.815,0.45712,624,,,,,,,,
PDT/PMM,Asset Management,0.9476,0.45712,624,,,,,,,,
GAB/HIO,Asset Management,0.9458,0.45714,624,,,,,,,,
CASH/FSFG,Banks - Regional,0.8885,0.45714,624,,,,,,,,
ELS/UMH,REIT - Residential,0.9432,0.45714,624,,,,,,,,
EVT/PCF,Asset Management,0.9786,0.45714,624,,,,,,,,
AB/JEQ,Asset Management,0.8689,0.45714,624,,,,,,,,
NICE/SPNS,Software - Application,0.9205,0.45714,624,,,,,,,,
BGY/IAE,Asset Management,0.8969,0.45715,624,,,,,,,,
MBWM/UCB,Banks - Regional,0.8795,0.45715,624,,,,,,,,
OPBK/UVSP,Banks - Regional,0.9123,0.45715,624,,,,,,,,
ACNB/GABC,Banks - Regional,0.914,0.45715,624,,,,,,,,
BOE/ETY,Asset Management,0.9858,0.45715,624,,,,,,,,
PFO/PTY,Asset Management,0.9183,0.45715,624,,,,,,,,
EBMT/MNSB,Banks - Regional,0.8631,0.45716,624,,,,,,,,
AUB/FHN,Banks - Regional,0.8542,0.45717,624,,,,,,,,
HTGC/WIW,Asset Management,0.8132,0.45719,624,,,,,,,,
HQL/NZF,Asset Management,0.8794,0.45719,624,,,,,,,,
IBN/NRIM,Banks - Regional,0.9311,0.4572,624,,,,,,,,
CII/MCN,Asset Management,0.9819,0.45721,624,,,,,,,,
ETO/IGI,Asset Management,0.8649,0.45722,624,,,,,,,,
HPS/IIF,Asset Management,0.8752,0.45723,624,,,,,,,,
CCBG/SBSI,Banks - Regional,0.872,0.45725,624,,,,,,,,
FORM/PLAB,Semiconductor Equipment & Materials,0.8184,0.45725,624,,,,,,,,
CHI/UTF,Asset Management,0.9678,0.45726,624,,,,,,,,
AAXJ/BBH,Unknown,0.8594,0.45726,624,,,,,,,,
SU/XOM,Oil & Gas Integrated,0.8441,0.45726,624,,,,,,,,
FCT/PAI,Asset Management,0.8477,0.45727,624,,,,,,,,
ATR/COO,Medical Instruments & Supplies,0.956,0.45729,624,,,,,,,,
BFC/CBFV,Banks - Regional,0.8501,0.45729,624,,,,,,,,
FNX/JSM,Unknown,0.9244,0.4573,624,,,,,,,,
CB/SAFT,Insurance - Property & Casualty,0.8816,0.45731,624,,,,,,,,
JEQ/JHS,Asset Management,0.9219,0.45732,624,,,,,,,,
ADX/ETV,Asset Management,0.9667,0.45734,624,,,,,,,,
PID/PYZ,Unknown,0.9425,0.45734,624,,,,,,,,
NMI/RNP,Asset Management,0.8571,0.45735,624,,,,,,,,
ASG/LGI,Asset Management,0.9585,0.45735,624,,,,,,,,
FRAF/WABC,Banks - Regional,0.8815,0.45735,624,,,,,,,,
HPI/PCN,Asset Management,0.9755,0.45736,624,,,,,,,,
FELE/RRX,Specialty Industrial Machinery,0.9645,0.45738,624,,,,,,,,
PHO/QQQ,Unknown,0.9893,0.45738,624,,,,,,,,
PKW/PUI,Unknown,0.953,0.4574,624,,,,,,,,
CAMT/NVMI,Semiconductor Equipment & Materials,0.9681,0.4574,624,,,,,,,,
GJH/WOOD,Unknown,0.9221,0.4574,624,,,,,,,,
BFC/BUSE,Banks - Regional,0.8088,0.45743,624,,,,,,,,
NPV/PFD,Asset Management,0.9184,0.45743,624,,,,,,,,
AGNC/LOAN,REIT - Mortgage,0.837,0.45744,624,,,,,,,,
ASH/SCL,Specialty Chemicals,0.8866,0.45744,624,,,,,,,,
OVBC/WAFD,Banks - Regional,0.8286,0.45744,624,,,,,,,,
ALRS/EBTC,Banks - Regional,0.8689,0.45746,624,,,,,,,,
CXE/NPV,Asset Management,0.8656,0.45746,624,,,,,,,,
MIN/MIY,Asset Management,0.9306,0.45746,624,,,,,,,,
NEE/TXNM,Utilities - Regulated Electric,0.9302,0.45747,624,,,,,,,,
FEX/KTH,Unknown,0.9538,0.45747,624,,,,,,,,
CVBF/HOMB,Banks - Regional,0.8946,0.45749,624,,,,,,,,
EFSC/ISBA,Banks - Regional,0.8851,0.45749,624,,,,,,,,
CARE/SBSI,Banks - Regional,0.8017,0.45749,624,,,,,,,,
EVG/IIF,Asset Management,0.9244,0.45749,624,,,,,,,,
ACWX/BBH,Unknown,0.8802,0.4575,624,,,,,,,,
FELE/GTLS,Specialty Industrial Machinery,0.8551,0.4575,624,,,,,,,,
ETY/SPXX,Asset Management,0.9842,0.45751,624,,,,,,,,
HDB/UBFO,Banks - Regional,0.8771,0.45751,624,,,,,,,,
CHE/ENSG,Medical Care Facilities,0.9285,0.45752,624,,,,,,,,
FAB/JSM,Unknown,0.9154,0.45753,624,,,,,,,,
EOS/TY,Asset Management,0.9768,0.45753,624,,,,,,,,
FRME/PFIS,Banks - Regional,0.9133,0.45754,624,,,,,,,,
PIO/SHY,Unknown,0.925,0.45754,624,,,,,,,,
HQH/JLS,Asset Management,0.8505,0.45754,624,,,,,,,,
BTA/DHF,Asset Management,0.9129,0.45755,624,,,,,,,,
ACNB/FULT,Banks - Regional,0.9355,0.45755,624,,,,,,,,
AGD/NVG,Asset Management,0.8278,0.45755,624,,,,,,,,
HQH/MHD,Asset Management,0.836,0.45755,624,,,,,,,,
CGO/MPA,Asset Management,0.8887,0.45756,624,,,,,,,,
MPB/NBTB,Banks - Regional,0.9479,0.45756,624,,,,,,,,
CFR/LARK,Banks - Regional,0.8464,0.45757,624,,,,,,,,
MAV/PMF,Asset Management,0.8585,0.45757,624,,,,,,,,
NXP/RFI,Asset Management,0.9431,0.45757,624,,,,,,,,
BGY/USA,Asset Management,0.9644,0.45757,624,,,,,,,,
BVFL/SMBC,Banks - Regional,0.8084,0.45758,624,,,,,,,,
AAXJ/PIZ,Unknown,0.9134,0.45758,624,,,,,,,,
BME/GDV,Asset Management,0.9599,0.45759,624,,,,,,,,
BTO/CNS,Asset Management,0.8924,0.45759,624,,,,,,,,
GF/NIM,Asset Management,0.8554,0.4576,624,,,,,,,,
UNB/VABK,Banks - Regional,0.8319,0.4576,624,,,,,,,,
OZK/PEBK,Banks - Regional,0.8529,0.45761,624,,,,,,,,
HIO/NPV,Asset Management,0.8546,0.45761,624,,,,,,,,
EXC/OGE,Utilities - Regulated Electric,0.8741,0.45762,624,,,,,,,,
NFJ/PNNT,Asset Management,0.8947,0.45762,624,,,,,,,,
QTEC/SHY,Unknown,0.9395,0.45764,624,,,,,,,,
KTN/SCZ,Unknown,0.9566,0.45767,624,,,,,,,,
CII/SPXX,Asset Management,0.984,0.45767,624,,,,,,,,
IGF/PRFZ,Unknown,0.9685,0.45768,624,,,,,,,,
HQL/VPV,Asset Management,0.8713,0.45768,624,,,,,,,,
BCBP/NBTB,Banks - Regional,0.8333,0.45769,624,,,,,,,,
EHI/MUC,Asset Management,0.8749,0.4577,624,,,,,,,,
PCF/RCS,Asset Management,0.8477,0.4577,624,,,,,,,,
BOE/VBF,Asset Management,0.8781,0.4577,624,,,,,,,,
HBAN/OSBC,Banks - Regional,0.9449,0.4577,624,,,,,,,,
GLAD/PDT,Asset Management,0.853,0.4577,624,,,,,,,,
COLB/TOWN,Banks - Regional,0.8182,0.4577,624,,,,,,,,
EXG/PPT,Asset Management,0.8992,0.4577,624,,,,,,,,
CBSH/SSB,Banks - Regional,0.8842,0.45771,624,,,,,,,,
PDS/RIG,Oil & Gas Drilling,0.8562,0.45771,624,,,,,,,,
FLC/PNF,Asset Management,0.8425,0.45771,624,,,,,,,,
BLK/SEIC,Asset Management,0.8875,0.45771,624,,,,,,,,
AIA/GJH,Unknown,0.8963,0.45773,624,,,,,,,,
OSBC/UVSP,Banks - Regional,0.9235,0.45774,624,,,,,,,,
CNS/GAB,Asset Management,0.9432,0.45774,624,,,,,,,,
CI/MOH,Healthcare Plans,0.9304,0.45776,624,,,,,,,,
IGR/MMU,Asset Management,0.8247,0.45777,624,,,,,,,,
NAZ/PML,Asset Management,0.8759,0.45777,624,,,,,,,,
AVAV/VSEC,Aerospace & Defense,0.8406,0.45779,624,,,,,,,,
FTI/OII,Oil & Gas Equipment & Services,0.8828,0.45779,624,,,,,,,,
BPOPM/PEZ,Unknown,0.896,0.4578,624,,,,,,,,
HTD/TSI,Asset Management,0.9586,0.45781,624,,,,,,,,
HTD/NZF,Asset Management,0.9169,0.45783,624,,,,,,,,
GAB/JEQ,Asset Management,0.8872,0.45784,624,,,,,,,,
NAD/PCK,Asset Management,0.8411,0.45784,624,,,,,,,,
ANSS/PAR,Software - Application,0.9294,0.45785,624,,,,,,,,
MAIN/PNNT,Asset Management,0.9296,0.45785,624,,,,,,,,
FAD/IGSB,Unknown,0.9663,0.45785,624,,,,,,,,
NECB/RBCAA,Banks - Regional,0.9284,0.45787,624,,,,,,,,
CFFI/FITB,Banks - Regional,0.8689,0.45788,624,,,,,,,,
DSU/VVR,Asset Management,0.9847,0.45788,624,,,,,,,,
ICFI/VRSK,Consulting Services,0.9347,0.45789,624,,,,,,,,
PDP/PTH,Unknown,0.9453,0.45789,624,,,,,,,,
BLW/NMZ,Asset Management,0.894,0.45789,624,,,,,,,,
GAIN/JOF,Asset Management,0.8129,0.4579,624,,,,,,,,
JFR/RVT,Asset Management,0.9503,0.4579,624,,,,,,,,
BANF/SMBK,Banks - Regional,0.9031,0.4579,624,,,,,,,,
CAG/GIS,Packaged Foods,0.8544,0.4579,624,,,,,,,,
NFJ/STT,Asset Management,0.8578,0.45791,624,,,,,,,,
BXMX/EOT,Asset Management,0.8252,0.45792,624,,,,,,,,
LKFN/OZK,Banks - Regional,0.8258,0.45793,624,,,,,,,,
PCN/SBI,Asset Management,0.8658,0.45794,624,,,,,,,,
CZFS/WTBA,Banks - Regional,0.8681,0.45795,624,,,,,,,,
CNP/EXC,Utilities - Regulated Electric,0.8921,0.45795,624,,,,,,,,
FYX/IJT,Unknown,0.9924,0.45795,624,,,,,,,,
JPC/PNF,Asset Management,0.8129,0.45795,624,,,,,,,,
ARTNA/YORW,Utilities - Regulated Water,0.9208,0.45795,624,,,,,,,,
JSM/PUI,Unknown,0.9351,0.45797,624,,,,,,,,
FCNCA/SRCE,Banks - Regional,0.811,0.45797,624,,,,,,,,
GAB/VLT,Asset Management,0.952,0.45798,624,,,,,,,,
STT/VLT,Asset Management,0.8512,0.458,624,,,,,,,,
HOMB/UNTY,Banks - Regional,0.8784,0.458,624,,,,,,,,
EVG/MYI,Asset Management,0.841,0.45801,624,,,,,,,,
IEI/IGIB,Unknown,0.9679,0.45801,624,,,,,,,,
FCFS/NNI,Credit Services,0.9031,0.45801,624,,,,,,,,
CARE/HBCP,Banks - Regional,0.8479,0.45801,624,,,,,,,,
PFG/PIM,Asset Management,0.8003,0.45802,624,,,,,,,,
HPI/PTY,Asset Management,0.9593,0.45802,624,,,,,,,,
IGR/NQP,Asset Management,0.9123,0.45802,624,,,,,,,,
ADUS/UHS,Medical Care Facilities,0.8169,0.45802,624,,,,,,,,
ARCC/STK,Asset Management,0.983,0.45802,624,,,,,,,,
CBAN/PKBK,Banks - Regional,0.9484,0.45802,624,,,,,,,,
BAC/BMO,Banks - Diversified,0.9449,0.45804,624,,,,,,,,
JRS/RJF,Asset Management,0.8649,0.45804,624,,,,,,,,
EHI/NXJ,Asset Management,0.9546,0.45805,624,,,,,,,,
LCII/MPX,Recreational Vehicles,0.8269,0.45805,624,,,,,,,,
FITB/NBN,Banks - Regional,0.8488,0.45805,624,,,,,,,,
EFT/JLS,Asset Management,0.8967,0.45806,624,,,,,,,,
CCBG/FBIZ,Banks - Regional,0.9078,0.45806,624,,,,,,,,
FAB/PYT,Unknown,0.9391,0.45807,624,,,,,,,,
CCBG/UVSP,Banks - Regional,0.8698,0.45808,624,,,,,,,,
CNS/HIX,Asset Management,0.9104,0.45808,624,,,,,,,,
HPF/VGM,Asset Management,0.918,0.45808,624,,,,,,,,
UMBF/WTFC,Banks - Regional,0.9478,0.45809,624,,,,,,,,
DHF/PFD,Asset Management,0.8832,0.45809,624,,,,,,,,
JHI/USA,Asset Management,0.9354,0.45811,624,,,,,,,,
ETG/PPT,Asset Management,0.8956,0.45811,624,,,,,,,,
QCRH/SHBI,Banks - Regional,0.8315,0.45813,624,,,,,,,,
CATY/ONB,Banks - Regional,0.9585,0.45813,624,,,,,,,,
ETW/STK,Asset Management,0.9225,0.45813,624,,,,,,,,
HIFS/UCB,Banks - Regional,0.9115,0.45813,624,,,,,,,,
CAF/MHN,Asset Management,0.8135,0.45814,624,,,,,,,,
HBCP/OZK,Banks - Regional,0.8635,0.45814,624,,,,,,,,
CNS/IQI,Asset Management,0.8203,0.45814,624,,,,,,,,
BYM/HIX,Asset Management,0.9065,0.45815,624,,,,,,,,
IBB/VGIT,Unknown,0.8758,0.45816,624,,,,,,,,
HFBL/UBCP,Banks - Regional,0.9041,0.45816,624,,,,,,,,
BX/CSWC,Asset Management,0.962,0.45816,624,,,,,,,,
TFSL/WBS,Banks - Regional,0.8473,0.45817,624,,,,,,,,
DDT/SMH,Unknown,0.9113,0.45819,624,,,,,,,,
FHN/TCBK,Banks - Regional,0.9021,0.4582,624,,,,,,,,
BDJ/IGA,Asset Management,0.977,0.4582,624,,,,,,,,
BCML/SBCF,Banks - Regional,0.8728,0.4582,624,,,,,,,,
CIF/NKX,Asset Management,0.9168,0.45821,624,,,,,,,,
BCBP/TRST,Banks - Regional,0.8092,0.45823,624,,,,,,,,
EFR/PFN,Asset Management,0.9309,0.45823,624,,,,,,,,
AIA/VCLT,Unknown,0.8985,0.45823,624,,,,,,,,
PEZ/SHY,Unknown,0.9072,0.45823,624,,,,,,,,
BBH/PHO,Unknown,0.8441,0.45824,624,,,,,,,,
MYI/NRK,Asset Management,0.9786,0.45824,624,,,,,,,,
KO/PRMB,Beverages - Non-Alcoholic,0.8425,0.45824,624,,,,,,,,
KEY/SRCE,Banks - Regional,0.8956,0.45824,624,,,,,,,,
LKFN/RBCAA,Banks - Regional,0.9047,0.45824,624,,,,,,,,
JPC/STK,Asset Management,0.8533,0.45826,624,,,,,,,,
CHI/ETG,Asset Management,0.9821,0.45826,624,,,,,,,,
IPB/PUI,Unknown,0.9638,0.45827,624,,,,,,,,
BGT/MCI,Asset Management,0.9623,0.45829,624,,,,,,,,
FAB/IPB,Unknown,0.9259,0.45829,624,,,,,,,,
BELFA/LYTS,Electronic Components,0.8642,0.45829,624,,,,,,,,
BME/MYI,Asset Management,0.8969,0.4583,624,,,,,,,,
AAON/SPXC,Building Products & Equipment,0.9685,0.45831,624,,,,,,,,
ARCC/RQI,Asset Management,0.9377,0.45833,624,,,,,,,,
FRME/HFBL,Banks - Regional,0.9132,0.45833,624,,,,,,,,
SFNC/UCB,Banks - Regional,0.8589,0.45834,624,,,,,,,,
CFR/LCNB,Banks - Regional,0.8483,0.45835,624,,,,,,,,
IGD/MCI,Asset Management,0.9236,0.45835,624,,,,,,,,
IBCP/UBCP,Banks - Regional,0.8715,0.45836,624,,,,,,,,
IGR/VLT,Asset Management,0.9322,0.45836,624,,,,,,,,
NXC/TROW,Asset Management,0.8489,0.45837,624,,,,,,,,
GCBC/PFIS,Banks - Regional,0.8601,0.45837,624,,,,,,,,
COFS/ZIONP,Banks - Regional,0.9205,0.45838,624,,,,,,,,
CBSH/TFSL,Banks - Regional,0.9096,0.45838,624,,,,,,,,
PFBC/RNST,Banks - Regional,0.843,0.45838,624,,,,,,,,
COFS/TRST,Banks - Regional,0.8296,0.45838,624,,,,,,,,
FMY/LGI,Asset Management,0.9173,0.45839,624,,,,,,,,
CHCO/GABC,Banks - Regional,0.9114,0.45839,624,,,,,,,,
NBN/SRCE,Banks - Regional,0.823,0.4584,624,,,,,,,,
FMY/PFL,Asset Management,0.928,0.4584,624,,,,,,,,
BME/GAM,Asset Management,0.9098,0.45841,624,,,,,,,,
HOMB/SBCF,Banks - Regional,0.8631,0.45842,624,,,,,,,,
BBH/BND,Unknown,0.9037,0.45843,624,,,,,,,,
LARK/UBSI,Banks - Regional,0.8937,0.45844,624,,,,,,,,
RNP/SPXX,Asset Management,0.9773,0.45844,624,,,,,,,,
ETB/NXN,Asset Management,0.9032,0.45845,624,,,,,,,,
CARE/PGC,Banks - Regional,0.8751,0.45845,624,,,,,,,,
MCN/WIW,Asset Management,0.8471,0.45845,624,,,,,,,,
BLW/EOS,Asset Management,0.9804,0.45847,624,,,,,,,,
TOWN/ZIONP,Banks - Regional,0.8919,0.45847,624,,,,,,,,
EBMT/OPOF,Banks - Regional,0.8314,0.45848,624,,,,,,,,
EOD/NFJ,Asset Management,0.9658,0.45848,624,,,,,,,,
IEI/PYT,Unknown,0.8655,0.45849,624,,,,,,,,
BKT/GDO,Asset Management,0.9298,0.45849,624,,,,,,,,
LMAT/MMSI,Medical Instruments & Supplies,0.9581,0.45852,624,,,,,,,,
BRKL/CHMG,Banks - Regional,0.8306,0.45853,624,,,,,,,,
PFN/QQQX,Asset Management,0.9751,0.45853,624,,,,,,,,
HOMB/MBCN,Banks - Regional,0.9122,0.45854,624,,,,,,,,
BHK/MHI,Asset Management,0.8512,0.45854,624,,,,,,,,
CGO/NXC,Asset Management,0.8479,0.45854,624,,,,,,,,
BFZ/NKX,Asset Management,0.9564,0.45854,624,,,,,,,,
CGO/FFC,Asset Management,0.9173,0.45855,624,,,,,,,,
FTA/GRID,Unknown,0.9524,0.45855,624,,,,,,,,
SOR/TSI,Asset Management,0.9557,0.45855,624,,,,,,,,
TSBK/WTBA,Banks - Regional,0.9095,0.45855,624,,,,,,,,
AME/NDSN,Specialty Industrial Machinery,0.9649,0.45855,624,,,,,,,,
AFB/WIA,Asset Management,0.8781,0.45856,624,,,,,,,,
PGR/RLI,Insurance - Property & Casualty,0.9398,0.45856,624,,,,,,,,
EEA/GOF,Asset Management,0.9475,0.45856,624,,,,,,,,
PROV/RNST,Banks - Regional,0.8775,0.45856,624,,,,,,,,
AAXJ/GJS,Unknown,0.8232,0.45858,624,,,,,,,,
GBCI/SYBT,Banks - Regional,0.9294,0.45859,624,,,,,,,,
PCF/PNNT,Asset Management,0.8492,0.4586,624,,,,,,,,
ACNB/BOTJ,Banks - Regional,0.8648,0.45861,624,,,,,,,,
FAD/PFF,Unknown,0.9386,0.45861,624,,,,,,,,
NECB/WTFC,Banks - Regional,0.8941,0.45862,624,,,,,,,,
FMAO/WTBA,Banks - Regional,0.8421,0.45862,624,,,,,,,,
DHF/MHN,Asset Management,0.8279,0.45863,624,,,,,,,,
GBCI/NWBI,Banks - Regional,0.8931,0.45864,624,,,,,,,,
CFR/CTBI,Banks - Regional,0.9303,0.45864,624,,,,,,,,
AWP/JFR,Asset Management,0.8883,0.45866,624,,,,,,,,
GAB/HPS,Asset Management,0.9279,0.45866,624,,,,,,,,
EFSC/OVBC,Banks - Regional,0.8541,0.45866,624,,,,,,,,
NMT/WEA,Asset Management,0.8953,0.45868,624,,,,,,,,
BRW/HTD,Asset Management,0.9221,0.45869,624,,,,,,,,
CBAN/WSFS,Banks - Regional,0.9374,0.4587,624,,,,,,,,
HTGC/IIF,Asset Management,0.9291,0.4587,624,,,,,,,,
FTA/VGSH,Unknown,0.884,0.45871,624,,,,,,,,
HBCP/ZION,Banks - Regional,0.9187,0.45872,624,,,,,,,,
CNOB/UVSP,Banks - Regional,0.9308,0.45873,624,,,,,,,,
PMM/RNP,Asset Management,0.9243,0.45875,624,,,,,,,,
EBMT/TRST,Banks - Regional,0.851,0.45875,624,,,,,,,,
GCV/GRX,Asset Management,0.9469,0.45875,624,,,,,,,,
BX/EOI,Asset Management,0.9663,0.45876,624,,,,,,,,
OSBC/WTFC,Banks - Regional,0.9357,0.45877,624,,,,,,,,
CHY/WIA,Asset Management,0.9202,0.45877,624,,,,,,,,
FEX/IGSB,Unknown,0.9526,0.45878,624,,,,,,,,
EBMT/MTB,Banks - Regional,0.8273,0.45879,624,,,,,,,,
EFT/LGI,Asset Management,0.9568,0.4588,624,,,,,,,,
EOI/TY,Asset Management,0.9665,0.4588,624,,,,,,,,
EVT/PIM,Asset Management,0.9135,0.4588,624,,,,,,,,
HFBL/MPB,Banks - Regional,0.9003,0.45881,624,,,,,,,,
EHI/NZF,Asset Management,0.9423,0.45881,624,,,,,,,,
NXN/TY,Asset Management,0.9162,0.45882,624,,,,,,,,
FMBH/LCNB,Banks - Regional,0.8746,0.45882,624,,,,,,,,
MHI/NOM,Asset Management,0.831,0.45884,624,,,,,,,,
BBH/VMBS,Unknown,0.8811,0.45884,624,,,,,,,,
CBAN/MTB,Banks - Regional,0.9188,0.45885,624,,,,,,,,
PID/SHY,Unknown,0.8133,0.45885,624,,,,,,,,
BGY/MFIC,Asset Management,0.8927,0.45885,624,,,,,,,,
HQL/MUA,Asset Management,0.8922,0.45885,624,,,,,,,,
GAB/JFR,Asset Management,0.9467,0.45887,624,,,,,,,,
PCF/RFI,Asset Management,0.9652,0.45888,624,,,,,,,,
CHW/PPT,Asset Management,0.9279,0.45889,624,,,,,,,,
HBCP/UMBF,Banks - Regional,0.9162,0.4589,624,,,,,,,,
DUK/IDA,Utilities - Regulated Electric,0.9602,0.4589,624,,,,,,,,
ASRV/SSBI,Banks - Regional,0.8117,0.4589,624,,,,,,,,
BRKL/HFWA,Banks - Regional,0.9418,0.4589,624,,,,,,,,
CAG/JBSS,Packaged Foods,0.8378,0.45891,624,,,,,,,,
AX/TBBK,Banks - Regional,0.8047,0.45891,624,,,,,,,,
DNP/RNP,Asset Management,0.9567,0.45892,624,,,,,,,,
VABK/WAL,Banks - Regional,0.8586,0.45893,624,,,,,,,,
EHI/NMT,Asset Management,0.8702,0.45895,624,,,,,,,,
ABEO/SNGX,Biotechnology,0.844,0.45896,624,,,,,,,,
PMM/RQI,Asset Management,0.9258,0.45897,624,,,,,,,,
GRX/MQT,Asset Management,0.9163,0.45897,624,,,,,,,,
FRME/FXNC,Banks - Regional,0.8659,0.45897,624,,,,,,,,
EOT/GF,Asset Management,0.8434,0.45897,624,,,,,,,,
MHI/PMX,Asset Management,0.8859,0.45898,624,,,,,,,,
HES/TPL,Oil & Gas E&P,0.8251,0.45899,624,,,,,,,,
BNY/PYN,Asset Management,0.9105,0.45899,624,,,,,,,,
GRX/PTY,Asset Management,0.9377,0.45899,624,,,,,,,,
HPS/IFN,Asset Management,0.905,0.45899,624,,,,,,,,
ALL/MKL,Insurance - Property & Casualty,0.9548,0.45901,624,,,,,,,,
HIG/TRV,Insurance - Property & Casualty,0.9836,0.45903,624,,,,,,,,
HIFS/UNTY,Banks - Regional,0.8475,0.45903,624,,,,,,,,
GRX/JCE,Asset Management,0.9352,0.45903,624,,,,,,,,
TROW/VRTS,Asset Management,0.8269,0.45904,624,,,,,,,,
DHF/PMO,Asset Management,0.8892,0.45908,624,,,,,,,,
GDL/PCF,Asset Management,0.9567,0.4591,624,,,,,,,,
NKX/PNF,Asset Management,0.8756,0.4591,624,,,,,,,,
AMSF/EIG,Insurance - Specialty,0.938,0.4591,624,,,,,,,,
HDB/LKFN,Banks - Regional,0.9316,0.4591,624,,,,,,,,
PNNT/UTF,Asset Management,0.8372,0.45911,624,,,,,,,,
CZFS/FMBH,Banks - Regional,0.8131,0.45912,624,,,,,,,,
KEY/MNSB,Banks - Regional,0.8668,0.45913,624,,,,,,,,
JHI/PFN,Asset Management,0.9552,0.45913,624,,,,,,,,
EXG/FT,Asset Management,0.9795,0.45915,624,,,,,,,,
LNC/PUK,Insurance - Life,0.845,0.45915,624,,,,,,,,
EHI/WIW,Asset Management,0.937,0.45915,624,,,,,,,,
BTZ/JRS,Asset Management,0.9258,0.45916,624,,,,,,,,
ETY/TY,Asset Management,0.9711,0.45917,624,,,,,,,,
PHO/PKW,Unknown,0.9857,0.45917,624,,,,,,,,
GABC/TFSL,Banks - Regional,0.8893,0.45918,624,,,,,,,,
PFBC/USB,Banks - Regional,0.8779,0.45918,624,,,,,,,,
CFR/EWBC,Banks - Regional,0.9601,0.45919,624,,,,,,,,
CARE/UNB,Banks - Regional,0.8414,0.45919,624,,,,,,,,
JNJ/MRK,Drug Manufacturers - General,0.9091,0.45919,624,,,,,,,,
CIVB/UBCP,Banks - Regional,0.8988,0.45919,624,,,,,,,,
HQL/NMT,Asset Management,0.822,0.45922,624,,,,,,,,
GRX/MYI,Asset Management,0.9239,0.45922,624,,,,,,,,
PRFZ/QQEW,Unknown,0.9782,0.45922,624,,,,,,,,
BRW/CNS,Asset Management,0.875,0.45922,624,,,,,,,,
RQI/VLT,Asset Management,0.9666,0.45923,624,,,,,,,,
AIA/FYX,Unknown,0.8865,0.45924,624,,,,,,,,
BOKF/PNFP,Banks - Regional,0.9415,0.45926,624,,,,,,,,
H/IHG,Lodging,0.9518,0.45926,624,,,,,,,,
AUB/SFNC,Banks - Regional,0.8939,0.45926,624,,,,,,,,
CCRD/PEGA,Software - Application,0.8333,0.45926,624,,,,,,,,
ETB/GDO,Asset Management,0.9231,0.45927,624,,,,,,,,
PCF/SCD,Asset Management,0.9212,0.45928,624,,,,,,,,
BFK/HPF,Asset Management,0.8593,0.45928,624,,,,,,,,
ODFL/SAIA,Trucking,0.9712,0.45929,624,,,,,,,,
MU/TSM,Semiconductors,0.9334,0.45929,624,,,,,,,,
MSD/VMO,Asset Management,0.8671,0.45929,624,,,,,,,,
OVBC/THFF,Banks - Regional,0.8264,0.45929,624,,,,,,,,
BME/DNP,Asset Management,0.9578,0.45929,624,,,,,,,,
VGLT/VMBS,Unknown,0.9195,0.45931,624,,,,,,,,
JEQ/PFN,Asset Management,0.9429,0.45931,624,,,,,,,,
MMT/VTN,Asset Management,0.8665,0.45932,624,,,,,,,,
HTBK/NBTB,Banks - Regional,0.8677,0.45933,624,,,,,,,,
EOD/EOI,Asset Management,0.9682,0.45933,624,,,,,,,,
EVT/MCN,Asset Management,0.9639,0.45933,624,,,,,,,,
CATY/CCBG,Banks - Regional,0.9235,0.45934,624,,,,,,,,
PID/QQXT,Unknown,0.9267,0.45937,624,,,,,,,,
RJF/RNP,Asset Management,0.9328,0.45938,624,,,,,,,,
CBU/TSBK,Banks - Regional,0.916,0.45938,624,,,,,,,,
DTE/WEC,Utilities - Regulated Electric,0.9813,0.45939,624,,,,,,,,
CATY/USB,Banks - Regional,0.924,0.45939,624,,,,,,,,
HOMB/WAFD,Banks - Regional,0.9114,0.45939,624,,,,,,,,
FRST/TRMK,Banks - Regional,0.8411,0.4594,624,,,,,,,,
CAF/PNF,Asset Management,0.8823,0.4594,624,,,,,,,,
ABCB/WSBF,Banks - Regional,0.8993,0.45941,624,,,,,,,,
FFA/QQQX,Asset Management,0.9819,0.45942,624,,,,,,,,
CBU/THFF,Banks - Regional,0.9216,0.45943,624,,,,,,,,
EOD/PHD,Asset Management,0.9521,0.45943,624,,,,,,,,
CARE/MOFG,Banks - Regional,0.8844,0.45943,624,,,,,,,,
BME/PFL,Asset Management,0.9594,0.45944,624,,,,,,,,
FNX/PHO,Unknown,0.9845,0.45946,624,,,,,,,,
BRW/MCR,Asset Management,0.8821,0.45947,624,,,,,,,,
JRS/NQP,Asset Management,0.9171,0.45949,624,,,,,,,,
BLW/FCT,Asset Management,0.9783,0.45949,624,,,,,,,,
PFBC/VABK,Banks - Regional,0.9359,0.4595,624,,,,,,,,
FAB/PRN,Unknown,0.9648,0.4595,624,,,,,,,,
CHKP/VRSN,Software - Infrastructure,0.8644,0.4595,624,,,,,,,,
HPF/WEA,Asset Management,0.9614,0.4595,624,,,,,,,,
COHR/NOVT,Scientific & Technical Instruments,0.8307,0.45952,624,,,,,,,,
GCBC/RBCAA,Banks - Regional,0.8881,0.45952,624,,,,,,,,
IEX/NDSN,Specialty Industrial Machinery,0.9824,0.45953,624,,,,,,,,
STBA/WTBA,Banks - Regional,0.8549,0.45953,624,,,,,,,,
FNX/VGSH,Unknown,0.9052,0.45955,624,,,,,,,,
ONEQ/SHV,Unknown,0.9356,0.45955,624,,,,,,,,
FMAO/GABC,Banks - Regional,0.8681,0.45955,624,,,,,,,,
PDT/VPV,Asset Management,0.925,0.45957,624,,,,,,,,
GCBC/SBSI,Banks - Regional,0.8021,0.45958,624,,,,,,,,
SHBI/TOWN,Banks - Regional,0.8898,0.45958,624,,,,,,,,
CGO/NZF,Asset Management,0.9167,0.45959,624,,,,,,,,
ETV/IGI,Asset Management,0.8852,0.45959,624,,,,,,,,
ALRS/BFC,Banks - Regional,0.8057,0.45959,624,,,,,,,,
FYX/IGSB,Unknown,0.9298,0.4596,624,,,,,,,,
ECL/RPM,Specialty Chemicals,0.9405,0.4596,624,,,,,,,,
CXH/JMM,Asset Management,0.9498,0.45961,624,,,,,,,,
DVY/QTEC,Unknown,0.9479,0.45962,624,,,,,,,,
DLX/NNBR,Conglomerates,0.8165,0.45964,624,,,,,,,,
PSEC/RVT,Asset Management,0.8971,0.45964,624,,,,,,,,
AXS/FNF,Insurance - Specialty,0.9164,0.45964,624,,,,,,,,
ACGL/ESGR,Insurance - Diversified,0.9061,0.45966,624,,,,,,,,
AGD/PMM,Asset Management,0.8242,0.45967,624,,,,,,,,
CCBG/IBOC,Banks - Regional,0.9578,0.45967,624,,,,,,,,
CASH/UBCP,Banks - Regional,0.9081,0.45968,624,,,,,,,,
CII/PSEC,Asset Management,0.8859,0.45968,624,,,,,,,,
PFN/SPE,Asset Management,0.9366,0.45969,624,,,,,,,,
FOF/GDL,Asset Management,0.9661,0.4597,624,,,,,,,,
ABCB/FMAO,Banks - Regional,0.8421,0.4597,624,,,,,,,,
BGT/MCR,Asset Management,0.8811,0.45971,624,,,,,,,,
CAG/HRL,Packaged Foods,0.8908,0.45972,624,,,,,,,,
AGD/JPC,Asset Management,0.8602,0.45972,624,,,,,,,,
EFR/PCM,Asset Management,0.8888,0.45974,624,,,,,,,,
OTEX/SPNS,Software - Application,0.8402,0.45974,624,,,,,,,,
MAIN/VVR,Asset Management,0.9733,0.45977,624,,,,,,,,
BANF/RF,Banks - Regional,0.9551,0.45978,624,,,,,,,,
GATX/R,Rental & Leasing Services,0.8889,0.45979,624,,,,,,,,
IGR/NAD,Asset Management,0.9073,0.45979,624,,,,,,,,
JFR/NIE,Asset Management,0.9353,0.45979,624,,,,,,,,
BANR/WAFD,Banks - Regional,0.9463,0.4598,624,,,,,,,,
MIDD/NDSN,Specialty Industrial Machinery,0.8093,0.45981,624,,,,,,,,
HRL/MKC,Packaged Foods,0.9264,0.45981,624,,,,,,,,
CVBF/EWBC,Banks - Regional,0.8673,0.45982,624,,,,,,,,
ETB/NAD,Asset Management,0.8989,0.45984,624,,,,,,,,
PFL/PHD,Asset Management,0.9392,0.45984,624,,,,,,,,
DDT/PTF,Unknown,0.9261,0.45985,624,,,,,,,,
FCF/THFF,Banks - Regional,0.958,0.45985,624,,,,,,,,
EFT/ETO,Asset Management,0.9549,0.45985,624,,,,,,,,
AWP/CHN,Asset Management,0.8025,0.45985,624,,,,,,,,
HOMB/SRCE,Banks - Regional,0.941,0.45985,624,,,,,,,,
NIM/RQI,Asset Management,0.915,0.45989,624,,,,,,,,
DHIL/JFR,Asset Management,0.8502,0.4599,624,,,,,,,,
FBNC/HTBK,Banks - Regional,0.8873,0.45991,624,,,,,,,,
EOD/JFR,Asset Management,0.941,0.45992,624,,,,,,,,
PFI/VCIT,Unknown,0.9066,0.45992,624,,,,,,,,
INDB/ISBA,Banks - Regional,0.8026,0.45992,624,,,,,,,,
ETG/RFI,Asset Management,0.9693,0.45993,624,,,,,,,,
HFWA/UBCP,Banks - Regional,0.8319,0.45993,624,,,,,,,,
OPOF/PEBO,Banks - Regional,0.8264,0.45994,624,,,,,,,,
ETJ/JMM,Asset Management,0.9103,0.45994,624,,,,,,,,
BME/FHI,Asset Management,0.9004,0.45994,624,,,,,,,,
AWF/JRS,Asset Management,0.9353,0.45995,624,,,,,,,,
LECO/TKR,Tools & Accessories,0.947,0.45995,624,,,,,,,,
NCA/NVG,Asset Management,0.9395,0.45995,624,,,,,,,,
NBTB/WABC,Banks - Regional,0.8774,0.45995,624,,,,,,,,
BOE/PAI,Asset Management,0.831,0.45996,624,,,,,,,,
BFC/PNFP,Banks - Regional,0.8869,0.45998,624,,,,,,,,
FT/GUT,Asset Management,0.8282,0.45998,624,,,,,,,,
OCSL/SCD,Asset Management,0.8256,0.45999,624,,,,,,,,
ED/TXNM,Utilities - Regulated Electric,0.9336,0.45999,624,,,,,,,,
AOD/EOS,Asset Management,0.98,0.46,624,,,,,,,,
LCNB/UBFO,Banks - Regional,0.8419,0.46,624,,,,,,,,
FMY/TY,Asset Management,0.9251,0.46,624,,,,,,,,
ETB/RVT,Asset Management,0.9731,0.46001,624,,,,,,,,
CCNE/FNB,Banks - Regional,0.8015,0.46002,624,,,,,,,,
MPV/NIE,Asset Management,0.9267,0.46003,624,,,,,,,,
HBCP/KEY,Banks - Regional,0.9082,0.46003,624,,,,,,,,
HQH/NCA,Asset Management,0.9071,0.46004,624,,,,,,,,
JPC/PMX,Asset Management,0.8539,0.46004,624,,,,,,,,
EOT/SOR,Asset Management,0.8067,0.46005,624,,,,,,,,
SEIC/USA,Asset Management,0.8718,0.46006,624,,,,,,,,
JFR/PCN,Asset Management,0.9198,0.46007,624,,,,,,,,
DCOM/TFSL,Banks - Regional,0.8073,0.46008,624,,,,,,,,
EOS/JEQ,Asset Management,0.9104,0.46009,624,,,,,,,,
MMT/MMU,Asset Management,0.8537,0.4601,624,,,,,,,,
PCH/RYN,REIT - Specialty,0.8749,0.4601,624,,,,,,,,
GUT/PTY,Asset Management,0.8012,0.4601,624,,,,,,,,
CIVB/GBCI,Banks - Regional,0.9304,0.46011,624,,,,,,,,
JOF/NXP,Asset Management,0.8824,0.46011,624,,,,,,,,
HDB/PNC,Banks - Regional,0.9274,0.46011,624,,,,,,,,
AIT/FAST,Industrial Distribution,0.948,0.46012,624,,,,,,,,
HPQ/LOGI,Computer Hardware,0.8748,0.46012,624,,,,,,,,
IUSV/VCSH,Unknown,0.9372,0.46013,624,,,,,,,,
CBT/WLK,Specialty Chemicals,0.916,0.46015,624,,,,,,,,
BMY/GILD,Drug Manufacturers - General,0.8144,0.46016,624,,,,,,,,
FYX/PEZ,Unknown,0.9779,0.46016,624,,,,,,,,
LGI/OIA,Asset Management,0.8784,0.46016,624,,,,,,,,
FCBC/TSBK,Banks - Regional,0.9469,0.46016,624,,,,,,,,
BLW/TY,Asset Management,0.9819,0.46018,624,,,,,,,,
ETW/PHD,Asset Management,0.9388,0.46018,624,,,,,,,,
LKFN/PNFP,Banks - Regional,0.9403,0.46019,624,,,,,,,,
MSD/NMZ,Asset Management,0.8831,0.46019,624,,,,,,,,
CAF/DSM,Asset Management,0.8502,0.46019,624,,,,,,,,
FSFG/UNTY,Banks - Regional,0.908,0.46021,624,,,,,,,,
FOF/JHI,Asset Management,0.9464,0.46021,624,,,,,,,,
IDCC/MSTR,Software - Application,0.8842,0.46022,624,,,,,,,,
MIY/PCQ,Asset Management,0.8479,0.46022,624,,,,,,,,
BLW/PMM,Asset Management,0.9037,0.46023,624,,,,,,,,
CASH/MGYR,Banks - Regional,0.8937,0.46023,624,,,,,,,,
CII/ETB,Asset Management,0.9698,0.46025,624,,,,,,,,
MPV/NXP,Asset Management,0.8526,0.46026,624,,,,,,,,
IGF/PNQI,Unknown,0.8693,0.46026,624,,,,,,,,
SHBI/TFC,Banks - Regional,0.8923,0.46027,624,,,,,,,,
BUSE/TCBI,Banks - Regional,0.8196,0.46028,624,,,,,,,,
SNV/UCB,Banks - Regional,0.9312,0.46028,624,,,,,,,,
CFFI/QCRH,Banks - Regional,0.9157,0.46029,624,,,,,,,,
FRME/MTB,Banks - Regional,0.9536,0.4603,624,,,,,,,,
GGG/ROK,Specialty Industrial Machinery,0.9809,0.4603,624,,,,,,,,
ASB/TRST,Banks - Regional,0.9211,0.46031,624,,,,,,,,
IGR/PMO,Asset Management,0.9025,0.46032,624,,,,,,,,
FDBC/UCB,Banks - Regional,0.8307,0.46032,624,,,,,,,,
EXLS/MGIC,Information Technology Services,0.8078,0.46032,624,,,,,,,,
AORT/SRDX,Medical Devices,0.8638,0.46032,624,,,,,,,,
AIA/QCLN,Unknown,0.8176,0.46033,624,,,,,,,,
EOD/FFA,Asset Management,0.9682,0.46034,624,,,,,,,,
BN/CHI,Asset Management,0.9632,0.46035,624,,,,,,,,
BFC/CATY,Banks - Regional,0.9014,0.46035,624,,,,,,,,
DIOD/VSH,Semiconductors,0.8416,0.46037,624,,,,,,,,
AMP/ETY,Asset Management,0.9643,0.46039,624,,,,,,,,
JBK/VCSH,Unknown,0.9782,0.46039,624,,,,,,,,
EOI/IFN,Asset Management,0.9656,0.4604,624,,,,,,,,
BME/GF,Asset Management,0.8202,0.4604,624,,,,,,,,
PID/PTF,Unknown,0.9068,0.46041,624,,,,,,,,
AON/BRO,Insurance Brokers,0.9597,0.46041,624,,,,,,,,
FMBH/ZIONP,Banks - Regional,0.8928,0.46041,624,,,,,,,,
MTB/TRST,Banks - Regional,0.9162,0.46041,624,,,,,,,,
CGO/SOR,Asset Management,0.9241,0.46042,624,,,,,,,,
ON/RMBS,Semiconductors,0.8668,0.46043,624,,,,,,,,
FMBH/WTFC,Banks - Regional,0.9006,0.46046,624,,,,,,,,
MCN/OCSL,Asset Management,0.8755,0.46046,624,,,,,,,,
BDJ/FT,Asset Management,0.9833,0.46047,624,,,,,,,,
CWBC/PROV,Banks - Regional,0.8278,0.46047,624,,,,,,,,
PEBO/WAL,Banks - Regional,0.8928,0.46051,624,,,,,,,,
IFN/JMM,Asset Management,0.8547,0.46053,624,,,,,,,,
FUND/PCN,Asset Management,0.9037,0.46054,624,,,,,,,,
MFIC/SOR,Asset Management,0.865,0.46055,624,,,,,,,,
MYRG/TTEK,Engineering & Construction,0.9274,0.46055,624,,,,,,,,
ETB/FHI,Asset Management,0.9338,0.46056,624,,,,,,,,
HVT/LOW,Home Improvement Retail,0.8968,0.46057,624,,,,,,,,
BPOP/PKBK,Banks - Regional,0.8754,0.46057,624,,,,,,,,
MAIN/NIE,Asset Management,0.9558,0.46057,624,,,,,,,,
HIFS/MBCN,Banks - Regional,0.8819,0.46057,624,,,,,,,,
MTB/RNST,Banks - Regional,0.894,0.46058,624,,,,,,,,
VRTS/VVR,Asset Management,0.8086,0.46059,624,,,,,,,,
IGR/MHD,Asset Management,0.8212,0.46059,624,,,,,,,,
DRI/RICK,Restaurants,0.8497,0.46063,624,,,,,,,,
AUB/TRST,Banks - Regional,0.9366,0.46063,624,,,,,,,,
AMGN/NVS,Drug Manufacturers - General,0.9684,0.46065,624,,,,,,,,
EOD/USA,Asset Management,0.9622,0.46065,624,,,,,,,,
BDJ/GDL,Asset Management,0.9578,0.46065,624,,,,,,,,
KEY/TRST,Banks - Regional,0.8929,0.46066,624,,,,,,,,
MOFG/VABK,Banks - Regional,0.8136,0.46066,624,,,,,,,,
BPOP/NECB,Banks - Regional,0.9265,0.46066,624,,,,,,,,
FLC/TSI,Asset Management,0.9489,0.46067,624,,,,,,,,
NPV/WIA,Asset Management,0.9306,0.46067,624,,,,,,,,
ISBA/KEY,Banks - Regional,0.8315,0.46068,624,,,,,,,,
IBCP/OZK,Banks - Regional,0.8607,0.46068,624,,,,,,,,
IIF/SOR,Asset Management,0.9372,0.46068,624,,,,,,,,
OBT/UBSI,Banks - Regional,0.8138,0.46072,624,,,,,,,,
HFBL/NWBI,Banks - Regional,0.871,0.46074,624,,,,,,,,
EOT/JEQ,Asset Management,0.8845,0.46074,624,,,,,,,,
VPV/WIA,Asset Management,0.89,0.46074,624,,,,,,,,
BGT/GDO,Asset Management,0.8277,0.46074,624,,,,,,,,
CSWC/ETY,Asset Management,0.9769,0.46074,624,,,,,,,,
BANF/FBIZ,Banks - Regional,0.9397,0.46074,624,,,,,,,,
EOD/LGI,Asset Management,0.9631,0.46075,624,,,,,,,,
BGY/JHI,Asset Management,0.8872,0.46075,624,,,,,,,,
CSWC/SPXX,Asset Management,0.9545,0.46076,624,,,,,,,,
RBCAA/UMBF,Banks - Regional,0.9246,0.46076,624,,,,,,,,
FOF/HPS,Asset Management,0.9683,0.46077,624,,,,,,,,
EXPD/FDX,Integrated Freight & Logistics,0.8591,0.46077,624,,,,,,,,
DDT/FAD,Unknown,0.9623,0.46078,624,,,,,,,,
OPBK/TSBK,Banks - Regional,0.9168,0.46078,624,,,,,,,,
HWC/NWBI,Banks - Regional,0.8557,0.46079,624,,,,,,,,
AWP/GAM,Asset Management,0.8547,0.46079,624,,,,,,,,
NTRS/PPT,Asset Management,0.915,0.46079,624,,,,,,,,
PEBK/ZION,Banks - Regional,0.8958,0.4608,624,,,,,,,,
CHI/GRX,Asset Management,0.9418,0.4608,624,,,,,,,,
CSQ/JLS,Asset Management,0.8674,0.4608,624,,,,,,,,
CIF/NMI,Asset Management,0.889,0.46081,624,,,,,,,,
PLBC/UBCP,Banks - Regional,0.9434,0.46081,624,,,,,,,,
CNS/MPA,Asset Management,0.8446,0.46081,624,,,,,,,,
FULT/ZION,Banks - Regional,0.9228,0.46082,624,,,,,,,,
FITB/HBAN,Banks - Regional,0.9631,0.46083,624,,,,,,,,
CCBG/FMBH,Banks - Regional,0.8544,0.46084,624,,,,,,,,
EMF/GF,Asset Management,0.806,0.46084,624,,,,,,,,
OSBC/PFIS,Banks - Regional,0.9018,0.46085,624,,,,,,,,
RBCAA/THFF,Banks - Regional,0.9094,0.46086,624,,,,,,,,
JRS/VCV,Asset Management,0.8942,0.46086,624,,,,,,,,
ING/SMFG,Banks - Diversified,0.8041,0.46086,624,,,,,,,,
EVN/HIX,Asset Management,0.8848,0.46086,624,,,,,,,,
GBCI/UMBF,Banks - Regional,0.9263,0.46087,624,,,,,,,,
JEQ/TWN,Asset Management,0.8074,0.46089,624,,,,,,,,
AKR/SPG,REIT - Retail,0.8075,0.4609,624,,,,,,,,
ABCB/FNLC,Banks - Regional,0.9415,0.4609,624,,,,,,,,
BTA/MHI,Asset Management,0.8464,0.46091,624,,,,,,,,
HBAN/NKSH,Banks - Regional,0.849,0.46092,624,,,,,,,,
COLB/UBFO,Banks - Regional,0.8108,0.46093,624,,,,,,,,
NPV/PMM,Asset Management,0.9264,0.46093,624,,,,,,,,
BHLB/PFS,Banks - Regional,0.8761,0.46094,624,,,,,,,,
RVSB/ZION,Banks - Regional,0.8569,0.46094,624,,,,,,,,
FSFG/HFWA,Banks - Regional,0.9166,0.46095,624,,,,,,,,
IFN/TWN,Asset Management,0.9445,0.46096,624,,,,,,,,
ADX/BLK,Asset Management,0.9842,0.46096,624,,,,,,,,
EOD/MHF,Asset Management,0.8518,0.46097,624,,,,,,,,
AIA/FAB,Unknown,0.8403,0.46097,624,,,,,,,,
FOF/WIA,Asset Management,0.8844,0.46097,624,,,,,,,,
CAF/VMO,Asset Management,0.8176,0.46098,624,,,,,,,,
FGB/JLS,Asset Management,0.823,0.46099,624,,,,,,,,
AOD/FMY,Asset Management,0.8928,0.46099,624,,,,,,,,
ABCB/ACNB,Banks - Regional,0.9113,0.46099,624,,,,,,,,
AVNT/FUL,Specialty Chemicals,0.9051,0.46102,624,,,,,,,,
MAIN/PTY,Asset Management,0.9341,0.46102,624,,,,,,,,
ARCC/SPE,Asset Management,0.9777,0.46103,624,,,,,,,,
MSD/MUJ,Asset Management,0.8707,0.46105,624,,,,,,,,
IFN/OIA,Asset Management,0.8232,0.46107,624,,,,,,,,
FDBC/IBCP,Banks - Regional,0.8316,0.46109,624,,,,,,,,
IJT/VCSH,Unknown,0.9538,0.46109,624,,,,,,,,
AX/CHCO,Banks - Regional,0.9354,0.46109,624,,,,,,,,
GRX/SBI,Asset Management,0.8938,0.46109,624,,,,,,,,
MYI/NZF,Asset Management,0.9674,0.46109,624,,,,,,,,
CLDX/CRDF,Biotechnology,0.8133,0.4611,624,,,,,,,,
GDL/IGA,Asset Management,0.9697,0.4611,624,,,,,,,,
MCN/MCR,Asset Management,0.8876,0.46111,624,,,,,,,,
LGI/PNNT,Asset Management,0.8766,0.46112,624,,,,,,,,
AGNC/STWD,REIT - Mortgage,0.8391,0.46112,624,,,,,,,,
CVCO/DHI,Residential Construction,0.9398,0.46113,624,,,,,,,,
ED/PNW,Utilities - Regulated Electric,0.9442,0.46113,624,,,,,,,,
BRKL/UBFO,Banks - Regional,0.8593,0.46114,624,,,,,,,,
HBCP/TFC,Banks - Regional,0.8851,0.46115,624,,,,,,,,
TROW/VKQ,Asset Management,0.8852,0.46115,624,,,,,,,,
HI/MIDD,Specialty Industrial Machinery,0.8671,0.46115,624,,,,,,,,
PNC/SSB,Banks - Regional,0.8962,0.46116,624,,,,,,,,
BLW/PPT,Asset Management,0.9221,0.46116,624,,,,,,,,
GSBC/ONB,Banks - Regional,0.9417,0.46116,624,,,,,,,,
HWC/VLY,Banks - Regional,0.8364,0.46116,624,,,,,,,,
CCNE/HDB,Banks - Regional,0.8587,0.46118,624,,,,,,,,
ARCC/AWF,Asset Management,0.9488,0.46118,624,,,,,,,,
ISBA/NWBI,Banks - Regional,0.8675,0.46118,624,,,,,,,,
EOD/PSEC,Asset Management,0.8448,0.46118,624,,,,,,,,
BN/CIF,Asset Management,0.8807,0.46119,624,,,,,,,,
AMP/BGY,Asset Management,0.9478,0.46119,624,,,,,,,,
GLAD/HPS,Asset Management,0.8962,0.4612,624,,,,,,,,
JPC/NTRS,Asset Management,0.9474,0.46122,624,,,,,,,,
DSM/MMT,Asset Management,0.8523,0.46123,624,,,,,,,,
CRUS/TSM,Semiconductors,0.9107,0.46123,624,,,,,,,,
BN/LGI,Asset Management,0.9719,0.46124,624,,,,,,,,
SPXX/TROW,Asset Management,0.8526,0.46124,624,,,,,,,,
FTA/PID,Unknown,0.9596,0.46124,624,,,,,,,,
BLW/USA,Asset Management,0.9791,0.46125,624,,,,,,,,
AB/SPXX,Asset Management,0.9484,0.46125,624,,,,,,,,
BFC/RBCAA,Banks - Regional,0.9496,0.46125,624,,,,,,,,
MCR/PML,Asset Management,0.8355,0.46126,624,,,,,,,,
INGR/K,Packaged Foods,0.8876,0.46127,624,,,,,,,,
JRS/VMO,Asset Management,0.8773,0.46127,624,,,,,,,,
BKN/HIX,Asset Management,0.9006,0.46127,624,,,,,,,,
EFR/HIO,Asset Management,0.9459,0.46128,624,,,,,,,,
MUE/TROW,Asset Management,0.8545,0.4613,624,,,,,,,,
ACNB/WSFS,Banks - Regional,0.9019,0.4613,624,,,,,,,,
RUSHA/SAH,Auto & Truck Dealerships,0.951,0.46131,624,,,,,,,,
BFZ/MIY,Asset Management,0.9361,0.46132,624,,,,,,,,
CASH/HBAN,Banks - Regional,0.9317,0.46132,624,,,,,,,,
ACWX/FYX,Unknown,0.9684,0.46133,624,,,,,,,,
ACWX/GJH,Unknown,0.9334,0.46133,624,,,,,,,,
BBH/FYX,Unknown,0.9039,0.46134,624,,,,,,,,
CHMG/IBN,Banks - Regional,0.8057,0.46134,624,,,,,,,,
AEP/NEE,Utilities - Regulated Electric,0.9547,0.46135,624,,,,,,,,
JPC/PDT,Asset Management,0.976,0.46136,624,,,,,,,,
JMM/PDT,Asset Management,0.9636,0.46137,624,,,,,,,,
SNA/TTC,Tools & Accessories,0.8592,0.46138,624,,,,,,,,
FXNC/ZION,Banks - Regional,0.8951,0.46139,624,,,,,,,,
IJT/PTH,Unknown,0.9426,0.4614,624,,,,,,,,
CZFS/PWOD,Banks - Regional,0.8234,0.4614,624,,,,,,,,
HQL/PFD,Asset Management,0.8934,0.46141,624,,,,,,,,
FHI/OIA,Asset Management,0.811,0.46141,624,,,,,,,,
ACNB/BOH,Banks - Regional,0.834,0.46142,624,,,,,,,,
FITB/HFBL,Banks - Regional,0.8284,0.46143,624,,,,,,,,
IJT/PSL,Unknown,0.9849,0.46143,624,,,,,,,,
CNA/THG,Insurance - Property & Casualty,0.964,0.46143,624,,,,,,,,
NPO/WTS,Specialty Industrial Machinery,0.9413,0.46145,624,,,,,,,,
MQT/NXJ,Asset Management,0.9715,0.46146,624,,,,,,,,
ETV/FMY,Asset Management,0.9126,0.46147,624,,,,,,,,
BN/EVF,Asset Management,0.951,0.46149,624,,,,,,,,
CHCO/EFSC,Banks - Regional,0.911,0.4615,624,,,,,,,,
CGO/HIX,Asset Management,0.9434,0.4615,624,,,,,,,,
NUV/VPV,Asset Management,0.968,0.4615,624,,,,,,,,
DKS/WINA,Specialty Retail,0.8919,0.4615,624,,,,,,,,
IEUS/VGSH,Unknown,0.8712,0.46152,624,,,,,,,,
AX/SBFG,Banks - Regional,0.8942,0.46153,624,,,,,,,,
FAD/JSM,Unknown,0.9347,0.46153,624,,,,,,,,
SFNC/TFSL,Banks - Regional,0.8494,0.46153,624,,,,,,,,
FCNCA/RBCAA,Banks - Regional,0.9011,0.46153,624,,,,,,,,
CUBE/EGP,REIT - Industrial,0.9712,0.46154,624,,,,,,,,
BN/HTGC,Asset Management,0.9478,0.46157,624,,,,,,,,
GAB/SEIC,Asset Management,0.8654,0.46157,624,,,,,,,,
QCOM/STM,Semiconductors,0.8558,0.46158,624,,,,,,,,
ETW/PIM,Asset Management,0.927,0.46158,624,,,,,,,,
LKFN/ZION,Banks - Regional,0.9269,0.46159,624,,,,,,,,
GRX/JHI,Asset Management,0.9223,0.46159,624,,,,,,,,
CIF/NCA,Asset Management,0.8823,0.46159,624,,,,,,,,
AGD/NAD,Asset Management,0.8068,0.46162,624,,,,,,,,
DNP/RQI,Asset Management,0.9553,0.46163,624,,,,,,,,
AB/HQL,Asset Management,0.8262,0.46165,624,,,,,,,,
FCBC/IBCP,Banks - Regional,0.9641,0.46166,624,,,,,,,,
GIC/POOL,Industrial Distribution,0.9297,0.46167,624,,,,,,,,
AWP/BGT,Asset Management,0.8332,0.46167,624,,,,,,,,
EVF/RNP,Asset Management,0.944,0.46167,624,,,,,,,,
INDB/ZION,Banks - Regional,0.9195,0.46167,624,,,,,,,,
CMA/SBCF,Banks - Regional,0.9315,0.46168,624,,,,,,,,
RBCAA/SSB,Banks - Regional,0.8716,0.46168,624,,,,,,,,
BCML/SMBK,Banks - Regional,0.9208,0.4617,624,,,,,,,,
BGY/EFR,Asset Management,0.9495,0.4617,624,,,,,,,,
JPC/MUC,Asset Management,0.8997,0.46171,624,,,,,,,,
DHIL/EVT,Asset Management,0.8785,0.46171,624,,,,,,,,
NFBK/OZK,Banks - Regional,0.8096,0.46172,624,,,,,,,,
FDBC/HBCP,Banks - Regional,0.8633,0.46174,624,,,,,,,,
MYI/VTN,Asset Management,0.969,0.46176,624,,,,,,,,
SHOO/SKX,Footwear & Accessories,0.8645,0.46176,624,,,,,,,,
FT/JHS,Asset Management,0.8781,0.46176,624,,,,,,,,
FITB/VABK,Banks - Regional,0.8839,0.46176,624,,,,,,,,
FRME/OPBK,Banks - Regional,0.9194,0.46177,624,,,,,,,,
CBAN/CWBC,Banks - Regional,0.934,0.46177,624,,,,,,,,
DHF/NRK,Asset Management,0.892,0.46177,624,,,,,,,,
AMD/MPWR,Semiconductors,0.9667,0.46178,624,,,,,,,,
CARE/FMNB,Banks - Regional,0.8087,0.46179,624,,,,,,,,
BTZ/STK,Asset Management,0.9024,0.46179,624,,,,,,,,
HFWA/WSFS,Banks - Regional,0.9208,0.4618,624,,,,,,,,
MQY/PNI,Asset Management,0.8563,0.46181,624,,,,,,,,
IBOC/NWBI,Banks - Regional,0.8619,0.46182,624,,,,,,,,
FFC/HIO,Asset Management,0.9262,0.46182,624,,,,,,,,
HBNC/ISBA,Banks - Regional,0.874,0.46182,624,,,,,,,,
HIG/PGR,Insurance - Property & Casualty,0.9613,0.46183,624,,,,,,,,
FMBH/OPOF,Banks - Regional,0.8276,0.46186,624,,,,,,,,
AGD/MIN,Asset Management,0.871,0.46186,624,,,,,,,,
GAIN/PNNT,Asset Management,0.9112,0.46187,624,,,,,,,,
AB/PCM,Asset Management,0.8958,0.46187,624,,,,,,,,
FCCO/FFIN,Banks - Regional,0.8542,0.46187,624,,,,,,,,
HIX/LGI,Asset Management,0.9319,0.46188,624,,,,,,,,
NWBI/SYBT,Banks - Regional,0.8431,0.46189,624,,,,,,,,
MQY/WIA,Asset Management,0.8688,0.46189,624,,,,,,,,
MPB/NWFL,Banks - Regional,0.9228,0.4619,624,,,,,,,,
CGNX/TRMB,Scientific & Technical Instruments,0.8353,0.4619,624,,,,,,,,
SSBI/USB,Banks - Regional,0.8091,0.46191,624,,,,,,,,
FCF/FULT,Banks - Regional,0.9738,0.46191,624,,,,,,,,
EVF/WIW,Asset Management,0.8667,0.46192,624,,,,,,,,
BANF/CWBC,Banks - Regional,0.8088,0.46192,624,,,,,,,,
GRX/VGM,Asset Management,0.8937,0.46193,624,,,,,,,,
LGI/SPXX,Asset Management,0.9765,0.46194,624,,,,,,,,
BN/SAR,Asset Management,0.9496,0.46194,624,,,,,,,,
MCN/RNP,Asset Management,0.9462,0.46195,624,,,,,,,,
CTLP/FIS,Information Technology Services,0.8034,0.46195,624,,,,,,,,
FBNC/WTBA,Banks - Regional,0.934,0.46196,624,,,,,,,,
HFBL/ONB,Banks - Regional,0.818,0.46196,624,,,,,,,,
JRS/NXP,Asset Management,0.8838,0.46198,624,,,,,,,,
NFJ/TSI,Asset Management,0.9372,0.46198,624,,,,,,,,
BCML/NBTB,Banks - Regional,0.9168,0.46198,624,,,,,,,,
PUI/RTH,Unknown,0.9544,0.46199,624,,,,,,,,
ACIW/CHKP,Software - Infrastructure,0.9055,0.462,624,,,,,,,,
BANC/NFBK,Banks - Regional,0.8431,0.46201,624,,,,,,,,
ETB/MUE,Asset Management,0.8407,0.46201,624,,,,,,,,
EEA/NXN,Asset Management,0.8446,0.46202,624,,,,,,,,
CHI/WIA,Asset Management,0.9157,0.46202,624,,,,,,,,
GCBC/OPBK,Banks - Regional,0.8524,0.46204,624,,,,,,,,
HBCP/PB,Banks - Regional,0.9316,0.46205,624,,,,,,,,
FDBC/WSFS,Banks - Regional,0.8545,0.46205,624,,,,,,,,
CNOB/FFIC,Banks - Regional,0.8827,0.46206,624,,,,,,,,
BCML/GBCI,Banks - Regional,0.8467,0.46207,624,,,,,,,,
PAR/PAYX,Software - Application,0.8685,0.46208,624,,,,,,,,
FSFG/GBCI,Banks - Regional,0.9545,0.46208,624,,,,,,,,
EFSC/NWBI,Banks - Regional,0.9613,0.4621,624,,,,,,,,
AOD/ETB,Asset Management,0.9492,0.46211,624,,,,,,,,
JCE/JFR,Asset Management,0.9612,0.46212,624,,,,,,,,
ETB/NXP,Asset Management,0.9257,0.46212,624,,,,,,,,
EFSC/NWFL,Banks - Regional,0.9286,0.46216,624,,,,,,,,
AWF/IGI,Asset Management,0.8734,0.46217,624,,,,,,,,
FMAO/SMBC,Banks - Regional,0.8196,0.46217,624,,,,,,,,
NFJ/PIM,Asset Management,0.8704,0.46218,624,,,,,,,,
EFT/PCN,Asset Management,0.9228,0.46218,624,,,,,,,,
CPRT/TRI,Specialty Business Services,0.9865,0.46219,624,,,,,,,,
EVF/PCN,Asset Management,0.9234,0.4622,624,,,,,,,,
EMD/FFC,Asset Management,0.8762,0.46221,624,,,,,,,,
EMD/JOF,Asset Management,0.8073,0.46221,624,,,,,,,,
SRCE/UBSI,Banks - Regional,0.9266,0.46221,624,,,,,,,,
FRST/WAFD,Banks - Regional,0.8843,0.46221,624,,,,,,,,
ARCC/VLT,Asset Management,0.9311,0.46222,624,,,,,,,,
IGR/RNP,Asset Management,0.9459,0.46223,624,,,,,,,,
CAF/MUC,Asset Management,0.8128,0.46223,624,,,,,,,,
MAIN/QQQX,Asset Management,0.9455,0.46223,624,,,,,,,,
ETO/WEA,Asset Management,0.9358,0.46224,624,,,,,,,,
FHI/PCM,Asset Management,0.8514,0.46225,624,,,,,,,,
FRAF/QCRH,Banks - Regional,0.9171,0.46226,624,,,,,,,,
ETO/MHF,Asset Management,0.9216,0.46226,624,,,,,,,,
CII/FRA,Asset Management,0.9606,0.46228,624,,,,,,,,
PYZ/VCIT,Unknown,0.8559,0.46228,624,,,,,,,,
MCHP/NVEC,Semiconductors,0.8193,0.46229,624,,,,,,,,
FXNC/GSBC,Banks - Regional,0.8838,0.46229,624,,,,,,,,
PFM/PPH,Unknown,0.9535,0.4623,624,,,,,,,,
IJT/RTH,Unknown,0.9709,0.4623,624,,,,,,,,
ICUI/TFX,Medical Instruments & Supplies,0.8626,0.4623,624,,,,,,,,
AGM/FCFS,Credit Services,0.917,0.4623,624,,,,,,,,
BFC/FXNC,Banks - Regional,0.889,0.46232,624,,,,,,,,
AB/BOE,Asset Management,0.9513,0.46232,624,,,,,,,,
BXMX/CHI,Asset Management,0.9581,0.46233,624,,,,,,,,
DSGR/GIC,Industrial Distribution,0.8757,0.46233,624,,,,,,,,
FSFG/MBWM,Banks - Regional,0.9103,0.46234,624,,,,,,,,
IGR/MPV,Asset Management,0.8039,0.46234,624,,,,,,,,
ETB/VCV,Asset Management,0.8648,0.46234,624,,,,,,,,
DCOM/ONB,Banks - Regional,0.8405,0.46235,624,,,,,,,,
DSU/RQI,Asset Management,0.9372,0.46237,624,,,,,,,,
DDT/JBK,Unknown,0.9326,0.46237,624,,,,,,,,
CAF/NAD,Asset Management,0.8238,0.46237,624,,,,,,,,
DNP/IIF,Asset Management,0.8202,0.46238,624,,,,,,,,
LARK/RF,Banks - Regional,0.8279,0.46239,624,,,,,,,,
BOE/JLS,Asset Management,0.8794,0.46239,624,,,,,,,,
AGD/NEA,Asset Management,0.8165,0.46239,624,,,,,,,,
BANF/FRAF,Banks - Regional,0.8734,0.46239,624,,,,,,,,
FYX/IUSG,Unknown,0.969,0.46239,624,,,,,,,,
FSFG/OVBC,Banks - Regional,0.8266,0.46241,624,,,,,,,,
FULT/HOMB,Banks - Regional,0.9395,0.46242,624,,,,,,,,
SAFT/WTM,Insurance - Property & Casualty,0.8838,0.46242,624,,,,,,,,
DSU/EVT,Asset Management,0.9605,0.46242,624,,,,,,,,
GLAD/TY,Asset Management,0.9253,0.46243,624,,,,,,,,
HBAN/SYBT,Banks - Regional,0.9301,0.46243,624,,,,,,,,
CIF/CXH,Asset Management,0.9244,0.46244,624,,,,,,,,
SFST/UBCP,Banks - Regional,0.8674,0.46244,624,,,,,,,,
CQP/TRP,Oil & Gas Midstream,0.8711,0.46245,624,,,,,,,,
JOF/SAR,Asset Management,0.855,0.46246,624,,,,,,,,
BLK/ETY,Asset Management,0.9837,0.46246,624,,,,,,,,
BCBP/CTBI,Banks - Regional,0.8148,0.46246,624,,,,,,,,
QQQX/USA,Asset Management,0.9824,0.46247,624,,,,,,,,
EVT/STEW,Asset Management,0.9819,0.46248,624,,,,,,,,
BHRB/UNTY,Banks - Regional,0.8129,0.46248,624,,,,,,,,
IGR/MMT,Asset Management,0.9241,0.46251,624,,,,,,,,
HOPE/NWBI,Banks - Regional,0.8123,0.46251,624,,,,,,,,
BGY/EVF,Asset Management,0.9466,0.46252,624,,,,,,,,
EOD/RMT,Asset Management,0.9517,0.46253,624,,,,,,,,
AB/FT,Asset Management,0.9496,0.46253,624,,,,,,,,
CBAN/CFFI,Banks - Regional,0.8296,0.46253,624,,,,,,,,
DNP/ETV,Asset Management,0.9571,0.46253,624,,,,,,,,
PEZ/PFI,Unknown,0.9836,0.46254,624,,,,,,,,
QCRH/WAL,Banks - Regional,0.9101,0.46256,624,,,,,,,,
EMB/PNQI,Unknown,0.9142,0.46256,624,,,,,,,,
JPC/MYN,Asset Management,0.9141,0.46257,624,,,,,,,,
EOI/GLAD,Asset Management,0.9797,0.46258,624,,,,,,,,
FRST/HIFS,Banks - Regional,0.8111,0.46259,624,,,,,,,,
OPOF/PB,Banks - Regional,0.8114,0.46259,624,,,,,,,,
BCBP/PNFP,Banks - Regional,0.8323,0.4626,624,,,,,,,,
FOF/MMT,Asset Management,0.9669,0.4626,624,,,,,,,,
ALGN/BLFS,Medical Instruments & Supplies,0.9024,0.46261,624,,,,,,,,
AGD/NMZ,Asset Management,0.8146,0.46261,624,,,,,,,,
ETB/VKQ,Asset Management,0.8559,0.46262,624,,,,,,,,
ADP/FICO,Software - Application,0.8722,0.46262,624,,,,,,,,
INDB/RF,Banks - Regional,0.8591,0.46263,624,,,,,,,,
BLW/NXP,Asset Management,0.9472,0.46263,624,,,,,,,,
FUNC/THFF,Banks - Regional,0.9047,0.46263,624,,,,,,,,
UBCP/VABK,Banks - Regional,0.8917,0.46263,624,,,,,,,,
HQL/VTN,Asset Management,0.8418,0.46264,624,,,,,,,,
CSPI/IBM,Information Technology Services,0.8348,0.46264,624,,,,,,,,
FMN/MSD,Asset Management,0.8514,0.46264,624,,,,,,,,
CMA/OSBC,Banks - Regional,0.8787,0.46265,624,,,,,,,,
ETB/MPA,Asset Management,0.8861,0.46265,624,,,,,,,,
BRKR/MDT,Medical Devices,0.8154,0.46266,624,,,,,,,,
CBSH/NKSH,Banks - Regional,0.8233,0.46267,624,,,,,,,,
HIFS/RVSB,Banks - Regional,0.856,0.46268,624,,,,,,,,
CGO/MUJ,Asset Management,0.8926,0.46268,624,,,,,,,,
KTH/PRFZ,Unknown,0.946,0.46269,624,,,,,,,,
GLAD/JMM,Asset Management,0.839,0.46269,624,,,,,,,,
BOE/IGI,Asset Management,0.8023,0.4627,624,,,,,,,,
APH/LFUS,Electronic Components,0.8342,0.46272,624,,,,,,,,
LARK/RVSB,Banks - Regional,0.8517,0.46273,624,,,,,,,,
GAM/SPXX,Asset Management,0.967,0.46274,624,,,,,,,,
FHI/TSI,Asset Management,0.8881,0.46275,624,,,,,,,,
CSQ/WEA,Asset Management,0.9101,0.46278,624,,,,,,,,
AX/CVBF,Banks - Regional,0.8325,0.46278,624,,,,,,,,
GJT/WOOD,Unknown,0.898,0.46279,624,,,,,,,,
NQP/TSI,Asset Management,0.9319,0.46279,624,,,,,,,,
CAF/CXH,Asset Management,0.8287,0.4628,624,,,,,,,,
BGY/MHF,Asset Management,0.8305,0.46283,624,,,,,,,,
TSBK/ZION,Banks - Regional,0.9074,0.46284,624,,,,,,,,
SR/SWX,Utilities - Regulated Gas,0.9613,0.46285,624,,,,,,,,
DSU/OIA,Asset Management,0.8586,0.46285,624,,,,,,,,
CZWI/NKSH,Banks - Regional,0.8749,0.46286,624,,,,,,,,
MMLP/TK,Oil & Gas Midstream,0.8385,0.46286,624,,,,,,,,
HIO/VRTS,Asset Management,0.8275,0.46287,624,,,,,,,,
CXH/PFD,Asset Management,0.9518,0.46287,624,,,,,,,,
IBN/IBOC,Banks - Regional,0.9152,0.46288,624,,,,,,,,
GLW/LFUS,Electronic Components,0.9087,0.46289,624,,,,,,,,
ETW/FFA,Asset Management,0.9565,0.4629,624,,,,,,,,
CASH/WTFC,Banks - Regional,0.9467,0.46291,624,,,,,,,,
PLBC/TOWN,Banks - Regional,0.9234,0.46291,624,,,,,,,,
EEA/JMM,Asset Management,0.9066,0.46291,624,,,,,,,,
EFR/UTF,Asset Management,0.9371,0.46292,624,,,,,,,,
CHI/KF,Asset Management,0.8185,0.46292,624,,,,,,,,
MMT/NMT,Asset Management,0.8848,0.46293,624,,,,,,,,
BN/NFJ,Asset Management,0.9657,0.46293,624,,,,,,,,
CCBG/FULT,Banks - Regional,0.9113,0.46294,624,,,,,,,,
THFF/TRST,Banks - Regional,0.9227,0.46295,624,,,,,,,,
CIVB/FITB,Banks - Regional,0.8629,0.46296,624,,,,,,,,
ISBA/ONB,Banks - Regional,0.8512,0.46296,624,,,,,,,,
CSQ/USA,Asset Management,0.9962,0.46297,624,,,,,,,,
NBN/SFBC,Banks - Regional,0.8176,0.46298,624,,,,,,,,
BUSE/TFC,Banks - Regional,0.8964,0.46298,624,,,,,,,,
HIX/NKX,Asset Management,0.8827,0.46298,624,,,,,,,,
AIA/PTF,Unknown,0.8648,0.46299,624,,,,,,,,
DHF/JOF,Asset Management,0.8716,0.46299,624,,,,,,,,
EHI/PCM,Asset Management,0.952,0.463,624,,,,,,,,
MAIN/PHD,Asset Management,0.9654,0.46301,624,,,,,,,,
EXG/RNP,Asset Management,0.9812,0.46302,624,,,,,,,,
ETG/HQH,Asset Management,0.8849,0.46303,624,,,,,,,,
CCBG/WABC,Banks - Regional,0.8135,0.46304,624,,,,,,,,
MAV/PYN,Asset Management,0.8316,0.46305,624,,,,,,,,
PKW/PRFZ,Unknown,0.9898,0.46305,624,,,,,,,,
FFIC/NWBI,Banks - Regional,0.8237,0.46306,624,,,,,,,,
ETR/IDA,Utilities - Regulated Electric,0.8917,0.46306,624,,,,,,,,
EFR/JLS,Asset Management,0.8915,0.46308,624,,,,,,,,
IQI/TSI,Asset Management,0.909,0.46308,624,,,,,,,,
AFB/EHI,Asset Management,0.9081,0.46308,624,,,,,,,,
HTGC/WEA,Asset Management,0.8263,0.46309,624,,,,,,,,
QQQ/SHY,Unknown,0.9357,0.4631,624,,,,,,,,
GJT/PIO,Unknown,0.9284,0.4631,624,,,,,,,,
CFR/HBCP,Banks - Regional,0.93,0.46311,624,,,,,,,,
GJT/PYZ,Unknown,0.9019,0.46311,624,,,,,,,,
JRS/PCN,Asset Management,0.93,0.46311,624,,,,,,,,
CZFS/SMBC,Banks - Regional,0.8885,0.46311,624,,,,,,,,
AWF/SOR,Asset Management,0.9743,0.46311,624,,,,,,,,
CBU/KEY,Banks - Regional,0.9304,0.46311,624,,,,,,,,
FMAO/PNC,Banks - Regional,0.8075,0.46313,624,,,,,,,,
ODFL/TFII,Trucking,0.9781,0.46313,624,,,,,,,,
NIM/PPT,Asset Management,0.8943,0.46313,624,,,,,,,,
CFR/COFS,Banks - Regional,0.8407,0.46314,624,,,,,,,,
BN/HQL,Asset Management,0.8605,0.46314,624,,,,,,,,
HWBK/PWOD,Banks - Regional,0.8338,0.46315,624,,,,,,,,
FMNB/TFSL,Banks - Regional,0.8991,0.46315,624,,,,,,,,
TRV/WRB,Insurance - Property & Casualty,0.9764,0.46316,624,,,,,,,,
RNP/SOR,Asset Management,0.9755,0.46316,624,,,,,,,,
JMM/MAIN,Asset Management,0.8859,0.46317,624,,,,,,,,
FMBH/HWC,Banks - Regional,0.8818,0.46317,624,,,,,,,,
BBH/MBB,Unknown,0.8714,0.46317,624,,,,,,,,
PFS/RF,Banks - Regional,0.8231,0.46318,624,,,,,,,,
FYX/PSL,Unknown,0.9744,0.46319,624,,,,,,,,
MYI/PFD,Asset Management,0.9528,0.4632,624,,,,,,,,
HFWA/WTBA,Banks - Regional,0.8874,0.46321,624,,,,,,,,
FMBH/HTBK,Banks - Regional,0.8928,0.46321,624,,,,,,,,
GIB/MGIC,Information Technology Services,0.8308,0.46321,624,,,,,,,,
CGO/VPV,Asset Management,0.8831,0.46322,624,,,,,,,,
KTN/PYZ,Unknown,0.921,0.46322,624,,,,,,,,
FBNC/FFBC,Banks - Regional,0.9435,0.46322,624,,,,,,,,
DCI/NDSN,Specialty Industrial Machinery,0.9473,0.46322,624,,,,,,,,
FMY/HPF,Asset Management,0.927,0.46324,624,,,,,,,,
CSQ/HTGC,Asset Management,0.966,0.46326,624,,,,,,,,
FRA/GAB,Asset Management,0.9329,0.46327,624,,,,,,,,
PML/VPV,Asset Management,0.9085,0.46329,624,,,,,,,,
DHI/GRBK,Residential Construction,0.8763,0.4633,624,,,,,,,,
T/TMUS,Telecom Services,0.8023,0.4633,624,,,,,,,,
BANR/RBCAA,Banks - Regional,0.897,0.46331,624,,,,,,,,
MIN/NAC,Asset Management,0.8724,0.46332,624,,,,,,,,
MHF/PFL,Asset Management,0.9424,0.46334,624,,,,,,,,
ETJ/PPT,Asset Management,0.8996,0.46334,624,,,,,,,,
AGD/EOI,Asset Management,0.9664,0.46334,624,,,,,,,,
CENTA/MKC,Packaged Foods,0.8734,0.46335,624,,,,,,,,
AB/TY,Asset Management,0.9408,0.46335,624,,,,,,,,
INDB/UMBF,Banks - Regional,0.8297,0.46336,624,,,,,,,,
ALRS/SNV,Banks - Regional,0.8685,0.46337,624,,,,,,,,
BN/VLT,Asset Management,0.9591,0.46339,624,,,,,,,,
FMNB/OCFC,Banks - Regional,0.8728,0.46339,624,,,,,,,,
CFR/DCOM,Banks - Regional,0.8349,0.46341,624,,,,,,,,
MHF/PIM,Asset Management,0.9068,0.46342,624,,,,,,,,
CXH/PYN,Asset Management,0.8592,0.46344,624,,,,,,,,
FDBC/UBFO,Banks - Regional,0.9103,0.46344,624,,,,,,,,
EXPO/J,Engineering & Construction,0.9445,0.46344,624,,,,,,,,
CHI/PFN,Asset Management,0.9424,0.46346,624,,,,,,,,
GDL/HQH,Asset Management,0.8954,0.46347,624,,,,,,,,
CVBF/RF,Banks - Regional,0.8731,0.46347,624,,,,,,,,
NTRS/SBI,Asset Management,0.8432,0.46347,624,,,,,,,,
GOF/SAR,Asset Management,0.9677,0.46348,624,,,,,,,,
MRTN/PAMT,Trucking,0.8479,0.46349,624,,,,,,,,
BHK/IIM,Asset Management,0.9593,0.46349,624,,,,,,,,
HFBL/OCFC,Banks - Regional,0.8309,0.4635,624,,,,,,,,
CATY/TFSL,Banks - Regional,0.8557,0.46351,624,,,,,,,,
ABCB/PFS,Banks - Regional,0.9053,0.46351,624,,,,,,,,
CNOB/PFBC,Banks - Regional,0.8837,0.46352,624,,,,,,,,
BCML/SBFG,Banks - Regional,0.9259,0.46352,624,,,,,,,,
CBAN/CMA,Banks - Regional,0.9196,0.46352,624,,,,,,,,
HFBL/NEWT,Banks - Regional,0.9192,0.46352,624,,,,,,,,
IGA/PSEC,Asset Management,0.8209,0.46353,624,,,,,,,,
DHF/FMN,Asset Management,0.8401,0.46353,624,,,,,,,,
BRW/GDV,Asset Management,0.9443,0.46354,624,,,,,,,,
PROV/WBS,Banks - Regional,0.8065,0.46354,624,,,,,,,,
RQI/VKQ,Asset Management,0.8826,0.46354,624,,,,,,,,
ITT/PH,Specialty Industrial Machinery,0.9772,0.46354,624,,,,,,,,
EWBC/INBK,Banks - Regional,0.8258,0.46354,624,,,,,,,,
ETB/PPT,Asset Management,0.9124,0.46356,624,,,,,,,,
BANR/ZION,Banks - Regional,0.917,0.46356,624,,,,,,,,
HQL/MIY,Asset Management,0.8827,0.46357,624,,,,,,,,
ASGN/MGIC,Information Technology Services,0.895,0.46357,624,,,,,,,,
AGD/NIE,Asset Management,0.971,0.46359,624,,,,,,,,
MMSI/RMD,Medical Instruments & Supplies,0.8953,0.46359,624,,,,,,,,
PEG/WEC,Utilities - Regulated Electric,0.9474,0.4636,624,,,,,,,,
FMBH/HWBK,Banks - Regional,0.8988,0.46361,624,,,,,,,,
HBAN/WAFD,Banks - Regional,0.95,0.46361,624,,,,,,,,
ASB/OBT,Banks - Regional,0.8023,0.46363,624,,,,,,,,
L/WTM,Insurance - Property & Casualty,0.9134,0.46364,624,,,,,,,,
B/EGO,Gold,0.8425,0.46365,624,,,,,,,,
FEX/VCSH,Unknown,0.947,0.46365,624,,,,,,,,
FAB/PNQI,Unknown,0.8753,0.46365,624,,,,,,,,
HFWA/SFST,Banks - Regional,0.9199,0.46366,624,,,,,,,,
AWF/EOI,Asset Management,0.9578,0.46367,624,,,,,,,,
CMU/MAV,Asset Management,0.8106,0.46368,624,,,,,,,,
CHI/PPT,Asset Management,0.8753,0.46368,624,,,,,,,,
MGF/RQI,Asset Management,0.8096,0.46368,624,,,,,,,,
AB/AOD,Asset Management,0.9642,0.46369,624,,,,,,,,
BRKL/SSB,Banks - Regional,0.8184,0.4637,624,,,,,,,,
CFFI/WAFD,Banks - Regional,0.8715,0.46371,624,,,,,,,,
PID/QQQ,Unknown,0.921,0.46371,624,,,,,,,,
TFSL/UBSI,Banks - Regional,0.8742,0.46372,624,,,,,,,,
DHF/GF,Asset Management,0.8278,0.46372,624,,,,,,,,
MUJ/PFD,Asset Management,0.9597,0.46372,624,,,,,,,,
BTZ/BYM,Asset Management,0.9432,0.46373,624,,,,,,,,
ETV/VBF,Asset Management,0.9358,0.46373,624,,,,,,,,
BOH/VLY,Banks - Regional,0.8563,0.46373,624,,,,,,,,
BDJ/GAM,Asset Management,0.9585,0.46374,624,,,,,,,,
ETB/NUW,Asset Management,0.8659,0.46374,624,,,,,,,,
CNS/VPV,Asset Management,0.8516,0.46374,624,,,,,,,,
HTBK/RF,Banks - Regional,0.8028,0.46375,624,,,,,,,,
BCML/UNB,Banks - Regional,0.857,0.46375,624,,,,,,,,
CSQ/PHD,Asset Management,0.966,0.46376,624,,,,,,,,
MIDD/ROK,Specialty Industrial Machinery,0.8331,0.46376,624,,,,,,,,
CZFS/SSBI,Banks - Regional,0.8754,0.46377,624,,,,,,,,
USA/WIW,Asset Management,0.9172,0.46378,624,,,,,,,,
IGR/NXN,Asset Management,0.8812,0.46378,624,,,,,,,,
AMP/JCE,Asset Management,0.9598,0.46379,624,,,,,,,,
MUA/VLT,Asset Management,0.8814,0.4638,624,,,,,,,,
AGD/PFO,Asset Management,0.8156,0.46381,624,,,,,,,,
BANR/RNST,Banks - Regional,0.9131,0.46381,624,,,,,,,,
ALRS/INBK,Banks - Regional,0.8508,0.46381,624,,,,,,,,
OPBK/STBA,Banks - Regional,0.8983,0.46381,624,,,,,,,,
OBT/UMBF,Banks - Regional,0.8601,0.46383,624,,,,,,,,
FMY/GAIN,Asset Management,0.9025,0.46383,624,,,,,,,,
BIO/QDEL,Medical Devices,0.8526,0.46384,624,,,,,,,,
JEQ/MHF,Asset Management,0.9123,0.46384,624,,,,,,,,
BFC/NBTB,Banks - Regional,0.9364,0.46384,624,,,,,,,,
CNS/DSU,Asset Management,0.9372,0.46384,624,,,,,,,,
NAC/PFD,Asset Management,0.9542,0.46385,624,,,,,,,,
CHY/PPT,Asset Management,0.8802,0.46387,624,,,,,,,,
AROW/CFR,Banks - Regional,0.8721,0.46388,624,,,,,,,,
TOWN/TRMK,Banks - Regional,0.9563,0.46389,624,,,,,,,,
CBAN/SMBC,Banks - Regional,0.8989,0.46389,624,,,,,,,,
FXNC/PFIS,Banks - Regional,0.8085,0.46389,624,,,,,,,,
ETW/IIF,Asset Management,0.901,0.46389,624,,,,,,,,
FDBC/MBCN,Banks - Regional,0.872,0.46391,624,,,,,,,,
FBNC/PFS,Banks - Regional,0.9075,0.46391,624,,,,,,,,
FNX/IGSB,Unknown,0.9414,0.46392,624,,,,,,,,
HYT/PAI,Asset Management,0.9011,0.46392,624,,,,,,,,
IGD/LGI,Asset Management,0.9483,0.46393,624,,,,,,,,
CHKP/CSGS,Software - Infrastructure,0.8788,0.46393,624,,,,,,,,
MCR/NAZ,Asset Management,0.8789,0.46393,624,,,,,,,,
FHI/PPT,Asset Management,0.8154,0.46394,624,,,,,,,,
BOKF/FULT,Banks - Regional,0.9609,0.46397,624,,,,,,,,
BXMT/PMT,REIT - Mortgage,0.905,0.46397,624,,,,,,,,
SFNC/SRCE,Banks - Regional,0.8195,0.46397,624,,,,,,,,
GAB/PIM,Asset Management,0.8659,0.46398,624,,,,,,,,
CII/EFR,Asset Management,0.9685,0.46398,624,,,,,,,,
ARTNA/MSEX,Utilities - Regulated Water,0.9167,0.46398,624,,,,,,,,
AOD/MHF,Asset Management,0.8709,0.46398,624,,,,,,,,
AWI/MAS,Building Products & Equipment,0.8927,0.46399,624,,,,,,,,
EMD/HIX,Asset Management,0.91,0.46399,624,,,,,,,,
BCML/SNV,Banks - Regional,0.9054,0.464,624,,,,,,,,
ACWX/BJK,Unknown,0.8615,0.464,624,,,,,,,,
DVY/QQQ,Unknown,0.9506,0.46402,624,,,,,,,,
PTY/SOR,Asset Management,0.9574,0.46402,624,,,,,,,,
JPC/SOR,Asset Management,0.9298,0.46403,624,,,,,,,,
BFZ/NQP,Asset Management,0.9441,0.46404,624,,,,,,,,
IGR/MPA,Asset Management,0.9049,0.46404,624,,,,,,,,
JFR/MFIC,Asset Management,0.8893,0.46407,624,,,,,,,,
SAFT/STC,Insurance - Property & Casualty,0.8679,0.46408,624,,,,,,,,
BANF/CBFV,Banks - Regional,0.8481,0.46409,624,,,,,,,,
EFR/SAR,Asset Management,0.9532,0.46409,624,,,,,,,,
SAIA/TFII,Trucking,0.9708,0.46412,624,,,,,,,,
CNS/RMT,Asset Management,0.9493,0.46412,624,,,,,,,,
EVF/MAIN,Asset Management,0.9692,0.46412,624,,,,,,,,
AB/SPE,Asset Management,0.9447,0.46412,624,,,,,,,,
CMU/PIM,Asset Management,0.8693,0.46412,624,,,,,,,,
JRS/MVF,Asset Management,0.8619,0.46412,624,,,,,,,,
PFD/PYN,Asset Management,0.8283,0.46413,624,,,,,,,,
GSBC/OSBC,Banks - Regional,0.9573,0.46414,624,,,,,,,,
HBCP/SBSI,Banks - Regional,0.9197,0.46414,624,,,,,,,,
MPA/PCK,Asset Management,0.8341,0.46414,624,,,,,,,,
HIO/RNP,Asset Management,0.9699,0.46414,624,,,,,,,,
MMT/NKX,Asset Management,0.9225,0.46414,624,,,,,,,,
NPO/ROK,Specialty Industrial Machinery,0.8594,0.46415,624,,,,,,,,
EWBC/PKBK,Banks - Regional,0.9164,0.46415,624,,,,,,,,
HFBL/USB,Banks - Regional,0.8888,0.46415,624,,,,,,,,
CBAN/VABK,Banks - Regional,0.9305,0.46416,624,,,,,,,,
GDEN/MCRI,Resorts & Casinos,0.9119,0.46417,624,,,,,,,,
GJH/PFI,Unknown,0.9678,0.46419,624,,,,,,,,
CHMG/ZIONP,Banks - Regional,0.8762,0.46419,624,,,,,,,,
ADBE/INTU,Software - Application,0.9468,0.4642,624,,,,,,,,
BME/EEA,Asset Management,0.9295,0.46421,624,,,,,,,,
CMA/LKFN,Banks - Regional,0.8504,0.46424,624,,,,,,,,
FULT/PWOD,Banks - Regional,0.8454,0.46424,624,,,,,,,,
JPC/MIN,Asset Management,0.907,0.46425,624,,,,,,,,
APD/BCPC,Specialty Chemicals,0.9514,0.46425,624,,,,,,,,
CBU/CHCO,Banks - Regional,0.8317,0.46426,624,,,,,,,,
HQH/RNP,Asset Management,0.8854,0.46427,624,,,,,,,,
CMA/EBMT,Banks - Regional,0.8789,0.46427,624,,,,,,,,
BOE/CNS,Asset Management,0.9506,0.46428,624,,,,,,,,
FHN/IBCP,Banks - Regional,0.8387,0.46429,624,,,,,,,,
EBTC/UBSI,Banks - Regional,0.9036,0.46429,624,,,,,,,,
ACNB/NWFL,Banks - Regional,0.9279,0.46429,624,,,,,,,,
IFN/RVT,Asset Management,0.9497,0.4643,624,,,,,,,,
GRX/NNY,Asset Management,0.909,0.46431,624,,,,,,,,
EXG/HQL,Asset Management,0.8893,0.46431,624,,,,,,,,
BHK/RQI,Asset Management,0.9132,0.46432,624,,,,,,,,
ETB/MYD,Asset Management,0.822,0.46432,624,,,,,,,,
BOE/MAIN,Asset Management,0.9607,0.46432,624,,,,,,,,
BN/STEW,Asset Management,0.9746,0.46433,624,,,,,,,,
BN/WIW,Asset Management,0.9075,0.46435,624,,,,,,,,
FT/PPT,Asset Management,0.9108,0.46435,624,,,,,,,,
ETV/NFJ,Asset Management,0.9557,0.46436,624,,,,,,,,
UNB/UVSP,Banks - Regional,0.8304,0.46437,624,,,,,,,,
NXN/STK,Asset Management,0.8115,0.46437,624,,,,,,,,
CI/CNC,Healthcare Plans,0.9109,0.46437,624,,,,,,,,
ADX/PCN,Asset Management,0.9418,0.46438,624,,,,,,,,
BANR/BUSE,Banks - Regional,0.9247,0.4644,624,,,,,,,,
EMD/IAE,Asset Management,0.8364,0.46441,624,,,,,,,,
COLB/TRST,Banks - Regional,0.9118,0.46441,624,,,,,,,,
MGYR/TFSL,Banks - Regional,0.8528,0.46442,624,,,,,,,,
HTD/NXN,Asset Management,0.9206,0.46442,624,,,,,,,,
CASH/FBIZ,Banks - Regional,0.9227,0.46442,624,,,,,,,,
DHI/MHO,Residential Construction,0.9693,0.46442,624,,,,,,,,
EFR/EOD,Asset Management,0.9555,0.46442,624,,,,,,,,
OSBC/WTBA,Banks - Regional,0.8915,0.46443,624,,,,,,,,
BKT/NAZ,Asset Management,0.9236,0.46443,624,,,,,,,,
FFIN/SSBI,Banks - Regional,0.8557,0.46447,624,,,,,,,,
C/WFC,Banks - Diversified,0.8323,0.46447,624,,,,,,,,
NTRS/PFG,Asset Management,0.8419,0.46448,624,,,,,,,,
ABCB/FNB,Banks - Regional,0.9201,0.46451,624,,,,,,,,
ETW/GLAD,Asset Management,0.9072,0.46451,624,,,,,,,,
FRST/VABK,Banks - Regional,0.8313,0.46452,624,,,,,,,,
BN/IGA,Asset Management,0.964,0.46453,624,,,,,,,,
QTEC/SHV,Unknown,0.9199,0.46453,624,,,,,,,,
NTRS/OIA,Asset Management,0.9246,0.46453,624,,,,,,,,
EVF/TSI,Asset Management,0.9145,0.46454,624,,,,,,,,
MAIN/MIN,Asset Management,0.8477,0.46454,624,,,,,,,,
PBHC/VABK,Banks - Regional,0.9138,0.46454,624,,,,,,,,
JHS/JLS,Asset Management,0.8889,0.46455,624,,,,,,,,
KRNY/NFBK,Banks - Regional,0.9095,0.46455,624,,,,,,,,
EBMT/SRCE,Banks - Regional,0.8177,0.46456,624,,,,,,,,
CIF/EHI,Asset Management,0.9582,0.46456,624,,,,,,,,
CB/PGR,Insurance - Property & Casualty,0.954,0.46457,624,,,,,,,,
IESC/TTEK,Engineering & Construction,0.8021,0.46458,624,,,,,,,,
ADI/DIOD,Semiconductors,0.8735,0.46459,624,,,,,,,,
AVNT/SXT,Specialty Chemicals,0.9236,0.46459,624,,,,,,,,
FAD/PSL,Unknown,0.9813,0.4646,624,,,,,,,,
NAC/PNF,Asset Management,0.9155,0.4646,624,,,,,,,,
JPC/MHI,Asset Management,0.8127,0.46461,624,,,,,,,,
BFZ/JHI,Asset Management,0.8299,0.46461,624,,,,,,,,
ETW/IFN,Asset Management,0.9189,0.46462,624,,,,,,,,
BOE/HQL,Asset Management,0.8626,0.46462,624,,,,,,,,
FDBC/WSBF,Banks - Regional,0.8689,0.46462,624,,,,,,,,
BRW/NXP,Asset Management,0.8449,0.46462,624,,,,,,,,
CVLT/SAP,Software - Application,0.8349,0.46463,624,,,,,,,,
EFSC/MOFG,Banks - Regional,0.8762,0.46465,624,,,,,,,,
HIO/PFD,Asset Management,0.8987,0.46466,624,,,,,,,,
BRW/ETG,Asset Management,0.9333,0.46469,624,,,,,,,,
AMZN/EBAY,Internet Retail,0.9496,0.46469,624,,,,,,,,
DUK/EVRG,Utilities - Regulated Electric,0.9559,0.46469,624,,,,,,,,
BGY/WIW,Asset Management,0.8669,0.4647,624,,,,,,,,
BGY/GDL,Asset Management,0.919,0.4647,624,,,,,,,,
HIFS/SSB,Banks - Regional,0.8355,0.46471,624,,,,,,,,
DHF/FRA,Asset Management,0.9184,0.46471,624,,,,,,,,
EXG/JLS,Asset Management,0.8915,0.46472,624,,,,,,,,
JEQ/NXN,Asset Management,0.9037,0.46472,624,,,,,,,,
CMA/CWBC,Banks - Regional,0.9036,0.46473,624,,,,,,,,
CARE/THFF,Banks - Regional,0.8302,0.46474,624,,,,,,,,
NNY/WIW,Asset Management,0.8287,0.46474,624,,,,,,,,
JEQ/PAI,Asset Management,0.9183,0.46474,624,,,,,,,,
FAB/GJH,Unknown,0.9461,0.46475,624,,,,,,,,
ETO/RMT,Asset Management,0.9831,0.46475,624,,,,,,,,
EBTC/PWOD,Banks - Regional,0.86,0.46476,624,,,,,,,,
FAD/VCSH,Unknown,0.9542,0.46476,624,,,,,,,,
HQH/STEW,Asset Management,0.8468,0.46476,624,,,,,,,,
MFIC/RJF,Asset Management,0.9033,0.46476,624,,,,,,,,
BGT/IAE,Asset Management,0.8435,0.46477,624,,,,,,,,
BGT/JEQ,Asset Management,0.843,0.46478,624,,,,,,,,
HFWA/PB,Banks - Regional,0.8927,0.46478,624,,,,,,,,
GJH/PRN,Unknown,0.9373,0.46478,624,,,,,,,,
JMM/STT,Asset Management,0.8528,0.46478,624,,,,,,,,
AMP/SOR,Asset Management,0.9448,0.4648,624,,,,,,,,
CHW/EVN,Asset Management,0.8896,0.4648,624,,,,,,,,
BCML/RBCAA,Banks - Regional,0.9075,0.46481,624,,,,,,,,
PDP/PKW,Unknown,0.9789,0.46482,624,,,,,,,,
CHW/TSI,Asset Management,0.9352,0.46482,624,,,,,,,,
JQC/MIN,Asset Management,0.8871,0.46482,624,,,,,,,,
GD/VSEC,Aerospace & Defense,0.8876,0.46484,624,,,,,,,,
HWBK/TFSL,Banks - Regional,0.8563,0.46485,624,,,,,,,,
JLS/VBF,Asset Management,0.9046,0.46485,624,,,,,,,,
AMP/EXG,Asset Management,0.9305,0.46486,624,,,,,,,,
HFBL/PEBO,Banks - Regional,0.8721,0.46486,624,,,,,,,,
FNX/RTH,Unknown,0.9838,0.46487,624,,,,,,,,
EPD/ET,Oil & Gas Midstream,0.8742,0.46487,624,,,,,,,,
BLK/BTZ,Asset Management,0.9417,0.46487,624,,,,,,,,
JMM/NTRS,Asset Management,0.9333,0.46488,624,,,,,,,,
EBMT/HFWA,Banks - Regional,0.8899,0.46489,624,,,,,,,,
EXLS/HCKT,Information Technology Services,0.9073,0.4649,624,,,,,,,,
GAM/RMT,Asset Management,0.9536,0.46491,624,,,,,,,,
GBCI/TRMK,Banks - Regional,0.9275,0.46492,624,,,,,,,,
HYT/TROW,Asset Management,0.8903,0.46494,624,,,,,,,,
CBAN/OVLY,Banks - Regional,0.817,0.46495,624,,,,,,,,
ASGN/JKHY,Information Technology Services,0.922,0.46496,624,,,,,,,,
BLK/PCF,Asset Management,0.9641,0.46498,624,,,,,,,,
CBAN/TOWN,Banks - Regional,0.9248,0.46499,624,,,,,,,,
MCR/STK,Asset Management,0.9125,0.465,624,,,,,,,,
HBAN/UBSI,Banks - Regional,0.9402,0.46501,624,,,,,,,,
ETB/VGM,Asset Management,0.8499,0.46502,624,,,,,,,,
CNOB/SSB,Banks - Regional,0.9147,0.46503,624,,,,,,,,
AMG/WT,Asset Management,0.821,0.46503,624,,,,,,,,
DSU/FUND,Asset Management,0.9492,0.46505,624,,,,,,,,
PEY/RTH,Unknown,0.9634,0.46505,624,,,,,,,,
SAP/SPNS,Software - Application,0.84,0.46506,624,,,,,,,,
GBCI/PEBK,Banks - Regional,0.9064,0.46506,624,,,,,,,,
UTF/WIA,Asset Management,0.8937,0.46507,624,,,,,,,,
FAB/PRFZ,Unknown,0.9944,0.46509,624,,,,,,,,
AAON/LII,Building Products & Equipment,0.971,0.46509,624,,,,,,,,
EVG/RMT,Asset Management,0.96,0.46511,624,,,,,,,,
BOH/UBFO,Banks - Regional,0.8864,0.46511,624,,,,,,,,
LGI/PCF,Asset Management,0.9789,0.46511,624,,,,,,,,
ETV/SBI,Asset Management,0.8569,0.46512,624,,,,,,,,
JSM/PPH,Unknown,0.8638,0.46513,624,,,,,,,,
HIO/STK,Asset Management,0.9307,0.46515,624,,,,,,,,
MCN/WEA,Asset Management,0.8412,0.46516,624,,,,,,,,
EVG/RQI,Asset Management,0.9544,0.46516,624,,,,,,,,
EVG/NTRS,Asset Management,0.8751,0.46517,624,,,,,,,,
CACI/INFY,Information Technology Services,0.9048,0.46517,624,,,,,,,,
PB/TFSL,Banks - Regional,0.8489,0.46517,624,,,,,,,,
CNI/TRN,Railroads,0.8762,0.46517,624,,,,,,,,
CRUS/MPWR,Semiconductors,0.9141,0.4652,624,,,,,,,,
CADE/GSBC,Banks - Regional,0.9252,0.4652,624,,,,,,,,
HWBK/OBT,Banks - Regional,0.8612,0.4652,624,,,,,,,,
BDJ/MPV,Asset Management,0.9256,0.46521,624,,,,,,,,
GS/SCHW,Capital Markets,0.9029,0.46521,624,,,,,,,,
AOD/GRX,Asset Management,0.9141,0.46521,624,,,,,,,,
CWBC/UBSI,Banks - Regional,0.904,0.46522,624,,,,,,,,
CCBG/CTBI,Banks - Regional,0.9245,0.46523,624,,,,,,,,
GAB/TSI,Asset Management,0.9289,0.46524,624,,,,,,,,
NEWT/PEBK,Banks - Regional,0.8055,0.46525,624,,,,,,,,
BN/FCT,Asset Management,0.9591,0.46525,624,,,,,,,,
CNOB/COLB,Banks - Regional,0.872,0.46529,624,,,,,,,,
BCPC/EMN,Specialty Chemicals,0.8944,0.46529,624,,,,,,,,
IJT/INDY,Unknown,0.9398,0.46529,624,,,,,,,,
MFIC/PTY,Asset Management,0.8024,0.46531,624,,,,,,,,
CZFS/FSFG,Banks - Regional,0.846,0.46531,624,,,,,,,,
PROV/WSFS,Banks - Regional,0.8238,0.46531,624,,,,,,,,
FRST/MPB,Banks - Regional,0.8711,0.46533,624,,,,,,,,
MGF/WEA,Asset Management,0.9028,0.46533,624,,,,,,,,
ISBA/NBTB,Banks - Regional,0.8471,0.46534,624,,,,,,,,
MBWM/WAL,Banks - Regional,0.881,0.46535,624,,,,,,,,
GRBK/SKY,Residential Construction,0.8717,0.46537,624,,,,,,,,
MVF/PFD,Asset Management,0.9289,0.46537,624,,,,,,,,
IGA/MFIC,Asset Management,0.8825,0.46538,624,,,,,,,,
ACNB/SMBC,Banks - Regional,0.9475,0.46539,624,,,,,,,,
ARCB/SAIA,Trucking,0.9543,0.46539,624,,,,,,,,
FT/NMZ,Asset Management,0.8976,0.4654,624,,,,,,,,
ETJ/ETY,Asset Management,0.9779,0.46541,624,,,,,,,,
EVG/NNY,Asset Management,0.8263,0.46542,624,,,,,,,,
HTD/JMM,Asset Management,0.9514,0.46543,624,,,,,,,,
HOMB/PB,Banks - Regional,0.9207,0.46544,624,,,,,,,,
BX/ETO,Asset Management,0.9278,0.46545,624,,,,,,,,
MNSB/SNV,Banks - Regional,0.8326,0.46545,624,,,,,,,,
CNS/NUV,Asset Management,0.8437,0.46546,624,,,,,,,,
JBK/PIZ,Unknown,0.9274,0.46546,624,,,,,,,,
BYM/CIF,Asset Management,0.9305,0.46547,624,,,,,,,,
KEY/TOWN,Banks - Regional,0.912,0.46549,624,,,,,,,,
BRW/IGD,Asset Management,0.9486,0.46549,624,,,,,,,,
ETB/VPV,Asset Management,0.8757,0.46549,624,,,,,,,,
PFO/VLT,Asset Management,0.9223,0.4655,624,,,,,,,,
SLAB/SWKS,Semiconductors,0.8412,0.4655,624,,,,,,,,
CARE/CVBF,Banks - Regional,0.8208,0.4655,624,,,,,,,,
PROV/WASH,Banks - Regional,0.8472,0.46551,624,,,,,,,,
CHKP/FTNT,Software - Infrastructure,0.8621,0.46554,624,,,,,,,,
BJK/PNQI,Unknown,0.8158,0.46554,624,,,,,,,,
BCBP/FULT,Banks - Regional,0.835,0.46555,624,,,,,,,,
HQL/NXP,Asset Management,0.8775,0.46555,624,,,,,,,,
GRX/VBF,Asset Management,0.9413,0.46555,624,,,,,,,,
QCRH/RBCAA,Banks - Regional,0.9622,0.46556,624,,,,,,,,
DTE/XEL,Utilities - Regulated Electric,0.9763,0.46557,624,,,,,,,,
BBH/IUSV,Unknown,0.8718,0.46557,624,,,,,,,,
AIA/BBH,Unknown,0.8707,0.46557,624,,,,,,,,
FXNC/UVSP,Banks - Regional,0.8545,0.46558,624,,,,,,,,
FDBC/SMBC,Banks - Regional,0.8418,0.46558,624,,,,,,,,
JOF/SOR,Asset Management,0.8803,0.46559,624,,,,,,,,
CNS/NTRS,Asset Management,0.8507,0.46559,624,,,,,,,,
BKN/HYT,Asset Management,0.8489,0.46559,624,,,,,,,,
BGT/RCS,Asset Management,0.8341,0.4656,624,,,,,,,,
CFFI/UBCP,Banks - Regional,0.8243,0.4656,624,,,,,,,,
GABC/OSBC,Banks - Regional,0.9391,0.4656,624,,,,,,,,
CTAS/RBA,Specialty Business Services,0.9777,0.46561,624,,,,,,,,
GBCI/VLY,Banks - Regional,0.8634,0.46562,624,,,,,,,,
BRW/ETW,Asset Management,0.9162,0.46562,624,,,,,,,,
ANSS/MANH,Software - Application,0.8644,0.46563,624,,,,,,,,
CBU/SMBK,Banks - Regional,0.8902,0.46564,624,,,,,,,,
UBFO/WBS,Banks - Regional,0.9302,0.46564,624,,,,,,,,
TU/VZ,Telecom Services,0.8294,0.46564,624,,,,,,,,
BXMX/IGA,Asset Management,0.9801,0.46565,624,,,,,,,,
AOD/NXN,Asset Management,0.8241,0.46566,624,,,,,,,,
CNA/DGICA,Insurance - Property & Casualty,0.9065,0.46566,624,,,,,,,,
BDJ/IGR,Asset Management,0.9144,0.46567,624,,,,,,,,
BBH/EMB,Unknown,0.8937,0.46567,624,,,,,,,,
FBIZ/ZIONP,Banks - Regional,0.844,0.46568,624,,,,,,,,
HUBB/POWL,Electrical Equipment & Parts,0.8249,0.4657,624,,,,,,,,
FMN/PMX,Asset Management,0.9394,0.4657,624,,,,,,,,
GAM/IGA,Asset Management,0.981,0.46572,624,,,,,,,,
PNQI/SHV,Unknown,0.8018,0.46572,624,,,,,,,,
KTN/PTH,Unknown,0.9231,0.46574,624,,,,,,,,
BDJ/DNP,Asset Management,0.9552,0.46574,624,,,,,,,,
CGO/ETV,Asset Management,0.9451,0.46576,624,,,,,,,,
FMAO/HWBK,Banks - Regional,0.8324,0.46576,624,,,,,,,,
GCBC/NBTB,Banks - Regional,0.8949,0.46576,624,,,,,,,,
JLS/QQQX,Asset Management,0.9115,0.46576,624,,,,,,,,
IBCP/SBSI,Banks - Regional,0.8837,0.46576,624,,,,,,,,
FITB/KEY,Banks - Regional,0.9239,0.46576,624,,,,,,,,
TLT/VGIT,Unknown,0.8959,0.46577,624,,,,,,,,
AWF/BGY,Asset Management,0.9309,0.46577,624,,,,,,,,
FRA/RVT,Asset Management,0.945,0.46578,624,,,,,,,,
BHK/NKX,Asset Management,0.9636,0.46579,624,,,,,,,,
FCT/SCD,Asset Management,0.9612,0.46581,624,,,,,,,,
EMD/PIM,Asset Management,0.8642,0.46581,624,,,,,,,,
GRX/WEA,Asset Management,0.9394,0.46581,624,,,,,,,,
IGR/STK,Asset Management,0.8563,0.46582,624,,,,,,,,
AROW/CVBF,Banks - Regional,0.9448,0.46583,624,,,,,,,,
FUND/IAE,Asset Management,0.8399,0.46584,624,,,,,,,,
HPI/NPV,Asset Management,0.8421,0.46584,624,,,,,,,,
AIA/PHO,Unknown,0.8427,0.46585,624,,,,,,,,
LIN/WLK,Specialty Chemicals,0.8691,0.46586,624,,,,,,,,
NEWT/RF,Banks - Regional,0.8569,0.46588,624,,,,,,,,
KEY/MBWM,Banks - Regional,0.8742,0.46588,624,,,,,,,,
BTZ/CXH,Asset Management,0.9354,0.46589,624,,,,,,,,
PFG/PNNT,Asset Management,0.9034,0.46589,624,,,,,,,,
IFN/PHD,Asset Management,0.929,0.4659,624,,,,,,,,
BANR/CNOB,Banks - Regional,0.9192,0.46591,624,,,,,,,,
ROK/SXI,Specialty Industrial Machinery,0.8284,0.46592,624,,,,,,,,
MUE/RFI,Asset Management,0.8599,0.46594,624,,,,,,,,
BTO/FT,Asset Management,0.942,0.46597,624,,,,,,,,
HXL/NOC,Aerospace & Defense,0.8241,0.46598,624,,,,,,,,
DOX/VRSN,Software - Infrastructure,0.8885,0.46599,624,,,,,,,,
PCN/SEIC,Asset Management,0.9166,0.46599,624,,,,,,,,
TSCO/WSM,Specialty Retail,0.9035,0.46599,624,,,,,,,,
ODFL/XPO,Trucking,0.8769,0.46599,624,,,,,,,,
CVBF/RNST,Banks - Regional,0.9106,0.466,624,,,,,,,,
ETV/SPE,Asset Management,0.9586,0.46602,624,,,,,,,,
CASH/WSBF,Banks - Regional,0.8246,0.46603,624,,,,,,,,
ADI/POWI,Semiconductors,0.9016,0.46603,624,,,,,,,,
CXE/EHI,Asset Management,0.869,0.46603,624,,,,,,,,
FEX/PTF,Unknown,0.9689,0.46603,624,,,,,,,,
GCBC/PEBO,Banks - Regional,0.851,0.46603,624,,,,,,,,
BN/NMZ,Asset Management,0.8727,0.46603,624,,,,,,,,
CNS/QQQX,Asset Management,0.9498,0.46604,624,,,,,,,,
NAC/VTN,Asset Management,0.9698,0.46605,624,,,,,,,,
GLAD/GRX,Asset Management,0.8637,0.46608,624,,,,,,,,
ROCK/TREX,Building Products & Equipment,0.9344,0.46608,624,,,,,,,,
GJT/KTN,Unknown,0.9021,0.46608,624,,,,,,,,
CRUS/LSCC,Semiconductors,0.8156,0.46609,624,,,,,,,,
RNST/TOWN,Banks - Regional,0.8919,0.4661,624,,,,,,,,
EFR/SEIC,Asset Management,0.8753,0.4661,624,,,,,,,,
SAP/TYL,Software - Application,0.8976,0.46613,624,,,,,,,,
NDAQ/SPGI,Financial Data & Stock Exchanges,0.9846,0.46614,624,,,,,,,,
CRAI/ICFI,Consulting Services,0.8871,0.46615,624,,,,,,,,
ETV/HQH,Asset Management,0.9091,0.46615,624,,,,,,,,
ASG/QQQX,Asset Management,0.957,0.46616,624,,,,,,,,
HBNC/INBK,Banks - Regional,0.8875,0.4662,624,,,,,,,,
MHI/NPV,Asset Management,0.8186,0.4662,624,,,,,,,,
ACNB/FCCO,Banks - Regional,0.9313,0.46621,624,,,,,,,,
HQL/MUJ,Asset Management,0.8864,0.46622,624,,,,,,,,
CATY/SYBT,Banks - Regional,0.9327,0.46623,624,,,,,,,,
BLK/STK,Asset Management,0.9788,0.46624,624,,,,,,,,
OSBC/UBFO,Banks - Regional,0.9558,0.46624,624,,,,,,,,
FTA/GJH,Unknown,0.9546,0.46625,624,,,,,,,,
ASB/STBA,Banks - Regional,0.9524,0.46625,624,,,,,,,,
BTO/HQH,Asset Management,0.8756,0.46626,624,,,,,,,,
CZNC/ZIONP,Banks - Regional,0.8727,0.46627,624,,,,,,,,
MKSI/TRMB,Scientific & Technical Instruments,0.8929,0.46628,624,,,,,,,,
CHY/IFN,Asset Management,0.9438,0.46628,624,,,,,,,,
SEIC/SPE,Asset Management,0.8821,0.46629,624,,,,,,,,
CNS/EHI,Asset Management,0.9166,0.46631,624,,,,,,,,
CMI/NDSN,Specialty Industrial Machinery,0.923,0.46631,624,,,,,,,,
BDJ/JPC,Asset Management,0.919,0.46632,624,,,,,,,,
EOD/IAE,Asset Management,0.8852,0.46632,624,,,,,,,,
BLW/IIM,Asset Management,0.8616,0.46632,624,,,,,,,,
PTF/SOXX,Unknown,0.9834,0.46634,624,,,,,,,,
ETB/WEA,Asset Management,0.923,0.46635,624,,,,,,,,
IIM/PDT,Asset Management,0.9221,0.46636,624,,,,,,,,
HDB/IBOC,Banks - Regional,0.8646,0.46636,624,,,,,,,,
ETV/MCR,Asset Management,0.9659,0.46638,624,,,,,,,,
MYI/PCQ,Asset Management,0.8224,0.46638,624,,,,,,,,
DDT/IGF,Unknown,0.9705,0.46639,624,,,,,,,,
MAIN/SPE,Asset Management,0.9779,0.46639,624,,,,,,,,
AWF/HIX,Asset Management,0.9299,0.46641,624,,,,,,,,
IGSB/TVE,Unknown,0.8854,0.46641,624,,,,,,,,
BBVA/UBS,Banks - Diversified,0.852,0.46641,624,,,,,,,,
KEY/QCRH,Banks - Regional,0.8821,0.46641,624,,,,,,,,
FYX/QQXT,Unknown,0.9808,0.46642,624,,,,,,,,
CAT/DE,Farm & Heavy Construction Machinery,0.9409,0.46643,624,,,,,,,,
LULU/SCVL,Apparel Retail,0.8478,0.46643,624,,,,,,,,
GJR/SCZ,Unknown,0.8633,0.46644,624,,,,,,,,
AOD/ETV,Asset Management,0.957,0.46646,624,,,,,,,,
HFWA/STBA,Banks - Regional,0.9065,0.46646,624,,,,,,,,
INDB/SFNC,Banks - Regional,0.8946,0.46648,624,,,,,,,,
HIO/NKX,Asset Management,0.8842,0.46648,624,,,,,,,,
CMA/FXNC,Banks - Regional,0.851,0.46649,624,,,,,,,,
BANF/WTFC,Banks - Regional,0.9396,0.4665,624,,,,,,,,
LNT/SO,Utilities - Regulated Electric,0.9418,0.4665,624,,,,,,,,
TWN/UTF,Asset Management,0.8948,0.46651,624,,,,,,,,
AX/GBCI,Banks - Regional,0.9019,0.46651,624,,,,,,,,
PFF/QQEW,Unknown,0.931,0.46651,624,,,,,,,,
NVG/PYN,Asset Management,0.8269,0.46652,624,,,,,,,,
NIM/WIW,Asset Management,0.8886,0.46655,624,,,,,,,,
MPV/QQQX,Asset Management,0.9139,0.46655,624,,,,,,,,
AWP/NVG,Asset Management,0.9247,0.46656,624,,,,,,,,
HALO/VRTX,Biotechnology,0.894,0.46656,624,,,,,,,,
AMP/ETO,Asset Management,0.9142,0.46657,624,,,,,,,,
PSL/PTH,Unknown,0.9184,0.46657,624,,,,,,,,
CBU/IBCP,Banks - Regional,0.8605,0.46658,624,,,,,,,,
GBCI/MBCN,Banks - Regional,0.9044,0.46661,624,,,,,,,,
IUSV/SHY,Unknown,0.9049,0.46662,624,,,,,,,,
DDT/PDP,Unknown,0.9527,0.46663,624,,,,,,,,
DHF/NCA,Asset Management,0.8412,0.46663,624,,,,,,,,
GDV/TROW,Asset Management,0.8743,0.46663,624,,,,,,,,
CHCO/ZION,Banks - Regional,0.8356,0.46665,624,,,,,,,,
BCBP/MBWM,Banks - Regional,0.8038,0.46665,624,,,,,,,,
DSU/PCF,Asset Management,0.9535,0.46667,624,,,,,,,,
ALRS/FBNC,Banks - Regional,0.8914,0.46669,624,,,,,,,,
CZFS/KEY,Banks - Regional,0.8128,0.46669,624,,,,,,,,
CIVB/RF,Banks - Regional,0.8826,0.4667,624,,,,,,,,
CPK/NJR,Utilities - Regulated Gas,0.9363,0.4667,624,,,,,,,,
BHK/HIO,Asset Management,0.9421,0.4667,624,,,,,,,,
FYX/PTH,Unknown,0.9206,0.4667,624,,,,,,,,
EEA/PTY,Asset Management,0.9409,0.4667,624,,,,,,,,
FYX/RTH,Unknown,0.9704,0.46671,624,,,,,,,,
ASRV/PROV,Banks - Regional,0.8622,0.46671,624,,,,,,,,
GRX/VMO,Asset Management,0.8829,0.46672,624,,,,,,,,
PKW/VCSH,Unknown,0.9381,0.46673,624,,,,,,,,
JCI/LPX,Building Products & Equipment,0.9515,0.46673,624,,,,,,,,
LCNB/STBA,Banks - Regional,0.8528,0.46674,624,,,,,,,,
CHMG/NBTB,Banks - Regional,0.9414,0.46674,624,,,,,,,,
MUA/NQP,Asset Management,0.9633,0.46675,624,,,,,,,,
HQL/NCA,Asset Management,0.9212,0.46675,624,,,,,,,,
QQQ/SMH,Unknown,0.9797,0.46675,624,,,,,,,,
JRS/MYI,Asset Management,0.904,0.46677,624,,,,,,,,
LGI/PHD,Asset Management,0.9584,0.46678,624,,,,,,,,
FTA/JBK,Unknown,0.9334,0.4668,624,,,,,,,,
HFWA/NFBK,Banks - Regional,0.8126,0.46681,624,,,,,,,,
ALG/DE,Farm & Heavy Construction Machinery,0.9361,0.46681,624,,,,,,,,
DTE/EVRG,Utilities - Regulated Electric,0.9782,0.46681,624,,,,,,,,
ISBA/PKBK,Banks - Regional,0.8404,0.46681,624,,,,,,,,
FDBC/PB,Banks - Regional,0.8615,0.46681,624,,,,,,,,
CZFS/CZWI,Banks - Regional,0.8395,0.46681,624,,,,,,,,
AB/RNP,Asset Management,0.9548,0.46683,624,,,,,,,,
CTBI/OZK,Banks - Regional,0.8715,0.46683,624,,,,,,,,
FHI/PFL,Asset Management,0.877,0.46686,624,,,,,,,,
MNSB/PGC,Banks - Regional,0.9093,0.46689,624,,,,,,,,
PNW/TXNM,Utilities - Regulated Electric,0.9579,0.46691,624,,,,,,,,
GSBC/HBAN,Banks - Regional,0.9645,0.46691,624,,,,,,,,
BME/WEA,Asset Management,0.9314,0.46691,624,,,,,,,,
ETO/JLS,Asset Management,0.9071,0.46692,624,,,,,,,,
CHY/WIW,Asset Management,0.9355,0.46692,624,,,,,,,,
IGR/NXJ,Asset Management,0.9211,0.46692,624,,,,,,,,
BUSE/RF,Banks - Regional,0.8707,0.46692,624,,,,,,,,
CARE/WSFS,Banks - Regional,0.8566,0.46693,624,,,,,,,,
GLW/TEL,Electronic Components,0.9459,0.46693,624,,,,,,,,
CMU/PFD,Asset Management,0.932,0.46693,624,,,,,,,,
ADX/CHY,Asset Management,0.9667,0.46693,624,,,,,,,,
MHF/TY,Asset Management,0.936,0.46694,624,,,,,,,,
BFC/OSBC,Banks - Regional,0.8986,0.46695,624,,,,,,,,
PHK/STT,Asset Management,0.8014,0.46695,624,,,,,,,,
CZFS/NBTB,Banks - Regional,0.8691,0.46695,624,,,,,,,,
BTO/FOF,Asset Management,0.9468,0.46696,624,,,,,,,,
FBNC/SBSI,Banks - Regional,0.9433,0.46696,624,,,,,,,,
FTC/GJO,Unknown,0.9672,0.46697,624,,,,,,,,
IGR/NUW,Asset Management,0.8515,0.46697,624,,,,,,,,
DHF/MPV,Asset Management,0.8978,0.46698,624,,,,,,,,
ITT/MWA,Specialty Industrial Machinery,0.9295,0.46698,624,,,,,,,,
GDL/RQI,Asset Management,0.9556,0.46698,624,,,,,,,,
PRN/RTH,Unknown,0.9776,0.46699,624,,,,,,,,
HQL/PHD,Asset Management,0.8499,0.46699,624,,,,,,,,
BDJ/EOD,Asset Management,0.9538,0.467,624,,,,,,,,
CHCO/LCNB,Banks - Regional,0.8039,0.46701,624,,,,,,,,
IGI/STEW,Asset Management,0.8014,0.46701,624,,,,,,,,
TLT/VMBS,Unknown,0.9042,0.46702,624,,,,,,,,
BTO/STT,Asset Management,0.9141,0.46702,624,,,,,,,,
DHIL/IGD,Asset Management,0.8484,0.46704,624,,,,,,,,
BME/NUV,Asset Management,0.9188,0.46705,624,,,,,,,,
ETY/PFL,Asset Management,0.9432,0.46705,624,,,,,,,,
GUT/HIX,Asset Management,0.8688,0.46706,624,,,,,,,,
EFT/TSI,Asset Management,0.9125,0.46706,624,,,,,,,,
ORI/WTM,Insurance - Property & Casualty,0.969,0.46706,624,,,,,,,,
AB/RQI,Asset Management,0.9484,0.46706,624,,,,,,,,
MIN/VLT,Asset Management,0.9371,0.46707,624,,,,,,,,
NFJ/TROW,Asset Management,0.8773,0.46709,624,,,,,,,,
IFN/JQC,Asset Management,0.9035,0.46709,624,,,,,,,,
INDY/PSL,Unknown,0.9317,0.46709,624,,,,,,,,
CASH/RF,Banks - Regional,0.9615,0.46709,624,,,,,,,,
FBNC/PFBC,Banks - Regional,0.9485,0.46709,624,,,,,,,,
CGO/CIF,Asset Management,0.9489,0.46709,624,,,,,,,,
EWBC/FRME,Banks - Regional,0.9133,0.4671,624,,,,,,,,
FRME/RF,Banks - Regional,0.9104,0.46712,624,,,,,,,,
MFIC/SPE,Asset Management,0.8852,0.46713,624,,,,,,,,
BOE/JFR,Asset Management,0.9553,0.46714,624,,,,,,,,
ALRS/IBCP,Banks - Regional,0.8265,0.46715,624,,,,,,,,
HLX/NOV,Oil & Gas Equipment & Services,0.8718,0.46716,624,,,,,,,,
CVBF/ZION,Banks - Regional,0.9065,0.46719,624,,,,,,,,
GRX/MUE,Asset Management,0.8898,0.46719,624,,,,,,,,
PNFP/RNST,Banks - Regional,0.8721,0.46721,624,,,,,,,,
CBAN/RNST,Banks - Regional,0.8795,0.46721,624,,,,,,,,
FT/IIF,Asset Management,0.8914,0.46722,624,,,,,,,,
CASH/WBS,Banks - Regional,0.8697,0.46722,624,,,,,,,,
MHI/NEA,Asset Management,0.8687,0.46722,624,,,,,,,,
GSBC/SBSI,Banks - Regional,0.9571,0.46722,624,,,,,,,,
OPOF/WTBA,Banks - Regional,0.8332,0.46724,624,,,,,,,,
RVT/STK,Asset Management,0.9691,0.46725,624,,,,,,,,
ITGR/MDT,Medical Devices,0.8058,0.46725,624,,,,,,,,
CBSH/COLB,Banks - Regional,0.8311,0.46725,624,,,,,,,,
INBK/RNST,Banks - Regional,0.8724,0.46726,624,,,,,,,,
BME/SPE,Asset Management,0.9142,0.46726,624,,,,,,,,
AGD/HIO,Asset Management,0.9301,0.46727,624,,,,,,,,
ETV/GCV,Asset Management,0.924,0.46727,624,,,,,,,,
FRAF/RF,Banks - Regional,0.9024,0.46728,624,,,,,,,,
FDBC/OSBC,Banks - Regional,0.877,0.46728,624,,,,,,,,
HBCP/TRST,Banks - Regional,0.915,0.46729,624,,,,,,,,
PFIS/TFSL,Banks - Regional,0.8272,0.4673,624,,,,,,,,
HOMB/RF,Banks - Regional,0.8966,0.4673,624,,,,,,,,
ADSK/PLUS,Software - Application,0.8786,0.46731,624,,,,,,,,
HIO/MAIN,Asset Management,0.9266,0.46733,624,,,,,,,,
CASH/PFBC,Banks - Regional,0.9579,0.46733,624,,,,,,,,
FRAF/PWOD,Banks - Regional,0.8255,0.46733,624,,,,,,,,
BCBP/HBNC,Banks - Regional,0.8711,0.46734,624,,,,,,,,
NMZ/RQI,Asset Management,0.9266,0.46734,624,,,,,,,,
ALV/GNTX,Auto Parts,0.8658,0.46734,624,,,,,,,,
GJS/GRID,Unknown,0.9233,0.46734,624,,,,,,,,
RNST/SFNC,Banks - Regional,0.9501,0.46735,624,,,,,,,,
IGR/STT,Asset Management,0.8232,0.46735,624,,,,,,,,
BLW/EMD,Asset Management,0.8879,0.46737,624,,,,,,,,
GTN/SBGI,Broadcasting,0.8087,0.46737,624,,,,,,,,
BBH/FTA,Unknown,0.8928,0.46738,624,,,,,,,,
EXPO/STN,Engineering & Construction,0.8078,0.46738,624,,,,,,,,
HFBL/WAFD,Banks - Regional,0.9015,0.46739,624,,,,,,,,
HBAN/PWOD,Banks - Regional,0.8477,0.46739,624,,,,,,,,
OFLX/ROK,Specialty Industrial Machinery,0.8,0.46739,624,,,,,,,,
CHW/VRTS,Asset Management,0.8285,0.46739,624,,,,,,,,
TRST/ZIONP,Banks - Regional,0.8259,0.4674,624,,,,,,,,
DD/SXT,Specialty Chemicals,0.8587,0.46741,624,,,,,,,,
CNS/VLT,Asset Management,0.9424,0.46741,624,,,,,,,,
BYM/TSI,Asset Management,0.8995,0.46742,624,,,,,,,,
CIVB/WAL,Banks - Regional,0.8962,0.46743,624,,,,,,,,
ISBA/PB,Banks - Regional,0.8454,0.46743,624,,,,,,,,
PFF/PIE,Unknown,0.8029,0.46744,624,,,,,,,,
HOMB/TOWN,Banks - Regional,0.9336,0.46745,624,,,,,,,,
GRX/QQQX,Asset Management,0.9603,0.46747,624,,,,,,,,
ETR/OGE,Utilities - Regulated Electric,0.9002,0.46748,624,,,,,,,,
HTD/NXC,Asset Management,0.9028,0.46748,624,,,,,,,,
EOI/STEW,Asset Management,0.9908,0.4675,624,,,,,,,,
BFC/GBCI,Banks - Regional,0.9022,0.4675,624,,,,,,,,
CFFI/KEY,Banks - Regional,0.8067,0.46751,624,,,,,,,,
AWF/RQI,Asset Management,0.9578,0.46751,624,,,,,,,,
IIF/MCI,Asset Management,0.9243,0.46751,624,,,,,,,,
PEY/QTEC,Unknown,0.9423,0.46751,624,,,,,,,,
PLBC/WAFD,Banks - Regional,0.8987,0.46752,624,,,,,,,,
MIN/VMO,Asset Management,0.9085,0.46753,624,,,,,,,,
HWBK/LCNB,Banks - Regional,0.8416,0.46754,624,,,,,,,,
OTEX/ROP,Software - Application,0.8428,0.46755,624,,,,,,,,
BDJ/SOR,Asset Management,0.9805,0.46755,624,,,,,,,,
DSU/STT,Asset Management,0.8384,0.4676,624,,,,,,,,
BXMX/TY,Asset Management,0.983,0.46761,624,,,,,,,,
ETB/PFD,Asset Management,0.8617,0.46761,624,,,,,,,,
ETO/SEIC,Asset Management,0.9109,0.46761,624,,,,,,,,
CFR/ISBA,Banks - Regional,0.8406,0.46762,624,,,,,,,,
FDBC/PEBO,Banks - Regional,0.8897,0.46763,624,,,,,,,,
GRX/NAN,Asset Management,0.9059,0.46763,624,,,,,,,,
BAC/BNS,Banks - Diversified,0.9069,0.46764,624,,,,,,,,
MNDO/PAYX,Software - Application,0.9165,0.46765,624,,,,,,,,
HOMB/PGC,Banks - Regional,0.8746,0.46766,624,,,,,,,,
EHI/MUE,Asset Management,0.8911,0.46766,624,,,,,,,,
CASH/RBCAA,Banks - Regional,0.9633,0.46768,624,,,,,,,,
CATY/NBTB,Banks - Regional,0.9645,0.46768,624,,,,,,,,
BOH/INBK,Banks - Regional,0.8533,0.46768,624,,,,,,,,
BKN/CIF,Asset Management,0.9235,0.46769,624,,,,,,,,
NIM/UTF,Asset Management,0.9117,0.46769,624,,,,,,,,
ASB/GSBC,Banks - Regional,0.922,0.46769,624,,,,,,,,
PAYX/ROP,Software - Application,0.9728,0.46769,624,,,,,,,,
EBMT/SFBC,Banks - Regional,0.8449,0.4677,624,,,,,,,,
CMA/MBCN,Banks - Regional,0.8178,0.4677,624,,,,,,,,
MCD/YUM,Restaurants,0.9882,0.4677,624,,,,,,,,
BLW/GDL,Asset Management,0.9654,0.4677,624,,,,,,,,
UMBF/WSBC,Banks - Regional,0.8354,0.46771,624,,,,,,,,
IQI/PCK,Asset Management,0.8627,0.46772,624,,,,,,,,
FLIC/HBNC,Banks - Regional,0.8397,0.46774,624,,,,,,,,
DVY/PPH,Unknown,0.9515,0.46775,624,,,,,,,,
MHD/PDT,Asset Management,0.8762,0.46775,624,,,,,,,,
CAF/NRK,Asset Management,0.8115,0.46777,624,,,,,,,,
MCN/MMT,Asset Management,0.896,0.46777,624,,,,,,,,
BLW/FFA,Asset Management,0.982,0.46778,624,,,,,,,,
BN/GDL,Asset Management,0.9434,0.46778,624,,,,,,,,
AX/EFSC,Banks - Regional,0.9074,0.46778,624,,,,,,,,
BOE/FHI,Asset Management,0.9399,0.46779,624,,,,,,,,
BLK/OIA,Asset Management,0.8698,0.46779,624,,,,,,,,
ICLR/RDNT,Diagnostics & Research,0.8126,0.4678,624,,,,,,,,
BLE/TSI,Asset Management,0.8427,0.46781,624,,,,,,,,
STEW/TWN,Asset Management,0.9394,0.46781,624,,,,,,,,
EWBC/OZK,Banks - Regional,0.8825,0.46782,624,,,,,,,,
DHF/MYN,Asset Management,0.85,0.46783,624,,,,,,,,
INBK/PPBI,Banks - Regional,0.8653,0.46783,624,,,,,,,,
MTB/TFC,Banks - Regional,0.9013,0.46785,624,,,,,,,,
JCE/PIM,Asset Management,0.8875,0.46785,624,,,,,,,,
ADBE/ADSK,Software - Application,0.9673,0.46786,624,,,,,,,,
AWP/STK,Asset Management,0.8425,0.46788,624,,,,,,,,
FYX/PYZ,Unknown,0.9852,0.46788,624,,,,,,,,
AGD/GLAD,Asset Management,0.957,0.4679,624,,,,,,,,
DOV/PNR,Specialty Industrial Machinery,0.9289,0.4679,624,,,,,,,,
GAB/QQQX,Asset Management,0.9574,0.4679,624,,,,,,,,
FHN/MTB,Banks - Regional,0.8906,0.46791,624,,,,,,,,
AMT/SBAC,REIT - Specialty,0.9823,0.46791,624,,,,,,,,
ETB/VMO,Asset Management,0.8371,0.46792,624,,,,,,,,
PHO/QTEC,Unknown,0.9838,0.46792,624,,,,,,,,
DTF/MUA,Asset Management,0.9328,0.46792,624,,,,,,,,
ACNB/THFF,Banks - Regional,0.9274,0.46793,624,,,,,,,,
GF/JOF,Asset Management,0.8422,0.46793,624,,,,,,,,
BPOP/PBHC,Banks - Regional,0.8093,0.46793,624,,,,,,,,
FOF/SPXX,Asset Management,0.9855,0.46795,624,,,,,,,,
INDB/NWBI,Banks - Regional,0.9239,0.46796,624,,,,,,,,
HPI/TSI,Asset Management,0.9649,0.46797,624,,,,,,,,
BTO/USA,Asset Management,0.93,0.46798,624,,,,,,,,
BDJ/PCF,Asset Management,0.9728,0.46798,624,,,,,,,,
BBH/IEF,Unknown,0.832,0.46799,624,,,,,,,,
BOE/MPV,Asset Management,0.9253,0.468,624,,,,,,,,
AB/STK,Asset Management,0.9546,0.468,624,,,,,,,,
BKT/PFD,Asset Management,0.9528,0.46801,624,,,,,,,,
HFBL/HFWA,Banks - Regional,0.8734,0.46802,624,,,,,,,,
PCAR/TEX,Farm & Heavy Construction Machinery,0.8043,0.46803,624,,,,,,,,
MMU/PCN,Asset Management,0.8561,0.46803,624,,,,,,,,
CMA/UBCP,Banks - Regional,0.8417,0.46803,624,,,,,,,,
CMCT/OPI,REIT - Office,0.8006,0.46804,624,,,,,,,,
NAZ/VKQ,Asset Management,0.9563,0.46806,624,,,,,,,,
TOWN/VLY,Banks - Regional,0.8262,0.46806,624,,,,,,,,
MCR/MPA,Asset Management,0.9384,0.46806,624,,,,,,,,
FT/NZF,Asset Management,0.8953,0.46808,624,,,,,,,,
CHD/UL,Household & Personal Products,0.9193,0.46809,624,,,,,,,,
NXN/QQQX,Asset Management,0.901,0.46809,624,,,,,,,,
PFI/USIG,Unknown,0.8943,0.4681,624,,,,,,,,
FAD/RTH,Unknown,0.9916,0.4681,624,,,,,,,,
BANF/HBCP,Banks - Regional,0.901,0.46813,624,,,,,,,,
NXC/PFL,Asset Management,0.9012,0.46814,624,,,,,,,,
PHD/UTF,Asset Management,0.9372,0.46815,624,,,,,,,,
CBU/USB,Banks - Regional,0.9299,0.46816,624,,,,,,,,
GJO/PRN,Unknown,0.9479,0.46817,624,,,,,,,,
EWBC/SSB,Banks - Regional,0.9219,0.46818,624,,,,,,,,
CAF/NUW,Asset Management,0.8209,0.4682,624,,,,,,,,
HBAN/ISBA,Banks - Regional,0.8684,0.46821,624,,,,,,,,
AX/PEBO,Banks - Regional,0.9268,0.46821,624,,,,,,,,
RF/THFF,Banks - Regional,0.9161,0.46822,624,,,,,,,,
GBCI/INBK,Banks - Regional,0.8064,0.46822,624,,,,,,,,
FCT/VBF,Asset Management,0.8858,0.46822,624,,,,,,,,
BFC/CCNE,Banks - Regional,0.8085,0.46822,624,,,,,,,,
NEE/WEC,Utilities - Regulated Electric,0.9709,0.46823,624,,,,,,,,
ETO/JPC,Asset Management,0.9391,0.46824,624,,,,,,,,
EVF/IIF,Asset Management,0.9261,0.46824,624,,,,,,,,
HDB/MNSB,Banks - Regional,0.9296,0.46824,624,,,,,,,,
BN/HQH,Asset Management,0.8615,0.46825,624,,,,,,,,
HTBK/THFF,Banks - Regional,0.9115,0.46826,624,,,,,,,,
GLAD/RMT,Asset Management,0.9423,0.46826,624,,,,,,,,
JQC/MPV,Asset Management,0.9443,0.46826,624,,,,,,,,
GAB/OCSL,Asset Management,0.8332,0.46826,624,,,,,,,,
ARCC/GRX,Asset Management,0.8889,0.46827,624,,,,,,,,
SPXX/STT,Asset Management,0.8765,0.46827,624,,,,,,,,
FCF/STBA,Banks - Regional,0.944,0.46828,624,,,,,,,,
BXMX/FHI,Asset Management,0.948,0.46828,624,,,,,,,,
FMAO/HDB,Banks - Regional,0.8002,0.46828,624,,,,,,,,
AOD/EOI,Asset Management,0.9778,0.46831,624,,,,,,,,
BTZ/MSD,Asset Management,0.9222,0.46832,624,,,,,,,,
AEP/NWE,Utilities - Regulated Electric,0.9301,0.46833,624,,,,,,,,
PAI/WIA,Asset Management,0.8786,0.46834,624,,,,,,,,
IGR/SPXX,Asset Management,0.9021,0.46835,624,,,,,,,,
ARCC/TY,Asset Management,0.9413,0.46835,624,,,,,,,,
ETJ/HQL,Asset Management,0.8656,0.46835,624,,,,,,,,
FXNC/TRMK,Banks - Regional,0.8635,0.46837,624,,,,,,,,
FBNC/FHN,Banks - Regional,0.8668,0.46838,624,,,,,,,,
PID/PSL,Unknown,0.909,0.46838,624,,,,,,,,
BGY/NXP,Asset Management,0.8555,0.46844,624,,,,,,,,
FLO/JJSF,Packaged Foods,0.8625,0.46845,624,,,,,,,,
NTRS/PMM,Asset Management,0.8999,0.46846,624,,,,,,,,
FOF/IGR,Asset Management,0.9182,0.46846,624,,,,,,,,
SFBC/TRST,Banks - Regional,0.8748,0.46847,624,,,,,,,,
MHI/VTN,Asset Management,0.918,0.46853,624,,,,,,,,
CVBF/INBK,Banks - Regional,0.8253,0.46855,624,,,,,,,,
AWP/FOF,Asset Management,0.9245,0.46858,624,,,,,,,,
BCML/DCOM,Banks - Regional,0.8269,0.46858,624,,,,,,,,
IEX/ROK,Specialty Industrial Machinery,0.9758,0.46858,624,,,,,,,,
GDV/HYT,Asset Management,0.9782,0.46858,624,,,,,,,,
GAM/PFG,Asset Management,0.9417,0.46859,624,,,,,,,,
AX/SBCF,Banks - Regional,0.8563,0.46859,624,,,,,,,,
KEY/NKSH,Banks - Regional,0.8594,0.46859,624,,,,,,,,
HIFS/USB,Banks - Regional,0.9033,0.46861,624,,,,,,,,
BME/FOF,Asset Management,0.9499,0.46863,624,,,,,,,,
EME/GVA,Engineering & Construction,0.8085,0.46863,624,,,,,,,,
BTA/ETO,Asset Management,0.9176,0.46863,624,,,,,,,,
GDO/RFI,Asset Management,0.9439,0.46863,624,,,,,,,,
PKW/QQXT,Unknown,0.9865,0.46864,624,,,,,,,,
HYT/PMM,Asset Management,0.9107,0.46864,624,,,,,,,,
FDBC/TRMK,Banks - Regional,0.8466,0.46864,624,,,,,,,,
HDB/USB,Banks - Regional,0.863,0.46864,624,,,,,,,,
BME/FFC,Asset Management,0.9336,0.46865,624,,,,,,,,
GDV/JFR,Asset Management,0.9663,0.46865,624,,,,,,,,
EEA/STT,Asset Management,0.8808,0.46865,624,,,,,,,,
PHO/RTH,Unknown,0.986,0.46867,624,,,,,,,,
AOD/DHIL,Asset Management,0.8111,0.46869,624,,,,,,,,
FRA/QQQX,Asset Management,0.9327,0.46869,624,,,,,,,,
SCZ/VGSH,Unknown,0.8781,0.4687,624,,,,,,,,
ABG/RUSHB,Auto & Truck Dealerships,0.9571,0.4687,624,,,,,,,,
OZK/PGC,Banks - Regional,0.8474,0.4687,624,,,,,,,,
CGO/NQP,Asset Management,0.9019,0.4687,624,,,,,,,,
MSD/NVG,Asset Management,0.8872,0.4687,624,,,,,,,,
BHLB/WSFS,Banks - Regional,0.8139,0.46872,624,,,,,,,,
ACWX/QTEC,Unknown,0.9581,0.46872,624,,,,,,,,
FHI/PHD,Asset Management,0.8993,0.46873,624,,,,,,,,
PCM/PHK,Asset Management,0.8306,0.46873,624,,,,,,,,
BRW/GDO,Asset Management,0.8442,0.46873,624,,,,,,,,
CZFS/FBIZ,Banks - Regional,0.8365,0.46874,624,,,,,,,,
SYBT/WSBF,Banks - Regional,0.8745,0.46875,624,,,,,,,,
BDJ/EVG,Asset Management,0.9656,0.46875,624,,,,,,,,
NMZ/PMF,Asset Management,0.9145,0.46875,624,,,,,,,,
MCO/NDAQ,Financial Data & Stock Exchanges,0.9832,0.46876,624,,,,,,,,
EBTC/WABC,Banks - Regional,0.8389,0.46879,624,,,,,,,,
FCCO/UBSI,Banks - Regional,0.9014,0.46881,624,,,,,,,,
FTA/SHY,Unknown,0.8757,0.46881,624,,,,,,,,
NMT/PNF,Asset Management,0.8733,0.46881,624,,,,,,,,
CHW/IAE,Asset Management,0.8832,0.46881,624,,,,,,,,
HTBK/USB,Banks - Regional,0.9109,0.46881,624,,,,,,,,
RBCAA/RF,Banks - Regional,0.947,0.46882,624,,,,,,,,
EBMT/FMAO,Banks - Regional,0.8397,0.46882,624,,,,,,,,
NEE/POR,Utilities - Regulated Electric,0.9028,0.46882,624,,,,,,,,
CMU/NPV,Asset Management,0.8555,0.46882,624,,,,,,,,
FCF/TCBK,Banks - Regional,0.9601,0.46883,624,,,,,,,,
CBSH/SRCE,Banks - Regional,0.9239,0.46885,624,,,,,,,,
MTB/PNFP,Banks - Regional,0.9338,0.46886,624,,,,,,,,
BTZ/EVN,Asset Management,0.9402,0.46886,624,,,,,,,,
ISBA/USB,Banks - Regional,0.8636,0.46887,624,,,,,,,,
VLT/VPV,Asset Management,0.9162,0.46887,624,,,,,,,,
PDT/PMF,Asset Management,0.8134,0.46888,624,,,,,,,,
FULT/ZIONP,Banks - Regional,0.8878,0.46888,624,,,,,,,,
CWBC/ZIONP,Banks - Regional,0.8764,0.46888,624,,,,,,,,
GAM/NFJ,Asset Management,0.9623,0.46889,624,,,,,,,,
HWC/UBSI,Banks - Regional,0.8245,0.46889,624,,,,,,,,
ARCC/PIM,Asset Management,0.8421,0.4689,624,,,,,,,,
ETB/MYI,Asset Management,0.8848,0.4689,624,,,,,,,,
BCBP/LKFN,Banks - Regional,0.9051,0.46891,624,,,,,,,,
ETJ/STT,Asset Management,0.8058,0.46892,624,,,,,,,,
STK/UTF,Asset Management,0.9493,0.46892,624,,,,,,,,
GF/MUE,Asset Management,0.8416,0.46892,624,,,,,,,,
ABCB/NFBK,Banks - Regional,0.8123,0.46893,624,,,,,,,,
INBK/PBHC,Banks - Regional,0.8286,0.46893,624,,,,,,,,
MHI/PMO,Asset Management,0.8425,0.46893,624,,,,,,,,
EXR/FR,REIT - Industrial,0.9815,0.46895,624,,,,,,,,
FDBC/FULT,Banks - Regional,0.8112,0.46895,624,,,,,,,,
FEX/JSM,Unknown,0.9264,0.46895,624,,,,,,,,
GDO/PNF,Asset Management,0.8277,0.46897,624,,,,,,,,
FUNC/NECB,Banks - Regional,0.91,0.46898,624,,,,,,,,
FT/IFN,Asset Management,0.928,0.46898,624,,,,,,,,
ACNB/BSRR,Banks - Regional,0.9101,0.46898,624,,,,,,,,
JRS/PCM,Asset Management,0.9164,0.46899,624,,,,,,,,
ADX/CHI,Asset Management,0.9701,0.469,624,,,,,,,,
CIVB/GSBC,Banks - Regional,0.9489,0.46901,624,,,,,,,,
MCN/SPE,Asset Management,0.9387,0.46901,624,,,,,,,,
HFWA/TFC,Banks - Regional,0.9006,0.46901,624,,,,,,,,
AAXJ/VMBS,Unknown,0.8321,0.46902,624,,,,,,,,
EVG/NIE,Asset Management,0.9718,0.46902,624,,,,,,,,
BXMX/IGI,Asset Management,0.8391,0.46903,624,,,,,,,,
EHI/JLS,Asset Management,0.9113,0.46904,624,,,,,,,,
GRX/NUV,Asset Management,0.9272,0.46904,624,,,,,,,,
CFR/FMNB,Banks - Regional,0.9226,0.46905,624,,,,,,,,
ALRS/MPB,Banks - Regional,0.8764,0.46908,624,,,,,,,,
DHIL/RQI,Asset Management,0.8733,0.46908,624,,,,,,,,
GDL/MFIC,Asset Management,0.8324,0.46908,624,,,,,,,,
DNP/IFN,Asset Management,0.8721,0.46908,624,,,,,,,,
EVG/PMM,Asset Management,0.8709,0.4691,624,,,,,,,,
FHN/SRCE,Banks - Regional,0.8525,0.46911,624,,,,,,,,
MORN/NDAQ,Financial Data & Stock Exchanges,0.9761,0.46912,624,,,,,,,,
BRW/EOD,Asset Management,0.9139,0.46912,624,,,,,,,,
INDB/SRCE,Banks - Regional,0.8862,0.46914,624,,,,,,,,
EFR/ETJ,Asset Management,0.9367,0.46914,624,,,,,,,,
ABT/BIO,Medical Devices,0.8626,0.46914,624,,,,,,,,
EFR/MMT,Asset Management,0.9262,0.46915,624,,,,,,,,
EOD/ETV,Asset Management,0.9224,0.46916,624,,,,,,,,
PFL/STK,Asset Management,0.918,0.46916,624,,,,,,,,
BK/BMO,Banks - Diversified,0.8553,0.46919,624,,,,,,,,
BCML/FMNB,Banks - Regional,0.9013,0.46919,624,,,,,,,,
ONEQ/QTEC,Unknown,0.9953,0.46919,624,,,,,,,,
AOD/MPV,Asset Management,0.9064,0.4692,624,,,,,,,,
DPZ/WEN,Restaurants,0.9282,0.4692,624,,,,,,,,
BME/MQY,Asset Management,0.8823,0.4692,624,,,,,,,,
BOE/BTZ,Asset Management,0.9245,0.4692,624,,,,,,,,
DAL/LUV,Airlines,0.8713,0.4692,624,,,,,,,,
ALRS/NWFL,Banks - Regional,0.8041,0.46921,624,,,,,,,,
FSFG/NKSH,Banks - Regional,0.8373,0.46922,624,,,,,,,,
HQL/SOR,Asset Management,0.8948,0.46922,624,,,,,,,,
CXH/PML,Asset Management,0.9316,0.46923,624,,,,,,,,
ADM/CHSCP,Farm Products,0.8627,0.46923,624,,,,,,,,
GRX/NFJ,Asset Management,0.945,0.46923,624,,,,,,,,
ACWX/FTC,Unknown,0.9645,0.46925,624,,,,,,,,
AOD/EVG,Asset Management,0.9578,0.46925,624,,,,,,,,
BXMX/EOS,Asset Management,0.972,0.46929,624,,,,,,,,
EVG/HPI,Asset Management,0.9326,0.4693,624,,,,,,,,
BDJ/TWN,Asset Management,0.9182,0.4693,624,,,,,,,,
MSD/PHD,Asset Management,0.9252,0.46932,624,,,,,,,,
LEO/MHI,Asset Management,0.9102,0.46932,624,,,,,,,,
CHMG/PWOD,Banks - Regional,0.8163,0.46933,624,,,,,,,,
ICLR/IDXX,Diagnostics & Research,0.9514,0.46933,624,,,,,,,,
ETO/FCT,Asset Management,0.9635,0.46934,624,,,,,,,,
AROW/MTB,Banks - Regional,0.8971,0.46934,624,,,,,,,,
IQI/PNI,Asset Management,0.8612,0.46935,624,,,,,,,,
CWBC/UBCP,Banks - Regional,0.8865,0.46935,624,,,,,,,,
IEUS/PEZ,Unknown,0.9426,0.46936,624,,,,,,,,
CNS/STK,Asset Management,0.959,0.46936,624,,,,,,,,
EFT/RFI,Asset Management,0.917,0.46936,624,,,,,,,,
EEA/NXP,Asset Management,0.8878,0.46936,624,,,,,,,,
JHI/SOR,Asset Management,0.9032,0.46937,624,,,,,,,,
BDJ/BTZ,Asset Management,0.9276,0.46937,624,,,,,,,,
FRME/HAFC,Banks - Regional,0.8046,0.4694,624,,,,,,,,
GDV/WIA,Asset Management,0.8614,0.46941,624,,,,,,,,
FLIC/HTBK,Banks - Regional,0.8752,0.46942,624,,,,,,,,
OSBC/PGC,Banks - Regional,0.9096,0.46943,624,,,,,,,,
LKFN/TRMK,Banks - Regional,0.8967,0.46944,624,,,,,,,,
EOI/GDL,Asset Management,0.9454,0.46945,624,,,,,,,,
GJH/PNQI,Unknown,0.9351,0.46945,624,,,,,,,,
CHMG/WSBF,Banks - Regional,0.8828,0.46945,624,,,,,,,,
GCBC/PB,Banks - Regional,0.8198,0.46946,624,,,,,,,,
NCA/PDT,Asset Management,0.9057,0.46947,624,,,,,,,,
DHF/SAR,Asset Management,0.9067,0.46948,624,,,,,,,,
AB/TSI,Asset Management,0.882,0.46948,624,,,,,,,,
PIE/QQEW,Unknown,0.8439,0.46949,624,,,,,,,,
FCT/TROW,Asset Management,0.8222,0.4695,624,,,,,,,,
CGO/USA,Asset Management,0.9565,0.46951,624,,,,,,,,
BME/PCM,Asset Management,0.9554,0.46952,624,,,,,,,,
CZFS/HFBL,Banks - Regional,0.9043,0.46952,624,,,,,,,,
BPOP/COFS,Banks - Regional,0.8342,0.46954,624,,,,,,,,
CHW/WIW,Asset Management,0.9489,0.46955,624,,,,,,,,
CIVB/ZION,Banks - Regional,0.9292,0.46955,624,,,,,,,,
CBSH/RF,Banks - Regional,0.9414,0.46956,624,,,,,,,,
AVNT/PPG,Specialty Chemicals,0.922,0.46956,624,,,,,,,,
AOD/ETY,Asset Management,0.9801,0.46956,624,,,,,,,,
EWBC/HBNC,Banks - Regional,0.8831,0.46959,624,,,,,,,,
GJO/PNQI,Unknown,0.9028,0.46959,624,,,,,,,,
ACN/ASGN,Information Technology Services,0.9125,0.4696,624,,,,,,,,
BHK/MPA,Asset Management,0.9658,0.46963,624,,,,,,,,
BBH/GRID,Unknown,0.8011,0.46963,624,,,,,,,,
GSK/JNJ,Drug Manufacturers - General,0.8639,0.46964,624,,,,,,,,
HOMB/PEBK,Banks - Regional,0.9092,0.46964,624,,,,,,,,
IOSP/RPM,Specialty Chemicals,0.9492,0.46964,624,,,,,,,,
CXH/HIO,Asset Management,0.8784,0.46965,624,,,,,,,,
PSL/SMH,Unknown,0.9008,0.46966,624,,,,,,,,
JQC/MFM,Asset Management,0.8332,0.46966,624,,,,,,,,
GCBC/QCRH,Banks - Regional,0.9001,0.46967,624,,,,,,,,
STK/WIA,Asset Management,0.8545,0.46967,624,,,,,,,,
BDJ/PNNT,Asset Management,0.881,0.46968,624,,,,,,,,
FMNB/RNST,Banks - Regional,0.8912,0.46968,624,,,,,,,,
PFF/PIZ,Unknown,0.929,0.46971,624,,,,,,,,
CZWI/FBIZ,Banks - Regional,0.8628,0.46971,624,,,,,,,,
AX/SSB,Banks - Regional,0.9208,0.46971,624,,,,,,,,
DUK/PNW,Utilities - Regulated Electric,0.9249,0.46971,624,,,,,,,,
IBB/VCLT,Unknown,0.9016,0.46971,624,,,,,,,,
CFR/FRME,Banks - Regional,0.9153,0.46971,624,,,,,,,,
TCBI/WBS,Banks - Regional,0.8187,0.46972,624,,,,,,,,
EHI/JEQ,Asset Management,0.9276,0.46972,624,,,,,,,,
GCV/TY,Asset Management,0.9321,0.46972,624,,,,,,,,
FT/RCS,Asset Management,0.8299,0.46974,624,,,,,,,,
FFBC/GBCI,Banks - Regional,0.8743,0.46974,624,,,,,,,,
FAB/VGSH,Unknown,0.8716,0.46976,624,,,,,,,,
HQL/MMU,Asset Management,0.8722,0.46977,624,,,,,,,,
CHN/FFC,Asset Management,0.8523,0.46978,624,,,,,,,,
CBSH/CCBG,Banks - Regional,0.9077,0.46979,624,,,,,,,,
PMO/RQI,Asset Management,0.927,0.46979,624,,,,,,,,
NECB/UMBF,Banks - Regional,0.8474,0.46979,624,,,,,,,,
BGY/WEA,Asset Management,0.859,0.4698,624,,,,,,,,
DHF/MUC,Asset Management,0.8259,0.4698,624,,,,,,,,
MOFG/OZK,Banks - Regional,0.8839,0.4698,624,,,,,,,,
FNX/QQXT,Unknown,0.9871,0.4698,624,,,,,,,,
AVNT/BCPC,Specialty Chemicals,0.8508,0.46981,624,,,,,,,,
AB/PSEC,Asset Management,0.9106,0.46981,624,,,,,,,,
CNOB/PEBK,Banks - Regional,0.8988,0.46982,624,,,,,,,,
BN/HIO,Asset Management,0.9549,0.46982,624,,,,,,,,
PFIS/STBA,Banks - Regional,0.8702,0.46982,624,,,,,,,,
FCF/GBCI,Banks - Regional,0.9272,0.46982,624,,,,,,,,
BN/PTY,Asset Management,0.9476,0.46983,624,,,,,,,,
FT/HIX,Asset Management,0.9322,0.46983,624,,,,,,,,
HI/JBTM,Specialty Industrial Machinery,0.8543,0.46985,624,,,,,,,,
BTO/MCI,Asset Management,0.8448,0.46986,624,,,,,,,,
MMT/STK,Asset Management,0.9246,0.46987,624,,,,,,,,
STK/VBF,Asset Management,0.8619,0.46987,624,,,,,,,,
BOKF/OZK,Banks - Regional,0.8574,0.46987,624,,,,,,,,
FDS/MCO,Financial Data & Stock Exchanges,0.9692,0.46988,624,,,,,,,,
ARCC/USA,Asset Management,0.9748,0.46988,624,,,,,,,,
PFBC/ZION,Banks - Regional,0.9214,0.46989,624,,,,,,,,
JEF/MS,Capital Markets,0.8758,0.46989,624,,,,,,,,
CARE/SSB,Banks - Regional,0.8414,0.46989,624,,,,,,,,
GCV/SWKH,Asset Management,0.8196,0.4699,624,,,,,,,,
CODI/VMI,Conglomerates,0.8536,0.4699,624,,,,,,,,
BME/MIN,Asset Management,0.8971,0.4699,624,,,,,,,,
FAB/GRID,Unknown,0.9531,0.46991,624,,,,,,,,
MSD/PFO,Asset Management,0.8931,0.46991,624,,,,,,,,
JCE/RNP,Asset Management,0.9751,0.46992,624,,,,,,,,
AROW/BOKF,Banks - Regional,0.8731,0.46993,624,,,,,,,,
JFR/JLS,Asset Management,0.9171,0.46993,624,,,,,,,,
HQL/RVT,Asset Management,0.885,0.46994,624,,,,,,,,
BN/NIM,Asset Management,0.8694,0.46995,624,,,,,,,,
AGD/CII,Asset Management,0.9688,0.46995,624,,,,,,,,
ETJ/FMY,Asset Management,0.906,0.46996,624,,,,,,,,
HYT/LGI,Asset Management,0.9841,0.46996,624,,,,,,,,
CBAN/PB,Banks - Regional,0.9095,0.46996,624,,,,,,,,
BFZ/HIX,Asset Management,0.847,0.46997,624,,,,,,,,
BPT/MMLP,Oil & Gas Midstream,0.8189,0.46997,624,,,,,,,,
IBB/IEUS,Unknown,0.9207,0.46998,624,,,,,,,,
HOMB/SNV,Banks - Regional,0.934,0.46998,624,,,,,,,,
ETY/MPV,Asset Management,0.9516,0.46999,624,,,,,,,,
BOKF/FISI,Banks - Regional,0.8531,0.47001,624,,,,,,,,
JCE/PPT,Asset Management,0.8842,0.47001,624,,,,,,,,
AROW/PEBO,Banks - Regional,0.9103,0.47002,624,,,,,,,,
FUNC/KEY,Banks - Regional,0.8319,0.47002,624,,,,,,,,
ALRS/TSBK,Banks - Regional,0.8599,0.47003,624,,,,,,,,
DVY/JBK,Unknown,0.9418,0.47004,624,,,,,,,,
AWF/VVR,Asset Management,0.9563,0.47005,624,,,,,,,,
SFST/TFC,Banks - Regional,0.9523,0.47007,624,,,,,,,,
FTC/QQQ,Unknown,0.9907,0.47009,624,,,,,,,,
ASB/BOH,Banks - Regional,0.9035,0.47009,624,,,,,,,,
SOR/UTF,Asset Management,0.9723,0.47009,624,,,,,,,,
SBSI/SSB,Banks - Regional,0.912,0.4701,624,,,,,,,,
BRW/EXG,Asset Management,0.9243,0.4701,624,,,,,,,,
HQL/NMZ,Asset Management,0.9204,0.4701,624,,,,,,,,
ITGR/STE,Medical Devices,0.8994,0.47011,624,,,,,,,,
PML/VTN,Asset Management,0.8964,0.47013,624,,,,,,,,
AVNT/DD,Specialty Chemicals,0.8584,0.47013,624,,,,,,,,
EEA/EVF,Asset Management,0.933,0.47017,624,,,,,,,,
BOH/CADE,Banks - Regional,0.9137,0.47017,624,,,,,,,,
PEBK/WSBF,Banks - Regional,0.9191,0.47018,624,,,,,,,,
GSBC/TSBK,Banks - Regional,0.9634,0.47019,624,,,,,,,,
G/HCKT,Information Technology Services,0.864,0.47019,624,,,,,,,,
GGG/HI,Specialty Industrial Machinery,0.8095,0.47019,624,,,,,,,,
BLW/NXC,Asset Management,0.8729,0.4702,624,,,,,,,,
GRX/MUC,Asset Management,0.8702,0.47021,624,,,,,,,,
SNV/TSBK,Banks - Regional,0.9153,0.47022,624,,,,,,,,
FCT/NXN,Asset Management,0.8678,0.47022,624,,,,,,,,
AX/SNV,Banks - Regional,0.9327,0.47022,624,,,,,,,,
GUT/NAD,Asset Management,0.8296,0.47022,624,,,,,,,,
MIN/SBI,Asset Management,0.8726,0.47024,624,,,,,,,,
AEP/DUK,Utilities - Regulated Electric,0.9828,0.47025,624,,,,,,,,
BME/MGF,Asset Management,0.8256,0.47025,624,,,,,,,,
GUT/MCR,Asset Management,0.8496,0.47025,624,,,,,,,,
ETO/WIA,Asset Management,0.8947,0.47026,624,,,,,,,,
FHI/WEA,Asset Management,0.8248,0.47026,624,,,,,,,,
BTA/IGR,Asset Management,0.9184,0.47028,624,,,,,,,,
HDB/PPBI,Banks - Regional,0.8612,0.47028,624,,,,,,,,
PIE/QTEC,Unknown,0.8491,0.4703,624,,,,,,,,
FTI/NOV,Oil & Gas Equipment & Services,0.8439,0.4703,624,,,,,,,,
BANF/FITB,Banks - Regional,0.9211,0.47032,624,,,,,,,,
CHKP/PRGS,Software - Infrastructure,0.9039,0.47032,624,,,,,,,,
AWP/NMZ,Asset Management,0.9294,0.47032,624,,,,,,,,
HQL/JPC,Asset Management,0.9247,0.47034,624,,,,,,,,
GSBC/WTFC,Banks - Regional,0.917,0.47035,624,,,,,,,,
CHCO/NBTB,Banks - Regional,0.9575,0.47035,624,,,,,,,,
CNS/HPI,Asset Management,0.8978,0.47037,624,,,,,,,,
BCML/USB,Banks - Regional,0.8649,0.47039,624,,,,,,,,
IGA/MPV,Asset Management,0.9584,0.47039,624,,,,,,,,
AAXJ/VGSH,Unknown,0.8467,0.4704,624,,,,,,,,
CCNE/SYBT,Banks - Regional,0.823,0.4704,624,,,,,,,,
HIO/NIE,Asset Management,0.9633,0.4704,624,,,,,,,,
JRS/PNNT,Asset Management,0.8106,0.47041,624,,,,,,,,
CHN/NIM,Asset Management,0.8187,0.47042,624,,,,,,,,
ABCB/CVBF,Banks - Regional,0.9137,0.47042,624,,,,,,,,
HTD/SAR,Asset Management,0.9515,0.47044,624,,,,,,,,
CIF/PIM,Asset Management,0.9244,0.47044,624,,,,,,,,
PTY/TWN,Asset Management,0.8858,0.47044,624,,,,,,,,
AZN/SNY,Drug Manufacturers - General,0.9188,0.47046,624,,,,,,,,
MHI/VMO,Asset Management,0.8958,0.47047,624,,,,,,,,
CXH/TSI,Asset Management,0.9034,0.47047,624,,,,,,,,
BXMX/EVF,Asset Management,0.9546,0.47048,624,,,,,,,,
SFST/SRCE,Banks - Regional,0.8488,0.47048,624,,,,,,,,
BN/JQC,Asset Management,0.95,0.47048,624,,,,,,,,
AMP/ARCC,Asset Management,0.9772,0.47049,624,,,,,,,,
BXMX/FLC,Asset Management,0.8905,0.47049,624,,,,,,,,
LHX/RTX,Aerospace & Defense,0.8928,0.4705,624,,,,,,,,
IEUS/SHY,Unknown,0.8673,0.4705,624,,,,,,,,
FHN/OPBK,Banks - Regional,0.8471,0.4705,624,,,,,,,,
ETV/FOF,Asset Management,0.9794,0.47051,624,,,,,,,,
EEA/EOS,Asset Management,0.9456,0.47051,624,,,,,,,,
NUV/TSI,Asset Management,0.9271,0.47052,624,,,,,,,,
BDJ/SWKH,Asset Management,0.8401,0.47052,624,,,,,,,,
PPH/QQXT,Unknown,0.9508,0.47053,624,,,,,,,,
CASH/PB,Banks - Regional,0.8868,0.47053,624,,,,,,,,
GJR/IEUS,Unknown,0.8514,0.47054,624,,,,,,,,
CIGI/TCI,Real Estate Services,0.8401,0.47054,624,,,,,,,,
BND/IGIB,Unknown,0.9793,0.47055,624,,,,,,,,
FCT/OIA,Asset Management,0.8752,0.47056,624,,,,,,,,
STN/TTEK,Engineering & Construction,0.9244,0.47056,624,,,,,,,,
GJR/PEZ,Unknown,0.8979,0.47058,624,,,,,,,,
EXG/GRX,Asset Management,0.9592,0.47059,624,,,,,,,,
MUJ/NUV,Asset Management,0.9784,0.47061,624,,,,,,,,
AB/GAM,Asset Management,0.9124,0.47062,624,,,,,,,,
FTA/PDP,Unknown,0.9642,0.47062,624,,,,,,,,
BME/RNP,Asset Management,0.968,0.47062,624,,,,,,,,
BXMX/OIA,Asset Management,0.9079,0.47063,624,,,,,,,,
MKSI/MLAB,Scientific & Technical Instruments,0.8473,0.47064,624,,,,,,,,
AVAV/AXON,Aerospace & Defense,0.8775,0.47064,624,,,,,,,,
ETV/EXG,Asset Management,0.9844,0.47068,624,,,,,,,,
HTBK/PEBO,Banks - Regional,0.9026,0.47069,624,,,,,,,,
BNS/TD,Banks - Diversified,0.9428,0.47069,624,,,,,,,,
BLK/VBF,Asset Management,0.9008,0.4707,624,,,,,,,,
GF/NUV,Asset Management,0.8788,0.4707,624,,,,,,,,
KRG/REG,REIT - Retail,0.8677,0.47072,624,,,,,,,,
DHF/NUV,Asset Management,0.886,0.47073,624,,,,,,,,
BTO/PDT,Asset Management,0.9548,0.47073,624,,,,,,,,
ACWX/INDY,Unknown,0.9436,0.47073,624,,,,,,,,
BTZ/CIF,Asset Management,0.9576,0.47074,624,,,,,,,,
PDT/RCS,Asset Management,0.8668,0.47077,624,,,,,,,,
FOF/MPV,Asset Management,0.9454,0.47077,624,,,,,,,,
HIFS/UVSP,Banks - Regional,0.8981,0.47077,624,,,,,,,,
EFSC/ONB,Banks - Regional,0.9527,0.47077,624,,,,,,,,
BOE/MFIC,Asset Management,0.8825,0.47077,624,,,,,,,,
FISI/NWBI,Banks - Regional,0.9196,0.47078,624,,,,,,,,
CBAN/NBTB,Banks - Regional,0.9078,0.4708,624,,,,,,,,
ACNB/IBOC,Banks - Regional,0.947,0.4708,624,,,,,,,,
PTF/SWZ,Unknown,0.938,0.47081,624,,,,,,,,
FICO/ROP,Software - Application,0.8288,0.47081,624,,,,,,,,
PML/SBI,Asset Management,0.8773,0.47083,624,,,,,,,,
BTO/IFN,Asset Management,0.8917,0.47083,624,,,,,,,,
EVN/HPI,Asset Management,0.9288,0.47084,624,,,,,,,,
CXH/JPC,Asset Management,0.9454,0.47084,624,,,,,,,,
BANFP/WOOD,Unknown,0.9214,0.47084,624,,,,,,,,
AOD/GDV,Asset Management,0.9581,0.47085,624,,,,,,,,
GAB/OIA,Asset Management,0.8529,0.47085,624,,,,,,,,
FTA/PYT,Unknown,0.9487,0.47085,624,,,,,,,,
IUSV/PPH,Unknown,0.9607,0.47085,624,,,,,,,,
BKN/EMD,Asset Management,0.8319,0.47086,624,,,,,,,,
GUT/VKQ,Asset Management,0.8017,0.47086,624,,,,,,,,
ALRS/MGYR,Banks - Regional,0.86,0.47088,624,,,,,,,,
FRME/MBWM,Banks - Regional,0.9302,0.47088,624,,,,,,,,
BTZ/RCS,Asset Management,0.828,0.47089,624,,,,,,,,
FXNC/HIFS,Banks - Regional,0.8641,0.4709,624,,,,,,,,
AFG/THG,Insurance - Property & Casualty,0.9411,0.47091,624,,,,,,,,
ATLC/V,Credit Services,0.8022,0.47091,624,,,,,,,,
VCIT/VCLT,Unknown,0.9761,0.47091,624,,,,,,,,
OCFC/PROV,Banks - Regional,0.8554,0.47092,624,,,,,,,,
BRW/RCS,Asset Management,0.8634,0.47092,624,,,,,,,,
ISBA/WSBC,Banks - Regional,0.8698,0.47092,624,,,,,,,,
DHF/MQT,Asset Management,0.8643,0.47094,624,,,,,,,,
ETO/HPS,Asset Management,0.9691,0.47094,624,,,,,,,,
MSD/PFN,Asset Management,0.929,0.47098,624,,,,,,,,
ACWI/RTH,Unknown,0.9915,0.47098,624,,,,,,,,
CXH/HPF,Asset Management,0.9251,0.47099,624,,,,,,,,
MIY/PCK,Asset Management,0.8333,0.47099,624,,,,,,,,
BSRR/ISBA,Banks - Regional,0.8446,0.471,624,,,,,,,,
ADX/HYT,Asset Management,0.9829,0.471,624,,,,,,,,
BKE/SCVL,Apparel Retail,0.8519,0.47102,624,,,,,,,,
CFFI/ZION,Banks - Regional,0.8271,0.47102,624,,,,,,,,
FNX/PPH,Unknown,0.9521,0.47102,624,,,,,,,,
IAE/RNP,Asset Management,0.831,0.47103,624,,,,,,,,
FUND/HIX,Asset Management,0.8741,0.47103,624,,,,,,,,
BHRB/BOKF,Banks - Regional,0.8379,0.47104,624,,,,,,,,
GCV/STK,Asset Management,0.857,0.47104,624,,,,,,,,
BN/PDT,Asset Management,0.9197,0.47104,624,,,,,,,,
BN/JLS,Asset Management,0.8805,0.47105,624,,,,,,,,
SBSI/WABC,Banks - Regional,0.8894,0.47106,624,,,,,,,,
EFR/FMY,Asset Management,0.9152,0.47106,624,,,,,,,,
BANF/WBS,Banks - Regional,0.8371,0.47108,624,,,,,,,,
ATLC/MA,Credit Services,0.8161,0.47108,624,,,,,,,,
ETV/JPC,Asset Management,0.9549,0.47108,624,,,,,,,,
BAP/BFIN,Banks - Regional,0.8061,0.47109,624,,,,,,,,
MNSB/SBFG,Banks - Regional,0.8967,0.47109,624,,,,,,,,
INDY/SWZ,Unknown,0.9331,0.4711,624,,,,,,,,
EEA/SAR,Asset Management,0.9258,0.47111,624,,,,,,,,
CSWC/NTRS,Asset Management,0.8221,0.47116,624,,,,,,,,
GDV/JLS,Asset Management,0.9232,0.47117,624,,,,,,,,
PFG/RJF,Asset Management,0.9581,0.47118,624,,,,,,,,
PNC/TFSL,Banks - Regional,0.8853,0.47118,624,,,,,,,,
FRME/UMBF,Banks - Regional,0.9009,0.47118,624,,,,,,,,
CMA/PFS,Banks - Regional,0.932,0.47118,624,,,,,,,,
BANC/HFWA,Banks - Regional,0.811,0.47118,624,,,,,,,,
FAD/QQQ,Unknown,0.9845,0.47119,624,,,,,,,,
DHF/MPA,Asset Management,0.8925,0.4712,624,,,,,,,,
CZNC/STBA,Banks - Regional,0.8789,0.4712,624,,,,,,,,
NIE/PHD,Asset Management,0.9627,0.4712,624,,,,,,,,
CMA/HOPE,Banks - Regional,0.8065,0.47121,624,,,,,,,,
BXMX/PAI,Asset Management,0.8601,0.47122,624,,,,,,,,
PTF/QTEC,Unknown,0.9866,0.47125,624,,,,,,,,
TY/WEA,Asset Management,0.9553,0.47126,624,,,,,,,,
GABC/HDB,Banks - Regional,0.9348,0.47129,624,,,,,,,,
EOD/ETW,Asset Management,0.9152,0.47132,624,,,,,,,,
FLC/FT,Asset Management,0.9184,0.47132,624,,,,,,,,
BRW/JEQ,Asset Management,0.8455,0.47135,624,,,,,,,,
DXCM/STE,Medical Devices,0.9305,0.47135,624,,,,,,,,
EFSC/WAFD,Banks - Regional,0.9617,0.47136,624,,,,,,,,
BTZ/DHF,Asset Management,0.9571,0.47136,624,,,,,,,,
PID/SWZ,Unknown,0.9513,0.47136,624,,,,,,,,
FHI/VBF,Asset Management,0.8049,0.47137,624,,,,,,,,
FFC/HYT,Asset Management,0.9154,0.47138,624,,,,,,,,
BME/HYT,Asset Management,0.9561,0.47138,624,,,,,,,,
ETV/HQL,Asset Management,0.9165,0.47138,624,,,,,,,,
TROW/VBF,Asset Management,0.9129,0.47139,624,,,,,,,,
AGD/RNP,Asset Management,0.9467,0.47139,624,,,,,,,,
AX/ZION,Banks - Regional,0.892,0.47139,624,,,,,,,,
EMN/KWR,Specialty Chemicals,0.8494,0.47139,624,,,,,,,,
ABT/MDT,Medical Devices,0.8769,0.4714,624,,,,,,,,
JCE/PHD,Asset Management,0.9652,0.4714,624,,,,,,,,
GDV/NIE,Asset Management,0.9717,0.4714,624,,,,,,,,
IGI/RMT,Asset Management,0.8264,0.4714,624,,,,,,,,
BRW/TY,Asset Management,0.9225,0.47141,624,,,,,,,,
BCBP/BUSE,Banks - Regional,0.8388,0.47142,624,,,,,,,,
EVG/QQQX,Asset Management,0.9588,0.47142,624,,,,,,,,
STT/TY,Asset Management,0.8746,0.47144,624,,,,,,,,
BN/MCR,Asset Management,0.9357,0.47146,624,,,,,,,,
CII/PFL,Asset Management,0.9436,0.47147,624,,,,,,,,
AGD/BTO,Asset Management,0.9117,0.47148,624,,,,,,,,
PCF/RQI,Asset Management,0.9638,0.4715,624,,,,,,,,
CSQ/EFR,Asset Management,0.9727,0.47152,624,,,,,,,,
DHF/EFR,Asset Management,0.9441,0.47155,624,,,,,,,,
BX/GLAD,Asset Management,0.969,0.47155,624,,,,,,,,
GOVI/VGIT,Unknown,0.9557,0.47155,624,,,,,,,,
AOD/FT,Asset Management,0.9572,0.47156,624,,,,,,,,
FITB/FRAF,Banks - Regional,0.8786,0.47157,624,,,,,,,,
AOD/DHF,Asset Management,0.9174,0.47158,624,,,,,,,,
IAE/VVR,Asset Management,0.8241,0.47159,624,,,,,,,,
HFBL/OPOF,Banks - Regional,0.8005,0.4716,624,,,,,,,,
JFR/LGI,Asset Management,0.9392,0.4716,624,,,,,,,,
CHY/EXG,Asset Management,0.9807,0.47161,624,,,,,,,,
TRN/WAB,Railroads,0.8729,0.47161,624,,,,,,,,
FMAO/PKBK,Banks - Regional,0.8871,0.47162,624,,,,,,,,
NFJ/NTRS,Asset Management,0.871,0.47162,624,,,,,,,,
CSQ/EVG,Asset Management,0.9771,0.47162,624,,,,,,,,
ASG/PFO,Asset Management,0.9184,0.47163,624,,,,,,,,
BLW/EFR,Asset Management,0.9745,0.47164,624,,,,,,,,
LARK/WTFC,Banks - Regional,0.826,0.47165,624,,,,,,,,
JQC/NXJ,Asset Management,0.8972,0.47167,624,,,,,,,,
VMO/WIA,Asset Management,0.8768,0.47167,624,,,,,,,,
FRME/WSBF,Banks - Regional,0.9506,0.47168,624,,,,,,,,
BLW/RNP,Asset Management,0.9818,0.47168,624,,,,,,,,
CPB/HRL,Packaged Foods,0.8105,0.47169,624,,,,,,,,
MTB/NBTB,Banks - Regional,0.945,0.47173,624,,,,,,,,
CBAN/ONB,Banks - Regional,0.9063,0.47174,624,,,,,,,,
ONB/SYBT,Banks - Regional,0.9243,0.47174,624,,,,,,,,
CTBI/ZIONP,Banks - Regional,0.9087,0.47174,624,,,,,,,,
EHI/KF,Asset Management,0.8245,0.47176,624,,,,,,,,
NFBK/SBCF,Banks - Regional,0.8201,0.47177,624,,,,,,,,
GRX/VCV,Asset Management,0.9009,0.47177,624,,,,,,,,
HDB/PFIS,Banks - Regional,0.8659,0.47178,624,,,,,,,,
FLC/MIN,Asset Management,0.9322,0.47179,624,,,,,,,,
LECO/TTC,Tools & Accessories,0.8514,0.47179,624,,,,,,,,
RCS/RNP,Asset Management,0.8332,0.4718,624,,,,,,,,
FT/GAB,Asset Management,0.9712,0.4718,624,,,,,,,,
FT/NIM,Asset Management,0.9003,0.4718,624,,,,,,,,
EMF/LGI,Asset Management,0.8057,0.47181,624,,,,,,,,
CNOB/CVBF,Banks - Regional,0.9113,0.47181,624,,,,,,,,
BKN/CAF,Asset Management,0.8318,0.47181,624,,,,,,,,
RF/SYBT,Banks - Regional,0.9604,0.47182,624,,,,,,,,
ROK/TNC,Specialty Industrial Machinery,0.8463,0.47182,624,,,,,,,,
EVG/NAN,Asset Management,0.8437,0.47183,624,,,,,,,,
MHI/NZF,Asset Management,0.8552,0.47183,624,,,,,,,,
LARK/TFSL,Banks - Regional,0.8548,0.47184,624,,,,,,,,
AGD/PSEC,Asset Management,0.8538,0.47184,624,,,,,,,,
CNS/JPC,Asset Management,0.8826,0.47185,624,,,,,,,,
FDBC/TCBK,Banks - Regional,0.8707,0.47186,624,,,,,,,,
BFC/SMBK,Banks - Regional,0.8901,0.47186,624,,,,,,,,
HOMB/PWOD,Banks - Regional,0.8561,0.47187,624,,,,,,,,
NVG/RQI,Asset Management,0.9159,0.47188,624,,,,,,,,
BHK/MQT,Asset Management,0.9681,0.47188,624,,,,,,,,
DSU/MFIC,Asset Management,0.8995,0.47188,624,,,,,,,,
GUT/NQP,Asset Management,0.8318,0.47188,624,,,,,,,,
CBSH/CNOB,Banks - Regional,0.8923,0.47188,624,,,,,,,,
OBT/PEBO,Banks - Regional,0.827,0.47189,624,,,,,,,,
FELE/ROK,Specialty Industrial Machinery,0.9648,0.47189,624,,,,,,,,
BLE/JRS,Asset Management,0.8181,0.47189,624,,,,,,,,
ETB/NMI,Asset Management,0.8544,0.4719,624,,,,,,,,
EFT/PNNT,Asset Management,0.9344,0.4719,624,,,,,,,,
ACNB/PFS,Banks - Regional,0.829,0.4719,624,,,,,,,,
AIA/SWZ,Unknown,0.8841,0.47191,624,,,,,,,,
HQL/IGA,Asset Management,0.8587,0.47191,624,,,,,,,,
HFBL/PLBC,Banks - Regional,0.8372,0.47193,624,,,,,,,,
FCBC/NECB,Banks - Regional,0.9021,0.47193,624,,,,,,,,
ARCC/FT,Asset Management,0.9646,0.47193,624,,,,,,,,
FCT/JEQ,Asset Management,0.8911,0.47194,624,,,,,,,,
BDJ/OIA,Asset Management,0.8922,0.47194,624,,,,,,,,
FTA/JSM,Unknown,0.9221,0.47194,624,,,,,,,,
EVG/STEW,Asset Management,0.973,0.47195,624,,,,,,,,
ETJ/GCV,Asset Management,0.9191,0.47196,624,,,,,,,,
AOD/JEQ,Asset Management,0.8971,0.47196,624,,,,,,,,
UBFO/UCB,Banks - Regional,0.8905,0.47196,624,,,,,,,,
CFFI/WAL,Banks - Regional,0.8072,0.47196,624,,,,,,,,
HDB/RVSB,Banks - Regional,0.8317,0.47198,624,,,,,,,,
AIV/ESS,REIT - Residential,0.874,0.47198,624,,,,,,,,
RVSB/TRMK,Banks - Regional,0.8403,0.47201,624,,,,,,,,
AOD/WIA,Asset Management,0.8761,0.47201,624,,,,,,,,
FHN/PB,Banks - Regional,0.8537,0.47203,624,,,,,,,,
GF/WIA,Asset Management,0.8651,0.47207,624,,,,,,,,
EXC/NEE,Utilities - Regulated Electric,0.9019,0.47207,624,,,,,,,,
HQH/IGA,Asset Management,0.8525,0.47207,624,,,,,,,,
GCV/GOF,Asset Management,0.9211,0.47208,624,,,,,,,,
BFZ/MAV,Asset Management,0.869,0.47209,624,,,,,,,,
IGF/QQXT,Unknown,0.9542,0.47209,624,,,,,,,,
BKN/WIW,Asset Management,0.8692,0.47211,624,,,,,,,,
BME/JLS,Asset Management,0.8895,0.47212,624,,,,,,,,
BOE/PSEC,Asset Management,0.8568,0.47213,624,,,,,,,,
FFC/HIX,Asset Management,0.9338,0.47214,624,,,,,,,,
AROW/UBSI,Banks - Regional,0.8916,0.47215,624,,,,,,,,
FT/SPXX,Asset Management,0.98,0.47215,624,,,,,,,,
FLIC/WTBA,Banks - Regional,0.8002,0.47216,624,,,,,,,,
ACWX/DDT,Unknown,0.9276,0.47217,624,,,,,,,,
AFB/PZC,Asset Management,0.9212,0.47218,624,,,,,,,,
BFC/PEBK,Banks - Regional,0.8715,0.47218,624,,,,,,,,
ETB/NAN,Asset Management,0.8704,0.47218,624,,,,,,,,
JQC/NFJ,Asset Management,0.958,0.47218,624,,,,,,,,
CII/SWKH,Asset Management,0.8488,0.47218,624,,,,,,,,
DHF/EVN,Asset Management,0.8647,0.47219,624,,,,,,,,
JCE/SWKH,Asset Management,0.8355,0.47219,624,,,,,,,,
DDD/SSYS,Computer Hardware,0.9095,0.47219,624,,,,,,,,
BDJ/BRW,Asset Management,0.9263,0.4722,624,,,,,,,,
ABCB/CHMG,Banks - Regional,0.9339,0.4722,624,,,,,,,,
NXJ/TSI,Asset Management,0.9456,0.4722,624,,,,,,,,
CHCO/TBBK,Banks - Regional,0.8347,0.47221,624,,,,,,,,
PEZ/PFF,Unknown,0.9296,0.47222,624,,,,,,,,
BX/USA,Asset Management,0.9547,0.47222,624,,,,,,,,
AIA/KTH,Unknown,0.8897,0.47223,624,,,,,,,,
EMD/MPA,Asset Management,0.8772,0.47223,624,,,,,,,,
HIO/JPC,Asset Management,0.9444,0.47225,624,,,,,,,,
CFR/HBAN,Banks - Regional,0.9533,0.47226,624,,,,,,,,
FTNT/MSFT,Software - Infrastructure,0.9617,0.47226,624,,,,,,,,
ETV/HPI,Asset Management,0.9582,0.47226,624,,,,,,,,
HIFS/MNSB,Banks - Regional,0.912,0.47227,624,,,,,,,,
IAE/SAR,Asset Management,0.8228,0.47227,624,,,,,,,,
LARK/ONB,Banks - Regional,0.8718,0.47227,624,,,,,,,,
GCBC/HOMB,Banks - Regional,0.8214,0.47227,624,,,,,,,,
SHV/SMH,Unknown,0.9687,0.47228,624,,,,,,,,
BLDR/OC,Building Products & Equipment,0.9609,0.47228,624,,,,,,,,
PFD/WIW,Asset Management,0.8806,0.47228,624,,,,,,,,
HQH/JQC,Asset Management,0.8794,0.47228,624,,,,,,,,
FIX/STRL,Engineering & Construction,0.9817,0.47229,624,,,,,,,,
CTBI/STBA,Banks - Regional,0.942,0.4723,624,,,,,,,,
FLIC/NKSH,Banks - Regional,0.8329,0.47231,624,,,,,,,,
RJF/SWKH,Asset Management,0.8236,0.47231,624,,,,,,,,
BX/SWKH,Asset Management,0.8391,0.47231,624,,,,,,,,
PCN/PMM,Asset Management,0.9422,0.47232,624,,,,,,,,
CZWI/ISBA,Banks - Regional,0.9281,0.47232,624,,,,,,,,
ACNB/FCNCA,Banks - Regional,0.8221,0.47232,624,,,,,,,,
BUSE/TRST,Banks - Regional,0.95,0.47233,624,,,,,,,,
NEWT/SMBC,Banks - Regional,0.8484,0.47235,624,,,,,,,,
EFT/ETV,Asset Management,0.9357,0.47235,624,,,,,,,,
AGD/ETY,Asset Management,0.9681,0.47235,624,,,,,,,,
CHY/GAIN,Asset Management,0.951,0.47236,624,,,,,,,,
ADX/GAIN,Asset Management,0.9682,0.47236,624,,,,,,,,
NPO/TNC,Specialty Industrial Machinery,0.85,0.47236,624,,,,,,,,
FXNC/SFBC,Banks - Regional,0.8941,0.47237,624,,,,,,,,
BRW/PPT,Asset Management,0.8631,0.47238,624,,,,,,,,
AUDC/VIAV,Communication Equipment,0.8693,0.47238,624,,,,,,,,
FULT/INBK,Banks - Regional,0.82,0.47239,624,,,,,,,,
BN/GAB,Asset Management,0.9563,0.47239,624,,,,,,,,
AX/UBFO,Banks - Regional,0.8696,0.47239,624,,,,,,,,
EQR/MAA,REIT - Residential,0.9264,0.4724,624,,,,,,,,
EBTC/ZIONP,Banks - Regional,0.8891,0.4724,624,,,,,,,,
EFSC/PFBC,Banks - Regional,0.9587,0.47241,624,,,,,,,,
GJR/PTH,Unknown,0.8425,0.47241,624,,,,,,,,
CHW/FLC,Asset Management,0.9557,0.47242,624,,,,,,,,
MCI/NFJ,Asset Management,0.8956,0.47242,624,,,,,,,,
OCSL/USA,Asset Management,0.8365,0.47242,624,,,,,,,,
AB/EOD,Asset Management,0.9422,0.47243,624,,,,,,,,
QQQ/SHV,Unknown,0.9491,0.47244,624,,,,,,,,
MGF/WIA,Asset Management,0.8882,0.47244,624,,,,,,,,
ATO/NJR,Utilities - Regulated Gas,0.9598,0.47245,624,,,,,,,,
GRX/SAR,Asset Management,0.91,0.47245,624,,,,,,,,
IGSB/PDP,Unknown,0.9802,0.47245,624,,,,,,,,
VMO/VTN,Asset Management,0.9676,0.47245,624,,,,,,,,
HFBL/PEBK,Banks - Regional,0.8907,0.47245,624,,,,,,,,
IEI/IGSB,Unknown,0.9025,0.47246,624,,,,,,,,
NFJ/PPT,Asset Management,0.8701,0.47246,624,,,,,,,,
FMY/FOF,Asset Management,0.9377,0.47246,624,,,,,,,,
JFR/SEIC,Asset Management,0.8991,0.47246,624,,,,,,,,
CGO/JPC,Asset Management,0.9236,0.47247,624,,,,,,,,
AAXJ/PSL,Unknown,0.8707,0.47247,624,,,,,,,,
PID/PKW,Unknown,0.9581,0.47248,624,,,,,,,,
TRMK/WTFC,Banks - Regional,0.9191,0.47249,624,,,,,,,,
BCO/MSA,Security & Protection Services,0.8787,0.4725,624,,,,,,,,
CMI/ROK,Specialty Industrial Machinery,0.9247,0.4725,624,,,,,,,,
AWP/ETJ,Asset Management,0.8973,0.47251,624,,,,,,,,
CHY/MCN,Asset Management,0.9569,0.47251,624,,,,,,,,
AOD/HQH,Asset Management,0.8163,0.47251,624,,,,,,,,
HWC/ONB,Banks - Regional,0.902,0.47253,624,,,,,,,,
STT/WEA,Asset Management,0.8104,0.47253,624,,,,,,,,
EOD/TROW,Asset Management,0.8017,0.47254,624,,,,,,,,
AGD/EOD,Asset Management,0.9552,0.47256,624,,,,,,,,
FHI/NFJ,Asset Management,0.9232,0.47258,624,,,,,,,,
MUC/PNF,Asset Management,0.9036,0.47259,624,,,,,,,,
EHI/IAE,Asset Management,0.8526,0.4726,624,,,,,,,,
PBH/UTHR,Drug Manufacturers - Specialty & Generic,0.8954,0.4726,624,,,,,,,,
BND/VCIT,Unknown,0.9842,0.47261,624,,,,,,,,
CBSH/ZIONP,Banks - Regional,0.8947,0.47264,624,,,,,,,,
BXMX/PDT,Asset Management,0.9402,0.47265,624,,,,,,,,
FITB/FRME,Banks - Regional,0.8984,0.47265,624,,,,,,,,
CFR/EBMT,Banks - Regional,0.8196,0.47266,624,,,,,,,,
RNP/STT,Asset Management,0.8359,0.47267,624,,,,,,,,
CMA/SFNC,Banks - Regional,0.8987,0.47268,624,,,,,,,,
CW/LMT,Aerospace & Defense,0.8954,0.47268,624,,,,,,,,
IEUS/PTF,Unknown,0.8845,0.47268,624,,,,,,,,
ACLS/AEHR,Semiconductor Equipment & Materials,0.915,0.47268,624,,,,,,,,
ACWI/QQQ,Unknown,0.9899,0.47268,624,,,,,,,,
CAF/MFM,Asset Management,0.8441,0.4727,624,,,,,,,,
EMF/WIW,Asset Management,0.8417,0.4727,624,,,,,,,,
MNDO/TYL,Software - Application,0.9302,0.47271,624,,,,,,,,
OPBK/PNC,Banks - Regional,0.9314,0.47274,624,,,,,,,,
BOE/HQH,Asset Management,0.8592,0.47274,624,,,,,,,,
IPB/PPH,Unknown,0.9143,0.47275,624,,,,,,,,
AWF/NTRS,Asset Management,0.8842,0.47275,624,,,,,,,,
PFS/PWOD,Banks - Regional,0.808,0.47278,624,,,,,,,,
PFN/RJF,Asset Management,0.8824,0.47278,624,,,,,,,,
PNR/ROK,Specialty Industrial Machinery,0.8712,0.47278,624,,,,,,,,
AGYS/SPNS,Software - Application,0.821,0.47279,624,,,,,,,,
ABCB/MNSB,Banks - Regional,0.8514,0.47281,624,,,,,,,,
PFF/PRN,Unknown,0.8828,0.47281,624,,,,,,,,
FMY/QQQX,Asset Management,0.9226,0.47282,624,,,,,,,,
MFM/PCN,Asset Management,0.9082,0.47282,624,,,,,,,,
HBAN/TFSL,Banks - Regional,0.8783,0.47283,624,,,,,,,,
RNST/WAFD,Banks - Regional,0.9018,0.47283,624,,,,,,,,
BHP/TECK,Other Industrial Metals & Mining,0.8079,0.47284,624,,,,,,,,
RBCAA/ZION,Banks - Regional,0.8763,0.47285,624,,,,,,,,
BFIN/FULT,Banks - Regional,0.8093,0.47286,624,,,,,,,,
PFO/TDF,Asset Management,0.8077,0.47286,624,,,,,,,,
RVT/WEA,Asset Management,0.925,0.47288,624,,,,,,,,
BRW/NXN,Asset Management,0.8293,0.47289,624,,,,,,,,
CHW/PFO,Asset Management,0.9415,0.47289,624,,,,,,,,
FRME/NFBK,Banks - Regional,0.8537,0.4729,624,,,,,,,,
GAB/JPC,Asset Management,0.8947,0.47291,624,,,,,,,,
BOE/EOI,Asset Management,0.9832,0.47292,624,,,,,,,,
OCFC/UBSI,Banks - Regional,0.8331,0.47292,624,,,,,,,,
NFBK/WSBC,Banks - Regional,0.8968,0.47293,624,,,,,,,,
FCNCA/ORRF,Banks - Regional,0.815,0.47293,624,,,,,,,,
MVT/PDT,Asset Management,0.8347,0.47294,624,,,,,,,,
TFX/UTMD,Medical Instruments & Supplies,0.8957,0.47295,624,,,,,,,,
EVG/GAIN,Asset Management,0.96,0.47295,624,,,,,,,,
PID/QTEC,Unknown,0.9075,0.47296,624,,,,,,,,
FAB/WOOD,Unknown,0.9514,0.47297,624,,,,,,,,
GDO/TROW,Asset Management,0.9285,0.47297,624,,,,,,,,
HOMB/SYBT,Banks - Regional,0.8936,0.47297,624,,,,,,,,
ETV/MCN,Asset Management,0.9432,0.47298,624,,,,,,,,
FYX/ONEQ,Unknown,0.9668,0.47298,624,,,,,,,,
CWBC/STBA,Banks - Regional,0.9151,0.47299,624,,,,,,,,
AWF/STEW,Asset Management,0.9653,0.473,624,,,,,,,,
FSFG/HFBL,Banks - Regional,0.9077,0.473,624,,,,,,,,
ADSK/SPNS,Software - Application,0.9433,0.473,624,,,,,,,,
NWBI/PPBI,Banks - Regional,0.9029,0.47301,624,,,,,,,,
HTGC/VLT,Asset Management,0.9101,0.47303,624,,,,,,,,
FDBC/TRST,Banks - Regional,0.8463,0.47305,624,,,,,,,,
SXT/WDFC,Specialty Chemicals,0.8221,0.47305,624,,,,,,,,
PKBK/TRST,Banks - Regional,0.9039,0.47306,624,,,,,,,,
FTC/IGSB,Unknown,0.9671,0.47309,624,,,,,,,,
FRA/VLT,Asset Management,0.9349,0.47311,624,,,,,,,,
CHMG/UBCP,Banks - Regional,0.9088,0.47311,624,,,,,,,,
FMY/HIX,Asset Management,0.9004,0.47312,624,,,,,,,,
AWR/WTRG,Utilities - Regulated Water,0.9754,0.47312,624,,,,,,,,
PCK/VTN,Asset Management,0.8769,0.47312,624,,,,,,,,
EXG/PFG,Asset Management,0.9391,0.47313,624,,,,,,,,
BOH/FFIN,Banks - Regional,0.8845,0.47313,624,,,,,,,,
EXC/LNT,Utilities - Regulated Electric,0.9056,0.47313,624,,,,,,,,
OIA/SPE,Asset Management,0.8419,0.47313,624,,,,,,,,
CASH/FUNC,Banks - Regional,0.9373,0.47314,624,,,,,,,,
CHI/HYT,Asset Management,0.9773,0.47314,624,,,,,,,,
GAM/RFI,Asset Management,0.9195,0.47315,624,,,,,,,,
CHW/ETJ,Asset Management,0.958,0.47315,624,,,,,,,,
BOKF/NWBI,Banks - Regional,0.919,0.47316,624,,,,,,,,
PFN/STK,Asset Management,0.9153,0.47317,624,,,,,,,,
FT/VPV,Asset Management,0.8831,0.47317,624,,,,,,,,
FTA/PRN,Unknown,0.9639,0.47317,624,,,,,,,,
CMA/CVBF,Banks - Regional,0.8942,0.47319,624,,,,,,,,
BPOP/FMNB,Banks - Regional,0.8483,0.47319,624,,,,,,,,
BCBP/CWBC,Banks - Regional,0.8624,0.4732,624,,,,,,,,
IDA/NGG,Utilities - Regulated Electric,0.8799,0.4732,624,,,,,,,,
BN/PHD,Asset Management,0.9575,0.47321,624,,,,,,,,
DHF/SCD,Asset Management,0.9201,0.47321,624,,,,,,,,
NAZ/WIA,Asset Management,0.842,0.47323,624,,,,,,,,
HPF/NMT,Asset Management,0.8657,0.47325,624,,,,,,,,
HBNC/WAFD,Banks - Regional,0.9401,0.47326,624,,,,,,,,
GRX/NRK,Asset Management,0.9029,0.47327,624,,,,,,,,
DOV/IEX,Specialty Industrial Machinery,0.9491,0.4733,624,,,,,,,,
CFR/FXNC,Banks - Regional,0.8737,0.47331,624,,,,,,,,
EMD/PFN,Asset Management,0.8878,0.47331,624,,,,,,,,
GLAD/MCI,Asset Management,0.9507,0.47331,624,,,,,,,,
HPF/MCI,Asset Management,0.8757,0.47333,624,,,,,,,,
HIX/NAZ,Asset Management,0.846,0.47333,624,,,,,,,,
SSBI/TFC,Banks - Regional,0.8148,0.47333,624,,,,,,,,
BUSE/CCBG,Banks - Regional,0.8458,0.47333,624,,,,,,,,
IGSB/PEY,Unknown,0.9259,0.47333,624,,,,,,,,
AGD/JFR,Asset Management,0.9067,0.47334,624,,,,,,,,
PYZ/QQQ,Unknown,0.9225,0.47334,624,,,,,,,,
IUSV/JBK,Unknown,0.9307,0.47334,624,,,,,,,,
BTZ/FT,Asset Management,0.9559,0.47337,624,,,,,,,,
HTBK/UVSP,Banks - Regional,0.9116,0.47337,624,,,,,,,,
MMT/RFI,Asset Management,0.9701,0.47339,624,,,,,,,,
HYT/NVG,Asset Management,0.8997,0.47341,624,,,,,,,,
EOI/PCM,Asset Management,0.8925,0.47341,624,,,,,,,,
BN/DNP,Asset Management,0.9131,0.47342,624,,,,,,,,
BPOPM/WOOD,Unknown,0.9196,0.47343,624,,,,,,,,
MBWM/ZION,Banks - Regional,0.8879,0.47343,624,,,,,,,,
PEY/USIG,Unknown,0.8714,0.47343,624,,,,,,,,
AMP/NFJ,Asset Management,0.9294,0.47344,624,,,,,,,,
EOD/PHK,Asset Management,0.8022,0.47344,624,,,,,,,,
GDV/VLT,Asset Management,0.975,0.47345,624,,,,,,,,
HIO/PNNT,Asset Management,0.8219,0.47345,624,,,,,,,,
CASH/NRIM,Banks - Regional,0.9435,0.47346,624,,,,,,,,
OC/TT,Building Products & Equipment,0.9631,0.47347,624,,,,,,,,
PEBO/UBCP,Banks - Regional,0.8902,0.47348,624,,,,,,,,
HPI/HTGC,Asset Management,0.8417,0.4735,624,,,,,,,,
CHN/PFO,Asset Management,0.8563,0.4735,624,,,,,,,,
CBSH/WBS,Banks - Regional,0.9207,0.4735,624,,,,,,,,
CATY/FCBC,Banks - Regional,0.9443,0.47351,624,,,,,,,,
GIC/MSM,Industrial Distribution,0.8384,0.47354,624,,,,,,,,
PNC/UBCP,Banks - Regional,0.9525,0.47355,624,,,,,,,,
RBCAA/UBSI,Banks - Regional,0.8623,0.47357,624,,,,,,,,
LMT/TDG,Aerospace & Defense,0.8983,0.47358,624,,,,,,,,
CBSH/ISBA,Banks - Regional,0.8152,0.47358,624,,,,,,,,
DHIL/DNP,Asset Management,0.8571,0.47358,624,,,,,,,,
FTA/IGSB,Unknown,0.9255,0.47359,624,,,,,,,,
STEW/TY,Asset Management,0.9733,0.47359,624,,,,,,,,
PPBI/TFC,Banks - Regional,0.93,0.47361,624,,,,,,,,
DHIL/JEQ,Asset Management,0.8481,0.47362,624,,,,,,,,
AOD/CII,Asset Management,0.98,0.47362,624,,,,,,,,
ED/OGE,Utilities - Regulated Electric,0.9395,0.47364,624,,,,,,,,
ALRS/MTB,Banks - Regional,0.8411,0.47365,624,,,,,,,,
EWBC/FXNC,Banks - Regional,0.8566,0.47365,624,,,,,,,,
PTY/RNP,Asset Management,0.9694,0.47366,624,,,,,,,,
EVG/IIM,Asset Management,0.8261,0.47366,624,,,,,,,,
NRIM/THFF,Banks - Regional,0.8446,0.47366,624,,,,,,,,
KWR/SCL,Specialty Chemicals,0.9446,0.47369,624,,,,,,,,
BNY/PNI,Asset Management,0.9261,0.47369,624,,,,,,,,
LGI/UTF,Asset Management,0.979,0.47369,624,,,,,,,,
CASH/CCNE,Banks - Regional,0.8034,0.47369,624,,,,,,,,
FLO/JBSS,Packaged Foods,0.8839,0.4737,624,,,,,,,,
AWP/JHI,Asset Management,0.9431,0.47371,624,,,,,,,,
FFIN/ZION,Banks - Regional,0.9277,0.47371,624,,,,,,,,
EVG/FMY,Asset Management,0.9504,0.47372,624,,,,,,,,
BTO/CII,Asset Management,0.9285,0.47372,624,,,,,,,,
ETB/FUND,Asset Management,0.9449,0.47373,624,,,,,,,,
ETG/NIE,Asset Management,0.9879,0.47374,624,,,,,,,,
GUT/NVG,Asset Management,0.8381,0.47376,624,,,,,,,,
BANR/PPBI,Banks - Regional,0.8764,0.47376,624,,,,,,,,
BN/NXJ,Asset Management,0.9027,0.47376,624,,,,,,,,
MSD/NQP,Asset Management,0.8947,0.47376,624,,,,,,,,
AWP/SOR,Asset Management,0.8896,0.47378,624,,,,,,,,
FT/GDV,Asset Management,0.9799,0.47378,624,,,,,,,,
EOD/SEIC,Asset Management,0.8299,0.47379,624,,,,,,,,
BLW/ETB,Asset Management,0.9646,0.47379,624,,,,,,,,
BCAL/HDB,Banks - Regional,0.8746,0.47379,624,,,,,,,,
FFC/PMX,Asset Management,0.9078,0.47379,624,,,,,,,,
RJF/TWN,Asset Management,0.9497,0.47381,624,,,,,,,,
MBWM/RNST,Banks - Regional,0.8544,0.47382,624,,,,,,,,
ABCB/UBCP,Banks - Regional,0.8849,0.47382,624,,,,,,,,
BCPC/PPG,Specialty Chemicals,0.8799,0.47382,624,,,,,,,,
FAB/PKW,Unknown,0.9908,0.47383,624,,,,,,,,
AX/BOKF,Banks - Regional,0.9426,0.47383,624,,,,,,,,
IEUS/JSM,Unknown,0.944,0.47383,624,,,,,,,,
DEO/MGPI,Beverages - Wineries & Distilleries,0.8358,0.47386,624,,,,,,,,
GLAD/MMT,Asset Management,0.8881,0.47387,624,,,,,,,,
DHF/IGD,Asset Management,0.9218,0.47387,624,,,,,,,,
CUZ/KRC,REIT - Office,0.8371,0.47389,624,,,,,,,,
OPBK/RVSB,Banks - Regional,0.8015,0.47389,624,,,,,,,,
BLW/VRTS,Asset Management,0.8275,0.47389,624,,,,,,,,
FCT/HQH,Asset Management,0.8661,0.4739,624,,,,,,,,
AROW/WNEB,Banks - Regional,0.8185,0.4739,624,,,,,,,,
CMA/HFWA,Banks - Regional,0.9266,0.4739,624,,,,,,,,
BRKL/CFR,Banks - Regional,0.8086,0.47391,624,,,,,,,,
BFC/TFC,Banks - Regional,0.8009,0.47393,624,,,,,,,,
BX/EXG,Asset Management,0.9372,0.47393,624,,,,,,,,
BCBP/BOH,Banks - Regional,0.8422,0.47393,624,,,,,,,,
FSFG/GSBC,Banks - Regional,0.9395,0.47394,624,,,,,,,,
JMM/NAZ,Asset Management,0.8974,0.47396,624,,,,,,,,
CFR/WBS,Banks - Regional,0.9176,0.47398,624,,,,,,,,
EWBC/QCRH,Banks - Regional,0.9699,0.47398,624,,,,,,,,
GRID/PYZ,Unknown,0.9293,0.47398,624,,,,,,,,
KTH/PEZ,Unknown,0.92,0.47399,624,,,,,,,,
GDL/HYT,Asset Management,0.9575,0.47399,624,,,,,,,,
JPC/NPV,Asset Management,0.8447,0.474,624,,,,,,,,
BXMX/MCN,Asset Management,0.9699,0.474,624,,,,,,,,
BNY/MUA,Asset Management,0.9461,0.474,624,,,,,,,,
CPRT/RELX,Specialty Business Services,0.9614,0.474,624,,,,,,,,
MFA/SEVN,REIT - Mortgage,0.8006,0.47401,624,,,,,,,,
MAV/PCK,Asset Management,0.8587,0.47401,624,,,,,,,,
MHI/PNI,Asset Management,0.8788,0.47401,624,,,,,,,,
MTB/UMBF,Banks - Regional,0.928,0.47403,624,,,,,,,,
CMA/SMBK,Banks - Regional,0.8767,0.47403,624,,,,,,,,
JEQ/NIE,Asset Management,0.9049,0.47404,624,,,,,,,,
ETG/JEQ,Asset Management,0.9179,0.47405,624,,,,,,,,
DNP/ETB,Asset Management,0.9561,0.47406,624,,,,,,,,
EMR/NDSN,Specialty Industrial Machinery,0.9308,0.47407,624,,,,,,,,
ATR/BLFS,Medical Instruments & Supplies,0.8163,0.47408,624,,,,,,,,
OSBC/TRMK,Banks - Regional,0.9213,0.47408,624,,,,,,,,
DHIL/FT,Asset Management,0.8472,0.4741,624,,,,,,,,
JQC/PMM,Asset Management,0.8623,0.4741,624,,,,,,,,
COLB/FFBC,Banks - Regional,0.8175,0.47412,624,,,,,,,,
MNSB/WAFD,Banks - Regional,0.929,0.47412,624,,,,,,,,
GJT/SCZ,Unknown,0.8866,0.47412,624,,,,,,,,
AMP/CHI,Asset Management,0.9185,0.47414,624,,,,,,,,
GAB/PPT,Asset Management,0.8671,0.47414,624,,,,,,,,
PKBK/UMBF,Banks - Regional,0.9016,0.47415,624,,,,,,,,
JMM/MCN,Asset Management,0.8479,0.47416,624,,,,,,,,
FCT/MHF,Asset Management,0.9052,0.47417,624,,,,,,,,
AB/IFN,Asset Management,0.929,0.47417,624,,,,,,,,
BUSE/CBU,Banks - Regional,0.8964,0.47417,624,,,,,,,,
DVY/PNQI,Unknown,0.8781,0.47417,624,,,,,,,,
MNDO/PAR,Software - Application,0.8738,0.47418,624,,,,,,,,
CIF/GDV,Asset Management,0.9053,0.47418,624,,,,,,,,
PGR/WTM,Insurance - Property & Casualty,0.9428,0.4742,624,,,,,,,,
BME/ETB,Asset Management,0.9724,0.47421,624,,,,,,,,
MFIC/RVT,Asset Management,0.8411,0.47422,624,,,,,,,,
HYT/IIM,Asset Management,0.8709,0.47425,624,,,,,,,,
IQI/VTN,Asset Management,0.9662,0.47426,624,,,,,,,,
STEW/TSI,Asset Management,0.9371,0.47426,624,,,,,,,,
EFR/ETB,Asset Management,0.9429,0.47426,624,,,,,,,,
JFR/PCF,Asset Management,0.9421,0.47426,624,,,,,,,,
EFSC/TCBK,Banks - Regional,0.9602,0.47427,624,,,,,,,,
CNOB/HFBL,Banks - Regional,0.8841,0.47427,624,,,,,,,,
FT/GDO,Asset Management,0.928,0.47427,624,,,,,,,,
EVG/VCV,Asset Management,0.8305,0.47429,624,,,,,,,,
HIX/HQH,Asset Management,0.853,0.47429,624,,,,,,,,
FUND/STT,Asset Management,0.8259,0.47429,624,,,,,,,,
BTZ/PMO,Asset Management,0.9672,0.47429,624,,,,,,,,
FHI/HPS,Asset Management,0.8903,0.4743,624,,,,,,,,
FHI/NXP,Asset Management,0.8286,0.4743,624,,,,,,,,
BFZ/TSI,Asset Management,0.8809,0.47431,624,,,,,,,,
CFFI/PB,Banks - Regional,0.8965,0.47431,624,,,,,,,,
FMNB/TRST,Banks - Regional,0.9097,0.47432,624,,,,,,,,
HBCP/NWBI,Banks - Regional,0.9518,0.47432,624,,,,,,,,
NCA/NXJ,Asset Management,0.9468,0.47433,624,,,,,,,,
DORM/ORLY,Auto Parts,0.8141,0.47434,624,,,,,,,,
HQL/MYD,Asset Management,0.8745,0.47434,624,,,,,,,,
EVF/SAR,Asset Management,0.9446,0.47435,624,,,,,,,,
IQI/PCQ,Asset Management,0.858,0.47435,624,,,,,,,,
FBIZ/STBA,Banks - Regional,0.8403,0.47436,624,,,,,,,,
CNOB/PKBK,Banks - Regional,0.9082,0.47437,624,,,,,,,,
BNY/MMT,Asset Management,0.8091,0.47439,624,,,,,,,,
JQC/NZF,Asset Management,0.8604,0.47439,624,,,,,,,,
CHY/EVF,Asset Management,0.9434,0.47439,624,,,,,,,,
TMO/WAT,Diagnostics & Research,0.9593,0.4744,624,,,,,,,,
GRX/IGI,Asset Management,0.9057,0.47441,624,,,,,,,,
MTG/RDN,Insurance - Specialty,0.962,0.47441,624,,,,,,,,
CMCSA/TU,Telecom Services,0.9059,0.47441,624,,,,,,,,
LEO/MAV,Asset Management,0.8363,0.47442,624,,,,,,,,
JHI/PHK,Asset Management,0.8246,0.47443,624,,,,,,,,
BLK/ETG,Asset Management,0.986,0.47444,624,,,,,,,,
FRA/MCI,Asset Management,0.9636,0.47444,624,,,,,,,,
AMP/IGA,Asset Management,0.9403,0.47445,624,,,,,,,,
BUSE/UBSI,Banks - Regional,0.9148,0.47448,624,,,,,,,,
ALRS/BOKF,Banks - Regional,0.8373,0.47448,624,,,,,,,,
EHI/MHD,Asset Management,0.8465,0.47448,624,,,,,,,,
RVSB/TCBK,Banks - Regional,0.8597,0.47449,624,,,,,,,,
AB/TWN,Asset Management,0.9219,0.47449,624,,,,,,,,
FULT/ONB,Banks - Regional,0.9656,0.47451,624,,,,,,,,
IGD/JEQ,Asset Management,0.8705,0.47451,624,,,,,,,,
EVT/NIE,Asset Management,0.9788,0.47451,624,,,,,,,,
BNY/WEA,Asset Management,0.8395,0.47454,624,,,,,,,,
ISBA/MTB,Banks - Regional,0.8758,0.47454,624,,,,,,,,
ACNB/FNB,Banks - Regional,0.87,0.47456,624,,,,,,,,
OSBC/PFBC,Banks - Regional,0.9542,0.47459,624,,,,,,,,
ABCB/SBCF,Banks - Regional,0.9154,0.47459,624,,,,,,,,
EWBC/NWFL,Banks - Regional,0.819,0.47459,624,,,,,,,,
CZFS/GABC,Banks - Regional,0.8805,0.4746,624,,,,,,,,
AXP/MA,Credit Services,0.9424,0.4746,624,,,,,,,,
CNA/SIGI,Insurance - Property & Casualty,0.9461,0.4746,624,,,,,,,,
CBU/SBCF,Banks - Regional,0.9651,0.47461,624,,,,,,,,
PTY/SAR,Asset Management,0.9491,0.47462,624,,,,,,,,
FAD/QQEW,Unknown,0.9946,0.47462,624,,,,,,,,
MOFG/ZIONP,Banks - Regional,0.8405,0.47462,624,,,,,,,,
BGT/DHF,Asset Management,0.9224,0.47463,624,,,,,,,,
ALRS/PFBC,Banks - Regional,0.8523,0.47463,624,,,,,,,,
FMAO/SBSI,Banks - Regional,0.8442,0.47463,624,,,,,,,,
SMID/USLM,Building Materials,0.8466,0.47463,624,,,,,,,,
CZWI/OSBC,Banks - Regional,0.9176,0.47463,624,,,,,,,,
MPA/TROW,Asset Management,0.8902,0.47464,624,,,,,,,,
DHF/NAD,Asset Management,0.8972,0.47464,624,,,,,,,,
IMCV/PYZ,Unknown,0.9803,0.47466,624,,,,,,,,
LGI/TSI,Asset Management,0.9368,0.47466,624,,,,,,,,
NKSH/UBSI,Banks - Regional,0.8283,0.47466,624,,,,,,,,
CHCO/PB,Banks - Regional,0.8972,0.47467,624,,,,,,,,
MIY/PML,Asset Management,0.9176,0.47467,624,,,,,,,,
AOD/GAB,Asset Management,0.9466,0.47469,624,,,,,,,,
HQL/PPT,Asset Management,0.858,0.47469,624,,,,,,,,
AROW/SRCE,Banks - Regional,0.8962,0.47469,624,,,,,,,,
AVNT/SHW,Specialty Chemicals,0.8173,0.47469,624,,,,,,,,
PTY/SCD,Asset Management,0.9148,0.47471,624,,,,,,,,
PNNT/SPXX,Asset Management,0.8842,0.47472,624,,,,,,,,
FUND/PFN,Asset Management,0.9067,0.47473,624,,,,,,,,
EVG/NMZ,Asset Management,0.8595,0.47474,624,,,,,,,,
DDT/FAB,Unknown,0.9806,0.47474,624,,,,,,,,
PRFZ/PUI,Unknown,0.9524,0.47475,624,,,,,,,,
BOE/MIN,Asset Management,0.8738,0.47475,624,,,,,,,,
CHN/NPV,Asset Management,0.8392,0.47476,624,,,,,,,,
ADI/AMD,Semiconductors,0.9408,0.47478,624,,,,,,,,
FMBH/OVBC,Banks - Regional,0.8025,0.47478,624,,,,,,,,
BN/PFD,Asset Management,0.8278,0.47478,624,,,,,,,,
AAXJ/SHY,Unknown,0.8459,0.47478,624,,,,,,,,
ETV/PSEC,Asset Management,0.8679,0.47479,624,,,,,,,,
BBH/PRFZ,Unknown,0.9024,0.47479,624,,,,,,,,
GAB/TROW,Asset Management,0.8618,0.4748,624,,,,,,,,
AMKR/NVMI,Semiconductor Equipment & Materials,0.9121,0.4748,624,,,,,,,,
MMT/NIE,Asset Management,0.9591,0.4748,624,,,,,,,,
FULT/SBSI,Banks - Regional,0.9081,0.47481,624,,,,,,,,
TSI/VKQ,Asset Management,0.8921,0.47481,624,,,,,,,,
MHI/MQT,Asset Management,0.9008,0.47483,624,,,,,,,,
NXC/TY,Asset Management,0.8952,0.47483,624,,,,,,,,
CIVB/EBMT,Banks - Regional,0.9354,0.47484,624,,,,,,,,
EOD/VLT,Asset Management,0.9345,0.47484,624,,,,,,,,
PLUS/SPNS,Software - Application,0.8907,0.47485,624,,,,,,,,
MUJ/NCA,Asset Management,0.9537,0.47485,624,,,,,,,,
ACNB/UVSP,Banks - Regional,0.8799,0.47485,624,,,,,,,,
PEBO/PPBI,Banks - Regional,0.8887,0.47485,624,,,,,,,,
DSU/PFO,Asset Management,0.8248,0.47486,624,,,,,,,,
CXH/PCK,Asset Management,0.8706,0.47486,624,,,,,,,,
AWP/NQP,Asset Management,0.9098,0.47486,624,,,,,,,,
HAFC/WSBC,Banks - Regional,0.8741,0.47487,624,,,,,,,,
FITB/WSBC,Banks - Regional,0.8113,0.47487,624,,,,,,,,
CSQ/EOI,Asset Management,0.9928,0.47487,624,,,,,,,,
USIG/VGIT,Unknown,0.9725,0.47488,624,,,,,,,,
CIVB/ISBA,Banks - Regional,0.8671,0.47488,624,,,,,,,,
IGF/PFF,Unknown,0.9325,0.47488,624,,,,,,,,
GAB/WIA,Asset Management,0.8618,0.47491,624,,,,,,,,
BKT/HPI,Asset Management,0.8657,0.47492,624,,,,,,,,
ETB/NCA,Asset Management,0.8755,0.47492,624,,,,,,,,
ABCB/BCBP,Banks - Regional,0.8311,0.47493,624,,,,,,,,
DVA/EHC,Medical Care Facilities,0.8847,0.47493,624,,,,,,,,
RMT/TROW,Asset Management,0.8976,0.47493,624,,,,,,,,
HDB/PNFP,Banks - Regional,0.8763,0.47493,624,,,,,,,,
ARCC/RNP,Asset Management,0.9545,0.47493,624,,,,,,,,
CSQ/IFN,Asset Management,0.9628,0.47493,624,,,,,,,,
MYD/PIM,Asset Management,0.8487,0.47493,624,,,,,,,,
BXC/WSO,Industrial Distribution,0.8481,0.47494,624,,,,,,,,
BCBP/WTFC,Banks - Regional,0.8048,0.47495,624,,,,,,,,
FUND/STK,Asset Management,0.9693,0.47495,624,,,,,,,,
BGY/NIE,Asset Management,0.9639,0.47495,624,,,,,,,,
AWP/BKN,Asset Management,0.8836,0.47496,624,,,,,,,,
JMM/JOF,Asset Management,0.9244,0.47497,624,,,,,,,,
BANF/ESSA,Banks - Regional,0.9549,0.47497,624,,,,,,,,
ASGN/FI,Information Technology Services,0.8124,0.47497,624,,,,,,,,
EWBC/UVSP,Banks - Regional,0.9287,0.47498,624,,,,,,,,
JOF/NXN,Asset Management,0.874,0.47498,624,,,,,,,,
JEQ/VMO,Asset Management,0.8797,0.47499,624,,,,,,,,
FMY/HQL,Asset Management,0.812,0.47499,624,,,,,,,,
BN/CHW,Asset Management,0.9388,0.47501,624,,,,,,,,
JHI/RMT,Asset Management,0.9321,0.47501,624,,,,,,,,
BPOP/HIFS,Banks - Regional,0.8294,0.47502,624,,,,,,,,
DCOM/STBA,Banks - Regional,0.8501,0.47502,624,,,,,,,,
FUND/WEA,Asset Management,0.8552,0.47504,624,,,,,,,,
ETO/NZF,Asset Management,0.9007,0.47506,624,,,,,,,,
GBCI/THFF,Banks - Regional,0.9236,0.47509,624,,,,,,,,
ADSK/MITK,Software - Application,0.8173,0.47509,624,,,,,,,,
CMU/JLS,Asset Management,0.904,0.47509,624,,,,,,,,
AWF/MUJ,Asset Management,0.8837,0.47509,624,,,,,,,,
FRA/PFN,Asset Management,0.9031,0.47509,624,,,,,,,,
BX/ETB,Asset Management,0.8985,0.4751,624,,,,,,,,
LARK/MTB,Banks - Regional,0.8825,0.4751,624,,,,,,,,
GSBC/SNV,Banks - Regional,0.922,0.4751,624,,,,,,,,
FRME/ZION,Banks - Regional,0.9396,0.47512,624,,,,,,,,
OSBC/PB,Banks - Regional,0.9277,0.47513,624,,,,,,,,
CBU/RVSB,Banks - Regional,0.8745,0.47513,624,,,,,,,,
ASRV/EBMT,Banks - Regional,0.8212,0.47514,624,,,,,,,,
HDB/MBWM,Banks - Regional,0.876,0.47514,624,,,,,,,,
DSM/RNP,Asset Management,0.8001,0.47515,624,,,,,,,,
GJS/QTEC,Unknown,0.9455,0.47515,624,,,,,,,,
FNX/SHY,Unknown,0.8978,0.47517,624,,,,,,,,
AMP/CHW,Asset Management,0.8222,0.47517,624,,,,,,,,
HDB/HTBK,Banks - Regional,0.8039,0.47518,624,,,,,,,,
ABCB/KEY,Banks - Regional,0.9268,0.47518,624,,,,,,,,
CFFI/PWOD,Banks - Regional,0.8933,0.47519,624,,,,,,,,
NXC/PHD,Asset Management,0.8194,0.47521,624,,,,,,,,
EOD/IGR,Asset Management,0.8893,0.47521,624,,,,,,,,
GABC/PWOD,Banks - Regional,0.8128,0.47521,624,,,,,,,,
RVTY/WAT,Diagnostics & Research,0.9336,0.47523,624,,,,,,,,
ONB/WABC,Banks - Regional,0.8575,0.47523,624,,,,,,,,
EXG/SEIC,Asset Management,0.9059,0.47523,624,,,,,,,,
PMM/WIW,Asset Management,0.9046,0.47524,624,,,,,,,,
ABG/LAD,Auto & Truck Dealerships,0.9487,0.47525,624,,,,,,,,
AVAV/WWD,Aerospace & Defense,0.9229,0.47526,624,,,,,,,,
JMM/PNF,Asset Management,0.8146,0.47528,624,,,,,,,,
LFUS/PLXS,Electronic Components,0.8736,0.47528,624,,,,,,,,
MHI/NXJ,Asset Management,0.8474,0.4753,624,,,,,,,,
NGG/POR,Utilities - Regulated Electric,0.8653,0.4753,624,,,,,,,,
EFSC/NFBK,Banks - Regional,0.8002,0.47531,624,,,,,,,,
PEGA/TYL,Software - Application,0.8005,0.47531,624,,,,,,,,
BOKF/STBA,Banks - Regional,0.9183,0.47532,624,,,,,,,,
MPB/OPBK,Banks - Regional,0.921,0.47533,624,,,,,,,,
ETO/JHI,Asset Management,0.9423,0.47533,624,,,,,,,,
BUSE/FBIZ,Banks - Regional,0.8001,0.47534,624,,,,,,,,
PFBC/UMBF,Banks - Regional,0.9457,0.47535,624,,,,,,,,
HTGC/JHI,Asset Management,0.8517,0.47536,624,,,,,,,,
ARCC/FCT,Asset Management,0.9581,0.47538,624,,,,,,,,
HPI/WEA,Asset Management,0.9628,0.47538,624,,,,,,,,
BN/HPF,Asset Management,0.934,0.47538,624,,,,,,,,
AROW/CMA,Banks - Regional,0.9013,0.47539,624,,,,,,,,
BFK/WIW,Asset Management,0.8032,0.4754,624,,,,,,,,
FULT/WTFC,Banks - Regional,0.9654,0.47542,624,,,,,,,,
EOT/FOF,Asset Management,0.8257,0.47542,624,,,,,,,,
EBTC/TFSL,Banks - Regional,0.8392,0.47543,624,,,,,,,,
JCE/JQC,Asset Management,0.962,0.47545,624,,,,,,,,
EBMT/NKSH,Banks - Regional,0.8202,0.47545,624,,,,,,,,
IOSP/KWR,Specialty Chemicals,0.8675,0.47546,624,,,,,,,,
BRW/LGI,Asset Management,0.9114,0.47546,624,,,,,,,,
HTBK/TCBI,Banks - Regional,0.8549,0.47547,624,,,,,,,,
HTGC/PFN,Asset Management,0.8749,0.47548,624,,,,,,,,
PAI/QQQX,Asset Management,0.8981,0.47549,624,,,,,,,,
JFR/OXSQ,Asset Management,0.8056,0.47549,624,,,,,,,,
HIX/MGF,Asset Management,0.8689,0.47551,624,,,,,,,,
HDB/HFWA,Banks - Regional,0.8501,0.47551,624,,,,,,,,
MO/UVV,Tobacco,0.8913,0.47553,624,,,,,,,,
BRW/ETO,Asset Management,0.9221,0.47554,624,,,,,,,,
AB/GDV,Asset Management,0.9432,0.47554,624,,,,,,,,
DDT/INDY,Unknown,0.9457,0.47554,624,,,,,,,,
MSD/NEA,Asset Management,0.8817,0.47554,624,,,,,,,,
BHK/HPF,Asset Management,0.9332,0.47556,624,,,,,,,,
AAXJ/BND,Unknown,0.8668,0.47556,624,,,,,,,,
FNX/VCSH,Unknown,0.9356,0.47557,624,,,,,,,,
CHY/OIA,Asset Management,0.8774,0.47558,624,,,,,,,,
BME/NXN,Asset Management,0.9169,0.47559,624,,,,,,,,
BRT/EQR,REIT - Residential,0.8399,0.47559,624,,,,,,,,
FT/MHF,Asset Management,0.9283,0.47562,624,,,,,,,,
LARK/SHBI,Banks - Regional,0.8191,0.47563,624,,,,,,,,
DVY/FTCS,Unknown,0.9864,0.47564,624,,,,,,,,
ACNB/SYBT,Banks - Regional,0.9026,0.47564,624,,,,,,,,
MGF/PCQ,Asset Management,0.8074,0.47566,624,,,,,,,,
DHIL/STEW,Asset Management,0.8486,0.47566,624,,,,,,,,
EVF/SPXX,Asset Management,0.9535,0.47566,624,,,,,,,,
CFR/CNOB,Banks - Regional,0.8854,0.47567,624,,,,,,,,
GAIN/GOF,Asset Management,0.9574,0.47568,624,,,,,,,,
BGY/JEQ,Asset Management,0.8755,0.47568,624,,,,,,,,
PRFZ/VGSH,Unknown,0.8914,0.47569,624,,,,,,,,
IGA/JFR,Asset Management,0.9654,0.4757,624,,,,,,,,
BFIN/CCNE,Banks - Regional,0.8221,0.47571,624,,,,,,,,
ETN/IEX,Specialty Industrial Machinery,0.8045,0.47571,624,,,,,,,,
CCEP/COKE,Beverages - Non-Alcoholic,0.9241,0.47572,624,,,,,,,,
BCML/WTBA,Banks - Regional,0.8474,0.47572,624,,,,,,,,
BOE/CHW,Asset Management,0.9424,0.47573,624,,,,,,,,
CHY/RVT,Asset Management,0.9861,0.47573,624,,,,,,,,
BOE/NIE,Asset Management,0.9815,0.47573,624,,,,,,,,
GSBC/SFST,Banks - Regional,0.8987,0.47574,624,,,,,,,,
NAT/TEN,Oil & Gas Midstream,0.8304,0.47574,624,,,,,,,,
IMCV/KTH,Unknown,0.9509,0.47574,624,,,,,,,,
CMU/PFN,Asset Management,0.8808,0.47575,624,,,,,,,,
EOD/MSD,Asset Management,0.8529,0.47576,624,,,,,,,,
MGF/RNP,Asset Management,0.821,0.47577,624,,,,,,,,
GUT/PSEC,Asset Management,0.8259,0.47578,624,,,,,,,,
KTN/PPH,Unknown,0.91,0.47579,624,,,,,,,,
GSBC/PFS,Banks - Regional,0.9091,0.47579,624,,,,,,,,
AX/FFBC,Banks - Regional,0.8969,0.47582,624,,,,,,,,
ACNB/SBSI,Banks - Regional,0.8828,0.47582,624,,,,,,,,
AWP/DSM,Asset Management,0.8589,0.47583,624,,,,,,,,
CTBI/WSBF,Banks - Regional,0.8712,0.47583,624,,,,,,,,
BLK/DHF,Asset Management,0.942,0.47583,624,,,,,,,,
ARCC/IGA,Asset Management,0.967,0.47583,624,,,,,,,,
GJT/SHY,Unknown,0.8825,0.47585,624,,,,,,,,
GF/OIA,Asset Management,0.8443,0.47585,624,,,,,,,,
BPOP/FNLC,Banks - Regional,0.8758,0.47585,624,,,,,,,,
CMC/FRD,Steel,0.812,0.47586,624,,,,,,,,
ETB/MVF,Asset Management,0.8053,0.47587,624,,,,,,,,
EOS/ETV,Asset Management,0.9759,0.47587,624,,,,,,,,
AB/CNS,Asset Management,0.9552,0.47587,624,,,,,,,,
BRKL/LKFN,Banks - Regional,0.807,0.47587,624,,,,,,,,
FHN/TSBK,Banks - Regional,0.8356,0.47587,624,,,,,,,,
PNFP/SBSI,Banks - Regional,0.9254,0.47588,624,,,,,,,,
CMA/CZNC,Banks - Regional,0.8862,0.47588,624,,,,,,,,
FFA/SAR,Asset Management,0.9744,0.4759,624,,,,,,,,
FNX/WOOD,Unknown,0.9535,0.47591,624,,,,,,,,
BCML/CADE,Banks - Regional,0.9192,0.47591,624,,,,,,,,
EOS/JLS,Asset Management,0.8871,0.47592,624,,,,,,,,
BHK/PZC,Asset Management,0.8487,0.47594,624,,,,,,,,
DHF/MQY,Asset Management,0.8661,0.47595,624,,,,,,,,
GAIN/UTF,Asset Management,0.959,0.47595,624,,,,,,,,
JMM/PCF,Asset Management,0.9495,0.47595,624,,,,,,,,
BHK/VGM,Asset Management,0.9657,0.47596,624,,,,,,,,
BN/EOD,Asset Management,0.9656,0.47596,624,,,,,,,,
AB/CGO,Asset Management,0.9306,0.47597,624,,,,,,,,
FRA/JRS,Asset Management,0.8741,0.47597,624,,,,,,,,
ETJ/RMT,Asset Management,0.9687,0.47597,624,,,,,,,,
LARK/PEBO,Banks - Regional,0.8791,0.47598,624,,,,,,,,
CMA/SSBI,Banks - Regional,0.8004,0.47598,624,,,,,,,,
MTB/WAFD,Banks - Regional,0.9384,0.47598,624,,,,,,,,
GBCI/HDB,Banks - Regional,0.9332,0.476,624,,,,,,,,
EFSC/PFIS,Banks - Regional,0.9097,0.47601,624,,,,,,,,
CHMG/OZK,Banks - Regional,0.8138,0.47602,624,,,,,,,,
OIA/RVT,Asset Management,0.894,0.47602,624,,,,,,,,
OMCL/OPRX,Health Information Services,0.894,0.47603,624,,,,,,,,
FHI/JHI,Asset Management,0.8193,0.47604,624,,,,,,,,
RQI/VCV,Asset Management,0.8809,0.47604,624,,,,,,,,
FTA/QTEC,Unknown,0.955,0.47605,624,,,,,,,,
GOVI/IEI,Unknown,0.943,0.47607,624,,,,,,,,
FFA/SPE,Asset Management,0.9845,0.47607,624,,,,,,,,
EVN/PCQ,Asset Management,0.8452,0.47607,624,,,,,,,,
ACNB/MTB,Banks - Regional,0.9193,0.47608,624,,,,,,,,
BOH/HOMB,Banks - Regional,0.8751,0.47608,624,,,,,,,,
NXN/TROW,Asset Management,0.8645,0.47609,624,,,,,,,,
OXSQ/PFN,Asset Management,0.8083,0.47609,624,,,,,,,,
AIA/PNQI,Unknown,0.9642,0.47609,624,,,,,,,,
EBMT/RVSB,Banks - Regional,0.8849,0.47609,624,,,,,,,,
HQH/JRS,Asset Management,0.889,0.4761,624,,,,,,,,
FOF/SCD,Asset Management,0.9643,0.47611,624,,,,,,,,
GSBC/OZK,Banks - Regional,0.859,0.47611,624,,,,,,,,
HPS/IGR,Asset Management,0.9343,0.47612,624,,,,,,,,
ALRS/FCF,Banks - Regional,0.8607,0.47612,624,,,,,,,,
ETB/EVN,Asset Management,0.8765,0.47613,624,,,,,,,,
GDL/UTF,Asset Management,0.9569,0.47613,624,,,,,,,,
FRA/SPE,Asset Management,0.9736,0.47614,624,,,,,,,,
CHY/CNS,Asset Management,0.9667,0.47614,624,,,,,,,,
HFWA/SSB,Banks - Regional,0.8437,0.47615,624,,,,,,,,
GOF/IAE,Asset Management,0.858,0.47615,624,,,,,,,,
GCV/IFN,Asset Management,0.8271,0.47616,624,,,,,,,,
MCI/NIE,Asset Management,0.9238,0.47617,624,,,,,,,,
GDL/HQL,Asset Management,0.9009,0.47617,624,,,,,,,,
EXG/OIA,Asset Management,0.8941,0.47618,624,,,,,,,,
GRX/NMT,Asset Management,0.8467,0.47619,624,,,,,,,,
QQQX/VBF,Asset Management,0.9361,0.47619,624,,,,,,,,
CGO/MIY,Asset Management,0.8918,0.47619,624,,,,,,,,
BCML/FFBC,Banks - Regional,0.9395,0.47619,624,,,,,,,,
EWBC/SFST,Banks - Regional,0.8242,0.47619,624,,,,,,,,
JEQ/PCN,Asset Management,0.9354,0.47621,624,,,,,,,,
ETV/JHS,Asset Management,0.889,0.47622,624,,,,,,,,
BME/SAR,Asset Management,0.9346,0.47622,624,,,,,,,,
CII/EXG,Asset Management,0.9887,0.47622,624,,,,,,,,
AAXJ/PNQI,Unknown,0.9452,0.47622,624,,,,,,,,
NUW/PCN,Asset Management,0.8921,0.47622,624,,,,,,,,
HFWA/SRCE,Banks - Regional,0.8865,0.47623,624,,,,,,,,
ABCB/CARE,Banks - Regional,0.8243,0.47623,624,,,,,,,,
EMB/VGLT,Unknown,0.8222,0.47623,624,,,,,,,,
LKFN/NBTB,Banks - Regional,0.9388,0.47623,624,,,,,,,,
FCT/JPC,Asset Management,0.9239,0.47623,624,,,,,,,,
BANF/CADE,Banks - Regional,0.844,0.47623,624,,,,,,,,
AAXJ/TVE,Unknown,0.8471,0.47625,624,,,,,,,,
ASX/UMC,Semiconductors,0.8429,0.47625,624,,,,,,,,
CHH/IHG,Lodging,0.8883,0.47628,624,,,,,,,,
OXSQ/PFL,Asset Management,0.8105,0.47629,624,,,,,,,,
MYI/NVG,Asset Management,0.9623,0.47629,624,,,,,,,,
BHRB/OVLY,Banks - Regional,0.8572,0.47629,624,,,,,,,,
BLK/MCR,Asset Management,0.9431,0.47629,624,,,,,,,,
LGI/PTY,Asset Management,0.9704,0.47629,624,,,,,,,,
FCF/PWOD,Banks - Regional,0.8429,0.47629,624,,,,,,,,
EOI/JMM,Asset Management,0.8906,0.4763,624,,,,,,,,
MPV/VBF,Asset Management,0.8291,0.47631,624,,,,,,,,
GSBC/WAFD,Banks - Regional,0.9652,0.47634,624,,,,,,,,
CBSH/WABC,Banks - Regional,0.9221,0.47635,624,,,,,,,,
BFZ/FLC,Asset Management,0.9151,0.47635,624,,,,,,,,
ETV/IIF,Asset Management,0.8989,0.47636,624,,,,,,,,
IIM/MSD,Asset Management,0.86,0.47636,624,,,,,,,,
HIX/RMT,Asset Management,0.9215,0.47637,624,,,,,,,,
EFT/WEA,Asset Management,0.8905,0.47637,624,,,,,,,,
AWP/MMU,Asset Management,0.8492,0.47638,624,,,,,,,,
CULP/UFI,Textile Manufacturing,0.8954,0.47639,624,,,,,,,,
CVCO/TOL,Residential Construction,0.8961,0.47639,624,,,,,,,,
FLC/HYT,Asset Management,0.928,0.47639,624,,,,,,,,
CVBF/UMBF,Banks - Regional,0.8628,0.47639,624,,,,,,,,
FDX/LSTR,Integrated Freight & Logistics,0.8849,0.4764,624,,,,,,,,
AX/SRCE,Banks - Regional,0.9391,0.47641,624,,,,,,,,
MHN/NXJ,Asset Management,0.9479,0.47641,624,,,,,,,,
BDJ/BME,Asset Management,0.9594,0.47641,624,,,,,,,,
IBB/PFF,Unknown,0.9482,0.47642,624,,,,,,,,
EVN/MSD,Asset Management,0.8608,0.47642,624,,,,,,,,
FLC/PMX,Asset Management,0.9,0.47643,624,,,,,,,,
NPV/VGM,Asset Management,0.9301,0.47643,624,,,,,,,,
BXMX/SWKH,Asset Management,0.8212,0.47644,624,,,,,,,,
NIE/NTRS,Asset Management,0.8726,0.47646,624,,,,,,,,
JEQ/NXC,Asset Management,0.8995,0.47646,624,,,,,,,,
DNP/JMM,Asset Management,0.9232,0.47646,624,,,,,,,,
EOI/GOF,Asset Management,0.9712,0.47647,624,,,,,,,,
NFJ/VLT,Asset Management,0.9651,0.47648,624,,,,,,,,
CNS/EOS,Asset Management,0.9671,0.47648,624,,,,,,,,
AIA/GJS,Unknown,0.8377,0.47648,624,,,,,,,,
NEE/NGG,Utilities - Regulated Electric,0.8641,0.47648,624,,,,,,,,
SYBT/WSFS,Banks - Regional,0.8852,0.47649,624,,,,,,,,
CBAN/OCFC,Banks - Regional,0.8735,0.4765,624,,,,,,,,
BLK/PCN,Asset Management,0.936,0.4765,624,,,,,,,,
QABA/QTEC,Unknown,0.828,0.47651,624,,,,,,,,
AWF/FFC,Asset Management,0.8995,0.47651,624,,,,,,,,
HPF/MHN,Asset Management,0.8766,0.47652,624,,,,,,,,
HTGC/MAIN,Asset Management,0.9711,0.47652,624,,,,,,,,
PFI/WOOD,Unknown,0.9407,0.47653,624,,,,,,,,
RBCAA/TCBK,Banks - Regional,0.9016,0.47653,624,,,,,,,,
IBB/SCZ,Unknown,0.9299,0.47653,624,,,,,,,,
ABCB/TFSL,Banks - Regional,0.8532,0.47653,624,,,,,,,,
DNP/PAI,Asset Management,0.8935,0.47653,624,,,,,,,,
AWF/JCE,Asset Management,0.9668,0.47654,624,,,,,,,,
RNP/VLT,Asset Management,0.9755,0.47654,624,,,,,,,,
ETJ/OIA,Asset Management,0.8777,0.47657,624,,,,,,,,
CASH/HIFS,Banks - Regional,0.8611,0.47658,624,,,,,,,,
AB/GLAD,Asset Management,0.9346,0.47658,624,,,,,,,,
MCI/NXJ,Asset Management,0.8018,0.47659,624,,,,,,,,
AX/CBSH,Banks - Regional,0.9011,0.4766,624,,,,,,,,
BX/GAIN,Asset Management,0.9562,0.4766,624,,,,,,,,
FTA/PTH,Unknown,0.8816,0.4766,624,,,,,,,,
IJT/QTEC,Unknown,0.9661,0.47661,624,,,,,,,,
CAF/NAN,Asset Management,0.8062,0.47661,624,,,,,,,,
HYT/MUJ,Asset Management,0.8972,0.47662,624,,,,,,,,
BXMX/FCT,Asset Management,0.9644,0.47662,624,,,,,,,,
PPBI/RVSB,Banks - Regional,0.9268,0.47663,624,,,,,,,,
CCBG/OFG,Banks - Regional,0.8657,0.47664,624,,,,,,,,
GJT/VGSH,Unknown,0.8905,0.47665,624,,,,,,,,
CNS/EVN,Asset Management,0.8129,0.47666,624,,,,,,,,
QABA/VCSH,Unknown,0.8607,0.47667,624,,,,,,,,
BNY/EMD,Asset Management,0.8203,0.47667,624,,,,,,,,
ALL/WRB,Insurance - Property & Casualty,0.9743,0.47667,624,,,,,,,,
ETN/ITT,Specialty Industrial Machinery,0.9673,0.47668,624,,,,,,,,
GDL/HPF,Asset Management,0.958,0.47668,624,,,,,,,,
BGT/TY,Asset Management,0.9299,0.47669,624,,,,,,,,
BCML/CZWI,Banks - Regional,0.9066,0.47669,624,,,,,,,,
DHF/MCN,Asset Management,0.8792,0.4767,624,,,,,,,,
HFWA/PNC,Banks - Regional,0.8427,0.4767,624,,,,,,,,
BHLB/FLIC,Banks - Regional,0.8124,0.47671,624,,,,,,,,
ASG/KF,Asset Management,0.8491,0.47672,624,,,,,,,,
AMP/HTGC,Asset Management,0.9843,0.47672,624,,,,,,,,
ISBA/THFF,Banks - Regional,0.8786,0.47672,624,,,,,,,,
JRS/PFG,Asset Management,0.8741,0.47673,624,,,,,,,,
LSCC/RMBS,Semiconductors,0.8314,0.47675,624,,,,,,,,
ALRS/RF,Banks - Regional,0.8576,0.47675,624,,,,,,,,
EHI/EMD,Asset Management,0.9281,0.47675,624,,,,,,,,
CSQ/FCT,Asset Management,0.9629,0.47676,624,,,,,,,,
AWF/BX,Asset Management,0.8974,0.47676,624,,,,,,,,
ADSK/SAP,Software - Application,0.8422,0.47677,624,,,,,,,,
AB/ASG,Asset Management,0.9394,0.47677,624,,,,,,,,
MPB/UBSI,Banks - Regional,0.8983,0.47679,624,,,,,,,,
FYX/VCSH,Unknown,0.93,0.4768,624,,,,,,,,
NCA/PCN,Asset Management,0.8943,0.4768,624,,,,,,,,
FTA/IBB,Unknown,0.8691,0.47685,624,,,,,,,,
CNS/MUJ,Asset Management,0.8533,0.47687,624,,,,,,,,
ABCB/HFBL,Banks - Regional,0.8294,0.47687,624,,,,,,,,
FCF/VLY,Banks - Regional,0.8107,0.47687,624,,,,,,,,
CHI/MCN,Asset Management,0.9601,0.47687,624,,,,,,,,
SBFG/TFSL,Banks - Regional,0.8774,0.47687,624,,,,,,,,
AWP/PHD,Asset Management,0.8881,0.47688,624,,,,,,,,
IGR/VBF,Asset Management,0.8963,0.4769,624,,,,,,,,
FXNC/THFF,Banks - Regional,0.876,0.4769,624,,,,,,,,
BTZ/VKQ,Asset Management,0.9435,0.47691,624,,,,,,,,
CHW/NXC,Asset Management,0.8834,0.47691,624,,,,,,,,
PNC/SBCF,Banks - Regional,0.9347,0.47692,624,,,,,,,,
MCN/SCD,Asset Management,0.9356,0.47692,624,,,,,,,,
ABCB/PB,Banks - Regional,0.9375,0.47693,624,,,,,,,,
NEWT/THFF,Banks - Regional,0.8024,0.47694,624,,,,,,,,
AGD/ASG,Asset Management,0.9255,0.47694,624,,,,,,,,
AGD/SAR,Asset Management,0.9573,0.47694,624,,,,,,,,
IGD/SEIC,Asset Management,0.9124,0.47695,624,,,,,,,,
CMU/HIO,Asset Management,0.8365,0.47695,624,,,,,,,,
ABCB/TCBI,Banks - Regional,0.808,0.47696,624,,,,,,,,
NFJ/SAR,Asset Management,0.9383,0.47696,624,,,,,,,,
AIA/GJT,Unknown,0.8179,0.47697,624,,,,,,,,
BBH/FEX,Unknown,0.8922,0.47697,624,,,,,,,,
GCV/SPXX,Asset Management,0.9067,0.47698,624,,,,,,,,
FSFG/PKBK,Banks - Regional,0.9581,0.477,624,,,,,,,,
BRW/MHF,Asset Management,0.8637,0.47701,624,,,,,,,,
BFC/SBSI,Banks - Regional,0.8648,0.47702,624,,,,,,,,
ETY/MAIN,Asset Management,0.9787,0.47702,624,,,,,,,,
MAIN/PFL,Asset Management,0.9217,0.47703,624,,,,,,,,
OZK/SBSI,Banks - Regional,0.8472,0.47703,624,,,,,,,,
LARK/ZIONP,Banks - Regional,0.9016,0.47703,624,,,,,,,,
CBAN/UMBF,Banks - Regional,0.8732,0.47704,624,,,,,,,,
MCI/PTY,Asset Management,0.8858,0.47704,624,,,,,,,,
PCN/STT,Asset Management,0.8367,0.47704,624,,,,,,,,
CENT/MKC,Packaged Foods,0.8726,0.47704,624,,,,,,,,
BPOPM/PID,Unknown,0.8475,0.47705,624,,,,,,,,
CXE/PPT,Asset Management,0.8653,0.47705,624,,,,,,,,
CBSH/PB,Banks - Regional,0.9515,0.47706,624,,,,,,,,
CWT/WTRG,Utilities - Regulated Water,0.9729,0.47707,624,,,,,,,,
GF/MQY,Asset Management,0.8554,0.47708,624,,,,,,,,
FEX/PHO,Unknown,0.9847,0.47708,624,,,,,,,,
FHI/NXJ,Asset Management,0.8041,0.47708,624,,,,,,,,
NTRS/PMO,Asset Management,0.8972,0.47709,624,,,,,,,,
NIE/SAR,Asset Management,0.9636,0.47709,624,,,,,,,,
AUB/OBT,Banks - Regional,0.8127,0.47709,624,,,,,,,,
JLS/PAI,Asset Management,0.9235,0.4771,624,,,,,,,,
FHN/PFS,Banks - Regional,0.8471,0.4771,624,,,,,,,,
DDT/FNX,Unknown,0.9781,0.4771,624,,,,,,,,
BANF/SBCF,Banks - Regional,0.8159,0.47711,624,,,,,,,,
CIF/ETJ,Asset Management,0.8878,0.47711,624,,,,,,,,
BTZ/PMM,Asset Management,0.9689,0.47712,624,,,,,,,,
EEA/STK,Asset Management,0.9332,0.47712,624,,,,,,,,
ADSK/PAYX,Software - Application,0.9154,0.47713,624,,,,,,,,
MUC/PZC,Asset Management,0.9362,0.47714,624,,,,,,,,
THG/TRV,Insurance - Property & Casualty,0.9449,0.47714,624,,,,,,,,
NAN/PZC,Asset Management,0.9031,0.47714,624,,,,,,,,
CSWC/SAR,Asset Management,0.9585,0.47715,624,,,,,,,,
DSU/SPXX,Asset Management,0.9692,0.47716,624,,,,,,,,
CGO/MUE,Asset Management,0.8444,0.47716,624,,,,,,,,
AX/CMA,Banks - Regional,0.8095,0.47716,624,,,,,,,,
AVNT/ECL,Specialty Chemicals,0.8182,0.47717,624,,,,,,,,
FT/NXN,Asset Management,0.8999,0.47718,624,,,,,,,,
AME/MWA,Specialty Industrial Machinery,0.8898,0.47718,624,,,,,,,,
IEX/ITW,Specialty Industrial Machinery,0.977,0.47718,624,,,,,,,,
CIF/RNP,Asset Management,0.9177,0.47719,624,,,,,,,,
GTY/O,REIT - Retail,0.9123,0.47719,624,,,,,,,,
HBCP/WSBF,Banks - Regional,0.8913,0.47723,624,,,,,,,,
FNX/QQQ,Unknown,0.9765,0.47724,624,,,,,,,,
GAB/VRTS,Asset Management,0.8749,0.47725,624,,,,,,,,
FT/RVT,Asset Management,0.9772,0.47727,624,,,,,,,,
PEBK/UMBF,Banks - Regional,0.8677,0.47727,624,,,,,,,,
AMP/FUND,Asset Management,0.9428,0.47727,624,,,,,,,,
RNST/UCB,Banks - Regional,0.865,0.47728,624,,,,,,,,
AAXJ/BPOPM,Unknown,0.8721,0.47729,624,,,,,,,,
CHY/GAB,Asset Management,0.9645,0.47729,624,,,,,,,,
NWBI/SBSI,Banks - Regional,0.9213,0.4773,624,,,,,,,,
CRVL/WTW,Insurance Brokers,0.929,0.4773,624,,,,,,,,
GAB/WEA,Asset Management,0.8984,0.47731,624,,,,,,,,
BX/FFA,Asset Management,0.9625,0.47731,624,,,,,,,,
FYX/QQQ,Unknown,0.9572,0.47732,624,,,,,,,,
EVT/HPS,Asset Management,0.9728,0.47733,624,,,,,,,,
BANF/FNLC,Banks - Regional,0.9032,0.47734,624,,,,,,,,
FRST/OVBC,Banks - Regional,0.8484,0.47734,624,,,,,,,,
DNP/FFA,Asset Management,0.9223,0.47734,624,,,,,,,,
BME/PFN,Asset Management,0.9597,0.47735,624,,,,,,,,
HFBL/TFC,Banks - Regional,0.8976,0.47735,624,,,,,,,,
AIZ/WTM,Insurance - Property & Casualty,0.9438,0.47736,624,,,,,,,,
JCE/SEIC,Asset Management,0.9105,0.47736,624,,,,,,,,
MYI/TSI,Asset Management,0.9195,0.47737,624,,,,,,,,
PCH/SBAC,REIT - Specialty,0.8676,0.47738,624,,,,,,,,
HFBL/LKFN,Banks - Regional,0.9013,0.47738,624,,,,,,,,
SPGI/VALU,Financial Data & Stock Exchanges,0.8647,0.47739,624,,,,,,,,
FMAO/TSBK,Banks - Regional,0.8937,0.47739,624,,,,,,,,
GRX/MVF,Asset Management,0.8577,0.47739,624,,,,,,,,
NTRS/VMO,Asset Management,0.8532,0.4774,624,,,,,,,,
JRS/KTF,Asset Management,0.8304,0.47741,624,,,,,,,,
ETG/WIW,Asset Management,0.909,0.47741,624,,,,,,,,
CVBF/FULT,Banks - Regional,0.9084,0.47741,624,,,,,,,,
MHN/MSD,Asset Management,0.8404,0.47741,624,,,,,,,,
CMA/UVSP,Banks - Regional,0.9188,0.47742,624,,,,,,,,
GDO/STK,Asset Management,0.8511,0.47742,624,,,,,,,,
CBSH/NBTB,Banks - Regional,0.9432,0.47742,624,,,,,,,,
EFSC/UCB,Banks - Regional,0.9282,0.47742,624,,,,,,,,
ETY/GAB,Asset Management,0.9595,0.47744,624,,,,,,,,
NZF/PFD,Asset Management,0.9666,0.47745,624,,,,,,,,
CME/NDAQ,Financial Data & Stock Exchanges,0.9485,0.47746,624,,,,,,,,
WTFC/ZION,Banks - Regional,0.9069,0.47746,624,,,,,,,,
FISI/UBSI,Banks - Regional,0.8872,0.47746,624,,,,,,,,
ETW/GRX,Asset Management,0.97,0.47747,624,,,,,,,,
BFIN/UVSP,Banks - Regional,0.8288,0.47747,624,,,,,,,,
BDJ/QQQX,Asset Management,0.9805,0.47747,624,,,,,,,,
CATY/STBA,Banks - Regional,0.9282,0.47747,624,,,,,,,,
CWBC/FDBC,Banks - Regional,0.8814,0.47749,624,,,,,,,,
JJSF/SJM,Packaged Foods,0.8572,0.47749,624,,,,,,,,
PFS/ZION,Banks - Regional,0.8972,0.47749,624,,,,,,,,
CSWC/ETB,Asset Management,0.9379,0.4775,624,,,,,,,,
EGBN/HOPE,Banks - Regional,0.8702,0.4775,624,,,,,,,,
JBL/TEL,Electronic Components,0.8439,0.47752,624,,,,,,,,
AWP/CMU,Asset Management,0.8725,0.47752,624,,,,,,,,
CNOB/PFIS,Banks - Regional,0.9004,0.47753,624,,,,,,,,
CMS/PNW,Utilities - Regulated Electric,0.9514,0.47753,624,,,,,,,,
BLK/FFA,Asset Management,0.9869,0.47756,624,,,,,,,,
FYX/VGSH,Unknown,0.8871,0.47759,624,,,,,,,,
QABA/RTH,Unknown,0.8481,0.47761,624,,,,,,,,
FXNC/VLY,Banks - Regional,0.8039,0.47762,624,,,,,,,,
ETB/JEQ,Asset Management,0.9188,0.47762,624,,,,,,,,
CDE/EGO,Gold,0.891,0.47763,624,,,,,,,,
BIP/UTL,Utilities - Diversified,0.9069,0.47763,624,,,,,,,,
HFWA/UBSI,Banks - Regional,0.837,0.47764,624,,,,,,,,
FCNCA/PFBC,Banks - Regional,0.8478,0.47764,624,,,,,,,,
IFN/PCF,Asset Management,0.9294,0.47764,624,,,,,,,,
AROW/AX,Banks - Regional,0.83,0.47764,624,,,,,,,,
CIVB/TCBK,Banks - Regional,0.9411,0.47764,624,,,,,,,,
CNOB/FNB,Banks - Regional,0.8422,0.47767,624,,,,,,,,
ASML/KLIC,Semiconductor Equipment & Materials,0.9479,0.47767,624,,,,,,,,
AFB/MSD,Asset Management,0.8622,0.47768,624,,,,,,,,
ETR/PPL,Utilities - Regulated Electric,0.8315,0.47768,624,,,,,,,,
EOD/MCI,Asset Management,0.922,0.4777,624,,,,,,,,
BME/EHI,Asset Management,0.9298,0.47771,624,,,,,,,,
CTBI/FFIN,Banks - Regional,0.8455,0.47771,624,,,,,,,,
GAB/MPV,Asset Management,0.8863,0.47774,624,,,,,,,,
GUT/USA,Asset Management,0.8041,0.47774,624,,,,,,,,
IAE/JCE,Asset Management,0.8267,0.47776,624,,,,,,,,
IGSB/PFF,Unknown,0.9459,0.47777,624,,,,,,,,
ISBA/RF,Banks - Regional,0.8232,0.47777,624,,,,,,,,
BCML/LKFN,Banks - Regional,0.827,0.47778,624,,,,,,,,
FMBH/QCRH,Banks - Regional,0.9277,0.47778,624,,,,,,,,
NPV/VTN,Asset Management,0.8633,0.47779,624,,,,,,,,
PFO/TROW,Asset Management,0.9063,0.47779,624,,,,,,,,
JQC/VTN,Asset Management,0.8205,0.47779,624,,,,,,,,
NPV/NQP,Asset Management,0.9308,0.4778,624,,,,,,,,
ARCC/FUND,Asset Management,0.9714,0.4778,624,,,,,,,,
AOD/ETW,Asset Management,0.9458,0.4778,624,,,,,,,,
CNOB/FNLC,Banks - Regional,0.9001,0.4778,624,,,,,,,,
CBT/LIN,Specialty Chemicals,0.904,0.4778,624,,,,,,,,
BDJ/ETV,Asset Management,0.9817,0.47782,624,,,,,,,,
KTN/PRFZ,Unknown,0.9365,0.47782,624,,,,,,,,
HDB/TCBK,Banks - Regional,0.9302,0.47782,624,,,,,,,,
GRX/NAC,Asset Management,0.8896,0.47782,624,,,,,,,,
HIG/SIGI,Insurance - Property & Casualty,0.8988,0.47783,624,,,,,,,,
CSQ/EVF,Asset Management,0.9718,0.47784,624,,,,,,,,
BKT/MAV,Asset Management,0.8385,0.47785,624,,,,,,,,
USB/ZIONP,Banks - Regional,0.9023,0.47785,624,,,,,,,,
FITB/LCNB,Banks - Regional,0.8317,0.47785,624,,,,,,,,
EHI/NQP,Asset Management,0.9424,0.47786,624,,,,,,,,
MVF/RNP,Asset Management,0.8081,0.47787,624,,,,,,,,
FUND/JHI,Asset Management,0.8889,0.47787,624,,,,,,,,
MTB/PPBI,Banks - Regional,0.8641,0.47788,624,,,,,,,,
FRME/TOWN,Banks - Regional,0.9596,0.47789,624,,,,,,,,
RMT/VRTS,Asset Management,0.8678,0.4779,624,,,,,,,,
BCBP/SFST,Banks - Regional,0.8691,0.4779,624,,,,,,,,
BCBP/BOKF,Banks - Regional,0.8631,0.47792,624,,,,,,,,
PGC/SBCF,Banks - Regional,0.9277,0.47792,624,,,,,,,,
CTBI/IBN,Banks - Regional,0.8103,0.47793,624,,,,,,,,
FRA/WIW,Asset Management,0.8236,0.47794,624,,,,,,,,
CAC/TFSL,Banks - Regional,0.8792,0.47794,624,,,,,,,,
IGA/SOR,Asset Management,0.9809,0.47794,624,,,,,,,,
ETG/FMY,Asset Management,0.9184,0.47795,624,,,,,,,,
MYI/NXJ,Asset Management,0.9725,0.47796,624,,,,,,,,
ENSG/UHS,Medical Care Facilities,0.8164,0.47797,624,,,,,,,,
HOMB/VABK,Banks - Regional,0.8711,0.47797,624,,,,,,,,
CII/GDL,Asset Management,0.9458,0.47798,624,,,,,,,,
BJK/IEUS,Unknown,0.8818,0.47798,624,,,,,,,,
GOF/HYT,Asset Management,0.9811,0.47799,624,,,,,,,,
ETW/PCN,Asset Management,0.9662,0.47801,624,,,,,,,,
EEA/WEA,Asset Management,0.9045,0.47801,624,,,,,,,,
FDBC/NKSH,Banks - Regional,0.8096,0.47802,624,,,,,,,,
CCEP/KDP,Beverages - Non-Alcoholic,0.9011,0.47803,624,,,,,,,,
DHIL/MAIN,Asset Management,0.8248,0.47806,624,,,,,,,,
FE/TXNM,Utilities - Regulated Electric,0.8136,0.47806,624,,,,,,,,
AGD/GAIN,Asset Management,0.959,0.47808,624,,,,,,,,
PMO/WIW,Asset Management,0.8952,0.47808,624,,,,,,,,
CMA/FISI,Banks - Regional,0.9061,0.47808,624,,,,,,,,
GSBC/UBFO,Banks - Regional,0.9271,0.47809,624,,,,,,,,
BJK/IBB,Unknown,0.8236,0.47809,624,,,,,,,,
IGR/SOR,Asset Management,0.8904,0.4781,624,,,,,,,,
CCBG/TOWN,Banks - Regional,0.9156,0.47811,624,,,,,,,,
PKBK/RF,Banks - Regional,0.9436,0.47811,624,,,,,,,,
FTCS/PNQI,Unknown,0.9221,0.47811,624,,,,,,,,
LKFN/VLY,Banks - Regional,0.8402,0.47811,624,,,,,,,,
BLW/FRA,Asset Management,0.9596,0.47813,624,,,,,,,,
ANSS/PAYX,Software - Application,0.9174,0.47815,624,,,,,,,,
BBH/PID,Unknown,0.8053,0.47816,624,,,,,,,,
ETR/PEG,Utilities - Regulated Electric,0.9459,0.47819,624,,,,,,,,
ACWI/PNQI,Unknown,0.9292,0.4782,624,,,,,,,,
AMN/USPH,Medical Care Facilities,0.8297,0.4782,624,,,,,,,,
IIF/STEW,Asset Management,0.9402,0.47822,624,,,,,,,,
VBF/VLT,Asset Management,0.9439,0.47822,624,,,,,,,,
PTH/PYT,Unknown,0.925,0.47824,624,,,,,,,,
RQI/SWKH,Asset Management,0.821,0.47825,624,,,,,,,,
ASG/JMM,Asset Management,0.9207,0.47826,624,,,,,,,,
CXT/DCI,Specialty Industrial Machinery,0.9255,0.47827,624,,,,,,,,
FT/RJF,Asset Management,0.9438,0.47827,624,,,,,,,,
BOH/ONB,Banks - Regional,0.8931,0.47828,624,,,,,,,,
FRME/HOPE,Banks - Regional,0.8112,0.47828,624,,,,,,,,
ACWX/WOOD,Unknown,0.9585,0.47828,624,,,,,,,,
BGY/PCN,Asset Management,0.8934,0.47829,624,,,,,,,,
ETV/EVF,Asset Management,0.9361,0.4783,624,,,,,,,,
NWBI/OSBC,Banks - Regional,0.9394,0.47832,624,,,,,,,,
PFN/VPV,Asset Management,0.9183,0.47832,624,,,,,,,,
CBU/PFIS,Banks - Regional,0.8783,0.47832,624,,,,,,,,
NIE/STK,Asset Management,0.9883,0.47832,624,,,,,,,,
IFN/TSI,Asset Management,0.8696,0.47833,624,,,,,,,,
SCZ/SHY,Unknown,0.8739,0.47833,624,,,,,,,,
BXMX/PIM,Asset Management,0.9001,0.47834,624,,,,,,,,
CHW/MHF,Asset Management,0.9252,0.47834,624,,,,,,,,
GOVI/TLT,Unknown,0.9864,0.47834,624,,,,,,,,
MCN/VBF,Asset Management,0.836,0.47836,624,,,,,,,,
FRAF/SFST,Banks - Regional,0.892,0.47837,624,,,,,,,,
HFBL/SFST,Banks - Regional,0.9321,0.47837,624,,,,,,,,
PSEC/VRTS,Asset Management,0.8522,0.47838,624,,,,,,,,
SMBC/SYBT,Banks - Regional,0.9649,0.47838,624,,,,,,,,
BFZ/NMZ,Asset Management,0.9419,0.47839,624,,,,,,,,
MBCN/WABC,Banks - Regional,0.8168,0.47839,624,,,,,,,,
ASG/EVN,Asset Management,0.8658,0.47839,624,,,,,,,,
CCK/SON,Packaging & Containers,0.8782,0.47841,624,,,,,,,,
PRN/SCZ,Unknown,0.8911,0.47841,624,,,,,,,,
RQI/SPE,Asset Management,0.9506,0.47841,624,,,,,,,,
CFR/NBN,Banks - Regional,0.816,0.47842,624,,,,,,,,
CIVB/TRST,Banks - Regional,0.9412,0.47843,624,,,,,,,,
INDB/PROV,Banks - Regional,0.8012,0.47844,624,,,,,,,,
IJT/QQXT,Unknown,0.9825,0.47844,624,,,,,,,,
HTGC/RQI,Asset Management,0.8993,0.47845,624,,,,,,,,
CHKP/GEN,Software - Infrastructure,0.8877,0.47845,624,,,,,,,,
SPE/TROW,Asset Management,0.819,0.47845,624,,,,,,,,
BOE/SPXX,Asset Management,0.977,0.47845,624,,,,,,,,
FFBC/FFIN,Banks - Regional,0.8123,0.47847,624,,,,,,,,
AOD/BLW,Asset Management,0.9573,0.47848,624,,,,,,,,
CCBG/FFBC,Banks - Regional,0.8914,0.47848,624,,,,,,,,
ARCC/ETJ,Asset Management,0.9463,0.47851,624,,,,,,,,
GJR/PYZ,Unknown,0.9028,0.47852,624,,,,,,,,
ACWI/DDT,Unknown,0.9684,0.47852,624,,,,,,,,
CGO/FUND,Asset Management,0.9034,0.47852,624,,,,,,,,
JEQ/TY,Asset Management,0.945,0.47853,624,,,,,,,,
CVLT/FICO,Software - Application,0.8511,0.47854,624,,,,,,,,
EVF/UTF,Asset Management,0.9317,0.47854,624,,,,,,,,
HIX/VTN,Asset Management,0.8403,0.47854,624,,,,,,,,
FITB/SBCF,Banks - Regional,0.8953,0.47855,624,,,,,,,,
MAV/PNI,Asset Management,0.8571,0.47855,624,,,,,,,,
ARCC/SEIC,Asset Management,0.8504,0.47855,624,,,,,,,,
MOFG/PWOD,Banks - Regional,0.865,0.47857,624,,,,,,,,
BFZ/CXE,Asset Management,0.9156,0.47858,624,,,,,,,,
CSWC/USA,Asset Management,0.9759,0.47858,624,,,,,,,,
CSQ/STEW,Asset Management,0.9846,0.47859,624,,,,,,,,
EOT/TROW,Asset Management,0.8535,0.47859,624,,,,,,,,
BRW/EHI,Asset Management,0.878,0.47859,624,,,,,,,,
GRX/NXP,Asset Management,0.9342,0.47861,624,,,,,,,,
BOKF/CCBG,Banks - Regional,0.9226,0.47862,624,,,,,,,,
FRA/NIE,Asset Management,0.957,0.47862,624,,,,,,,,
IPB/PRFZ,Unknown,0.9415,0.47863,624,,,,,,,,
CSQ/WIA,Asset Management,0.8874,0.47865,624,,,,,,,,
CII/GAB,Asset Management,0.964,0.47865,624,,,,,,,,
BFIN/RNST,Banks - Regional,0.86,0.47865,624,,,,,,,,
NRK/PNF,Asset Management,0.8727,0.47865,624,,,,,,,,
PFBC/TFC,Banks - Regional,0.8693,0.47866,624,,,,,,,,
MHI/NVG,Asset Management,0.8544,0.47867,624,,,,,,,,
CHW/CIF,Asset Management,0.9659,0.47867,624,,,,,,,,
IBB/VMBS,Unknown,0.8854,0.47869,624,,,,,,,,
BTZ/NRK,Asset Management,0.9547,0.47869,624,,,,,,,,
NWE/SO,Utilities - Regulated Electric,0.8044,0.4787,624,,,,,,,,
CFFI/PNFP,Banks - Regional,0.8883,0.47871,624,,,,,,,,
FCBC/ZIONP,Banks - Regional,0.8717,0.47872,624,,,,,,,,
HUM/MOH,Healthcare Plans,0.8815,0.47872,624,,,,,,,,
GDV/JHI,Asset Management,0.9316,0.47872,624,,,,,,,,
FT/IGR,Asset Management,0.9309,0.47872,624,,,,,,,,
CAMT/TER,Semiconductor Equipment & Materials,0.8171,0.47873,624,,,,,,,,
BK/CM,Banks - Diversified,0.9151,0.47873,624,,,,,,,,
MOFG/STBA,Banks - Regional,0.8666,0.47874,624,,,,,,,,
AGD/PMO,Asset Management,0.8231,0.47874,624,,,,,,,,
IFN/NIE,Asset Management,0.9602,0.47875,624,,,,,,,,
EFT/GAIN,Asset Management,0.9502,0.47875,624,,,,,,,,
CFR/CHCO,Banks - Regional,0.9229,0.47875,624,,,,,,,,
CHW/JMM,Asset Management,0.9517,0.47875,624,,,,,,,,
FRA/HYT,Asset Management,0.9497,0.47876,624,,,,,,,,
BGT/BGY,Asset Management,0.9435,0.47876,624,,,,,,,,
BLW/CNS,Asset Management,0.9583,0.47877,624,,,,,,,,
BFZ/MHI,Asset Management,0.907,0.47877,624,,,,,,,,
BXMX/NIE,Asset Management,0.9745,0.47877,624,,,,,,,,
ASG/JHI,Asset Management,0.9504,0.47878,624,,,,,,,,
PFD/TSI,Asset Management,0.9058,0.47878,624,,,,,,,,
FUND/MAIN,Asset Management,0.9343,0.47878,624,,,,,,,,
BMI/TDY,Scientific & Technical Instruments,0.8726,0.47878,624,,,,,,,,
CCRD/OTEX,Software - Application,0.8141,0.4788,624,,,,,,,,
PPH/PYT,Unknown,0.9228,0.4788,624,,,,,,,,
DVY/IGIB,Unknown,0.8774,0.4788,624,,,,,,,,
EXG/HQH,Asset Management,0.8859,0.47881,624,,,,,,,,
AWF/MUA,Asset Management,0.8492,0.47881,624,,,,,,,,
FTA/VCSH,Unknown,0.9312,0.47882,624,,,,,,,,
CHW/MYI,Asset Management,0.8931,0.47885,624,,,,,,,,
TCBK/UMBF,Banks - Regional,0.92,0.47886,624,,,,,,,,
BPOP/CBU,Banks - Regional,0.8029,0.47886,624,,,,,,,,
CBU/COLB,Banks - Regional,0.8816,0.47886,624,,,,,,,,
VRSN/WEX,Software - Infrastructure,0.8845,0.47888,624,,,,,,,,
CGO/MUA,Asset Management,0.8589,0.47888,624,,,,,,,,
GRX/SPXX,Asset Management,0.9436,0.47888,624,,,,,,,,
GLAD/JEQ,Asset Management,0.8216,0.47889,624,,,,,,,,
MTB/WBS,Banks - Regional,0.9531,0.47889,624,,,,,,,,
MUE/PCQ,Asset Management,0.8671,0.4789,624,,,,,,,,
BLK/GDV,Asset Management,0.9743,0.4789,624,,,,,,,,
PPBI/WNEB,Banks - Regional,0.8195,0.47891,624,,,,,,,,
GLAD/MCR,Asset Management,0.8714,0.47891,624,,,,,,,,
LGI/WIW,Asset Management,0.9282,0.47892,624,,,,,,,,
BFZ/JEQ,Asset Management,0.8511,0.47893,624,,,,,,,,
FCBC/NBN,Banks - Regional,0.8756,0.47893,624,,,,,,,,
GRX/PAI,Asset Management,0.9086,0.47893,624,,,,,,,,
CSCO/ZBRA,Communication Equipment,0.869,0.47893,624,,,,,,,,
GRX/MYN,Asset Management,0.8823,0.47894,624,,,,,,,,
CII/GRX,Asset Management,0.9309,0.47895,624,,,,,,,,
HOMB/OBT,Banks - Regional,0.8172,0.47897,624,,,,,,,,
BFC/FCF,Banks - Regional,0.9152,0.47898,624,,,,,,,,
PCYO/YORW,Utilities - Regulated Water,0.8914,0.47898,624,,,,,,,,
NICE/PLUS,Software - Application,0.8023,0.47899,624,,,,,,,,
ETB/MIN,Asset Management,0.8833,0.479,624,,,,,,,,
NXN/UTF,Asset Management,0.9044,0.479,624,,,,,,,,
AWP/JRS,Asset Management,0.9598,0.479,624,,,,,,,,
ABCB/RBCAA,Banks - Regional,0.9165,0.47902,624,,,,,,,,
GDV/PNNT,Asset Management,0.8804,0.47903,624,,,,,,,,
DHF/NEA,Asset Management,0.8914,0.47903,624,,,,,,,,
BME/NVG,Asset Management,0.908,0.47903,624,,,,,,,,
SSBI/TCBK,Banks - Regional,0.8688,0.47906,624,,,,,,,,
BLW/TROW,Asset Management,0.8734,0.47908,624,,,,,,,,
MCR/PMX,Asset Management,0.8236,0.47908,624,,,,,,,,
PFI/VCLT,Unknown,0.825,0.47909,624,,,,,,,,
HPF/IIF,Asset Management,0.8572,0.47909,624,,,,,,,,
FISI/THFF,Banks - Regional,0.9035,0.47909,624,,,,,,,,
CGO/NEA,Asset Management,0.9056,0.47909,624,,,,,,,,
CENTA/HRL,Packaged Foods,0.8243,0.4791,624,,,,,,,,
BLX/FCNCA,Banks - Regional,0.8265,0.4791,624,,,,,,,,
ADI/ASX,Semiconductors,0.9125,0.47912,624,,,,,,,,
GOF/IGA,Asset Management,0.9693,0.47912,624,,,,,,,,
USIG/VMBS,Unknown,0.9663,0.47912,624,,,,,,,,
BME/EVF,Asset Management,0.896,0.47913,624,,,,,,,,
GOF/STK,Asset Management,0.9563,0.47915,624,,,,,,,,
CZWI/TRST,Banks - Regional,0.904,0.47915,624,,,,,,,,
GJT/IEUS,Unknown,0.874,0.47915,624,,,,,,,,
PCF/SBI,Asset Management,0.8306,0.47917,624,,,,,,,,
FAB/IGSB,Unknown,0.9156,0.47917,624,,,,,,,,
ETG/JOF,Asset Management,0.8658,0.47918,624,,,,,,,,
EOI/EXG,Asset Management,0.9833,0.47918,624,,,,,,,,
FHI/JLS,Asset Management,0.83,0.47918,624,,,,,,,,
BANR/UBSI,Banks - Regional,0.9479,0.47919,624,,,,,,,,
CHCO/FFIN,Banks - Regional,0.8443,0.47919,624,,,,,,,,
MHD/PIM,Asset Management,0.8161,0.47919,624,,,,,,,,
OXSQ/PCM,Asset Management,0.808,0.4792,624,,,,,,,,
DCI/RRX,Specialty Industrial Machinery,0.901,0.4792,624,,,,,,,,
JEQ/SAR,Asset Management,0.8653,0.4792,624,,,,,,,,
MAV/VTN,Asset Management,0.8469,0.4792,624,,,,,,,,
EWBC/WSBC,Banks - Regional,0.8458,0.47921,624,,,,,,,,
HQL/RFI,Asset Management,0.8835,0.47922,624,,,,,,,,
PCF/VVR,Asset Management,0.9159,0.47922,624,,,,,,,,
CNS/SOR,Asset Management,0.9405,0.47923,624,,,,,,,,
EFT/GAB,Asset Management,0.9413,0.47925,624,,,,,,,,
AJG/AON,Insurance Brokers,0.9566,0.47925,624,,,,,,,,
BME/MUE,Asset Management,0.8517,0.47925,624,,,,,,,,
OSBC/QCRH,Banks - Regional,0.9372,0.47926,624,,,,,,,,
ADX/BLW,Asset Management,0.9812,0.47926,624,,,,,,,,
IGI/SEIC,Asset Management,0.864,0.47927,624,,,,,,,,
SHBI/SSB,Banks - Regional,0.8102,0.47927,624,,,,,,,,
HDB/WTFC,Banks - Regional,0.8306,0.47928,624,,,,,,,,
GRX/KTF,Asset Management,0.818,0.47929,624,,,,,,,,
AB/PIM,Asset Management,0.8481,0.47929,624,,,,,,,,
IGF/PFI,Unknown,0.9602,0.47929,624,,,,,,,,
MHN/PYN,Asset Management,0.89,0.4793,624,,,,,,,,
CNA/HMN,Insurance - Property & Casualty,0.8796,0.4793,624,,,,,,,,
BTZ/IIM,Asset Management,0.9398,0.4793,624,,,,,,,,
QQXT/RTH,Unknown,0.9922,0.47931,624,,,,,,,,
HIX/RNP,Asset Management,0.9323,0.47931,624,,,,,,,,
AOD/PCF,Asset Management,0.9586,0.47931,624,,,,,,,,
ETB/HQL,Asset Management,0.9098,0.47934,624,,,,,,,,
EOT/PCM,Asset Management,0.8952,0.47935,624,,,,,,,,
FCBC/FDBC,Banks - Regional,0.8613,0.47939,624,,,,,,,,
GFF/LPX,Building Products & Equipment,0.9107,0.47941,624,,,,,,,,
DHF/NXP,Asset Management,0.9168,0.47941,624,,,,,,,,
BHK/NPV,Asset Management,0.9256,0.47942,624,,,,,,,,
BDJ/CHI,Asset Management,0.9676,0.47943,624,,,,,,,,
FXNC/SMBK,Banks - Regional,0.8842,0.47945,624,,,,,,,,
EVG/HPF,Asset Management,0.9451,0.47946,624,,,,,,,,
FORTY/LDOS,Information Technology Services,0.8914,0.4795,624,,,,,,,,
FFIN/FMBH,Banks - Regional,0.9163,0.4795,624,,,,,,,,
BOE/EMD,Asset Management,0.8156,0.47951,624,,,,,,,,
AAON/MAS,Building Products & Equipment,0.9247,0.47951,624,,,,,,,,
BCBP/SBFG,Banks - Regional,0.8291,0.47952,624,,,,,,,,
AOD/CIF,Asset Management,0.8645,0.47952,624,,,,,,,,
DNP/EVT,Asset Management,0.9583,0.47952,624,,,,,,,,
AWP/MUA,Asset Management,0.8973,0.47953,624,,,,,,,,
FT/PSEC,Asset Management,0.8824,0.47953,624,,,,,,,,
ITT/SXI,Specialty Industrial Machinery,0.9211,0.47953,624,,,,,,,,
BBH/FAB,Unknown,0.8889,0.47953,624,,,,,,,,
PID/PTH,Unknown,0.8095,0.47954,624,,,,,,,,
AWF/SPXX,Asset Management,0.9661,0.47954,624,,,,,,,,
PAI/SOR,Asset Management,0.8539,0.47954,624,,,,,,,,
MBWM/THFF,Banks - Regional,0.9434,0.47955,624,,,,,,,,
PHM/TOL,Residential Construction,0.9814,0.47955,624,,,,,,,,
BHK/VMO,Asset Management,0.9577,0.47956,624,,,,,,,,
HIX/QQQX,Asset Management,0.9209,0.47957,624,,,,,,,,
HTD/WEA,Asset Management,0.9327,0.47957,624,,,,,,,,
BRW/CHY,Asset Management,0.8808,0.47958,624,,,,,,,,
ARCC/PFG,Asset Management,0.9477,0.47959,624,,,,,,,,
JBK/SCZ,Unknown,0.9497,0.47959,624,,,,,,,,
FMBH/HDB,Banks - Regional,0.8987,0.4796,624,,,,,,,,
AAXJ/MBB,Unknown,0.8294,0.4796,624,,,,,,,,
BXMX/TWN,Asset Management,0.9114,0.4796,624,,,,,,,,
IGD/MPV,Asset Management,0.9392,0.47961,624,,,,,,,,
BRW/NMZ,Asset Management,0.8066,0.47962,624,,,,,,,,
CHI/PIM,Asset Management,0.8801,0.47962,624,,,,,,,,
EVG/FRA,Asset Management,0.9694,0.47963,624,,,,,,,,
JRS/MYN,Asset Management,0.8699,0.47963,624,,,,,,,,
JMM/SPXX,Asset Management,0.9256,0.47964,624,,,,,,,,
JEQ/JHI,Asset Management,0.9038,0.47965,624,,,,,,,,
FCF/OZK,Banks - Regional,0.8668,0.47965,624,,,,,,,,
ETV/SWKH,Asset Management,0.8196,0.47965,624,,,,,,,,
FHI/PTY,Asset Management,0.8781,0.47967,624,,,,,,,,
CIF/EOD,Asset Management,0.8242,0.47967,624,,,,,,,,
SIMO/SLAB,Semiconductors,0.8996,0.47968,624,,,,,,,,
GJS/INDY,Unknown,0.9422,0.47968,624,,,,,,,,
CCBG/CFR,Banks - Regional,0.9366,0.47969,624,,,,,,,,
AGD/STEW,Asset Management,0.9619,0.47969,624,,,,,,,,
BGT/EHI,Asset Management,0.8713,0.47972,624,,,,,,,,
FCNCA/RF,Banks - Regional,0.8462,0.47973,624,,,,,,,,
AAPL/SONY,Consumer Electronics,0.9202,0.47973,624,,,,,,,,
EFSC/PEBO,Banks - Regional,0.9579,0.47974,624,,,,,,,,
BOKF/FHN,Banks - Regional,0.8831,0.47975,624,,,,,,,,
ASB/ONB,Banks - Regional,0.9376,0.47975,624,,,,,,,,
BTO/FMY,Asset Management,0.8513,0.47975,624,,,,,,,,
NBN/TBBK,Banks - Regional,0.9281,0.47976,624,,,,,,,,
FCT/MIN,Asset Management,0.891,0.47976,624,,,,,,,,
AVB/MAA,REIT - Residential,0.9393,0.47977,624,,,,,,,,
IBB/PIO,Unknown,0.8687,0.47979,624,,,,,,,,
FMAO/PFS,Banks - Regional,0.871,0.47979,624,,,,,,,,
GOF/JFR,Asset Management,0.9481,0.4798,624,,,,,,,,
DSM/HIX,Asset Management,0.8454,0.4798,624,,,,,,,,
BGY/CHY,Asset Management,0.9528,0.4798,624,,,,,,,,
EMB/TLT,Unknown,0.8029,0.47981,624,,,,,,,,
GJS/PUI,Unknown,0.9637,0.47982,624,,,,,,,,
LGI/PCN,Asset Management,0.9542,0.47982,624,,,,,,,,
GSBC/TFC,Banks - Regional,0.9044,0.47983,624,,,,,,,,
DHIL/ETG,Asset Management,0.8599,0.47984,624,,,,,,,,
CL/IPAR,Household & Personal Products,0.8444,0.47985,624,,,,,,,,
EVG/FFA,Asset Management,0.9766,0.47985,624,,,,,,,,
AFB/TSI,Asset Management,0.8866,0.47985,624,,,,,,,,
INFY/JKHY,Information Technology Services,0.8545,0.47986,624,,,,,,,,
CFR/FISI,Banks - Regional,0.8157,0.47986,624,,,,,,,,
AIA/FNX,Unknown,0.8675,0.47986,624,,,,,,,,
FT/PCF,Asset Management,0.9735,0.47987,624,,,,,,,,
AWF/BRW,Asset Management,0.9637,0.47988,624,,,,,,,,
SNV/UBCP,Banks - Regional,0.8748,0.4799,624,,,,,,,,
EVG/NXP,Asset Management,0.9151,0.47991,624,,,,,,,,
NVG/PDT,Asset Management,0.949,0.47991,624,,,,,,,,
GRX/MHN,Asset Management,0.8632,0.47992,624,,,,,,,,
MSD/WIW,Asset Management,0.8568,0.47992,624,,,,,,,,
CXT/KAI,Specialty Industrial Machinery,0.9425,0.47993,624,,,,,,,,
JMM/RJF,Asset Management,0.8236,0.47993,624,,,,,,,,
FTA/FTCS,Unknown,0.9853,0.47994,624,,,,,,,,
DHIL/FFA,Asset Management,0.8405,0.47994,624,,,,,,,,
NPV/SBI,Asset Management,0.87,0.47995,624,,,,,,,,
EOI/PFN,Asset Management,0.937,0.47995,624,,,,,,,,
ETB/RCS,Asset Management,0.8392,0.47996,624,,,,,,,,
CMS/NEE,Utilities - Regulated Electric,0.9613,0.47996,624,,,,,,,,
FUND/IIF,Asset Management,0.8983,0.47997,624,,,,,,,,
IGF/PTH,Unknown,0.853,0.47997,624,,,,,,,,
HTBK/PB,Banks - Regional,0.878,0.47997,624,,,,,,,,
INGR/JJSF,Packaged Foods,0.8002,0.47998,624,,,,,,,,
DDT/FEX,Unknown,0.9805,0.47999,624,,,,,,,,
CZFS/SNV,Banks - Regional,0.8104,0.48,624,,,,,,,,
NNY/RCS,Asset Management,0.8257,0.48,624,,,,,,,,
BLFS/RMD,Medical Instruments & Supplies,0.8846,0.48001,624,,,,,,,,
ETY/PIM,Asset Management,0.894,0.48002,624,,,,,,,,
ACNB/CZFS,Banks - Regional,0.8738,0.48002,624,,,,,,,,
LARK/MNSB,Banks - Regional,0.8319,0.48002,624,,,,,,,,
CDE/IAG,Gold,0.9059,0.48002,624,,,,,,,,
IGI/PCF,Asset Management,0.8727,0.48002,624,,,,,,,,
MCR/MSD,Asset Management,0.9161,0.48003,624,,,,,,,,
PCF/SEIC,Asset Management,0.9007,0.48004,624,,,,,,,,
CNOB/LARK,Banks - Regional,0.9061,0.48005,624,,,,,,,,
CIVB/CMA,Banks - Regional,0.9302,0.48005,624,,,,,,,,
ALRS/CZFS,Banks - Regional,0.8095,0.48006,624,,,,,,,,
CHY/CSWC,Asset Management,0.9511,0.48006,624,,,,,,,,
MHI/MUC,Asset Management,0.9299,0.48006,624,,,,,,,,
POWI/SWKS,Semiconductors,0.843,0.48007,624,,,,,,,,
FCCO/PROV,Banks - Regional,0.8214,0.48007,624,,,,,,,,
NIM/QQQX,Asset Management,0.9014,0.48007,624,,,,,,,,
ALRS/HFWA,Banks - Regional,0.829,0.48007,624,,,,,,,,
CRUS/DIOD,Semiconductors,0.8109,0.48008,624,,,,,,,,
CADE/HDB,Banks - Regional,0.8386,0.48008,624,,,,,,,,
DRI/WEN,Restaurants,0.8617,0.48008,624,,,,,,,,
JEQ/WEA,Asset Management,0.9295,0.48009,624,,,,,,,,
CFFI/PNC,Banks - Regional,0.8684,0.48009,624,,,,,,,,
MQT/RFI,Asset Management,0.8892,0.48009,624,,,,,,,,
CMS/PPL,Utilities - Regulated Electric,0.8991,0.4801,624,,,,,,,,
AVK/AWP,Asset Management,0.8542,0.4801,624,,,,,,,,
BXMX/FFC,Asset Management,0.8801,0.4801,624,,,,,,,,
PKBK/RNST,Banks - Regional,0.8632,0.48011,624,,,,,,,,
PIE/RTH,Unknown,0.8094,0.48011,624,,,,,,,,
CBSH/FBIZ,Banks - Regional,0.8343,0.48012,624,,,,,,,,
GRX/MFM,Asset Management,0.8857,0.48012,624,,,,,,,,
FRST/SHBI,Banks - Regional,0.8561,0.48014,624,,,,,,,,
DVA/ENSG,Medical Care Facilities,0.8842,0.48015,624,,,,,,,,
IFN/RQI,Asset Management,0.9184,0.48015,624,,,,,,,,
ETJ/RJF,Asset Management,0.9291,0.48018,624,,,,,,,,
BME/GLAD,Asset Management,0.8792,0.48019,624,,,,,,,,
HBCP/TFSL,Banks - Regional,0.8291,0.4802,624,,,,,,,,
OPY/PIPR,Capital Markets,0.9372,0.48023,624,,,,,,,,
CFR/TRST,Banks - Regional,0.8299,0.48024,624,,,,,,,,
BFZ/HQL,Asset Management,0.8937,0.48025,624,,,,,,,,
MMT/NPV,Asset Management,0.8892,0.48027,624,,,,,,,,
CGO/EOS,Asset Management,0.9541,0.48027,624,,,,,,,,
EOD/FRA,Asset Management,0.9548,0.48027,624,,,,,,,,
BANF/CFFI,Banks - Regional,0.8911,0.48027,624,,,,,,,,
PEY/QQXT,Unknown,0.9709,0.48029,624,,,,,,,,
ADX/HTGC,Asset Management,0.97,0.4803,624,,,,,,,,
EBMT/HWBK,Banks - Regional,0.8253,0.4803,624,,,,,,,,
AX/BCAL,Banks - Regional,0.8256,0.48031,624,,,,,,,,
USA/WIA,Asset Management,0.8958,0.48031,624,,,,,,,,
EEA/SWKH,Asset Management,0.8433,0.48032,624,,,,,,,,
ADP/ADSK,Software - Application,0.9134,0.48032,624,,,,,,,,
FSFG/NEWT,Banks - Regional,0.888,0.48033,624,,,,,,,,
MHI/MHN,Asset Management,0.9203,0.48033,624,,,,,,,,
HFBL/LSBK,Banks - Regional,0.8643,0.48033,624,,,,,,,,
AROW/PROV,Banks - Regional,0.8083,0.48034,624,,,,,,,,
BRW/FFC,Asset Management,0.8204,0.48034,624,,,,,,,,
DHF/EEA,Asset Management,0.9329,0.48036,624,,,,,,,,
TY/VRTS,Asset Management,0.8109,0.48037,624,,,,,,,,
CGO/MUC,Asset Management,0.814,0.48039,624,,,,,,,,
BFIN/COLB,Banks - Regional,0.8027,0.4804,624,,,,,,,,
FOF/FRA,Asset Management,0.9633,0.4804,624,,,,,,,,
AX/FISI,Banks - Regional,0.8128,0.48041,624,,,,,,,,
BME/NNY,Asset Management,0.9023,0.48041,624,,,,,,,,
FXNC/LKFN,Banks - Regional,0.8695,0.48041,624,,,,,,,,
HIO/PIM,Asset Management,0.9351,0.48041,624,,,,,,,,
NIM/PTY,Asset Management,0.9122,0.48041,624,,,,,,,,
BANR/CBSH,Banks - Regional,0.9322,0.48042,624,,,,,,,,
FFA/PCF,Asset Management,0.9683,0.48042,624,,,,,,,,
ALRS/SBFG,Banks - Regional,0.8878,0.48042,624,,,,,,,,
PIM/SEIC,Asset Management,0.9049,0.48043,624,,,,,,,,
CMA/FMBH,Banks - Regional,0.9155,0.48045,624,,,,,,,,
ETB/MSD,Asset Management,0.8705,0.48045,624,,,,,,,,
GRX/RNP,Asset Management,0.9683,0.48046,624,,,,,,,,
AWF/BHK,Asset Management,0.9003,0.48047,624,,,,,,,,
NAN/PML,Asset Management,0.9179,0.48047,624,,,,,,,,
FBNC/THFF,Banks - Regional,0.9488,0.48048,624,,,,,,,,
BOE/BTA,Asset Management,0.8562,0.48049,624,,,,,,,,
HPF/VLT,Asset Management,0.9701,0.48049,624,,,,,,,,
AWF/RMT,Asset Management,0.9588,0.4805,624,,,,,,,,
CFFI/NECB,Banks - Regional,0.836,0.4805,624,,,,,,,,
PFM/PTF,Unknown,0.968,0.48051,624,,,,,,,,
IQI/PML,Asset Management,0.9364,0.48052,624,,,,,,,,
CBU/TCBK,Banks - Regional,0.9366,0.48052,624,,,,,,,,
FT/NVG,Asset Management,0.8882,0.48053,624,,,,,,,,
NNY/PPT,Asset Management,0.8982,0.48054,624,,,,,,,,
CHW/TY,Asset Management,0.9718,0.48055,624,,,,,,,,
CII/ETJ,Asset Management,0.973,0.48056,624,,,,,,,,
IFN/SAR,Asset Management,0.9546,0.48056,624,,,,,,,,
BTO/PHD,Asset Management,0.9171,0.48058,624,,,,,,,,
DVY/QQEW,Unknown,0.9667,0.48059,624,,,,,,,,
ETB/IIM,Asset Management,0.8746,0.48059,624,,,,,,,,
AMP/CII,Asset Management,0.956,0.4806,624,,,,,,,,
ABCB/PKBK,Banks - Regional,0.9356,0.4806,624,,,,,,,,
CFR/FDBC,Banks - Regional,0.8156,0.48061,624,,,,,,,,
GAIN/MCN,Asset Management,0.9679,0.48062,624,,,,,,,,
HFBL/TCBK,Banks - Regional,0.9062,0.48065,624,,,,,,,,
NKX/PZC,Asset Management,0.9071,0.48065,624,,,,,,,,
NZF/WIA,Asset Management,0.9119,0.48066,624,,,,,,,,
AB/RVT,Asset Management,0.9631,0.48066,624,,,,,,,,
ADSK/PTC,Software - Application,0.9266,0.48069,624,,,,,,,,
AMP/GAB,Asset Management,0.9175,0.4807,624,,,,,,,,
BHK/PMX,Asset Management,0.8931,0.4807,624,,,,,,,,
SHBI/VABK,Banks - Regional,0.8692,0.48071,624,,,,,,,,
BDJ/IGD,Asset Management,0.9654,0.48071,624,,,,,,,,
BGT/UTF,Asset Management,0.9165,0.48071,624,,,,,,,,
MYI/RFI,Asset Management,0.8959,0.48072,624,,,,,,,,
FMN/PZC,Asset Management,0.9314,0.48072,624,,,,,,,,
IGF/RTH,Unknown,0.9488,0.48073,624,,,,,,,,
CBAN/WSBF,Banks - Regional,0.9274,0.48073,624,,,,,,,,
ASG/PCM,Asset Management,0.9428,0.48073,624,,,,,,,,
PNR/WTS,Specialty Industrial Machinery,0.9304,0.48073,624,,,,,,,,
ALRS/PBHC,Banks - Regional,0.8691,0.48075,624,,,,,,,,
ETV/NMZ,Asset Management,0.922,0.48075,624,,,,,,,,
GAB/PDT,Asset Management,0.9023,0.48075,624,,,,,,,,
CBAN/PFBC,Banks - Regional,0.8957,0.48075,624,,,,,,,,
DHF/SEIC,Asset Management,0.8676,0.48075,624,,,,,,,,
CVBF/STBA,Banks - Regional,0.8781,0.48076,624,,,,,,,,
ARCC/EFT,Asset Management,0.9659,0.48077,624,,,,,,,,
BLK/PTY,Asset Management,0.9529,0.48077,624,,,,,,,,
BLW/NMI,Asset Management,0.8512,0.48077,624,,,,,,,,
PSL/QQQ,Unknown,0.9551,0.48078,624,,,,,,,,
BTZ/CNS,Asset Management,0.9354,0.48079,624,,,,,,,,
PTY/WIA,Asset Management,0.8968,0.48079,624,,,,,,,,
EBMT/MPB,Banks - Regional,0.9001,0.4808,624,,,,,,,,
PNC/UCB,Banks - Regional,0.9292,0.48083,624,,,,,,,,
OC/SPXC,Building Products & Equipment,0.9596,0.48083,624,,,,,,,,
BCBP/WSFS,Banks - Regional,0.8445,0.48083,624,,,,,,,,
JRS/STEW,Asset Management,0.9103,0.48084,624,,,,,,,,
BCML/CHMG,Banks - Regional,0.9251,0.48084,624,,,,,,,,
PGC/UBCP,Banks - Regional,0.8523,0.48085,624,,,,,,,,
ASX/ON,Semiconductors,0.8424,0.48086,624,,,,,,,,
CASH/SMBK,Banks - Regional,0.9166,0.48087,624,,,,,,,,
ETJ/GAIN,Asset Management,0.9523,0.48088,624,,,,,,,,
BDJ/EOS,Asset Management,0.9719,0.48088,624,,,,,,,,
SPE/TSI,Asset Management,0.9223,0.48088,624,,,,,,,,
ACWI/PSL,Unknown,0.9789,0.48089,624,,,,,,,,
HIX/JPC,Asset Management,0.9172,0.48089,624,,,,,,,,
ASG/RMT,Asset Management,0.953,0.4809,624,,,,,,,,
CHW/SPE,Asset Management,0.9264,0.4809,624,,,,,,,,
PH/TNC,Specialty Industrial Machinery,0.8181,0.4809,624,,,,,,,,
HPS/SAR,Asset Management,0.9361,0.4809,624,,,,,,,,
HIFS/PKBK,Banks - Regional,0.9385,0.48091,624,,,,,,,,
GBCI/QCRH,Banks - Regional,0.9034,0.48091,624,,,,,,,,
NXN/SOR,Asset Management,0.8739,0.48092,624,,,,,,,,
CMA/HFBL,Banks - Regional,0.8674,0.48093,624,,,,,,,,
VPV/WIW,Asset Management,0.8864,0.48093,624,,,,,,,,
BTZ/QQQX,Asset Management,0.9623,0.48094,624,,,,,,,,
HQH/RQI,Asset Management,0.8863,0.48094,624,,,,,,,,
NKX/RFI,Asset Management,0.8956,0.48094,624,,,,,,,,
AAXJ/PHO,Unknown,0.8265,0.48096,624,,,,,,,,
DNP/FMY,Asset Management,0.8786,0.48096,624,,,,,,,,
AOS/MIDD,Specialty Industrial Machinery,0.8921,0.48097,624,,,,,,,,
J/KBR,Engineering & Construction,0.8667,0.48097,624,,,,,,,,
JCE/RVT,Asset Management,0.9796,0.48097,624,,,,,,,,
GDO/PPT,Asset Management,0.9454,0.48097,624,,,,,,,,
FAB/JBK,Unknown,0.922,0.48098,624,,,,,,,,
INBK/OZK,Banks - Regional,0.8554,0.48098,624,,,,,,,,
MSD/RCS,Asset Management,0.9121,0.48098,624,,,,,,,,
HPF/MCR,Asset Management,0.9616,0.481,624,,,,,,,,
BME/RQI,Asset Management,0.959,0.481,624,,,,,,,,
NAZ/OIA,Asset Management,0.9125,0.48101,624,,,,,,,,
AKAM/EEFT,Software - Infrastructure,0.802,0.48101,624,,,,,,,,
GLAD/SWKH,Asset Management,0.8025,0.48101,624,,,,,,,,
EHI/MGF,Asset Management,0.8871,0.48101,624,,,,,,,,
IGA/SWKH,Asset Management,0.802,0.48103,624,,,,,,,,
GDO/NAZ,Asset Management,0.9006,0.48103,624,,,,,,,,
CBAN/THFF,Banks - Regional,0.9244,0.48105,624,,,,,,,,
AWP/PIM,Asset Management,0.9167,0.48108,624,,,,,,,,
CGO/NXJ,Asset Management,0.919,0.48109,624,,,,,,,,
BCBP/BVFL,Banks - Regional,0.8388,0.48109,624,,,,,,,,
IGIB/VCLT,Unknown,0.9669,0.4811,624,,,,,,,,
BLK/HYT,Asset Management,0.9784,0.48111,624,,,,,,,,
CRM/OTEX,Software - Application,0.8342,0.48111,624,,,,,,,,
IIF/VVR,Asset Management,0.9255,0.48113,624,,,,,,,,
PHK/UTF,Asset Management,0.8383,0.48117,624,,,,,,,,
IIM/TROW,Asset Management,0.8714,0.48118,624,,,,,,,,
GS/OPY,Capital Markets,0.9518,0.4812,624,,,,,,,,
CNS/MIY,Asset Management,0.8506,0.4812,624,,,,,,,,
CMU/DHF,Asset Management,0.8432,0.48121,624,,,,,,,,
AIA/IGF,Unknown,0.8441,0.48121,624,,,,,,,,
OSBC/THFF,Banks - Regional,0.9397,0.48121,624,,,,,,,,
GUT/LGI,Asset Management,0.8155,0.48122,624,,,,,,,,
CHW/JCE,Asset Management,0.9218,0.48123,624,,,,,,,,
BLW/ETO,Asset Management,0.9809,0.48123,624,,,,,,,,
NBR/RIG,Oil & Gas Drilling,0.8904,0.48123,624,,,,,,,,
APH/TEL,Electronic Components,0.9346,0.48123,624,,,,,,,,
JOF/MCR,Asset Management,0.9067,0.48124,624,,,,,,,,
FT/NTRS,Asset Management,0.9005,0.48124,624,,,,,,,,
NFJ/UTF,Asset Management,0.9643,0.48125,624,,,,,,,,
NKX/PFD,Asset Management,0.9582,0.48125,624,,,,,,,,
BFC/TFSL,Banks - Regional,0.8339,0.48126,624,,,,,,,,
CMA/PEBK,Banks - Regional,0.8791,0.48127,624,,,,,,,,
CGO/IFN,Asset Management,0.8955,0.48127,624,,,,,,,,
MHI/PCK,Asset Management,0.8918,0.48127,624,,,,,,,,
HEES/R,Rental & Leasing Services,0.8972,0.48128,624,,,,,,,,
FHN/WSFS,Banks - Regional,0.8656,0.48129,624,,,,,,,,
NLY/PMT,REIT - Mortgage,0.8108,0.48129,624,,,,,,,,
PMO/VTN,Asset Management,0.9232,0.4813,624,,,,,,,,
BOH/CMA,Banks - Regional,0.9136,0.4813,624,,,,,,,,
ARCC/FHI,Asset Management,0.9393,0.4813,624,,,,,,,,
ASB/TCBI,Banks - Regional,0.834,0.48132,624,,,,,,,,
BFZ/PZC,Asset Management,0.9093,0.48132,624,,,,,,,,
FNX/FTC,Unknown,0.989,0.48133,624,,,,,,,,
CHI/WIW,Asset Management,0.9336,0.48134,624,,,,,,,,
AEP/ETR,Utilities - Regulated Electric,0.9332,0.48134,624,,,,,,,,
AWF/BXMX,Asset Management,0.9683,0.48134,624,,,,,,,,
LAMR/WY,REIT - Specialty,0.86,0.48134,624,,,,,,,,
GF/MYI,Asset Management,0.8323,0.48134,624,,,,,,,,
AX/LKFN,Banks - Regional,0.916,0.48135,624,,,,,,,,
NMZ/NPV,Asset Management,0.9096,0.48135,624,,,,,,,,
NIE/STEW,Asset Management,0.9823,0.48136,624,,,,,,,,
GDL/GDO,Asset Management,0.9128,0.48136,624,,,,,,,,
PHG/SNN,Medical Devices,0.8049,0.48137,624,,,,,,,,
BOKF/TCBK,Banks - Regional,0.9436,0.48137,624,,,,,,,,
BDJ/PAI,Asset Management,0.8497,0.48142,624,,,,,,,,
BCML/SSB,Banks - Regional,0.8806,0.48144,624,,,,,,,,
HOPE/PROV,Banks - Regional,0.8282,0.48144,624,,,,,,,,
GF/VKQ,Asset Management,0.8536,0.48145,624,,,,,,,,
CHMG/HOMB,Banks - Regional,0.8883,0.48147,624,,,,,,,,
CCBG/PEBO,Banks - Regional,0.9082,0.48148,624,,,,,,,,
CMS/OGE,Utilities - Regulated Electric,0.9303,0.48149,624,,,,,,,,
FRST/HAFC,Banks - Regional,0.8125,0.48152,624,,,,,,,,
ETO/RQI,Asset Management,0.9806,0.48152,624,,,,,,,,
BXMX/VBF,Asset Management,0.9002,0.48155,624,,,,,,,,
ARCC/EVG,Asset Management,0.9665,0.48156,624,,,,,,,,
PRN/VCSH,Unknown,0.9205,0.48156,624,,,,,,,,
CASH/SMBC,Banks - Regional,0.9525,0.48156,624,,,,,,,,
VBF/WIW,Asset Management,0.914,0.48156,624,,,,,,,,
JRS/PFN,Asset Management,0.936,0.48158,624,,,,,,,,
PEBO/RNST,Banks - Regional,0.9039,0.48158,624,,,,,,,,
GDV/JEQ,Asset Management,0.932,0.48158,624,,,,,,,,
FEX/PPH,Unknown,0.9549,0.48159,624,,,,,,,,
CNS/VGM,Asset Management,0.8026,0.48159,624,,,,,,,,
PSEC/TWN,Asset Management,0.8216,0.48159,624,,,,,,,,
IFN/PDT,Asset Management,0.8555,0.4816,624,,,,,,,,
DNP/PFO,Asset Management,0.8961,0.48161,624,,,,,,,,
AWF/MMU,Asset Management,0.8145,0.48161,624,,,,,,,,
CAH/COR,Medical Distribution,0.9276,0.48162,624,,,,,,,,
IOSP/SXT,Specialty Chemicals,0.8436,0.48162,624,,,,,,,,
RVSB/WSBF,Banks - Regional,0.8762,0.48163,624,,,,,,,,
MIN/NMZ,Asset Management,0.9147,0.48163,624,,,,,,,,
FRME/LKFN,Banks - Regional,0.9211,0.48163,624,,,,,,,,
PCF/PFO,Asset Management,0.914,0.48165,624,,,,,,,,
ASB/TCBK,Banks - Regional,0.9186,0.48165,624,,,,,,,,
MMU/PFL,Asset Management,0.8506,0.48166,624,,,,,,,,
CGO/DSU,Asset Management,0.9119,0.48167,624,,,,,,,,
FRA/RMT,Asset Management,0.941,0.48167,624,,,,,,,,
ONEQ/PDP,Unknown,0.9884,0.48169,624,,,,,,,,
GDL/HPS,Asset Management,0.9642,0.48169,624,,,,,,,,
JQC/RCS,Asset Management,0.896,0.4817,624,,,,,,,,
RFI/TWN,Asset Management,0.8852,0.4817,624,,,,,,,,
NAC/PCQ,Asset Management,0.8779,0.48172,624,,,,,,,,
HPS/PFN,Asset Management,0.9799,0.48173,624,,,,,,,,
HTD/NMZ,Asset Management,0.9239,0.48174,624,,,,,,,,
ETG/FRA,Asset Management,0.9596,0.48175,624,,,,,,,,
BBH/PRN,Unknown,0.8343,0.48176,624,,,,,,,,
OPBK/UMBF,Banks - Regional,0.9348,0.48176,624,,,,,,,,
CWBC/OZK,Banks - Regional,0.8348,0.48177,624,,,,,,,,
BME/FCT,Asset Management,0.9181,0.48177,624,,,,,,,,
CHD/CLX,Household & Personal Products,0.9112,0.48178,624,,,,,,,,
ETO/MCN,Asset Management,0.9526,0.48178,624,,,,,,,,
NXC/PCF,Asset Management,0.8657,0.48178,624,,,,,,,,
BFC/NECB,Banks - Regional,0.8994,0.48179,624,,,,,,,,
DVA/UHS,Medical Care Facilities,0.8548,0.4818,624,,,,,,,,
HQL/MFM,Asset Management,0.8652,0.48181,624,,,,,,,,
CXE/TSI,Asset Management,0.8479,0.48181,624,,,,,,,,
ETO/JOF,Asset Management,0.8882,0.48182,624,,,,,,,,
JLS/TY,Asset Management,0.9335,0.48182,624,,,,,,,,
ABCB/PEBO,Banks - Regional,0.9589,0.48182,624,,,,,,,,
PIE/PYZ,Unknown,0.8433,0.48185,624,,,,,,,,
HFBL/OPBK,Banks - Regional,0.8413,0.48185,624,,,,,,,,
JEQ/NIM,Asset Management,0.9053,0.48186,624,,,,,,,,
EFR/IAE,Asset Management,0.8713,0.48186,624,,,,,,,,
IIF/TWN,Asset Management,0.904,0.48186,624,,,,,,,,
JSM/PSL,Unknown,0.9344,0.48187,624,,,,,,,,
MYD/PPT,Asset Management,0.8532,0.48188,624,,,,,,,,
AGD/GDO,Asset Management,0.8629,0.4819,624,,,,,,,,
CCBG/LKFN,Banks - Regional,0.9262,0.4819,624,,,,,,,,
BRKL/GABC,Banks - Regional,0.8796,0.4819,624,,,,,,,,
BHK/DSM,Asset Management,0.92,0.48191,624,,,,,,,,
RMT/UTF,Asset Management,0.9703,0.48191,624,,,,,,,,
FMBH/MNSB,Banks - Regional,0.8764,0.48191,624,,,,,,,,
GRX/NKX,Asset Management,0.9181,0.48191,624,,,,,,,,
DNP/IGI,Asset Management,0.8681,0.48192,624,,,,,,,,
BTZ/MHF,Asset Management,0.9647,0.48192,624,,,,,,,,
QQQX/WEA,Asset Management,0.9399,0.48193,624,,,,,,,,
EXG/JFR,Asset Management,0.9501,0.48194,624,,,,,,,,
CXT/PH,Specialty Industrial Machinery,0.9468,0.48195,624,,,,,,,,
CZWI/HOMB,Banks - Regional,0.9301,0.48195,624,,,,,,,,
PFD/PMX,Asset Management,0.9197,0.48195,624,,,,,,,,
MPA/PNF,Asset Management,0.8589,0.48196,624,,,,,,,,
NVMI/PLAB,Semiconductor Equipment & Materials,0.8955,0.48196,624,,,,,,,,
FBNC/WTFC,Banks - Regional,0.9201,0.48198,624,,,,,,,,
BME/MQT,Asset Management,0.887,0.48198,624,,,,,,,,
CW/NOC,Aerospace & Defense,0.8819,0.48198,624,,,,,,,,
DDT/SOXX,Unknown,0.9324,0.48198,624,,,,,,,,
AWP/PCF,Asset Management,0.9404,0.48199,624,,,,,,,,
PTH/RTH,Unknown,0.9216,0.48203,624,,,,,,,,
SFST/WSBC,Banks - Regional,0.9019,0.48204,624,,,,,,,,
ABCB/FULT,Banks - Regional,0.9763,0.48205,624,,,,,,,,
HYT/NXP,Asset Management,0.9507,0.48205,624,,,,,,,,
CBU/EWBC,Banks - Regional,0.8563,0.48206,624,,,,,,,,
RJF/SEIC,Asset Management,0.8531,0.48206,624,,,,,,,,
JEF/SF,Capital Markets,0.9297,0.48206,624,,,,,,,,
IAC/MTCH,Internet Content & Information,0.9537,0.48206,624,,,,,,,,
PEY/PTF,Unknown,0.9168,0.48207,624,,,,,,,,
MMT/PMX,Asset Management,0.8024,0.48208,624,,,,,,,,
NQP/PYN,Asset Management,0.803,0.48208,624,,,,,,,,
OPBK/OSBC,Banks - Regional,0.9202,0.48208,624,,,,,,,,
ASB/NFBK,Banks - Regional,0.8154,0.48209,624,,,,,,,,
JEQ/WIA,Asset Management,0.8753,0.4821,624,,,,,,,,
PFI/PRFZ,Unknown,0.9843,0.4821,624,,,,,,,,
HWC/TRMK,Banks - Regional,0.9022,0.4821,624,,,,,,,,
AEE/POR,Utilities - Regulated Electric,0.9454,0.48211,624,,,,,,,,
CNS/TY,Asset Management,0.9472,0.48212,624,,,,,,,,
CNS/ETY,Asset Management,0.9601,0.48213,624,,,,,,,,
PEBO/WSBF,Banks - Regional,0.9137,0.48214,624,,,,,,,,
RNST/WSBC,Banks - Regional,0.9685,0.48214,624,,,,,,,,
HPS/HTGC,Asset Management,0.8855,0.48214,624,,,,,,,,
CIF/CNS,Asset Management,0.874,0.48214,624,,,,,,,,
BANR/FFBC,Banks - Regional,0.936,0.48214,624,,,,,,,,
UBFO/WSFS,Banks - Regional,0.9297,0.48215,624,,,,,,,,
GJR/PID,Unknown,0.9062,0.48215,624,,,,,,,,
OPBK/SBSI,Banks - Regional,0.9184,0.48215,624,,,,,,,,
MHN/NMZ,Asset Management,0.9618,0.48215,624,,,,,,,,
FITB/UCB,Banks - Regional,0.9063,0.48216,624,,,,,,,,
MCI/USA,Asset Management,0.9108,0.48216,624,,,,,,,,
HDB/TOWN,Banks - Regional,0.8877,0.48216,624,,,,,,,,
EVT/JRS,Asset Management,0.9481,0.48218,624,,,,,,,,
PROV/SSB,Banks - Regional,0.8347,0.48218,624,,,,,,,,
CASH/SNV,Banks - Regional,0.9065,0.48218,624,,,,,,,,
EFR/RQI,Asset Management,0.9329,0.48219,624,,,,,,,,
CASH/SRCE,Banks - Regional,0.926,0.48219,624,,,,,,,,
BTA/TROW,Asset Management,0.9148,0.48219,624,,,,,,,,
EOI/PCN,Asset Management,0.9338,0.4822,624,,,,,,,,
BTZ/JLS,Asset Management,0.9175,0.4822,624,,,,,,,,
PTY/VPV,Asset Management,0.8976,0.4822,624,,,,,,,,
CTSH/FORTY,Information Technology Services,0.8086,0.4822,624,,,,,,,,
CGO/NIM,Asset Management,0.8932,0.48221,624,,,,,,,,
BLE/PDT,Asset Management,0.8547,0.48221,624,,,,,,,,
CMU/PTY,Asset Management,0.8432,0.48221,624,,,,,,,,
EVF/MPV,Asset Management,0.9502,0.48222,624,,,,,,,,
BKT/JHI,Asset Management,0.8549,0.48223,624,,,,,,,,
BCML/OCFC,Banks - Regional,0.8406,0.48223,624,,,,,,,,
MQT/TSI,Asset Management,0.901,0.48225,624,,,,,,,,
CATY/FFBC,Banks - Regional,0.9545,0.48226,624,,,,,,,,
AAXJ/IEI,Unknown,0.8272,0.48227,624,,,,,,,,
AX/ONB,Banks - Regional,0.9403,0.48232,624,,,,,,,,
AIA/BPOPM,Unknown,0.8935,0.48234,624,,,,,,,,
GLAD/JPC,Asset Management,0.8474,0.48235,624,,,,,,,,
FNX/ONEQ,Unknown,0.9816,0.48235,624,,,,,,,,
BHLB/FFBC,Banks - Regional,0.8454,0.48235,624,,,,,,,,
GRX/IIF,Asset Management,0.827,0.48236,624,,,,,,,,
OHI/SBRA,REIT - Healthcare Facilities,0.8289,0.48237,624,,,,,,,,
GOF/VLT,Asset Management,0.9739,0.48237,624,,,,,,,,
DHF/MIY,Asset Management,0.887,0.48238,624,,,,,,,,
FAB/SHY,Unknown,0.8631,0.48238,624,,,,,,,,
IAE/STEW,Asset Management,0.8434,0.48239,624,,,,,,,,
ETJ/SOR,Asset Management,0.9601,0.48239,624,,,,,,,,
FMN/HPI,Asset Management,0.8913,0.4824,624,,,,,,,,
AB/DHIL,Asset Management,0.8199,0.48243,624,,,,,,,,
FFA/STEW,Asset Management,0.9911,0.48243,624,,,,,,,,
GAIN/RNP,Asset Management,0.9618,0.48244,624,,,,,,,,
BXMX/NZF,Asset Management,0.8698,0.48244,624,,,,,,,,
EVF/IAE,Asset Management,0.8678,0.48244,624,,,,,,,,
PNW/PPL,Utilities - Regulated Electric,0.9356,0.48244,624,,,,,,,,
BN/VPV,Asset Management,0.858,0.48245,624,,,,,,,,
SHV/SOXX,Unknown,0.9461,0.48247,624,,,,,,,,
FAST/GWW,Industrial Distribution,0.9628,0.48247,624,,,,,,,,
EXG/GAM,Asset Management,0.9661,0.48248,624,,,,,,,,
CHCO/FCBC,Banks - Regional,0.9745,0.48248,624,,,,,,,,
DNP/MAIN,Asset Management,0.9037,0.48248,624,,,,,,,,
BDJ/FRA,Asset Management,0.9445,0.48249,624,,,,,,,,
BFZ/VPV,Asset Management,0.9454,0.4825,624,,,,,,,,
EWBC/WSBF,Banks - Regional,0.8589,0.4825,624,,,,,,,,
ACNB/MGYR,Banks - Regional,0.9296,0.4825,624,,,,,,,,
ACNB/FXNC,Banks - Regional,0.8859,0.48251,624,,,,,,,,
BBH/IGF,Unknown,0.8813,0.48254,624,,,,,,,,
ABG/PAG,Auto & Truck Dealerships,0.9622,0.48254,624,,,,,,,,
FTC/VCSH,Unknown,0.9527,0.48255,624,,,,,,,,
FMNB/MOFG,Banks - Regional,0.8639,0.48256,624,,,,,,,,
IAE/RFI,Asset Management,0.8181,0.48257,624,,,,,,,,
AFB/WIW,Asset Management,0.8639,0.48258,624,,,,,,,,
CNS/MCN,Asset Management,0.9275,0.48258,624,,,,,,,,
PYZ/SCZ,Unknown,0.9502,0.48261,624,,,,,,,,
JLS/STK,Asset Management,0.8267,0.48261,624,,,,,,,,
GDV/VRTS,Asset Management,0.8337,0.48262,624,,,,,,,,
MIY/NCA,Asset Management,0.9529,0.48262,624,,,,,,,,
EBMT/FMBH,Banks - Regional,0.92,0.48263,624,,,,,,,,
BPOP/FSFG,Banks - Regional,0.8492,0.48264,624,,,,,,,,
JHI/JOF,Asset Management,0.8447,0.48264,624,,,,,,,,
EVG/MUJ,Asset Management,0.8575,0.48264,624,,,,,,,,
CDNS/INTU,Software - Application,0.9658,0.48265,624,,,,,,,,
GAB/HIX,Asset Management,0.9147,0.48266,624,,,,,,,,
AB/CHY,Asset Management,0.9687,0.48266,624,,,,,,,,
AROW/CHMG,Banks - Regional,0.8893,0.48266,624,,,,,,,,
GAB/PFO,Asset Management,0.849,0.48267,624,,,,,,,,
CBAN/PEBK,Banks - Regional,0.9206,0.48267,624,,,,,,,,
DSU/RMT,Asset Management,0.9598,0.48268,624,,,,,,,,
PKBK/TOWN,Banks - Regional,0.9534,0.48268,624,,,,,,,,
CFR/ESSA,Banks - Regional,0.9389,0.48269,624,,,,,,,,
JQC/SEIC,Asset Management,0.9047,0.48269,624,,,,,,,,
OPOF/ZION,Banks - Regional,0.8078,0.4827,624,,,,,,,,
FMY/SPXX,Asset Management,0.9067,0.48271,624,,,,,,,,
ARCC/EFR,Asset Management,0.973,0.48271,624,,,,,,,,
DHIL/STK,Asset Management,0.81,0.48272,624,,,,,,,,
AWP/IIM,Asset Management,0.8883,0.48273,624,,,,,,,,
ESE/TRMB,Scientific & Technical Instruments,0.8103,0.48275,624,,,,,,,,
FLEX/LYTS,Electronic Components,0.9035,0.48275,624,,,,,,,,
IFN/PTY,Asset Management,0.9215,0.48276,624,,,,,,,,
FYX/SCZ,Unknown,0.9547,0.48278,624,,,,,,,,
HTD/NVG,Asset Management,0.907,0.48279,624,,,,,,,,
CFR/SRCE,Banks - Regional,0.9362,0.4828,624,,,,,,,,
AROW/WTFC,Banks - Regional,0.8278,0.48284,624,,,,,,,,
DHIL/FRA,Asset Management,0.8069,0.48284,624,,,,,,,,
HDB/WSFS,Banks - Regional,0.8933,0.48285,624,,,,,,,,
HFBL/SNV,Banks - Regional,0.8167,0.48285,624,,,,,,,,
AX/GABC,Banks - Regional,0.9195,0.48286,624,,,,,,,,
BRW/NXJ,Asset Management,0.833,0.48286,624,,,,,,,,
NWBI/OVBC,Banks - Regional,0.8639,0.48288,624,,,,,,,,
PIE/PNQI,Unknown,0.8562,0.48289,624,,,,,,,,
HQL/NFJ,Asset Management,0.8832,0.4829,624,,,,,,,,
AWF/MPV,Asset Management,0.9431,0.4829,624,,,,,,,,
EMD/RNP,Asset Management,0.8442,0.4829,624,,,,,,,,
BLE/PIM,Asset Management,0.8205,0.4829,624,,,,,,,,
PBHC/TRST,Banks - Regional,0.8764,0.4829,624,,,,,,,,
AFB/MHI,Asset Management,0.9164,0.48291,624,,,,,,,,
ACWI/PFF,Unknown,0.926,0.48292,624,,,,,,,,
GDO/PML,Asset Management,0.8949,0.48292,624,,,,,,,,
AWP/EVG,Asset Management,0.9021,0.48292,624,,,,,,,,
ABCB/OZK,Banks - Regional,0.9109,0.48294,624,,,,,,,,
BANC/WSBC,Banks - Regional,0.8496,0.48295,624,,,,,,,,
CMU/NAZ,Asset Management,0.9115,0.48296,624,,,,,,,,
ALB/ASH,Specialty Chemicals,0.8183,0.48297,624,,,,,,,,
CCOI/TMUS,Telecom Services,0.9103,0.48297,624,,,,,,,,
ABCB/ALRS,Banks - Regional,0.8748,0.48297,624,,,,,,,,
GCV/GF,Asset Management,0.8944,0.48297,624,,,,,,,,
MRK/NVS,Drug Manufacturers - General,0.9379,0.48297,624,,,,,,,,
CNS/PNNT,Asset Management,0.8406,0.48297,624,,,,,,,,
BOH/WTFC,Banks - Regional,0.8253,0.48297,624,,,,,,,,
AAXJ/PEZ,Unknown,0.8805,0.48299,624,,,,,,,,
DVY/VCIT,Unknown,0.8801,0.48299,624,,,,,,,,
CNOB/EBMT,Banks - Regional,0.8789,0.483,624,,,,,,,,
FHN/WBS,Banks - Regional,0.8661,0.483,624,,,,,,,,
BTZ/NNY,Asset Management,0.9408,0.48302,624,,,,,,,,
NMZ/VMO,Asset Management,0.9716,0.48303,624,,,,,,,,
NFJ/RJF,Asset Management,0.9391,0.48304,624,,,,,,,,
MAIN/TWN,Asset Management,0.9224,0.48306,624,,,,,,,,
CARE/OPBK,Banks - Regional,0.8015,0.48309,624,,,,,,,,
BEP/ORA,Utilities - Renewable,0.8815,0.4831,624,,,,,,,,
EBMT/SMBK,Banks - Regional,0.8325,0.4831,624,,,,,,,,
BN/JHS,Asset Management,0.8417,0.4831,624,,,,,,,,
ALV/DORM,Auto Parts,0.8525,0.4831,624,,,,,,,,
HIO/PHK,Asset Management,0.8431,0.4831,624,,,,,,,,
GCBC/THFF,Banks - Regional,0.8242,0.48311,624,,,,,,,,
MPB/NEWT,Banks - Regional,0.8375,0.48312,624,,,,,,,,
CNOB/FMAO,Banks - Regional,0.8242,0.48312,624,,,,,,,,
DKS/WSM,Specialty Retail,0.957,0.48312,624,,,,,,,,
PRFZ/SHY,Unknown,0.884,0.48313,624,,,,,,,,
FBNC/MOFG,Banks - Regional,0.8308,0.48313,624,,,,,,,,
EOS/ETW,Asset Management,0.9542,0.48313,624,,,,,,,,
CHI/SCD,Asset Management,0.9285,0.48314,624,,,,,,,,
CFR/CVBF,Banks - Regional,0.8993,0.48315,624,,,,,,,,
AX/CBU,Banks - Regional,0.8456,0.48316,624,,,,,,,,
CHW/MUE,Asset Management,0.8753,0.48316,624,,,,,,,,
BOE/MPA,Asset Management,0.8182,0.48317,624,,,,,,,,
MMT/PHD,Asset Management,0.9425,0.48317,624,,,,,,,,
NBN/RBCAA,Banks - Regional,0.9107,0.48318,624,,,,,,,,
FT/TWN,Asset Management,0.9159,0.48318,624,,,,,,,,
FFIN/MGYR,Banks - Regional,0.8488,0.48319,624,,,,,,,,
BME/FUND,Asset Management,0.9255,0.4832,624,,,,,,,,
PFD/PMF,Asset Management,0.894,0.48321,624,,,,,,,,
CII/UTF,Asset Management,0.9722,0.48321,624,,,,,,,,
GDV/HQL,Asset Management,0.917,0.48323,624,,,,,,,,
AWP/NXJ,Asset Management,0.9268,0.48323,624,,,,,,,,
AWF/BTA,Asset Management,0.9095,0.48324,624,,,,,,,,
BBW/CASY,Specialty Retail,0.8116,0.48324,624,,,,,,,,
FAB/PTF,Unknown,0.9369,0.48325,624,,,,,,,,
BDJ/CSQ,Asset Management,0.9795,0.48326,624,,,,,,,,
BRKL/NBTB,Banks - Regional,0.8324,0.48326,624,,,,,,,,
BXMX/EVG,Asset Management,0.9654,0.48327,624,,,,,,,,
FCT/HQL,Asset Management,0.8687,0.4833,624,,,,,,,,
CRM/PEGA,Software - Application,0.8263,0.4833,624,,,,,,,,
FBNC/PGC,Banks - Regional,0.9242,0.48331,624,,,,,,,,
FAB/QQEW,Unknown,0.9676,0.48331,624,,,,,,,,
L/STC,Insurance - Property & Casualty,0.8582,0.48332,624,,,,,,,,
VMO/WIW,Asset Management,0.8622,0.48334,624,,,,,,,,
ETY/UTF,Asset Management,0.9695,0.48335,624,,,,,,,,
GF/MIN,Asset Management,0.8121,0.48339,624,,,,,,,,
HBCP/LCNB,Banks - Regional,0.8949,0.48339,624,,,,,,,,
EOD/SWKH,Asset Management,0.8499,0.48339,624,,,,,,,,
COLB/PROV,Banks - Regional,0.8336,0.48339,624,,,,,,,,
DDT/QABA,Unknown,0.8855,0.48341,624,,,,,,,,
BGT/BTZ,Asset Management,0.8762,0.48342,624,,,,,,,,
CRL/NEO,Diagnostics & Research,0.8157,0.48343,624,,,,,,,,
TOWN/WTFC,Banks - Regional,0.9507,0.48345,624,,,,,,,,
FULT/TFSL,Banks - Regional,0.8276,0.48345,624,,,,,,,,
EOD/FCT,Asset Management,0.9423,0.48345,624,,,,,,,,
JSM/PID,Unknown,0.8532,0.48346,624,,,,,,,,
GDO/WIW,Asset Management,0.9172,0.48347,624,,,,,,,,
PFL/QQQX,Asset Management,0.9755,0.48347,624,,,,,,,,
FBIZ/SYBT,Banks - Regional,0.9131,0.48349,624,,,,,,,,
FOF/JFR,Asset Management,0.9629,0.4835,624,,,,,,,,
PEG/SO,Utilities - Regulated Electric,0.9742,0.48351,624,,,,,,,,
AWF/IIF,Asset Management,0.899,0.48351,624,,,,,,,,
HIX/MFM,Asset Management,0.884,0.48352,624,,,,,,,,
BANF/WSFS,Banks - Regional,0.8415,0.48352,624,,,,,,,,
ETB/LEO,Asset Management,0.8002,0.48353,624,,,,,,,,
CAF/MYN,Asset Management,0.8103,0.48353,624,,,,,,,,
AVAV/CW,Aerospace & Defense,0.9157,0.48354,624,,,,,,,,
HPS/MIN,Asset Management,0.9186,0.48354,624,,,,,,,,
NNY/PIM,Asset Management,0.8937,0.48354,624,,,,,,,,
AWF/SEIC,Asset Management,0.9059,0.48356,624,,,,,,,,
CGO/VCV,Asset Management,0.863,0.48357,624,,,,,,,,
CMA/TSBK,Banks - Regional,0.8778,0.48357,624,,,,,,,,
EFT/MPV,Asset Management,0.949,0.48358,624,,,,,,,,
HWBK/IBN,Banks - Regional,0.8278,0.48359,624,,,,,,,,
FITB/MNSB,Banks - Regional,0.8298,0.48359,624,,,,,,,,
PNFP/USB,Banks - Regional,0.9146,0.4836,624,,,,,,,,
CNOB/HBNC,Banks - Regional,0.9581,0.4836,624,,,,,,,,
OPOF/SBFG,Banks - Regional,0.8785,0.4836,624,,,,,,,,
GRX/HIX,Asset Management,0.9301,0.4836,624,,,,,,,,
IGR/PFG,Asset Management,0.8369,0.4836,624,,,,,,,,
FRST/PEBO,Banks - Regional,0.852,0.48361,624,,,,,,,,
ETW/FCT,Asset Management,0.9476,0.48362,624,,,,,,,,
CMI/SXI,Specialty Industrial Machinery,0.8927,0.48362,624,,,,,,,,
CFR/OBT,Banks - Regional,0.8831,0.48362,624,,,,,,,,
CBU/UMBF,Banks - Regional,0.8705,0.48363,624,,,,,,,,
CMU/JEQ,Asset Management,0.865,0.48364,624,,,,,,,,
PEG/XEL,Utilities - Regulated Electric,0.9331,0.48365,624,,,,,,,,
BRW/NQP,Asset Management,0.8009,0.48365,624,,,,,,,,
CBAN/CCBG,Banks - Regional,0.8449,0.48367,624,,,,,,,,
BPOP/SMBC,Banks - Regional,0.9309,0.48368,624,,,,,,,,
NMZ/PDT,Asset Management,0.954,0.48369,624,,,,,,,,
BPOP/MBCN,Banks - Regional,0.8723,0.4837,624,,,,,,,,
JFR/UTF,Asset Management,0.9295,0.4837,624,,,,,,,,
RVSB/SSB,Banks - Regional,0.8146,0.48373,624,,,,,,,,
DDT/PFF,Unknown,0.9216,0.48373,624,,,,,,,,
HFWA/SFNC,Banks - Regional,0.8833,0.48373,624,,,,,,,,
HQL/PCM,Asset Management,0.8838,0.48375,624,,,,,,,,
ADX/FMY,Asset Management,0.9356,0.48375,624,,,,,,,,
BTO/IGR,Asset Management,0.9271,0.48376,624,,,,,,,,
FCF/WAFD,Banks - Regional,0.9575,0.48376,624,,,,,,,,
HQL/LEO,Asset Management,0.8498,0.48377,624,,,,,,,,
BPOPM/PTH,Unknown,0.9244,0.48377,624,,,,,,,,
ACNB/FFIN,Banks - Regional,0.8332,0.48377,624,,,,,,,,
COLB/STBA,Banks - Regional,0.8134,0.48378,624,,,,,,,,
ETB/FMN,Asset Management,0.8154,0.48378,624,,,,,,,,
EVT/JFR,Asset Management,0.9454,0.48379,624,,,,,,,,
IBCP/PFIS,Banks - Regional,0.9043,0.48379,624,,,,,,,,
GCBC/UCB,Banks - Regional,0.8201,0.48379,624,,,,,,,,
KBH/TOL,Residential Construction,0.9586,0.4838,624,,,,,,,,
IFN/LGI,Asset Management,0.9512,0.4838,624,,,,,,,,
PHK/TSI,Asset Management,0.8595,0.4838,624,,,,,,,,
FMBH/WSBF,Banks - Regional,0.9081,0.48382,624,,,,,,,,
EFR/IGR,Asset Management,0.8713,0.48383,624,,,,,,,,
HDB/UBSI,Banks - Regional,0.851,0.48383,624,,,,,,,,
GF/NXC,Asset Management,0.8332,0.48384,624,,,,,,,,
EVN/PML,Asset Management,0.9171,0.48385,624,,,,,,,,
NFBK/SNV,Banks - Regional,0.8035,0.48386,624,,,,,,,,
HDB/WBS,Banks - Regional,0.88,0.48387,624,,,,,,,,
CHW/FFC,Asset Management,0.9431,0.48387,624,,,,,,,,
CFR/RNST,Banks - Regional,0.8102,0.48388,624,,,,,,,,
BFZ/MUJ,Asset Management,0.9455,0.48389,624,,,,,,,,
HDB/SSB,Banks - Regional,0.829,0.48389,624,,,,,,,,
GAM/TSI,Asset Management,0.924,0.4839,624,,,,,,,,
IGD/JOF,Asset Management,0.8642,0.48391,624,,,,,,,,
ADI/TSEM,Semiconductors,0.8253,0.48393,624,,,,,,,,
HPI/WIW,Asset Management,0.8719,0.48394,624,,,,,,,,
GAIN/PFL,Asset Management,0.9227,0.48394,624,,,,,,,,
FOF/PSEC,Asset Management,0.8659,0.48397,624,,,,,,,,
IEUS/SWZ,Unknown,0.9507,0.48397,624,,,,,,,,
GAB/JRS,Asset Management,0.9272,0.48398,624,,,,,,,,
ARCC/DHF,Asset Management,0.9052,0.48398,624,,,,,,,,
CSQ/JMM,Asset Management,0.9033,0.48399,624,,,,,,,,
CNS/VKQ,Asset Management,0.8173,0.484,624,,,,,,,,
EFR/GCV,Asset Management,0.8333,0.48403,624,,,,,,,,
ASG/BKN,Asset Management,0.8894,0.48403,624,,,,,,,,
BLW/NIM,Asset Management,0.901,0.48405,624,,,,,,,,
ON/SIMO,Semiconductors,0.8276,0.48405,624,,,,,,,,
EVG/NRK,Asset Management,0.8524,0.48405,624,,,,,,,,
CFR/EFSC,Banks - Regional,0.9321,0.48405,624,,,,,,,,
BME/NCA,Asset Management,0.9006,0.48406,624,,,,,,,,
JMM/JQC,Asset Management,0.9363,0.48406,624,,,,,,,,
CNS/NNY,Asset Management,0.8095,0.48406,624,,,,,,,,
EEA/HQH,Asset Management,0.8849,0.48408,624,,,,,,,,
AIA/PYZ,Unknown,0.8571,0.48409,624,,,,,,,,
AAXJ/PTF,Unknown,0.843,0.4841,624,,,,,,,,
MRVL/SLAB,Semiconductors,0.8212,0.48411,624,,,,,,,,
JMM/STEW,Asset Management,0.9047,0.48411,624,,,,,,,,
TFSL/WASH,Banks - Regional,0.8126,0.48412,624,,,,,,,,
PCF/VPV,Asset Management,0.8784,0.48413,624,,,,,,,,
BFC/FNLC,Banks - Regional,0.9251,0.48413,624,,,,,,,,
MNSB/SSB,Banks - Regional,0.8155,0.48414,624,,,,,,,,
BTO/EOI,Asset Management,0.9183,0.48415,624,,,,,,,,
AKAM/VRSN,Software - Infrastructure,0.8949,0.48415,624,,,,,,,,
BCML/TCBK,Banks - Regional,0.8839,0.48415,624,,,,,,,,
MFM/PFN,Asset Management,0.9077,0.48417,624,,,,,,,,
NPV/NXP,Asset Management,0.9021,0.48418,624,,,,,,,,
LARK/NKSH,Banks - Regional,0.8179,0.48418,624,,,,,,,,
COO/TFX,Medical Instruments & Supplies,0.8673,0.48419,624,,,,,,,,
AWF/PCF,Asset Management,0.9663,0.4842,624,,,,,,,,
MNSB/OCFC,Banks - Regional,0.8407,0.48421,624,,,,,,,,
FFIV/ORCL,Software - Infrastructure,0.809,0.48421,624,,,,,,,,
PKBK/UBSI,Banks - Regional,0.9056,0.48422,624,,,,,,,,
MTB/USB,Banks - Regional,0.9206,0.48422,624,,,,,,,,
AGD/EHI,Asset Management,0.8875,0.48423,624,,,,,,,,
EFT/MAIN,Asset Management,0.9717,0.48423,624,,,,,,,,
DVY/PYT,Unknown,0.9523,0.48424,624,,,,,,,,
FMAO/MBWM,Banks - Regional,0.8111,0.48424,624,,,,,,,,
JEQ/NPV,Asset Management,0.8256,0.48424,624,,,,,,,,
BDJ/JFR,Asset Management,0.9454,0.48425,624,,,,,,,,
BCBP/MOFG,Banks - Regional,0.8187,0.48426,624,,,,,,,,
MPV/PHK,Asset Management,0.8287,0.48426,624,,,,,,,,
ETV/HPF,Asset Management,0.9649,0.48426,624,,,,,,,,
GCBC/SSB,Banks - Regional,0.8041,0.48426,624,,,,,,,,
HBCP/STBA,Banks - Regional,0.9505,0.48426,624,,,,,,,,
PFN/RQI,Asset Management,0.9628,0.48427,624,,,,,,,,
PIZ/VGSH,Unknown,0.9185,0.48429,624,,,,,,,,
PFF/PHO,Unknown,0.8824,0.4843,624,,,,,,,,
KTF/PFD,Asset Management,0.8814,0.4843,624,,,,,,,,
BANF/TCBK,Banks - Regional,0.9062,0.48431,624,,,,,,,,
CZFS/STBA,Banks - Regional,0.8121,0.48431,624,,,,,,,,
HQL/UTF,Asset Management,0.8909,0.48432,624,,,,,,,,
JHI/RJF,Asset Management,0.8525,0.48432,624,,,,,,,,
IUSV/PKW,Unknown,0.9966,0.48433,624,,,,,,,,
PCF/VBF,Asset Management,0.928,0.48435,624,,,,,,,,
ETR/POR,Utilities - Regulated Electric,0.8297,0.48436,624,,,,,,,,
BFZ/HPS,Asset Management,0.88,0.48436,624,,,,,,,,
FULT/GBCI,Banks - Regional,0.9061,0.48436,624,,,,,,,,
ETY/RFI,Asset Management,0.9503,0.48438,624,,,,,,,,
ACN/INFY,Information Technology Services,0.9633,0.48438,624,,,,,,,,
HIFS/PB,Banks - Regional,0.8956,0.48439,624,,,,,,,,
AWF/GAIN,Asset Management,0.9395,0.4844,624,,,,,,,,
ISBA/TFC,Banks - Regional,0.8026,0.48441,624,,,,,,,,
COHR/ITRI,Scientific & Technical Instruments,0.8115,0.48441,624,,,,,,,,
GDO/PMX,Asset Management,0.8854,0.48443,624,,,,,,,,
EVT/FCT,Asset Management,0.9606,0.48444,624,,,,,,,,
RMT/TY,Asset Management,0.9815,0.48444,624,,,,,,,,
SBFG/UBFO,Banks - Regional,0.9463,0.48444,624,,,,,,,,
CSWC/FOF,Asset Management,0.9666,0.48444,624,,,,,,,,
BTO/SCD,Asset Management,0.8856,0.48444,624,,,,,,,,
BRW/PFO,Asset Management,0.8086,0.48446,624,,,,,,,,
PCM/RCS,Asset Management,0.816,0.48447,624,,,,,,,,
EVG/NMI,Asset Management,0.8148,0.48447,624,,,,,,,,
JFR/VRTS,Asset Management,0.8035,0.48448,624,,,,,,,,
GAM/SWKH,Asset Management,0.8144,0.48448,624,,,,,,,,
CZWI/NWFL,Banks - Regional,0.8405,0.48449,624,,,,,,,,
PCM/VPV,Asset Management,0.8892,0.4845,624,,,,,,,,
ACNB/PNFP,Banks - Regional,0.8971,0.4845,624,,,,,,,,
DSU/IGI,Asset Management,0.8065,0.4845,624,,,,,,,,
BCML/PKBK,Banks - Regional,0.9228,0.48451,624,,,,,,,,
ACWI/FTA,Unknown,0.9827,0.48451,624,,,,,,,,
CHY/ETO,Asset Management,0.9789,0.48451,624,,,,,,,,
IGR/PCF,Asset Management,0.9251,0.48454,624,,,,,,,,
BANR/WAL,Banks - Regional,0.8988,0.48454,624,,,,,,,,
FMAO/FRAF,Banks - Regional,0.8862,0.48455,624,,,,,,,,
BFK/CIF,Asset Management,0.8979,0.48455,624,,,,,,,,
BN/GLAD,Asset Management,0.9658,0.48455,624,,,,,,,,
MPA/PFD,Asset Management,0.9529,0.48456,624,,,,,,,,
BRW/RMT,Asset Management,0.9135,0.48457,624,,,,,,,,
FRME/MNSB,Banks - Regional,0.9162,0.48457,624,,,,,,,,
FCBC/OSBC,Banks - Regional,0.9446,0.48457,624,,,,,,,,
JEQ/PFD,Asset Management,0.9219,0.48458,624,,,,,,,,
BME/MMT,Asset Management,0.9559,0.48459,624,,,,,,,,
AFB/JPC,Asset Management,0.9236,0.4846,624,,,,,,,,
LSCC/TXN,Semiconductors,0.8914,0.4846,624,,,,,,,,
NXC/SPXX,Asset Management,0.8415,0.4846,624,,,,,,,,
ROP/TYL,Software - Application,0.9709,0.48462,624,,,,,,,,
BOE/NXP,Asset Management,0.8935,0.48463,624,,,,,,,,
BCBP/USB,Banks - Regional,0.8343,0.48463,624,,,,,,,,
FHN/ISBA,Banks - Regional,0.8181,0.48463,624,,,,,,,,
FCBC/HOMB,Banks - Regional,0.8925,0.48463,624,,,,,,,,
ETG/MCN,Asset Management,0.9638,0.48464,624,,,,,,,,
PMO/RNP,Asset Management,0.9256,0.48464,624,,,,,,,,
BLK/PHD,Asset Management,0.9592,0.48465,624,,,,,,,,
DUK/NGG,Utilities - Regulated Electric,0.932,0.48466,624,,,,,,,,
ABCB/CBSH,Banks - Regional,0.9189,0.48467,624,,,,,,,,
POWI/SIMO,Semiconductors,0.8879,0.48467,624,,,,,,,,
ETB/HIO,Asset Management,0.9428,0.48468,624,,,,,,,,
OLP/WPC,REIT - Diversified,0.91,0.48469,624,,,,,,,,
AWP/BME,Asset Management,0.9015,0.48472,624,,,,,,,,
NKX/NXJ,Asset Management,0.9714,0.48473,624,,,,,,,,
BELFB/JBL,Electronic Components,0.8841,0.48473,624,,,,,,,,
BRW/OIA,Asset Management,0.838,0.48473,624,,,,,,,,
AOD/NIM,Asset Management,0.8353,0.48473,624,,,,,,,,
ACNB/PFBC,Banks - Regional,0.9502,0.48474,624,,,,,,,,
BXMX/SPE,Asset Management,0.9665,0.48474,624,,,,,,,,
STLD/TX,Steel,0.8553,0.48474,624,,,,,,,,
ICE/VALU,Financial Data & Stock Exchanges,0.8355,0.48475,624,,,,,,,,
CZFS/FFBC,Banks - Regional,0.8311,0.48476,624,,,,,,,,
CFFI/UCB,Banks - Regional,0.8167,0.48476,624,,,,,,,,
ALRS/FMNB,Banks - Regional,0.9165,0.48477,624,,,,,,,,
AOD/HYT,Asset Management,0.96,0.48478,624,,,,,,,,
CNOB/FBIZ,Banks - Regional,0.8041,0.4848,624,,,,,,,,
BLK/JLS,Asset Management,0.8656,0.4848,624,,,,,,,,
AMP/AOD,Asset Management,0.9328,0.48481,624,,,,,,,,
BBH/PYZ,Unknown,0.9,0.48482,624,,,,,,,,
AGD/MCI,Asset Management,0.8796,0.48482,624,,,,,,,,
BME/MUC,Asset Management,0.8264,0.48483,624,,,,,,,,
EXG/MAIN,Asset Management,0.955,0.48483,624,,,,,,,,
AFB/BTZ,Asset Management,0.9343,0.48485,624,,,,,,,,
OGE/POR,Utilities - Regulated Electric,0.9171,0.48487,624,,,,,,,,
DHF/NMT,Asset Management,0.8353,0.48488,624,,,,,,,,
CHCO/RF,Banks - Regional,0.9507,0.48488,624,,,,,,,,
CMI/ITT,Specialty Industrial Machinery,0.9747,0.48489,624,,,,,,,,
MT/SID,Steel,0.8516,0.4849,624,,,,,,,,
FMY/TROW,Asset Management,0.8204,0.48493,624,,,,,,,,
FRA/TSI,Asset Management,0.8983,0.48493,624,,,,,,,,
MNSB/SHBI,Banks - Regional,0.8942,0.48493,624,,,,,,,,
PCM/SEIC,Asset Management,0.8809,0.48496,624,,,,,,,,
ETG/IGA,Asset Management,0.9748,0.48498,624,,,,,,,,
DUK/NWE,Utilities - Regulated Electric,0.8904,0.485,624,,,,,,,,
AUB/HDB,Banks - Regional,0.9058,0.485,624,,,,,,,,
EHI/MIY,Asset Management,0.9274,0.485,624,,,,,,,,
OPOF/STBA,Banks - Regional,0.8452,0.48501,624,,,,,,,,
AIFF/APPS,Software - Application,0.8335,0.48503,624,,,,,,,,
CIF/FCT,Asset Management,0.8751,0.48503,624,,,,,,,,
BLW/NZF,Asset Management,0.8989,0.48504,624,,,,,,,,
BOH/FITB,Banks - Regional,0.85,0.48504,624,,,,,,,,
PDP/QQQ,Unknown,0.9802,0.48504,624,,,,,,,,
EBMT/OSBC,Banks - Regional,0.8172,0.48505,624,,,,,,,,
HPF/JLS,Asset Management,0.9581,0.48506,624,,,,,,,,
MFM/NAZ,Asset Management,0.9327,0.4851,624,,,,,,,,
JBTM/NDSN,Specialty Industrial Machinery,0.8744,0.4851,624,,,,,,,,
PCQ/VCV,Asset Management,0.8337,0.4851,624,,,,,,,,
BOH/ZIONP,Banks - Regional,0.8705,0.48511,624,,,,,,,,
HFBL/SSB,Banks - Regional,0.8101,0.48512,624,,,,,,,,
BPOP/PNFP,Banks - Regional,0.9094,0.48512,624,,,,,,,,
CBSH/FCF,Banks - Regional,0.9339,0.48513,624,,,,,,,,
FFA/JFR,Asset Management,0.9514,0.48513,624,,,,,,,,
SWZ/VGSH,Unknown,0.9143,0.48515,624,,,,,,,,
BTZ/MYN,Asset Management,0.9203,0.48516,624,,,,,,,,
RS/STLD,Steel,0.9841,0.48518,624,,,,,,,,
FMNB/WABC,Banks - Regional,0.9032,0.48518,624,,,,,,,,
CBAN/TCBK,Banks - Regional,0.9164,0.48519,624,,,,,,,,
EWBC/KEY,Banks - Regional,0.9125,0.48522,624,,,,,,,,
FFIN/OVLY,Banks - Regional,0.8063,0.48524,624,,,,,,,,
BUSE/ZION,Banks - Regional,0.9026,0.48527,624,,,,,,,,
AWF/PFL,Asset Management,0.9666,0.48528,624,,,,,,,,
CZFS/WAFD,Banks - Regional,0.8793,0.48528,624,,,,,,,,
PCN/VCV,Asset Management,0.8982,0.48529,624,,,,,,,,
ETV/MYI,Asset Management,0.8906,0.4853,624,,,,,,,,
GDV/PHK,Asset Management,0.8748,0.4853,624,,,,,,,,
EVT/PNNT,Asset Management,0.8653,0.4853,624,,,,,,,,
PEG/POR,Utilities - Regulated Electric,0.8935,0.48531,624,,,,,,,,
TROW/VPV,Asset Management,0.8736,0.48533,624,,,,,,,,
FBNC/ISBA,Banks - Regional,0.83,0.48533,624,,,,,,,,
EOT/JQC,Asset Management,0.8182,0.48533,624,,,,,,,,
ACWX/FNX,Unknown,0.9693,0.48533,624,,,,,,,,
BAC/JPM,Banks - Diversified,0.9408,0.48534,624,,,,,,,,
OPBK/SFNC,Banks - Regional,0.8134,0.48536,624,,,,,,,,
DHF/HPF,Asset Management,0.9497,0.48536,624,,,,,,,,
IGR/NXP,Asset Management,0.8753,0.48537,624,,,,,,,,
FMAO/THFF,Banks - Regional,0.876,0.48537,624,,,,,,,,
FITB/MTB,Banks - Regional,0.9196,0.48538,624,,,,,,,,
FT/JCE,Asset Management,0.9785,0.48538,624,,,,,,,,
FNX/PUI,Unknown,0.9497,0.48538,624,,,,,,,,
NEA/PCQ,Asset Management,0.847,0.48542,624,,,,,,,,
CNP/MGEE,Utilities - Regulated Electric,0.9303,0.48542,624,,,,,,,,
ON/UMC,Semiconductors,0.8935,0.48542,624,,,,,,,,
BGY/CSWC,Asset Management,0.9501,0.48543,624,,,,,,,,
PFD/PNI,Asset Management,0.817,0.48544,624,,,,,,,,
CHCO/CTBI,Banks - Regional,0.9441,0.48544,624,,,,,,,,
CMS/D,Utilities - Regulated Electric,0.8279,0.48544,624,,,,,,,,
BBH/GJO,Unknown,0.8688,0.48545,624,,,,,,,,
DHIL/NIE,Asset Management,0.8188,0.48547,624,,,,,,,,
DNP/MPV,Asset Management,0.8852,0.48548,624,,,,,,,,
SSB/TFSL,Banks - Regional,0.8438,0.4855,624,,,,,,,,
IBB/IUSV,Unknown,0.8462,0.4855,624,,,,,,,,
FBNC/FNB,Banks - Regional,0.8214,0.4855,624,,,,,,,,
HYT/NXC,Asset Management,0.8793,0.48551,624,,,,,,,,
ASG/NTRS,Asset Management,0.9027,0.48551,624,,,,,,,,
GSK/NVS,Drug Manufacturers - General,0.8813,0.48552,624,,,,,,,,
CXE/PFN,Asset Management,0.8686,0.48553,624,,,,,,,,
HIFS/HWBK,Banks - Regional,0.8822,0.48553,624,,,,,,,,
IGR/NNY,Asset Management,0.8552,0.48553,624,,,,,,,,
SMBK/ZIONP,Banks - Regional,0.8815,0.48554,624,,,,,,,,
AWR/YORW,Utilities - Regulated Water,0.9583,0.48555,624,,,,,,,,
AX/PB,Banks - Regional,0.9201,0.48556,624,,,,,,,,
HOMB/ONB,Banks - Regional,0.9235,0.48556,624,,,,,,,,
JCE/OCSL,Asset Management,0.8072,0.48558,624,,,,,,,,
OBT/UBCP,Banks - Regional,0.8578,0.48558,624,,,,,,,,
NIM/PFL,Asset Management,0.9275,0.48558,624,,,,,,,,
AWP/MFM,Asset Management,0.8971,0.48559,624,,,,,,,,
ALRS/CASH,Banks - Regional,0.8012,0.48559,624,,,,,,,,
MYN/PFD,Asset Management,0.952,0.48559,624,,,,,,,,
CSQ/IIF,Asset Management,0.9148,0.4856,624,,,,,,,,
IBB/MBB,Unknown,0.8758,0.4856,624,,,,,,,,
RVT/VVR,Asset Management,0.9367,0.48561,624,,,,,,,,
IGR/SWKH,Asset Management,0.8052,0.48562,624,,,,,,,,
FMN/TROW,Asset Management,0.8451,0.48562,624,,,,,,,,
DHIL/RMT,Asset Management,0.8657,0.48564,624,,,,,,,,
CIVB/RNST,Banks - Regional,0.9171,0.48564,624,,,,,,,,
PIE/QQXT,Unknown,0.8304,0.48565,624,,,,,,,,
ISBA/PLBC,Banks - Regional,0.8161,0.48567,624,,,,,,,,
BHRB/FBNC,Banks - Regional,0.8001,0.48568,624,,,,,,,,
NUW/PTY,Asset Management,0.8591,0.48568,624,,,,,,,,
BBH/WOOD,Unknown,0.8912,0.48568,624,,,,,,,,
EOS/PTY,Asset Management,0.9683,0.48569,624,,,,,,,,
ENTG/KLIC,Semiconductor Equipment & Materials,0.9594,0.48569,624,,,,,,,,
GSBC/PEBO,Banks - Regional,0.9621,0.48571,624,,,,,,,,
FRME/FULT,Banks - Regional,0.948,0.48571,624,,,,,,,,
AG/EXK,Silver,0.8599,0.48572,624,,,,,,,,
HFWA/USB,Banks - Regional,0.8906,0.48573,624,,,,,,,,
IIF/NTRS,Asset Management,0.8224,0.48573,624,,,,,,,,
BVFL/FMNB,Banks - Regional,0.8336,0.48574,624,,,,,,,,
CCBG/WSFS,Banks - Regional,0.8772,0.48576,624,,,,,,,,
IFN/RMT,Asset Management,0.9489,0.48576,624,,,,,,,,
CVBF/TOWN,Banks - Regional,0.9094,0.48577,624,,,,,,,,
CMA/FRAF,Banks - Regional,0.8745,0.48577,624,,,,,,,,
GDO/PTY,Asset Management,0.9539,0.48577,624,,,,,,,,
IBOC/NBTB,Banks - Regional,0.9583,0.48577,624,,,,,,,,
EOS/PFN,Asset Management,0.9561,0.48578,624,,,,,,,,
CIF/KF,Asset Management,0.8474,0.48578,624,,,,,,,,
DSM/WIA,Asset Management,0.8018,0.48579,624,,,,,,,,
BN/STT,Asset Management,0.8361,0.48579,624,,,,,,,,
CSQ/DSU,Asset Management,0.9781,0.48579,624,,,,,,,,
HDB/SBSI,Banks - Regional,0.9206,0.4858,624,,,,,,,,
NMI/RCS,Asset Management,0.8289,0.48581,624,,,,,,,,
JFR/MSD,Asset Management,0.9041,0.48581,624,,,,,,,,
ETB/WIW,Asset Management,0.8716,0.48582,624,,,,,,,,
JFR/PTY,Asset Management,0.9257,0.48584,624,,,,,,,,
AWF/FT,Asset Management,0.978,0.48584,624,,,,,,,,
NWBI/PGC,Banks - Regional,0.9269,0.48585,624,,,,,,,,
GRX/PHD,Asset Management,0.9058,0.48587,624,,,,,,,,
NAN/RFI,Asset Management,0.892,0.48588,624,,,,,,,,
EVF/WIA,Asset Management,0.8306,0.4859,624,,,,,,,,
FAB/VCSH,Unknown,0.9204,0.48591,624,,,,,,,,
FT/MIN,Asset Management,0.9227,0.48591,624,,,,,,,,
BR/FI,Information Technology Services,0.9739,0.48592,624,,,,,,,,
BRW/HIX,Asset Management,0.8456,0.48593,624,,,,,,,,
PEBO/STBA,Banks - Regional,0.9321,0.48593,624,,,,,,,,
IJT/PFF,Unknown,0.9625,0.48594,624,,,,,,,,
AMP/SWKH,Asset Management,0.8203,0.48595,624,,,,,,,,
DTF/EMD,Asset Management,0.8242,0.48596,624,,,,,,,,
FFIN/MNSB,Banks - Regional,0.8932,0.48596,624,,,,,,,,
BOH/ZION,Banks - Regional,0.9281,0.48597,624,,,,,,,,
PFL/RNP,Asset Management,0.9722,0.48598,624,,,,,,,,
BLW/ETJ,Asset Management,0.9656,0.48598,624,,,,,,,,
AWF/MVF,Asset Management,0.8059,0.48599,624,,,,,,,,
FBNC/PNFP,Banks - Regional,0.9258,0.48599,624,,,,,,,,
BLFS/COO,Medical Instruments & Supplies,0.8403,0.48599,624,,,,,,,,
PRFZ/QQXT,Unknown,0.9811,0.48599,624,,,,,,,,
BANC/FFBC,Banks - Regional,0.8195,0.486,624,,,,,,,,
DLR/LAMR,REIT - Specialty,0.9296,0.486,624,,,,,,,,
AVGO/NVDA,Semiconductors,0.9748,0.486,624,,,,,,,,
AB/PFN,Asset Management,0.9113,0.48601,624,,,,,,,,
D/PNW,Utilities - Regulated Electric,0.8111,0.48602,624,,,,,,,,
EVG/MIY,Asset Management,0.8533,0.48602,624,,,,,,,,
NUW/PFN,Asset Management,0.8935,0.48603,624,,,,,,,,
FNWD/OVBC,Banks - Regional,0.85,0.48603,624,,,,,,,,
AOD/RMT,Asset Management,0.9671,0.48603,624,,,,,,,,
QCOM/UMC,Semiconductors,0.9324,0.48605,624,,,,,,,,
EOT/ETJ,Asset Management,0.8014,0.48605,624,,,,,,,,
GCBC/HDB,Banks - Regional,0.8203,0.48605,624,,,,,,,,
AWF/UTF,Asset Management,0.9629,0.48605,624,,,,,,,,
AB/CHI,Asset Management,0.9692,0.48606,624,,,,,,,,
AWP/PML,Asset Management,0.8369,0.48606,624,,,,,,,,
FFIN/FISI,Banks - Regional,0.8146,0.48606,624,,,,,,,,
MNSB/TCBK,Banks - Regional,0.9336,0.48607,624,,,,,,,,
FHI/HIX,Asset Management,0.8139,0.48607,624,,,,,,,,
QQEW/VCSH,Unknown,0.9556,0.48607,624,,,,,,,,
IRM/LAMR,REIT - Specialty,0.9004,0.48609,624,,,,,,,,
EBMT/HDB,Banks - Regional,0.8816,0.48609,624,,,,,,,,
BPOPM/IBB,Unknown,0.8955,0.4861,624,,,,,,,,
PAYX/TYL,Software - Application,0.9582,0.48612,624,,,,,,,,
HTBK/WSBF,Banks - Regional,0.8836,0.48612,624,,,,,,,,
BME/FMN,Asset Management,0.8346,0.48613,624,,,,,,,,
VKQ/WIW,Asset Management,0.8812,0.48613,624,,,,,,,,
CGO/MHN,Asset Management,0.8194,0.48613,624,,,,,,,,
ABCB/CADE,Banks - Regional,0.9634,0.48614,624,,,,,,,,
GRX/HPF,Asset Management,0.95,0.48614,624,,,,,,,,
CNOB/MBCN,Banks - Regional,0.8548,0.48614,624,,,,,,,,
HOPE/RNST,Banks - Regional,0.8974,0.48614,624,,,,,,,,
BTO/QQQX,Asset Management,0.9475,0.48615,624,,,,,,,,
CZWI/ESSA,Banks - Regional,0.8635,0.48615,624,,,,,,,,
AVK/CHY,Asset Management,0.8287,0.48615,624,,,,,,,,
ADI/MRVL,Semiconductors,0.9222,0.48616,624,,,,,,,,
ETR/NGG,Utilities - Regulated Electric,0.8059,0.48618,624,,,,,,,,
BTA/ETJ,Asset Management,0.8945,0.48618,624,,,,,,,,
CNOB/CZFS,Banks - Regional,0.8198,0.48619,624,,,,,,,,
AGNC/PMT,REIT - Mortgage,0.8844,0.4862,624,,,,,,,,
ETW/PFG,Asset Management,0.918,0.48623,624,,,,,,,,
PNFP/WTFC,Banks - Regional,0.9493,0.48624,624,,,,,,,,
AROW/ZIONP,Banks - Regional,0.8677,0.48626,624,,,,,,,,
BANF/SRCE,Banks - Regional,0.9259,0.48627,624,,,,,,,,
EVG/RJF,Asset Management,0.95,0.48627,624,,,,,,,,
INBK/PNFP,Banks - Regional,0.8515,0.48628,624,,,,,,,,
FOF/NXN,Asset Management,0.8843,0.48629,624,,,,,,,,
DNP/GAIN,Asset Management,0.9242,0.48629,624,,,,,,,,
CNOB/SMBK,Banks - Regional,0.8967,0.48629,624,,,,,,,,
IIF/RNP,Asset Management,0.8904,0.4863,624,,,,,,,,
PYZ/QQXT,Unknown,0.9592,0.48632,624,,,,,,,,
CGO/HIO,Asset Management,0.9601,0.48633,624,,,,,,,,
FHI/GDO,Asset Management,0.807,0.48633,624,,,,,,,,
BME/SBI,Asset Management,0.8551,0.48633,624,,,,,,,,
CHCO/TRMK,Banks - Regional,0.8841,0.48635,624,,,,,,,,
CAMT/KLAC,Semiconductor Equipment & Materials,0.9709,0.48635,624,,,,,,,,
CHI/EVF,Asset Management,0.9481,0.48635,624,,,,,,,,
DLB/RBA,Specialty Business Services,0.8433,0.48636,624,,,,,,,,
GFF/JCI,Building Products & Equipment,0.8286,0.48636,624,,,,,,,,
IBB/JSM,Unknown,0.8956,0.48636,624,,,,,,,,
HDB/RBCAA,Banks - Regional,0.875,0.48637,624,,,,,,,,
EEA/PCN,Asset Management,0.9268,0.48637,624,,,,,,,,
DUK/WEC,Utilities - Regulated Electric,0.9695,0.48639,624,,,,,,,,
RQI/SBI,Asset Management,0.8689,0.4864,624,,,,,,,,
FT/IIM,Asset Management,0.8635,0.4864,624,,,,,,,,
HPF/WIA,Asset Management,0.8656,0.48641,624,,,,,,,,
HDB/OSBC,Banks - Regional,0.8925,0.48642,624,,,,,,,,
ADX/TROW,Asset Management,0.8473,0.48642,624,,,,,,,,
BANR/PWOD,Banks - Regional,0.8768,0.48643,624,,,,,,,,
CGO/FMN,Asset Management,0.8287,0.48643,624,,,,,,,,
AX/LARK,Banks - Regional,0.8433,0.48648,624,,,,,,,,
HBCP/HDB,Banks - Regional,0.8916,0.48649,624,,,,,,,,
ARI/PMT,REIT - Mortgage,0.9206,0.48649,624,,,,,,,,
ALRS/CAC,Banks - Regional,0.89,0.48649,624,,,,,,,,
EOD/HYT,Asset Management,0.9476,0.4865,624,,,,,,,,
ASB/FITB,Banks - Regional,0.9014,0.4865,624,,,,,,,,
BCML/NWBI,Banks - Regional,0.931,0.48651,624,,,,,,,,
HFBL/WABC,Banks - Regional,0.8445,0.48651,624,,,,,,,,
PID/PIO,Unknown,0.9346,0.48651,624,,,,,,,,
CENTA/JBSS,Packaged Foods,0.8972,0.48652,624,,,,,,,,
NGG/NWE,Utilities - Regulated Electric,0.843,0.48654,624,,,,,,,,
MMT/PCM,Asset Management,0.9525,0.48658,624,,,,,,,,
OPBK/PGC,Banks - Regional,0.8779,0.48659,624,,,,,,,,
SOR/TROW,Asset Management,0.8316,0.4866,624,,,,,,,,
ACNB/FMAO,Banks - Regional,0.8192,0.48661,624,,,,,,,,
ETO/JQC,Asset Management,0.9556,0.48661,624,,,,,,,,
ETO/VPV,Asset Management,0.8741,0.48663,624,,,,,,,,
BCML/SFNC,Banks - Regional,0.8083,0.48664,624,,,,,,,,
JFR/MCI,Asset Management,0.9305,0.48665,624,,,,,,,,
AOS/NPO,Specialty Industrial Machinery,0.8579,0.48668,624,,,,,,,,
HOMB/NKSH,Banks - Regional,0.8155,0.48669,624,,,,,,,,
BN/MCN,Asset Management,0.9325,0.48669,624,,,,,,,,
GCBC/WAFD,Banks - Regional,0.8326,0.48669,624,,,,,,,,
BN/NXC,Asset Management,0.8347,0.48669,624,,,,,,,,
ALNT/OLED,Electronic Components,0.8213,0.4867,624,,,,,,,,
IGA/PCN,Asset Management,0.939,0.48671,624,,,,,,,,
SFST/TSBK,Banks - Regional,0.8891,0.48671,624,,,,,,,,
GAIN/PPT,Asset Management,0.8622,0.48671,624,,,,,,,,
BANR/PNFP,Banks - Regional,0.9448,0.48672,624,,,,,,,,
DSX/GLBS,Marine Shipping,0.8563,0.48672,624,,,,,,,,
MBWM/OZK,Banks - Regional,0.8734,0.48673,624,,,,,,,,
ISBA/WAFD,Banks - Regional,0.8485,0.48674,624,,,,,,,,
PCF/PMM,Asset Management,0.9071,0.48675,624,,,,,,,,
FCCO/TFSL,Banks - Regional,0.8418,0.48675,624,,,,,,,,
AGD/HPF,Asset Management,0.885,0.48676,624,,,,,,,,
OBT/TCBK,Banks - Regional,0.8499,0.48676,624,,,,,,,,
BLW/MUJ,Asset Management,0.8879,0.48676,624,,,,,,,,
INVX/NOV,Oil & Gas Equipment & Services,0.9115,0.48677,624,,,,,,,,
CMA/WSFS,Banks - Regional,0.9147,0.48678,624,,,,,,,,
GOF/TWN,Asset Management,0.9082,0.48679,624,,,,,,,,
NTRS/NXC,Asset Management,0.8725,0.48679,624,,,,,,,,
BXMX/CHY,Asset Management,0.9579,0.48682,624,,,,,,,,
FCBC/UBCP,Banks - Regional,0.8937,0.48682,624,,,,,,,,
TROW/VCV,Asset Management,0.8499,0.48684,624,,,,,,,,
ETV/JEQ,Asset Management,0.9324,0.48684,624,,,,,,,,
ISBA/LKFN,Banks - Regional,0.8234,0.48684,624,,,,,,,,
BME/PDT,Asset Management,0.9423,0.48684,624,,,,,,,,
HON/MDU,Conglomerates,0.8034,0.48685,624,,,,,,,,
EVG/NVG,Asset Management,0.8612,0.48686,624,,,,,,,,
NUW/WIA,Asset Management,0.8113,0.48686,624,,,,,,,,
EFT/EVT,Asset Management,0.9466,0.48688,624,,,,,,,,
BYM/HYT,Asset Management,0.8699,0.48688,624,,,,,,,,
JEQ/NTRS,Asset Management,0.9322,0.48689,624,,,,,,,,
BDJ/WEA,Asset Management,0.9044,0.48689,624,,,,,,,,
FITB/OZK,Banks - Regional,0.8276,0.4869,624,,,,,,,,
PNNT/TWN,Asset Management,0.918,0.4869,624,,,,,,,,
BPOP/EWBC,Banks - Regional,0.9334,0.48692,624,,,,,,,,
RLI/WRB,Insurance - Property & Casualty,0.9734,0.48694,624,,,,,,,,
VLT/VTN,Asset Management,0.8553,0.48694,624,,,,,,,,
FTA/PHO,Unknown,0.968,0.48694,624,,,,,,,,
FLC/WIW,Asset Management,0.9048,0.48696,624,,,,,,,,
AAXJ/FTA,Unknown,0.8366,0.48696,624,,,,,,,,
OZK/WSFS,Banks - Regional,0.8955,0.48697,624,,,,,,,,
GAM/JFR,Asset Management,0.9671,0.48699,624,,,,,,,,
DORM/GNTX,Auto Parts,0.863,0.487,624,,,,,,,,
BANR/CASH,Banks - Regional,0.8807,0.48701,624,,,,,,,,
AAXJ/VGIT,Unknown,0.8149,0.48701,624,,,,,,,,
DHF/MGF,Asset Management,0.8147,0.48702,624,,,,,,,,
CGO/NAZ,Asset Management,0.8256,0.48702,624,,,,,,,,
FMAO/LARK,Banks - Regional,0.8033,0.48703,624,,,,,,,,
BOE/MMT,Asset Management,0.9399,0.48704,624,,,,,,,,
BTZ/MQT,Asset Management,0.9417,0.48704,624,,,,,,,,
ETJ/STEW,Asset Management,0.964,0.48706,624,,,,,,,,
AIZ/DGICA,Insurance - Property & Casualty,0.9012,0.48707,624,,,,,,,,
PDP/PEY,Unknown,0.9548,0.48708,624,,,,,,,,
BLK/BLW,Asset Management,0.9761,0.48708,624,,,,,,,,
EBMT/PEBK,Banks - Regional,0.8459,0.4871,624,,,,,,,,
NMI/RQI,Asset Management,0.8596,0.48711,624,,,,,,,,
BN/JFR,Asset Management,0.9416,0.48711,624,,,,,,,,
JEQ/RVT,Asset Management,0.9276,0.48712,624,,,,,,,,
IBCP/TRMK,Banks - Regional,0.929,0.48715,624,,,,,,,,
QCLN/QQXT,Unknown,0.8153,0.48716,624,,,,,,,,
EXLS/INFY,Information Technology Services,0.9155,0.48718,624,,,,,,,,
EEA/EFR,Asset Management,0.9374,0.48718,624,,,,,,,,
FMAO/SBCF,Banks - Regional,0.8861,0.4872,624,,,,,,,,
PFF/RTH,Unknown,0.9193,0.4872,624,,,,,,,,
EMF/KF,Asset Management,0.8557,0.48721,624,,,,,,,,
FFIN/SBCF,Banks - Regional,0.9464,0.48721,624,,,,,,,,
AGD/SEIC,Asset Management,0.8428,0.48722,624,,,,,,,,
FUND/JFR,Asset Management,0.9301,0.48724,624,,,,,,,,
MRVL/STM,Semiconductors,0.8162,0.48724,624,,,,,,,,
FCT/NXC,Asset Management,0.8411,0.48725,624,,,,,,,,
JQC/VPV,Asset Management,0.8676,0.48727,624,,,,,,,,
IGR/NPV,Asset Management,0.8486,0.48728,624,,,,,,,,
ILMN/NEO,Diagnostics & Research,0.8382,0.48728,624,,,,,,,,
NTRS/VLT,Asset Management,0.9072,0.48728,624,,,,,,,,
JPC/MHN,Asset Management,0.8991,0.48728,624,,,,,,,,
CMU/RCS,Asset Management,0.8529,0.48729,624,,,,,,,,
RNST/WTFC,Banks - Regional,0.8218,0.48729,624,,,,,,,,
AWF/RJF,Asset Management,0.9243,0.4873,624,,,,,,,,
BGY/EOS,Asset Management,0.959,0.48731,624,,,,,,,,
FTA/PTF,Unknown,0.9372,0.48731,624,,,,,,,,
HPS/PFL,Asset Management,0.9765,0.48732,624,,,,,,,,
ABCB/FXNC,Banks - Regional,0.8546,0.48732,624,,,,,,,,
CGO/PHD,Asset Management,0.9297,0.48732,624,,,,,,,,
MRVL/NVDA,Semiconductors,0.8306,0.48733,624,,,,,,,,
ABCB/NKSH,Banks - Regional,0.8608,0.48733,624,,,,,,,,
JEQ/VGM,Asset Management,0.8929,0.48734,624,,,,,,,,
FRAF/SYBT,Banks - Regional,0.8866,0.48734,624,,,,,,,,
FRST/OSBC,Banks - Regional,0.8275,0.48734,624,,,,,,,,
BME/PHD,Asset Management,0.8991,0.48735,624,,,,,,,,
CCOI/CMCSA,Telecom Services,0.8992,0.48737,624,,,,,,,,
MQY/NXJ,Asset Management,0.9665,0.48737,624,,,,,,,,
BTO/EOS,Asset Management,0.9209,0.48737,624,,,,,,,,
CMI/GRC,Specialty Industrial Machinery,0.8429,0.48738,624,,,,,,,,
CSWC/HQL,Asset Management,0.8131,0.48739,624,,,,,,,,
ABCB/ONB,Banks - Regional,0.9565,0.48739,624,,,,,,,,
TFSL/UMBF,Banks - Regional,0.8118,0.4874,624,,,,,,,,
FFIC/NFBK,Banks - Regional,0.9406,0.4874,624,,,,,,,,
ISBA/SFBC,Banks - Regional,0.8785,0.48741,624,,,,,,,,
ETB/NAC,Asset Management,0.8382,0.48741,624,,,,,,,,
IGD/WIW,Asset Management,0.8217,0.48741,624,,,,,,,,
EOI/SPXX,Asset Management,0.9795,0.48742,624,,,,,,,,
FAB/FYX,Unknown,0.9904,0.48742,624,,,,,,,,
CMA/FITB,Banks - Regional,0.8602,0.48745,624,,,,,,,,
BANF/SNV,Banks - Regional,0.8545,0.48747,624,,,,,,,,
ALRS/SRCE,Banks - Regional,0.8445,0.48747,624,,,,,,,,
DSM/NPV,Asset Management,0.8636,0.48747,624,,,,,,,,
GRX/RVT,Asset Management,0.9549,0.48748,624,,,,,,,,
GAIN/JFR,Asset Management,0.9307,0.4875,624,,,,,,,,
EEA/HYT,Asset Management,0.9528,0.48751,624,,,,,,,,
FNX/IUSG,Unknown,0.9842,0.48752,624,,,,,,,,
CIF/HQH,Asset Management,0.849,0.48754,624,,,,,,,,
MAA/UDR,REIT - Residential,0.9612,0.48754,624,,,,,,,,
LAMR/PCH,REIT - Specialty,0.916,0.48756,624,,,,,,,,
FSFG/PEBK,Banks - Regional,0.9225,0.48757,624,,,,,,,,
BRW/CGO,Asset Management,0.8561,0.48758,624,,,,,,,,
ALG/CAT,Farm & Heavy Construction Machinery,0.9251,0.48759,624,,,,,,,,
FT/VBF,Asset Management,0.9281,0.48759,624,,,,,,,,
CVBF/LCNB,Banks - Regional,0.8987,0.4876,624,,,,,,,,
EVT/PSEC,Asset Management,0.9056,0.48762,624,,,,,,,,
PNC/SRCE,Banks - Regional,0.9419,0.48763,624,,,,,,,,
PGC/WSBF,Banks - Regional,0.9026,0.48764,624,,,,,,,,
HIX/JQC,Asset Management,0.9021,0.48764,624,,,,,,,,
AUB/LARK,Banks - Regional,0.8791,0.48764,624,,,,,,,,
BFC/WSFS,Banks - Regional,0.8475,0.48765,624,,,,,,,,
JNJ/PFE,Drug Manufacturers - General,0.8982,0.48765,624,,,,,,,,
OZK/PKBK,Banks - Regional,0.8104,0.48766,624,,,,,,,,
LKFN/ZIONP,Banks - Regional,0.8597,0.48766,624,,,,,,,,
KEY/THFF,Banks - Regional,0.9183,0.48767,624,,,,,,,,
MFIC/NIE,Asset Management,0.8507,0.48767,624,,,,,,,,
ETV/MUJ,Asset Management,0.9023,0.48768,624,,,,,,,,
BME/FMY,Asset Management,0.8873,0.48769,624,,,,,,,,
BLE/CAF,Asset Management,0.8486,0.48771,624,,,,,,,,
BLW/NVG,Asset Management,0.8893,0.48771,624,,,,,,,,
RBCAA/TBBK,Banks - Regional,0.815,0.48775,624,,,,,,,,
IMCV/PFM,Unknown,0.9845,0.48776,624,,,,,,,,
FT/PHD,Asset Management,0.9584,0.48777,624,,,,,,,,
MCN/OIA,Asset Management,0.8275,0.48777,624,,,,,,,,
PFI/PFM,Unknown,0.9746,0.4878,624,,,,,,,,
ARCC/NIE,Asset Management,0.9743,0.48781,624,,,,,,,,
GAM/PCF,Asset Management,0.938,0.48782,624,,,,,,,,
ACNB/SSB,Banks - Regional,0.8925,0.48783,624,,,,,,,,
NEWT/TFSL,Banks - Regional,0.8832,0.48783,624,,,,,,,,
PRFZ/VCSH,Unknown,0.9346,0.48784,624,,,,,,,,
FNWD/THFF,Banks - Regional,0.8391,0.48785,624,,,,,,,,
TFC/ZIONP,Banks - Regional,0.8735,0.48785,624,,,,,,,,
BNY/MAV,Asset Management,0.8679,0.48786,624,,,,,,,,
CBSH/HDB,Banks - Regional,0.9416,0.48786,624,,,,,,,,
BGY/WIA,Asset Management,0.84,0.48787,624,,,,,,,,
SEIC/STK,Asset Management,0.8457,0.48789,624,,,,,,,,
EVG/SCD,Asset Management,0.9615,0.4879,624,,,,,,,,
BLK/PFN,Asset Management,0.9434,0.4879,624,,,,,,,,
FDBC/TSBK,Banks - Regional,0.9223,0.48791,624,,,,,,,,
BOKF/TRMK,Banks - Regional,0.94,0.48792,624,,,,,,,,
IOSP/SHW,Specialty Chemicals,0.934,0.48792,624,,,,,,,,
BANF/CFR,Banks - Regional,0.9398,0.48793,624,,,,,,,,
FRA/NFJ,Asset Management,0.9441,0.48793,624,,,,,,,,
AOS/FELE,Specialty Industrial Machinery,0.9108,0.48794,624,,,,,,,,
MPA/TSI,Asset Management,0.9073,0.48794,624,,,,,,,,
NTRS/PFD,Asset Management,0.8878,0.48795,624,,,,,,,,
BCML/FNLC,Banks - Regional,0.8917,0.48795,624,,,,,,,,
AOD/IGA,Asset Management,0.9565,0.48795,624,,,,,,,,
BTO/BX,Asset Management,0.8528,0.48795,624,,,,,,,,
CZFS/UMBF,Banks - Regional,0.815,0.48795,624,,,,,,,,
EOS/TROW,Asset Management,0.8718,0.48797,624,,,,,,,,
AIA/PKW,Unknown,0.8473,0.488,624,,,,,,,,
NMI/QQQX,Asset Management,0.8476,0.48801,624,,,,,,,,
GDO/PHD,Asset Management,0.8884,0.48801,624,,,,,,,,
FRST/PGC,Banks - Regional,0.8986,0.48802,624,,,,,,,,
FYX/PDP,Unknown,0.9736,0.48803,624,,,,,,,,
MFIC/PFG,Asset Management,0.883,0.48803,624,,,,,,,,
CARE/FFBC,Banks - Regional,0.8631,0.48804,624,,,,,,,,
IFN/PSEC,Asset Management,0.8394,0.48804,624,,,,,,,,
CHW/NMZ,Asset Management,0.9318,0.48805,624,,,,,,,,
UMBF/ZIONP,Banks - Regional,0.8778,0.48805,624,,,,,,,,
CMS/EIX,Utilities - Regulated Electric,0.8856,0.48808,624,,,,,,,,
AOD/GLAD,Asset Management,0.9618,0.48809,624,,,,,,,,
BOH/CFR,Banks - Regional,0.85,0.48809,624,,,,,,,,
HBNC/NFBK,Banks - Regional,0.8784,0.48809,624,,,,,,,,
FMAO/UBCP,Banks - Regional,0.8173,0.48811,624,,,,,,,,
CNOB/FHN,Banks - Regional,0.851,0.48812,624,,,,,,,,
STBA/WBS,Banks - Regional,0.9386,0.48812,624,,,,,,,,
MCHP/SIMO,Semiconductors,0.9217,0.48812,624,,,,,,,,
CZFS/GSBC,Banks - Regional,0.9068,0.48812,624,,,,,,,,
BN/EFT,Asset Management,0.9506,0.48813,624,,,,,,,,
JHI/PSEC,Asset Management,0.8522,0.48813,624,,,,,,,,
GBCI/HTBK,Banks - Regional,0.8458,0.48813,624,,,,,,,,
PEY/VCLT,Unknown,0.8029,0.48813,624,,,,,,,,
ETJ/FFA,Asset Management,0.9795,0.48814,624,,,,,,,,
CII/EFT,Asset Management,0.9591,0.48814,624,,,,,,,,
FAB/PHO,Unknown,0.9677,0.48814,624,,,,,,,,
OSBC/WAFD,Banks - Regional,0.9493,0.48815,624,,,,,,,,
BDJ/CIF,Asset Management,0.8814,0.48816,624,,,,,,,,
GDL/RCS,Asset Management,0.8859,0.48816,624,,,,,,,,
HIFS/PEBK,Banks - Regional,0.8776,0.48816,624,,,,,,,,
ALRS/UVSP,Banks - Regional,0.8407,0.48817,624,,,,,,,,
GEOS/TDW,Oil & Gas Equipment & Services,0.8535,0.48817,624,,,,,,,,
FISI/GSBC,Banks - Regional,0.8733,0.48818,624,,,,,,,,
ALK/DAL,Airlines,0.8692,0.48821,624,,,,,,,,
HUBB/PLPC,Electrical Equipment & Parts,0.8856,0.48822,624,,,,,,,,
CNS/TROW,Asset Management,0.8796,0.48823,624,,,,,,,,
ETB/NQP,Asset Management,0.9004,0.48824,624,,,,,,,,
GUT/PFL,Asset Management,0.8092,0.48824,624,,,,,,,,
EVF/OIA,Asset Management,0.8376,0.48827,624,,,,,,,,
EVG/PFO,Asset Management,0.8636,0.48828,624,,,,,,,,
JFR/PFN,Asset Management,0.9262,0.48828,624,,,,,,,,
GAIN/PSEC,Asset Management,0.8774,0.48829,624,,,,,,,,
SHBI/USB,Banks - Regional,0.8527,0.48829,624,,,,,,,,
FISI/TCBI,Banks - Regional,0.8049,0.4883,624,,,,,,,,
FBNC/HWC,Banks - Regional,0.905,0.4883,624,,,,,,,,
FMBH/WSBC,Banks - Regional,0.8807,0.48831,624,,,,,,,,
AIA/VGSH,Unknown,0.8853,0.48831,624,,,,,,,,
BRW/DNP,Asset Management,0.8809,0.48831,624,,,,,,,,
AGD/MSD,Asset Management,0.8395,0.48834,624,,,,,,,,
EQNR/SHEL,Oil & Gas Integrated,0.836,0.48834,624,,,,,,,,
BHK/JHI,Asset Management,0.9401,0.48834,624,,,,,,,,
CSQ/CSWC,Asset Management,0.9772,0.48835,624,,,,,,,,
KEY/PFS,Banks - Regional,0.923,0.48836,624,,,,,,,,
PFG/TWN,Asset Management,0.8811,0.48836,624,,,,,,,,
MU/TXN,Semiconductors,0.9427,0.48837,624,,,,,,,,
IEUS/IGSB,Unknown,0.9153,0.48837,624,,,,,,,,
DHIL/EXG,Asset Management,0.8718,0.48837,624,,,,,,,,
FMY/PCF,Asset Management,0.9241,0.48838,624,,,,,,,,
PIZ/SHY,Unknown,0.9149,0.48838,624,,,,,,,,
ETB/MYN,Asset Management,0.8227,0.48839,624,,,,,,,,
BTO/EOD,Asset Management,0.8944,0.48841,624,,,,,,,,
HYT/PMO,Asset Management,0.9085,0.48841,624,,,,,,,,
BTA/PFN,Asset Management,0.95,0.48841,624,,,,,,,,
HYT/MYI,Asset Management,0.883,0.48841,624,,,,,,,,
ASG/ETV,Asset Management,0.943,0.48841,624,,,,,,,,
MUA/NXP,Asset Management,0.9201,0.48842,624,,,,,,,,
GJH/IUSV,Unknown,0.9544,0.48842,624,,,,,,,,
IMCV/PNQI,Unknown,0.8859,0.48843,624,,,,,,,,
RNP/SPE,Asset Management,0.9655,0.48843,624,,,,,,,,
AROW/GSBC,Banks - Regional,0.9299,0.48844,624,,,,,,,,
BLW/EOT,Asset Management,0.8404,0.48848,624,,,,,,,,
MPV/USA,Asset Management,0.9197,0.48848,624,,,,,,,,
MPV/PTY,Asset Management,0.9202,0.48848,624,,,,,,,,
CFR/THFF,Banks - Regional,0.9245,0.48849,624,,,,,,,,
JLS/NXN,Asset Management,0.9178,0.48849,624,,,,,,,,
CNP/DUK,Utilities - Regulated Electric,0.9324,0.4885,624,,,,,,,,
CGO/VMO,Asset Management,0.8543,0.4885,624,,,,,,,,
GAIN/IFN,Asset Management,0.9634,0.48852,624,,,,,,,,
BCML/WAL,Banks - Regional,0.8069,0.48852,624,,,,,,,,
HBAN/NWBI,Banks - Regional,0.9329,0.48854,624,,,,,,,,
GAIN/SPE,Asset Management,0.9658,0.48854,624,,,,,,,,
ETB/NKX,Asset Management,0.8893,0.48854,624,,,,,,,,
KNX/WERN,Trucking,0.9339,0.48856,624,,,,,,,,
ACWX/ONEQ,Unknown,0.9567,0.48856,624,,,,,,,,
CBZ/CPRT,Specialty Business Services,0.9753,0.48858,624,,,,,,,,
NBTB/ZION,Banks - Regional,0.9036,0.48859,624,,,,,,,,
BOE/VVR,Asset Management,0.9516,0.4886,624,,,,,,,,
FFC/FT,Asset Management,0.9064,0.4886,624,,,,,,,,
PSL/VCSH,Unknown,0.9703,0.4886,624,,,,,,,,
DEI/HIW,REIT - Office,0.893,0.48861,624,,,,,,,,
OVBC/PPBI,Banks - Regional,0.8073,0.48861,624,,,,,,,,
BFIN/SSB,Banks - Regional,0.8229,0.48861,624,,,,,,,,
BLK/BN,Asset Management,0.9788,0.48863,624,,,,,,,,
AUB/PROV,Banks - Regional,0.8231,0.48864,624,,,,,,,,
HFWA/TRST,Banks - Regional,0.9443,0.48864,624,,,,,,,,
FITB/HWC,Banks - Regional,0.9203,0.48865,624,,,,,,,,
PIE/PTH,Unknown,0.8764,0.48865,624,,,,,,,,
CFR/UCB,Banks - Regional,0.9269,0.48867,624,,,,,,,,
CFR/GBCI,Banks - Regional,0.9409,0.48867,624,,,,,,,,
CB/WRB,Insurance - Property & Casualty,0.981,0.48867,624,,,,,,,,
TFC/WAFD,Banks - Regional,0.9182,0.48867,624,,,,,,,,
IGIB/PNQI,Unknown,0.9592,0.48867,624,,,,,,,,
ASX/IMOS,Semiconductors,0.8104,0.48868,624,,,,,,,,
BPOP/FRAF,Banks - Regional,0.8369,0.48869,624,,,,,,,,
BLX/NRIM,Banks - Regional,0.8332,0.4887,624,,,,,,,,
CMA/SRCE,Banks - Regional,0.8588,0.4887,624,,,,,,,,
HPS/VLT,Asset Management,0.9741,0.4887,624,,,,,,,,
OIA/STT,Asset Management,0.8181,0.4887,624,,,,,,,,
NUW/PDT,Asset Management,0.9192,0.48871,624,,,,,,,,
MCY/THG,Insurance - Property & Casualty,0.8071,0.48871,624,,,,,,,,
CVBF/HDB,Banks - Regional,0.8716,0.48871,624,,,,,,,,
FRME/QCRH,Banks - Regional,0.9213,0.48873,624,,,,,,,,
WAFD/ZIONP,Banks - Regional,0.8658,0.48873,624,,,,,,,,
FAB/IMCV,Unknown,0.9952,0.48873,624,,,,,,,,
FAB/PDP,Unknown,0.96,0.48873,624,,,,,,,,
SMBC/UBFO,Banks - Regional,0.9008,0.48874,624,,,,,,,,
PEZ/PPH,Unknown,0.9286,0.48875,624,,,,,,,,
FMY/IIF,Asset Management,0.838,0.48876,624,,,,,,,,
CNS/MPV,Asset Management,0.8878,0.48876,624,,,,,,,,
BGT/FLC,Asset Management,0.8048,0.48876,624,,,,,,,,
CASH/ONB,Banks - Regional,0.9274,0.48877,624,,,,,,,,
ABCB/ISBA,Banks - Regional,0.8961,0.48877,624,,,,,,,,
EMB/PFM,Unknown,0.8113,0.48879,624,,,,,,,,
FFIN/UVSP,Banks - Regional,0.8572,0.48879,624,,,,,,,,
EVN/HPF,Asset Management,0.9244,0.48879,624,,,,,,,,
BLK/HIO,Asset Management,0.9559,0.48879,624,,,,,,,,
CBU/WAFD,Banks - Regional,0.9342,0.4888,624,,,,,,,,
EHC/SEM,Medical Care Facilities,0.9064,0.4888,624,,,,,,,,
PEY/PYT,Unknown,0.9575,0.4888,624,,,,,,,,
MNSB/NKSH,Banks - Regional,0.871,0.48882,624,,,,,,,,
ABCB/FDBC,Banks - Regional,0.8232,0.48882,624,,,,,,,,
FYX/IBB,Unknown,0.8835,0.48883,624,,,,,,,,
BHK/HPI,Asset Management,0.9389,0.48884,624,,,,,,,,
CXE/VLT,Asset Management,0.8345,0.48884,624,,,,,,,,
FFC/STK,Asset Management,0.8117,0.48885,624,,,,,,,,
MFIC/SPXX,Asset Management,0.848,0.48886,624,,,,,,,,
LKFN/TRST,Banks - Regional,0.8137,0.48886,624,,,,,,,,
PGC/UBSI,Banks - Regional,0.8858,0.48887,624,,,,,,,,
GJO/PRFZ,Unknown,0.9572,0.48887,624,,,,,,,,
FAB/PTH,Unknown,0.8768,0.48888,624,,,,,,,,
SPXX/SWKH,Asset Management,0.8143,0.48889,624,,,,,,,,
BDJ/CNS,Asset Management,0.9525,0.48889,624,,,,,,,,
BCBP/WAFD,Banks - Regional,0.8849,0.48889,624,,,,,,,,
BPOP/FCNCA,Banks - Regional,0.9157,0.48889,624,,,,,,,,
RNST/TFSL,Banks - Regional,0.824,0.48889,624,,,,,,,,
AWP/NFJ,Asset Management,0.9127,0.4889,624,,,,,,,,
EXG/SWKH,Asset Management,0.8524,0.48891,624,,,,,,,,
BTA/EVT,Asset Management,0.9149,0.48892,624,,,,,,,,
MYI/PML,Asset Management,0.9017,0.48892,624,,,,,,,,
CASH/SYBT,Banks - Regional,0.9391,0.48893,624,,,,,,,,
JOF/NCA,Asset Management,0.8571,0.48895,624,,,,,,,,
CIF/STT,Asset Management,0.8081,0.48896,624,,,,,,,,
CNS/IIF,Asset Management,0.8558,0.48899,624,,,,,,,,
BANF/UVSP,Banks - Regional,0.8387,0.489,624,,,,,,,,
IAE/MAIN,Asset Management,0.8099,0.489,624,,,,,,,,
AGD/MAIN,Asset Management,0.9233,0.48902,624,,,,,,,,
MHF/TROW,Asset Management,0.8622,0.48902,624,,,,,,,,
PDP/PSL,Unknown,0.9822,0.48903,624,,,,,,,,
CNOB/HWC,Banks - Regional,0.8476,0.48906,624,,,,,,,,
ABCB/HOMB,Banks - Regional,0.9606,0.48907,624,,,,,,,,
FXNC/STBA,Banks - Regional,0.841,0.48907,624,,,,,,,,
JFR/RMT,Asset Management,0.9437,0.48909,624,,,,,,,,
CXE/PCN,Asset Management,0.8695,0.4891,624,,,,,,,,
ASB/TRMK,Banks - Regional,0.9375,0.4891,624,,,,,,,,
DSU/JFR,Asset Management,0.975,0.48912,624,,,,,,,,
IFN/PCN,Asset Management,0.8991,0.48913,624,,,,,,,,
AEE/AEP,Utilities - Regulated Electric,0.9886,0.48915,624,,,,,,,,
EXG/FMY,Asset Management,0.9049,0.48916,624,,,,,,,,
BGT/CGO,Asset Management,0.8821,0.48917,624,,,,,,,,
IBB/IGF,Unknown,0.862,0.48918,624,,,,,,,,
EFR/WIA,Asset Management,0.8333,0.48918,624,,,,,,,,
LYTS/SANM,Electronic Components,0.8282,0.48919,624,,,,,,,,
BYM/ETJ,Asset Management,0.8342,0.48919,624,,,,,,,,
PGC/STBA,Banks - Regional,0.8873,0.48919,624,,,,,,,,
FEX/QQEW,Unknown,0.99,0.48919,624,,,,,,,,
GCBC/SYBT,Banks - Regional,0.894,0.48919,624,,,,,,,,
BKH/RGCO,Utilities - Regulated Gas,0.8944,0.48919,624,,,,,,,,
CBSH/FFBC,Banks - Regional,0.886,0.4892,624,,,,,,,,
COFS/UBCP,Banks - Regional,0.8618,0.4892,624,,,,,,,,
HRI/R,Rental & Leasing Services,0.858,0.48921,624,,,,,,,,
CHI/CII,Asset Management,0.976,0.48922,624,,,,,,,,
AIA/FAD,Unknown,0.9031,0.48922,624,,,,,,,,
ALGN/WST,Medical Instruments & Supplies,0.8306,0.48922,624,,,,,,,,
NBN/UNTY,Banks - Regional,0.9271,0.48922,624,,,,,,,,
FXNC/PGC,Banks - Regional,0.8137,0.48923,624,,,,,,,,
CZFS/SSB,Banks - Regional,0.8376,0.48923,624,,,,,,,,
NKX/VTN,Asset Management,0.9607,0.48925,624,,,,,,,,
FMBH/SBSI,Banks - Regional,0.9261,0.48926,624,,,,,,,,
GDV/HQH,Asset Management,0.9123,0.48927,624,,,,,,,,
FAB/PFM,Unknown,0.9821,0.48927,624,,,,,,,,
KWR/SHW,Specialty Chemicals,0.8189,0.48928,624,,,,,,,,
INBK/LARK,Banks - Regional,0.8382,0.48928,624,,,,,,,,
GOF/RFI,Asset Management,0.9678,0.48929,624,,,,,,,,
PNC/PPBI,Banks - Regional,0.8594,0.48929,624,,,,,,,,
MOFG/TRST,Banks - Regional,0.9018,0.48929,624,,,,,,,,
BCBP/EWBC,Banks - Regional,0.8381,0.48929,624,,,,,,,,
JQC/VBF,Asset Management,0.8923,0.4893,624,,,,,,,,
PRFZ/WOOD,Unknown,0.9651,0.48931,624,,,,,,,,
MPB/WSBF,Banks - Regional,0.9278,0.48931,624,,,,,,,,
SFBC/SYBT,Banks - Regional,0.939,0.48931,624,,,,,,,,
ETV/HPS,Asset Management,0.9776,0.48932,624,,,,,,,,
QQQX/RCS,Asset Management,0.8267,0.48932,624,,,,,,,,
CHW/NVG,Asset Management,0.939,0.48933,624,,,,,,,,
DTF/MMT,Asset Management,0.8113,0.48935,624,,,,,,,,
CHY/ETW,Asset Management,0.9516,0.48935,624,,,,,,,,
BHLB/SFNC,Banks - Regional,0.8236,0.48937,624,,,,,,,,
MNSB/STBA,Banks - Regional,0.8387,0.48938,624,,,,,,,,
AIT/BXC,Industrial Distribution,0.8627,0.48939,624,,,,,,,,
ASG/NPV,Asset Management,0.8799,0.4894,624,,,,,,,,
BUSE/FCBC,Banks - Regional,0.8942,0.48942,624,,,,,,,,
CGO/NXN,Asset Management,0.8769,0.48942,624,,,,,,,,
INBK/SBCF,Banks - Regional,0.8189,0.48942,624,,,,,,,,
BN/VBF,Asset Management,0.8986,0.48944,624,,,,,,,,
BRKL/RNST,Banks - Regional,0.8919,0.48945,624,,,,,,,,
AIA/FEX,Unknown,0.8691,0.48946,624,,,,,,,,
EBMT/HFBL,Banks - Regional,0.8901,0.48946,624,,,,,,,,
FTNT/ORCL,Software - Infrastructure,0.9467,0.48948,624,,,,,,,,
HQH/MAIN,Asset Management,0.82,0.48948,624,,,,,,,,
BOTJ/PWOD,Banks - Regional,0.8028,0.48948,624,,,,,,,,
HPI/MSD,Asset Management,0.9279,0.4895,624,,,,,,,,
CHCO/THFF,Banks - Regional,0.8949,0.4895,624,,,,,,,,
FLC/PMF,Asset Management,0.8751,0.4895,624,,,,,,,,
RF/WAFD,Banks - Regional,0.9166,0.48951,624,,,,,,,,
DHIL/ETO,Asset Management,0.8649,0.48951,624,,,,,,,,
EEA/NIE,Asset Management,0.9527,0.48952,624,,,,,,,,
BRKL/FFIN,Banks - Regional,0.8309,0.48953,624,,,,,,,,
JRS/PFL,Asset Management,0.9371,0.48954,624,,,,,,,,
NNY/PCN,Asset Management,0.9198,0.48954,624,,,,,,,,
JPC/MPV,Asset Management,0.8845,0.48954,624,,,,,,,,
MFM/WIW,Asset Management,0.8359,0.48955,624,,,,,,,,
FFA/GLAD,Asset Management,0.9736,0.48956,624,,,,,,,,
BTZ/JHI,Asset Management,0.9635,0.48958,624,,,,,,,,
AWI/TT,Building Products & Equipment,0.9131,0.48958,624,,,,,,,,
BPOP/MBWM,Banks - Regional,0.9049,0.48958,624,,,,,,,,
EXPO/TTEK,Engineering & Construction,0.9382,0.4896,624,,,,,,,,
FULT/IBOC,Banks - Regional,0.9419,0.4896,624,,,,,,,,
EHI/PFL,Asset Management,0.9722,0.48961,624,,,,,,,,
FEX/RTH,Unknown,0.9909,0.48961,624,,,,,,,,
DSU/EEA,Asset Management,0.9403,0.48961,624,,,,,,,,
CGO/RFI,Asset Management,0.9471,0.48962,624,,,,,,,,
BGT/PCF,Asset Management,0.926,0.48964,624,,,,,,,,
AEP/ED,Utilities - Regulated Electric,0.9749,0.48965,624,,,,,,,,
NFBK/UBSI,Banks - Regional,0.8426,0.48965,624,,,,,,,,
BRKL/TRMK,Banks - Regional,0.8825,0.48966,624,,,,,,,,
HIFS/OSBC,Banks - Regional,0.8692,0.48966,624,,,,,,,,
EMN/RPM,Specialty Chemicals,0.8583,0.48966,624,,,,,,,,
EHI/HTGC,Asset Management,0.8409,0.48968,624,,,,,,,,
BCBP/TCBK,Banks - Regional,0.9114,0.4897,624,,,,,,,,
FTC/GJT,Unknown,0.9508,0.4897,624,,,,,,,,
GRX/HPI,Asset Management,0.9415,0.48971,624,,,,,,,,
BTZ/MHI,Asset Management,0.8082,0.48971,624,,,,,,,,
CIF/DTF,Asset Management,0.8445,0.48972,624,,,,,,,,
AGD/DNP,Asset Management,0.8838,0.48972,624,,,,,,,,
CNS/HTD,Asset Management,0.9189,0.48974,624,,,,,,,,
CARE/CTBI,Banks - Regional,0.8144,0.48974,624,,,,,,,,
CFR/HWC,Banks - Regional,0.9322,0.48975,624,,,,,,,,
BTO/FCT,Asset Management,0.9303,0.48975,624,,,,,,,,
PFN/PFO,Asset Management,0.9481,0.48976,624,,,,,,,,
ON/TSM,Semiconductors,0.8132,0.48977,624,,,,,,,,
BLW/EEA,Asset Management,0.9547,0.48977,624,,,,,,,,
ACNB/RBCAA,Banks - Regional,0.9506,0.48977,624,,,,,,,,
ASG/BFK,Asset Management,0.8162,0.48979,624,,,,,,,,
LGI/MHF,Asset Management,0.894,0.48981,624,,,,,,,,
CMA/WBS,Banks - Regional,0.939,0.48982,624,,,,,,,,
FAST/MSM,Industrial Distribution,0.8789,0.48982,624,,,,,,,,
BTO/HQL,Asset Management,0.886,0.48984,624,,,,,,,,
IGR/PHD,Asset Management,0.889,0.48985,624,,,,,,,,
GSBC/WBS,Banks - Regional,0.9474,0.48987,624,,,,,,,,
HPS/JLS,Asset Management,0.9501,0.48987,624,,,,,,,,
AWF/CHI,Asset Management,0.9463,0.48988,624,,,,,,,,
GRX/NUW,Asset Management,0.896,0.48988,624,,,,,,,,
CHY/ETB,Asset Management,0.9497,0.48989,624,,,,,,,,
EFSC/WAL,Banks - Regional,0.9015,0.48989,624,,,,,,,,
GCV/WIW,Asset Management,0.9208,0.4899,624,,,,,,,,
JEQ/PFO,Asset Management,0.9338,0.4899,624,,,,,,,,
FXNC/MBCN,Banks - Regional,0.8637,0.48991,624,,,,,,,,
FTC/QQXT,Unknown,0.9902,0.48992,624,,,,,,,,
ASG/NFJ,Asset Management,0.9365,0.48993,624,,,,,,,,
BLW/EOI,Asset Management,0.9735,0.48994,624,,,,,,,,
CINF/MKL,Insurance - Property & Casualty,0.9578,0.48995,624,,,,,,,,
PEY/PNQI,Unknown,0.8814,0.48996,624,,,,,,,,
CHY/UTF,Asset Management,0.9688,0.48997,624,,,,,,,,
FRD/RS,Steel,0.8377,0.48997,624,,,,,,,,
BGY/GLAD,Asset Management,0.9552,0.48998,624,,,,,,,,
ALRS/CVBF,Banks - Regional,0.8858,0.48999,624,,,,,,,,
HIFS/ONB,Banks - Regional,0.8677,0.49,624,,,,,,,,
ASG/VRTS,Asset Management,0.8384,0.49001,624,,,,,,,,
CHI/EVT,Asset Management,0.9742,0.49002,624,,,,,,,,
CHCO/NWBI,Banks - Regional,0.8523,0.49003,624,,,,,,,,
BNS/CM,Banks - Diversified,0.9216,0.49005,624,,,,,,,,
ETY/SEIC,Asset Management,0.8974,0.49006,624,,,,,,,,
BLK/BOE,Asset Management,0.9838,0.49006,624,,,,,,,,
EFT/STT,Asset Management,0.8473,0.49006,624,,,,,,,,
MBB/USIG,Unknown,0.9632,0.49007,624,,,,,,,,
ACNB/CCBG,Banks - Regional,0.9486,0.49008,624,,,,,,,,
BLE/CIF,Asset Management,0.8848,0.49009,624,,,,,,,,
CFFI/SSB,Banks - Regional,0.8967,0.49009,624,,,,,,,,
CSWC/SEIC,Asset Management,0.8408,0.49009,624,,,,,,,,
RCI/TU,Telecom Services,0.8737,0.49011,624,,,,,,,,
BX/GAM,Asset Management,0.9522,0.49012,624,,,,,,,,
DSGR/GWW,Industrial Distribution,0.8726,0.49013,624,,,,,,,,
GDL/IAE,Asset Management,0.8092,0.49014,624,,,,,,,,
GAB/IGR,Asset Management,0.9259,0.49014,624,,,,,,,,
FXNC/TSBK,Banks - Regional,0.9139,0.49014,624,,,,,,,,
AWP/EVT,Asset Management,0.9302,0.49014,624,,,,,,,,
BSRR/WABC,Banks - Regional,0.8817,0.49015,624,,,,,,,,
NWBI/QCRH,Banks - Regional,0.8965,0.49017,624,,,,,,,,
VABK/WABC,Banks - Regional,0.8607,0.49017,624,,,,,,,,
HIO/HQH,Asset Management,0.857,0.49018,624,,,,,,,,
CBAN/TSBK,Banks - Regional,0.9202,0.4902,624,,,,,,,,
CZFS/FHN,Banks - Regional,0.8165,0.4902,624,,,,,,,,
HEI/RTX,Aerospace & Defense,0.9409,0.49021,624,,,,,,,,
FCT/NMZ,Asset Management,0.8572,0.49021,624,,,,,,,,
PFL/WIA,Asset Management,0.9045,0.49021,624,,,,,,,,
GSBC/OCFC,Banks - Regional,0.8463,0.49022,624,,,,,,,,
ETV/MUA,Asset Management,0.869,0.49022,624,,,,,,,,
HPI/HQH,Asset Management,0.8734,0.49022,624,,,,,,,,
ACWX/IBB,Unknown,0.864,0.49022,624,,,,,,,,
CAC/STBA,Banks - Regional,0.8954,0.49024,624,,,,,,,,
GRX/MMU,Asset Management,0.86,0.49024,624,,,,,,,,
JRS/MHN,Asset Management,0.8504,0.49025,624,,,,,,,,
BN/GDO,Asset Management,0.8916,0.49025,624,,,,,,,,
IAE/SPXX,Asset Management,0.8356,0.49028,624,,,,,,,,
ETV/NXN,Asset Management,0.911,0.49028,624,,,,,,,,
NTRS/PMX,Asset Management,0.8175,0.49029,624,,,,,,,,
BOH/GSBC,Banks - Regional,0.9178,0.49029,624,,,,,,,,
ACNB/UNTY,Banks - Regional,0.95,0.49032,624,,,,,,,,
FTC/QQEW,Unknown,0.9943,0.49032,624,,,,,,,,
BYM/WIW,Asset Management,0.8741,0.49033,624,,,,,,,,
ETV/FLC,Asset Management,0.9341,0.49034,624,,,,,,,,
FRAF/UMBF,Banks - Regional,0.8549,0.49034,624,,,,,,,,
BYM/GF,Asset Management,0.8529,0.49034,624,,,,,,,,
MFIC/USA,Asset Management,0.8536,0.49035,624,,,,,,,,
CACC/COF,Credit Services,0.8336,0.49035,624,,,,,,,,
JLS/JPC,Asset Management,0.9695,0.49035,624,,,,,,,,
CBU/MBCN,Banks - Regional,0.882,0.49035,624,,,,,,,,
HEI/TDG,Aerospace & Defense,0.9713,0.49035,624,,,,,,,,
ASG/MUC,Asset Management,0.8252,0.49036,624,,,,,,,,
JBK/VCIT,Unknown,0.9647,0.49036,624,,,,,,,,
FFC/PYN,Asset Management,0.8192,0.49036,624,,,,,,,,
UTF/VPV,Asset Management,0.8855,0.49037,624,,,,,,,,
HPS/JPC,Asset Management,0.9792,0.49038,624,,,,,,,,
HIFS/NBTB,Banks - Regional,0.8834,0.49038,624,,,,,,,,
HPI/SAR,Asset Management,0.9084,0.49039,624,,,,,,,,
RTO/UNF,Specialty Business Services,0.9038,0.49039,624,,,,,,,,
NCA/QQQX,Asset Management,0.8611,0.49039,624,,,,,,,,
JQC/MSD,Asset Management,0.9319,0.4904,624,,,,,,,,
IIF/SCD,Asset Management,0.9363,0.4904,624,,,,,,,,
BFC/FSFG,Banks - Regional,0.8876,0.49041,624,,,,,,,,
FTA/PNQI,Unknown,0.8814,0.49041,624,,,,,,,,
MOFG/TCBI,Banks - Regional,0.8503,0.49041,624,,,,,,,,
SIGI/THG,Insurance - Property & Casualty,0.9508,0.49041,624,,,,,,,,
MUC/WIW,Asset Management,0.8253,0.49041,624,,,,,,,,
PRN/VGSH,Unknown,0.9231,0.49043,624,,,,,,,,
TROW/VLT,Asset Management,0.8846,0.49044,624,,,,,,,,
CHKP/WEX,Software - Infrastructure,0.8058,0.49045,624,,,,,,,,
JBK/PTH,Unknown,0.9472,0.49046,624,,,,,,,,
DVY/USIG,Unknown,0.8608,0.49046,624,,,,,,,,
FRAF/LCNB,Banks - Regional,0.8691,0.49046,624,,,,,,,,
FMY/TWN,Asset Management,0.8821,0.49046,624,,,,,,,,
DHF/GRX,Asset Management,0.9252,0.49047,624,,,,,,,,
PBHC/TFSL,Banks - Regional,0.8258,0.49048,624,,,,,,,,
EVT/GCV,Asset Management,0.9316,0.49049,624,,,,,,,,
IGR/MIN,Asset Management,0.8704,0.4905,624,,,,,,,,
JMM/RVT,Asset Management,0.9269,0.4905,624,,,,,,,,
FTA/PFM,Unknown,0.9874,0.4905,624,,,,,,,,
BYM/TROW,Asset Management,0.8858,0.49051,624,,,,,,,,
QQEW/QQQ,Unknown,0.989,0.49051,624,,,,,,,,
PFL/PFO,Asset Management,0.9455,0.49052,624,,,,,,,,
PCF/VGM,Asset Management,0.8573,0.49052,624,,,,,,,,
EVG/MPA,Asset Management,0.8516,0.49052,624,,,,,,,,
CATY/HDB,Banks - Regional,0.8957,0.49052,624,,,,,,,,
BME/PFG,Asset Management,0.8995,0.49054,624,,,,,,,,
BFC/MGYR,Banks - Regional,0.8787,0.49054,624,,,,,,,,
NTRS/NXJ,Asset Management,0.8966,0.49055,624,,,,,,,,
JQC/VCV,Asset Management,0.843,0.49056,624,,,,,,,,
NFJ/RFI,Asset Management,0.9525,0.49057,624,,,,,,,,
FMBH/UBFO,Banks - Regional,0.9009,0.49057,624,,,,,,,,
BOKF/BPOP,Banks - Regional,0.8925,0.49058,624,,,,,,,,
DNP/JEQ,Asset Management,0.8627,0.49058,624,,,,,,,,
GCV/SEIC,Asset Management,0.8289,0.49058,624,,,,,,,,
FAD/FTC,Unknown,0.998,0.4906,624,,,,,,,,
ETO/VLT,Asset Management,0.9742,0.49062,624,,,,,,,,
CGO/JOF,Asset Management,0.8879,0.49062,624,,,,,,,,
FISI/TFSL,Banks - Regional,0.837,0.49062,624,,,,,,,,
AMT/DLR,REIT - Specialty,0.9266,0.49062,624,,,,,,,,
BPOP/CHCO,Banks - Regional,0.9451,0.49064,624,,,,,,,,
GOF/PPT,Asset Management,0.9235,0.49065,624,,,,,,,,
PRFZ/RTH,Unknown,0.973,0.49066,624,,,,,,,,
CMA/INDB,Banks - Regional,0.9064,0.49066,624,,,,,,,,
BXMX/FT,Asset Management,0.9802,0.49067,624,,,,,,,,
NXC/PTY,Asset Management,0.8765,0.49068,624,,,,,,,,
CXE/IGR,Asset Management,0.8199,0.49068,624,,,,,,,,
AGD/AWP,Asset Management,0.8749,0.49069,624,,,,,,,,
SOR/STT,Asset Management,0.8772,0.49069,624,,,,,,,,
EFT/FUND,Asset Management,0.9361,0.4907,624,,,,,,,,
MCR/PHD,Asset Management,0.9243,0.49071,624,,,,,,,,
SYBT/UNTY,Banks - Regional,0.9472,0.49071,624,,,,,,,,
MKC/SJM,Packaged Foods,0.8421,0.49071,624,,,,,,,,
OPBK/WTBA,Banks - Regional,0.8998,0.49072,624,,,,,,,,
GLP/OKE,Oil & Gas Midstream,0.8973,0.49072,624,,,,,,,,
HPI/IIF,Asset Management,0.8412,0.49072,624,,,,,,,,
QQQX/RVT,Asset Management,0.9845,0.49073,624,,,,,,,,
FBNC/OBT,Banks - Regional,0.827,0.49073,624,,,,,,,,
EHI/RFI,Asset Management,0.9444,0.49074,624,,,,,,,,
MHI/NKX,Asset Management,0.8747,0.49074,624,,,,,,,,
CIF/GAB,Asset Management,0.8734,0.49075,624,,,,,,,,
OBT/ONB,Banks - Regional,0.8553,0.49076,624,,,,,,,,
MHF/PPT,Asset Management,0.9029,0.49077,624,,,,,,,,
CADE/FFIN,Banks - Regional,0.837,0.49077,624,,,,,,,,
EVN/WIW,Asset Management,0.8447,0.49079,624,,,,,,,,
FLEX/GLW,Electronic Components,0.8251,0.49081,624,,,,,,,,
GJO/VGSH,Unknown,0.9306,0.49081,624,,,,,,,,
GJO/SHY,Unknown,0.9238,0.49082,624,,,,,,,,
FLC/RCS,Asset Management,0.8189,0.49083,624,,,,,,,,
HALO/TECH,Biotechnology,0.8541,0.49083,624,,,,,,,,
IBB/IEF,Unknown,0.8324,0.49084,624,,,,,,,,
ETV/MPA,Asset Management,0.8945,0.49084,624,,,,,,,,
PCM/PMX,Asset Management,0.8097,0.49086,624,,,,,,,,
BNY/PZC,Asset Management,0.9346,0.49087,624,,,,,,,,
PFF/PSL,Unknown,0.9623,0.49087,624,,,,,,,,
HPI/TY,Asset Management,0.962,0.49088,624,,,,,,,,
GAB/JLS,Asset Management,0.862,0.49089,624,,,,,,,,
CVBF/PB,Banks - Regional,0.933,0.49089,624,,,,,,,,
PTY/SPXX,Asset Management,0.9631,0.49092,624,,,,,,,,
BX/TWN,Asset Management,0.9804,0.49092,624,,,,,,,,
STT/VVR,Asset Management,0.8218,0.49094,624,,,,,,,,
PLBC/SHBI,Banks - Regional,0.8057,0.49094,624,,,,,,,,
GABC/GSBC,Banks - Regional,0.9657,0.49095,624,,,,,,,,
CGO/NUW,Asset Management,0.8274,0.49096,624,,,,,,,,
FCCO/FDBC,Banks - Regional,0.8823,0.49097,624,,,,,,,,
HPF/JPC,Asset Management,0.9826,0.49097,624,,,,,,,,
AWP/ETV,Asset Management,0.9208,0.49097,624,,,,,,,,
FYX/SHY,Unknown,0.88,0.49098,624,,,,,,,,
FFC/RCS,Asset Management,0.8143,0.49099,624,,,,,,,,
BN/PMM,Asset Management,0.8689,0.49099,624,,,,,,,,
COLB/KRNY,Banks - Regional,0.8779,0.49099,624,,,,,,,,
JQC/SPXX,Asset Management,0.9546,0.49099,624,,,,,,,,
FMAO/HBNC,Banks - Regional,0.8993,0.49103,624,,,,,,,,
BHK/IQI,Asset Management,0.9743,0.49104,624,,,,,,,,
PFM/QTEC,Unknown,0.9785,0.49104,624,,,,,,,,
BME/HTD,Asset Management,0.9548,0.49104,624,,,,,,,,
FMY/PDT,Asset Management,0.891,0.49104,624,,,,,,,,
ITW/WTS,Specialty Industrial Machinery,0.9637,0.49105,624,,,,,,,,
CHW/IIM,Asset Management,0.894,0.49106,624,,,,,,,,
FFC/GRX,Asset Management,0.9535,0.49108,624,,,,,,,,
HYT/MPA,Asset Management,0.8921,0.49109,624,,,,,,,,
EVF/STT,Asset Management,0.8274,0.49109,624,,,,,,,,
BME/MCI,Asset Management,0.8481,0.4911,624,,,,,,,,
CBU/VABK,Banks - Regional,0.9003,0.4911,624,,,,,,,,
JLS/USA,Asset Management,0.868,0.49111,624,,,,,,,,
IGR/PPT,Asset Management,0.852,0.49112,624,,,,,,,,
BHK/VTN,Asset Management,0.9135,0.49112,624,,,,,,,,
PEBO/THFF,Banks - Regional,0.9431,0.49112,624,,,,,,,,
HTD/NNY,Asset Management,0.9023,0.49113,624,,,,,,,,
GABC/NBTB,Banks - Regional,0.9652,0.49114,624,,,,,,,,
JEQ/VKQ,Asset Management,0.8925,0.49115,624,,,,,,,,
JFR/PFL,Asset Management,0.927,0.49115,624,,,,,,,,
CSQ/EFT,Asset Management,0.9663,0.49115,624,,,,,,,,
KTN/SWZ,Unknown,0.9281,0.49116,624,,,,,,,,
ABCB/MOFG,Banks - Regional,0.8993,0.49116,624,,,,,,,,
GCBC/ONB,Banks - Regional,0.843,0.49116,624,,,,,,,,
DUK/EIX,Utilities - Regulated Electric,0.8911,0.49116,624,,,,,,,,
CHW/SBI,Asset Management,0.853,0.49116,624,,,,,,,,
CASH/SBFG,Banks - Regional,0.8787,0.49117,624,,,,,,,,
HPI/STK,Asset Management,0.8744,0.49118,624,,,,,,,,
HALO/REGN,Biotechnology,0.8303,0.49119,624,,,,,,,,
AWP/CHI,Asset Management,0.905,0.49119,624,,,,,,,,
GF/NEA,Asset Management,0.8702,0.4912,624,,,,,,,,
BANR/OZK,Banks - Regional,0.8811,0.4912,624,,,,,,,,
SBCF/STBA,Banks - Regional,0.86,0.4912,624,,,,,,,,
JKHY/LDOS,Information Technology Services,0.92,0.49123,624,,,,,,,,
EOT/UTF,Asset Management,0.8509,0.49124,624,,,,,,,,
OPBK/SFST,Banks - Regional,0.8381,0.49125,624,,,,,,,,
GF/NMI,Asset Management,0.8043,0.49125,624,,,,,,,,
MCN/RQI,Asset Management,0.9326,0.49125,624,,,,,,,,
FCT/HPS,Asset Management,0.9497,0.49126,624,,,,,,,,
BGT/EEA,Asset Management,0.9229,0.49128,624,,,,,,,,
FHI/MHF,Asset Management,0.8286,0.49128,624,,,,,,,,
BOH/TRST,Banks - Regional,0.9286,0.49129,624,,,,,,,,
IGA/RFI,Asset Management,0.9377,0.49129,624,,,,,,,,
JOF/VBF,Asset Management,0.8898,0.49129,624,,,,,,,,
EOI/RFI,Asset Management,0.9452,0.49129,624,,,,,,,,
HIO/MSD,Asset Management,0.9385,0.4913,624,,,,,,,,
OPBK/SSB,Banks - Regional,0.9294,0.49131,624,,,,,,,,
NEWT/PB,Banks - Regional,0.8371,0.49131,624,,,,,,,,
BTA/MPV,Asset Management,0.8138,0.49132,624,,,,,,,,
PIE/QQQ,Unknown,0.8158,0.49132,624,,,,,,,,
FAB/RTH,Unknown,0.9661,0.49132,624,,,,,,,,
ETY/FCT,Asset Management,0.9618,0.49132,624,,,,,,,,
EEA/FCT,Asset Management,0.9369,0.49133,624,,,,,,,,
PNFP/UBCP,Banks - Regional,0.9085,0.49133,624,,,,,,,,
GDV/JOF,Asset Management,0.8944,0.49134,624,,,,,,,,
COLB/ZION,Banks - Regional,0.8279,0.49135,624,,,,,,,,
PFN/RVT,Asset Management,0.9639,0.49136,624,,,,,,,,
BPOPM/SCZ,Unknown,0.9332,0.49137,624,,,,,,,,
FNLC/UBSI,Banks - Regional,0.9162,0.49137,624,,,,,,,,
CBAN/PPBI,Banks - Regional,0.908,0.49138,624,,,,,,,,
GAIN/SEIC,Asset Management,0.8558,0.49139,624,,,,,,,,
CSQ/ETY,Asset Management,0.9923,0.4914,624,,,,,,,,
ACNB/FCF,Banks - Regional,0.9546,0.4914,624,,,,,,,,
AN/SAH,Auto & Truck Dealerships,0.949,0.49142,624,,,,,,,,
HFBL/RVSB,Banks - Regional,0.884,0.49143,624,,,,,,,,
FLC/HIO,Asset Management,0.9396,0.49143,624,,,,,,,,
ASG/OIA,Asset Management,0.8986,0.49144,624,,,,,,,,
BOE/MYI,Asset Management,0.8103,0.49145,624,,,,,,,,
SFST/TOWN,Banks - Regional,0.8883,0.49146,624,,,,,,,,
BME/PSEC,Asset Management,0.8694,0.49147,624,,,,,,,,
HQL/SEIC,Asset Management,0.91,0.49147,624,,,,,,,,
AUB/GSBC,Banks - Regional,0.9646,0.49147,624,,,,,,,,
AFB/HPI,Asset Management,0.9111,0.4915,624,,,,,,,,
MUC/RFI,Asset Management,0.8332,0.4915,624,,,,,,,,
BPOP/PFBC,Banks - Regional,0.9313,0.49151,624,,,,,,,,
PDT/UTF,Asset Management,0.9581,0.49152,624,,,,,,,,
TXRH/YUM,Restaurants,0.9167,0.49153,624,,,,,,,,
AOD/SAR,Asset Management,0.9672,0.49153,624,,,,,,,,
RNST/ZION,Banks - Regional,0.85,0.49153,624,,,,,,,,
FEX/PUI,Unknown,0.9624,0.49154,624,,,,,,,,
FRA/WEA,Asset Management,0.8554,0.49155,624,,,,,,,,
ED/POR,Utilities - Regulated Electric,0.9331,0.49156,624,,,,,,,,
CATY/NWBI,Banks - Regional,0.939,0.49156,624,,,,,,,,
HPS/UTF,Asset Management,0.9734,0.49157,624,,,,,,,,
ISBA/OZK,Banks - Regional,0.8862,0.49157,624,,,,,,,,
BTZ/JPC,Asset Management,0.9645,0.49159,624,,,,,,,,
BND/PYT,Unknown,0.8911,0.49159,624,,,,,,,,
BDJ/ETW,Asset Management,0.9688,0.49159,624,,,,,,,,
FOF/VVR,Asset Management,0.9529,0.4916,624,,,,,,,,
EOD/VBF,Asset Management,0.8244,0.49161,624,,,,,,,,
IGR/MHF,Asset Management,0.902,0.49161,624,,,,,,,,
FT/JFR,Asset Management,0.9528,0.49164,624,,,,,,,,
LARK/UNTY,Banks - Regional,0.8149,0.49164,624,,,,,,,,
MHI/MUE,Asset Management,0.9064,0.49165,624,,,,,,,,
AOD/JLS,Asset Management,0.8521,0.49166,624,,,,,,,,
BRW/RVT,Asset Management,0.9202,0.49167,624,,,,,,,,
BTO/CHY,Asset Management,0.9219,0.49167,624,,,,,,,,
JEQ/MYI,Asset Management,0.9014,0.49167,624,,,,,,,,
CNS/MQT,Asset Management,0.8124,0.49168,624,,,,,,,,
BX/SPE,Asset Management,0.9599,0.49168,624,,,,,,,,
BR/MGIC,Information Technology Services,0.8366,0.49169,624,,,,,,,,
BGT/HIX,Asset Management,0.8366,0.4917,624,,,,,,,,
ETV/HYT,Asset Management,0.9766,0.4917,624,,,,,,,,
COLB/SBSI,Banks - Regional,0.8561,0.49171,624,,,,,,,,
BTO/JEQ,Asset Management,0.9158,0.49172,624,,,,,,,,
BN/GCV,Asset Management,0.8934,0.49173,624,,,,,,,,
AWP/FLC,Asset Management,0.9411,0.49173,624,,,,,,,,
EHI/HQL,Asset Management,0.8868,0.49174,624,,,,,,,,
BOKF/IBN,Banks - Regional,0.8239,0.49174,624,,,,,,,,
AIZ/RLI,Insurance - Property & Casualty,0.9608,0.49175,624,,,,,,,,
BTO/RMT,Asset Management,0.9479,0.49175,624,,,,,,,,
AB/IIF,Asset Management,0.863,0.49175,624,,,,,,,,
HOMB/ZIONP,Banks - Regional,0.906,0.49177,624,,,,,,,,
BCML/HIFS,Banks - Regional,0.8078,0.49178,624,,,,,,,,
CTSH/JKHY,Information Technology Services,0.8701,0.49178,624,,,,,,,,
MPV/SEIC,Asset Management,0.8854,0.49178,624,,,,,,,,
AX/VABK,Banks - Regional,0.889,0.49178,624,,,,,,,,
ETO/HQL,Asset Management,0.897,0.49179,624,,,,,,,,
BXMX/GDV,Asset Management,0.9874,0.49179,624,,,,,,,,
JQC/MMU,Asset Management,0.8006,0.4918,624,,,,,,,,
EVT/FHI,Asset Management,0.9365,0.49181,624,,,,,,,,
QCRH/WNEB,Banks - Regional,0.8021,0.49182,624,,,,,,,,
ALRS/BANR,Banks - Regional,0.8727,0.49182,624,,,,,,,,
CNS/NKX,Asset Management,0.8277,0.49183,624,,,,,,,,
ETJ/HPI,Asset Management,0.91,0.49183,624,,,,,,,,
IBCP/MOFG,Banks - Regional,0.8297,0.49183,624,,,,,,,,
ETJ/WIW,Asset Management,0.9104,0.49184,624,,,,,,,,
ABT/EW,Medical Devices,0.947,0.49184,624,,,,,,,,
MYN/PZC,Asset Management,0.9284,0.49184,624,,,,,,,,
COKE/KO,Beverages - Non-Alcoholic,0.8868,0.49186,624,,,,,,,,
EWBC/RNST,Banks - Regional,0.8347,0.49187,624,,,,,,,,
BOH/FHN,Banks - Regional,0.8442,0.49187,624,,,,,,,,
BCML/CFFI,Banks - Regional,0.8872,0.49188,624,,,,,,,,
FBNC/FDBC,Banks - Regional,0.9096,0.49188,624,,,,,,,,
FCT/MUA,Asset Management,0.8021,0.49188,624,,,,,,,,
CGO/MQT,Asset Management,0.8655,0.49188,624,,,,,,,,
LSCC/MCHP,Semiconductors,0.9143,0.49189,624,,,,,,,,
DHIL/ETJ,Asset Management,0.8032,0.49189,624,,,,,,,,
EVT/JHS,Asset Management,0.8681,0.4919,624,,,,,,,,
BTO/TROW,Asset Management,0.8594,0.49191,624,,,,,,,,
CHW/ETV,Asset Management,0.9533,0.49191,624,,,,,,,,
ETV/NXC,Asset Management,0.9001,0.49192,624,,,,,,,,
BANF/FUNC,Banks - Regional,0.9236,0.49197,624,,,,,,,,
SOTK/TRMB,Scientific & Technical Instruments,0.8159,0.49197,624,,,,,,,,
CATY/VLY,Banks - Regional,0.8214,0.49198,624,,,,,,,,
CNA/MCY,Insurance - Property & Casualty,0.8259,0.49199,624,,,,,,,,
CHCO/FFBC,Banks - Regional,0.8921,0.492,624,,,,,,,,
IGR/NMI,Asset Management,0.8375,0.49201,624,,,,,,,,
FT/GRX,Asset Management,0.9568,0.49202,624,,,,,,,,
BRW/CHI,Asset Management,0.8852,0.49203,624,,,,,,,,
HQL/MCN,Asset Management,0.8216,0.49204,624,,,,,,,,
PIO/QQQ,Unknown,0.9759,0.49204,624,,,,,,,,
EEA/ETJ,Asset Management,0.9365,0.49205,624,,,,,,,,
BCML/FISI,Banks - Regional,0.8537,0.49205,624,,,,,,,,
AIA/SHY,Unknown,0.8851,0.49207,624,,,,,,,,
JHI/RQI,Asset Management,0.9417,0.49207,624,,,,,,,,
FRA/FT,Asset Management,0.9449,0.49209,624,,,,,,,,
IGR/MQT,Asset Management,0.8878,0.4921,624,,,,,,,,
HPI/HQL,Asset Management,0.8925,0.4921,624,,,,,,,,
MAIN/PCF,Asset Management,0.9347,0.4921,624,,,,,,,,
OXSQ/PCN,Asset Management,0.8015,0.49211,624,,,,,,,,
MOFG/UBFO,Banks - Regional,0.8085,0.49211,624,,,,,,,,
TCBI/TRST,Banks - Regional,0.8288,0.49212,624,,,,,,,,
AX/MPB,Banks - Regional,0.8827,0.49213,624,,,,,,,,
FTA/QQEW,Unknown,0.9714,0.49213,624,,,,,,,,
FHN/NBTB,Banks - Regional,0.8696,0.49214,624,,,,,,,,
HAFC/TOWN,Banks - Regional,0.8043,0.49216,624,,,,,,,,
ETB/NAZ,Asset Management,0.8317,0.49219,624,,,,,,,,
PEZ/PNQI,Unknown,0.9397,0.4922,624,,,,,,,,
NQP/WIA,Asset Management,0.9123,0.4922,624,,,,,,,,
CZFS/FNB,Banks - Regional,0.8001,0.4922,624,,,,,,,,
GBCI/OSBC,Banks - Regional,0.9013,0.4922,624,,,,,,,,
FMY/USA,Asset Management,0.9208,0.4922,624,,,,,,,,
BOE/CII,Asset Management,0.982,0.49221,624,,,,,,,,
CBSH/TFC,Banks - Regional,0.9453,0.49222,624,,,,,,,,
GLAD/WIA,Asset Management,0.8049,0.49222,624,,,,,,,,
ASG/NIE,Asset Management,0.948,0.49223,624,,,,,,,,
JQC/OXSQ,Asset Management,0.8024,0.49224,624,,,,,,,,
SCZ/SWZ,Unknown,0.9525,0.49226,624,,,,,,,,
BCML/SBSI,Banks - Regional,0.8549,0.49227,624,,,,,,,,
PFN/PHD,Asset Management,0.9385,0.49227,624,,,,,,,,
BFC/BOTJ,Banks - Regional,0.8048,0.49232,624,,,,,,,,
GRX/MCR,Asset Management,0.9579,0.49232,624,,,,,,,,
TCBI/WSBC,Banks - Regional,0.8711,0.49233,624,,,,,,,,
ACNB/PLBC,Banks - Regional,0.9498,0.49235,624,,,,,,,,
AOD/RNP,Asset Management,0.9593,0.49235,624,,,,,,,,
BHK/CNS,Asset Management,0.8877,0.49235,624,,,,,,,,
NRK/PZC,Asset Management,0.8887,0.49235,624,,,,,,,,
EOI/MAIN,Asset Management,0.9762,0.49236,624,,,,,,,,
ETJ/JLS,Asset Management,0.8625,0.49237,624,,,,,,,,
ETV/VKQ,Asset Management,0.869,0.49237,624,,,,,,,,
AFB/HIX,Asset Management,0.8994,0.49239,624,,,,,,,,
FT/NXC,Asset Management,0.8757,0.4924,624,,,,,,,,
IFN/MCN,Asset Management,0.9587,0.4924,624,,,,,,,,
NUW/TROW,Asset Management,0.8208,0.49241,624,,,,,,,,
BRKR/DXCM,Medical Devices,0.9455,0.49241,624,,,,,,,,
CHI/ETB,Asset Management,0.9476,0.49242,624,,,,,,,,
BDJ/IGI,Asset Management,0.8218,0.49243,624,,,,,,,,
PFL/RMT,Asset Management,0.9594,0.49243,624,,,,,,,,
BCBP/FISI,Banks - Regional,0.8064,0.49244,624,,,,,,,,
CBSH/TOWN,Banks - Regional,0.9267,0.49247,624,,,,,,,,
PCM/PMM,Asset Management,0.9291,0.49248,624,,,,,,,,
EVT/NZF,Asset Management,0.8965,0.49249,624,,,,,,,,
CIF/NFJ,Asset Management,0.8848,0.49249,624,,,,,,,,
EHI/MPA,Asset Management,0.9219,0.49252,624,,,,,,,,
ACNB/FNLC,Banks - Regional,0.9327,0.49252,624,,,,,,,,
OIA/STEW,Asset Management,0.8664,0.49253,624,,,,,,,,
FR/LXP,REIT - Industrial,0.9296,0.49254,624,,,,,,,,
CFR/TFC,Banks - Regional,0.8821,0.49254,624,,,,,,,,
CNOB/LCNB,Banks - Regional,0.9018,0.49254,624,,,,,,,,
FITB/INDB,Banks - Regional,0.8377,0.49255,624,,,,,,,,
MAV/PMX,Asset Management,0.8084,0.49255,624,,,,,,,,
HFWA/ONB,Banks - Regional,0.8804,0.49255,624,,,,,,,,
EFT/PFN,Asset Management,0.9281,0.49256,624,,,,,,,,
FTC/PRN,Unknown,0.985,0.49256,624,,,,,,,,
BTO/STEW,Asset Management,0.9378,0.49256,624,,,,,,,,
FT/IGD,Asset Management,0.9497,0.49257,624,,,,,,,,
PFS/PROV,Banks - Regional,0.8619,0.49258,624,,,,,,,,
BYM/JEQ,Asset Management,0.8913,0.49258,624,,,,,,,,
BKN/ETJ,Asset Management,0.8275,0.4926,624,,,,,,,,
MNSB/RNST,Banks - Regional,0.8264,0.49261,624,,,,,,,,
FMBH/INBK,Banks - Regional,0.8346,0.49262,624,,,,,,,,
CSWC/IIF,Asset Management,0.9188,0.49263,624,,,,,,,,
BCBP/ZION,Banks - Regional,0.8843,0.49264,624,,,,,,,,
EFSC/TRST,Banks - Regional,0.9304,0.4927,624,,,,,,,,
FITB/OBT,Banks - Regional,0.8997,0.49271,624,,,,,,,,
CNOB/OPBK,Banks - Regional,0.9092,0.49272,624,,,,,,,,
STC/WRB,Insurance - Property & Casualty,0.8877,0.49272,624,,,,,,,,
IEUS/KTH,Unknown,0.9283,0.49274,624,,,,,,,,
GOF/NFJ,Asset Management,0.9647,0.49275,624,,,,,,,,
EOS/ETO,Asset Management,0.9826,0.49275,624,,,,,,,,
FAB/SWZ,Unknown,0.9673,0.49276,624,,,,,,,,
BCML/ONB,Banks - Regional,0.9141,0.49278,624,,,,,,,,
AWP/USA,Asset Management,0.9055,0.49278,624,,,,,,,,
A/RDNT,Diagnostics & Research,0.8124,0.49278,624,,,,,,,,
BLK/RJF,Asset Management,0.9577,0.49279,624,,,,,,,,
AIA/EMB,Unknown,0.903,0.49279,624,,,,,,,,
HBNC/LCNB,Banks - Regional,0.9132,0.49279,624,,,,,,,,
BGY/DSU,Asset Management,0.9512,0.4928,624,,,,,,,,
DHIL/IGA,Asset Management,0.852,0.4928,624,,,,,,,,
DNP/NIE,Asset Management,0.9137,0.4928,624,,,,,,,,
BXMX/JRS,Asset Management,0.9329,0.49281,624,,,,,,,,
CASH/SBSI,Banks - Regional,0.8564,0.49281,624,,,,,,,,
HOMB/WTFC,Banks - Regional,0.9146,0.49281,624,,,,,,,,
JHI/RCS,Asset Management,0.8092,0.49282,624,,,,,,,,
JCE/JLS,Asset Management,0.8937,0.49282,624,,,,,,,,
EOI/MCN,Asset Management,0.9618,0.49285,624,,,,,,,,
BTO/WIA,Asset Management,0.8417,0.49287,624,,,,,,,,
TROW/UTF,Asset Management,0.8899,0.49287,624,,,,,,,,
CADE/NBTB,Banks - Regional,0.9349,0.49289,624,,,,,,,,
DTE/NWE,Utilities - Regulated Electric,0.9239,0.49291,624,,,,,,,,
MGYR/UBFO,Banks - Regional,0.91,0.49291,624,,,,,,,,
GF/VBF,Asset Management,0.8634,0.49292,624,,,,,,,,
BCML/HFBL,Banks - Regional,0.8182,0.49294,624,,,,,,,,
BOE/JPC,Asset Management,0.9032,0.49295,624,,,,,,,,
NTRS/PML,Asset Management,0.8271,0.49295,624,,,,,,,,
EFR/GRX,Asset Management,0.8935,0.49296,624,,,,,,,,
HFWA/MBWM,Banks - Regional,0.8374,0.49296,624,,,,,,,,
BTZ/KTF,Asset Management,0.8445,0.49297,624,,,,,,,,
GJS/PHO,Unknown,0.9431,0.49303,624,,,,,,,,
FE/SO,Utilities - Regulated Electric,0.8954,0.49303,624,,,,,,,,
HBNC/NBTB,Banks - Regional,0.8986,0.49303,624,,,,,,,,
FFA/PPT,Asset Management,0.8863,0.49305,624,,,,,,,,
CSQ/OIA,Asset Management,0.8654,0.49307,624,,,,,,,,
IGA/PFL,Asset Management,0.9454,0.49308,624,,,,,,,,
CIF/HIX,Asset Management,0.9581,0.49308,624,,,,,,,,
DNP/HTD,Asset Management,0.9765,0.49311,624,,,,,,,,
GAIN/IIF,Asset Management,0.9122,0.49311,624,,,,,,,,
BN/MHF,Asset Management,0.9154,0.49312,624,,,,,,,,
FMBH/MTB,Banks - Regional,0.9204,0.49313,624,,,,,,,,
CNS/PFL,Asset Management,0.9249,0.49313,624,,,,,,,,
AWF/NUW,Asset Management,0.8542,0.49313,624,,,,,,,,
ETW/IGI,Asset Management,0.8865,0.49313,624,,,,,,,,
GAM/PSEC,Asset Management,0.8071,0.49313,624,,,,,,,,
MFIC/PCF,Asset Management,0.8071,0.49315,624,,,,,,,,
HBAN/HDB,Banks - Regional,0.9141,0.49316,624,,,,,,,,
AGD/HPI,Asset Management,0.871,0.49316,624,,,,,,,,
IGA/PFN,Asset Management,0.9464,0.49316,624,,,,,,,,
GAM/RNP,Asset Management,0.9494,0.49316,624,,,,,,,,
JBK/PEY,Unknown,0.9473,0.49318,624,,,,,,,,
JFR/NFJ,Asset Management,0.9492,0.49318,624,,,,,,,,
MVF/PFN,Asset Management,0.8424,0.49318,624,,,,,,,,
BNY/MHI,Asset Management,0.9114,0.49319,624,,,,,,,,
AGD/VVR,Asset Management,0.9116,0.49321,624,,,,,,,,
DVY/PTF,Unknown,0.9306,0.49321,624,,,,,,,,
NUW/WIW,Asset Management,0.807,0.49322,624,,,,,,,,
OZK/WSBF,Banks - Regional,0.8372,0.49322,624,,,,,,,,
JPC/NXP,Asset Management,0.9379,0.49323,624,,,,,,,,
ETV/WIW,Asset Management,0.8857,0.49323,624,,,,,,,,
DNP/MCN,Asset Management,0.9015,0.49323,624,,,,,,,,
MNSB/UCB,Banks - Regional,0.9129,0.49323,624,,,,,,,,
GDO/PFL,Asset Management,0.9696,0.49324,624,,,,,,,,
BN/HTD,Asset Management,0.9478,0.49325,624,,,,,,,,
BTO/NIE,Asset Management,0.9158,0.49327,624,,,,,,,,
KEY/RF,Banks - Regional,0.9038,0.49329,624,,,,,,,,
PNQI/PTH,Unknown,0.9525,0.49332,624,,,,,,,,
FNWD/VABK,Banks - Regional,0.8389,0.49332,624,,,,,,,,
EXG/PAI,Asset Management,0.8579,0.49332,624,,,,,,,,
HTBK/TFC,Banks - Regional,0.8762,0.49333,624,,,,,,,,
BANC/WAFD,Banks - Regional,0.814,0.49334,624,,,,,,,,
HQL/NNY,Asset Management,0.8892,0.49335,624,,,,,,,,
IIM/RQI,Asset Management,0.8978,0.49336,624,,,,,,,,
CGO/NRK,Asset Management,0.8871,0.49336,624,,,,,,,,
AWP/HPF,Asset Management,0.9402,0.49338,624,,,,,,,,
FEX/PRN,Unknown,0.9815,0.49338,624,,,,,,,,
FULT/PNC,Banks - Regional,0.9371,0.49339,624,,,,,,,,
CB/STC,Insurance - Property & Casualty,0.9318,0.4934,624,,,,,,,,
BUSE/TCBK,Banks - Regional,0.9224,0.49341,624,,,,,,,,
FSFG/TCBK,Banks - Regional,0.9361,0.49342,624,,,,,,,,
GF/KF,Asset Management,0.8669,0.49342,624,,,,,,,,
BFC/PLBC,Banks - Regional,0.9732,0.49342,624,,,,,,,,
BUSE/ONB,Banks - Regional,0.9084,0.49343,624,,,,,,,,
IIM/PIM,Asset Management,0.8581,0.49345,624,,,,,,,,
OPBK/TFC,Banks - Regional,0.8746,0.49345,624,,,,,,,,
ASG/ETG,Asset Management,0.9421,0.49345,624,,,,,,,,
FRA/PFG,Asset Management,0.9336,0.49345,624,,,,,,,,
NFBK/PROV,Banks - Regional,0.864,0.49346,624,,,,,,,,
CGO/GDO,Asset Management,0.9393,0.49346,624,,,,,,,,
STBA/UBSI,Banks - Regional,0.9054,0.49347,624,,,,,,,,
MNSB/PFIS,Banks - Regional,0.8735,0.49348,624,,,,,,,,
GDL/MCI,Asset Management,0.9175,0.49349,624,,,,,,,,
BME/IGD,Asset Management,0.8939,0.49349,624,,,,,,,,
ALGN/TFX,Medical Instruments & Supplies,0.8814,0.4935,624,,,,,,,,
ED/XEL,Utilities - Regulated Electric,0.94,0.49351,624,,,,,,,,
PIZ/PTF,Unknown,0.941,0.49351,624,,,,,,,,
MMT/RCS,Asset Management,0.8331,0.49351,624,,,,,,,,
FNX/PYZ,Unknown,0.9774,0.49352,624,,,,,,,,
ACWI/FAB,Unknown,0.9799,0.49352,624,,,,,,,,
CWT/PCYO,Utilities - Regulated Water,0.9167,0.49354,624,,,,,,,,
MPB/OSBC,Banks - Regional,0.9533,0.49354,624,,,,,,,,
BTA/UTF,Asset Management,0.9249,0.49355,624,,,,,,,,
SBSI/TFSL,Banks - Regional,0.9065,0.49355,624,,,,,,,,
MYI/WIA,Asset Management,0.8554,0.49356,624,,,,,,,,
GSBC/PB,Banks - Regional,0.9372,0.49357,624,,,,,,,,
JCE/RQI,Asset Management,0.9617,0.49358,624,,,,,,,,
CIF/STEW,Asset Management,0.8523,0.49358,624,,,,,,,,
OC/ROCK,Building Products & Equipment,0.8044,0.49358,624,,,,,,,,
BDJ/EFR,Asset Management,0.956,0.49358,624,,,,,,,,
GRX/MVT,Asset Management,0.8176,0.49359,624,,,,,,,,
BN/JHI,Asset Management,0.9285,0.49359,624,,,,,,,,
CINF/L,Insurance - Property & Casualty,0.8853,0.49359,624,,,,,,,,
HIX/PML,Asset Management,0.8133,0.4936,624,,,,,,,,
JEQ/KF,Asset Management,0.8366,0.4936,624,,,,,,,,
LKFN/WABC,Banks - Regional,0.8539,0.49361,624,,,,,,,,
FEX/PNQI,Unknown,0.9134,0.49361,624,,,,,,,,
ETV/PHD,Asset Management,0.9428,0.49363,624,,,,,,,,
HIO/NAZ,Asset Management,0.8249,0.49365,624,,,,,,,,
HIO/VVR,Asset Management,0.9112,0.49365,624,,,,,,,,
ASG/BX,Asset Management,0.8569,0.49365,624,,,,,,,,
CBAN/PEBO,Banks - Regional,0.9193,0.49366,624,,,,,,,,
AUB/ZIONP,Banks - Regional,0.8992,0.49366,624,,,,,,,,
MCI/UTF,Asset Management,0.8861,0.49367,624,,,,,,,,
GAIN/IGD,Asset Management,0.9447,0.4937,624,,,,,,,,
MFC/PRU,Insurance - Life,0.9167,0.4937,624,,,,,,,,
GAB/MCR,Asset Management,0.9143,0.4937,624,,,,,,,,
BOE/ETB,Asset Management,0.9601,0.4937,624,,,,,,,,
ABCB/FBNC,Banks - Regional,0.9436,0.49371,624,,,,,,,,
EMD/PPT,Asset Management,0.8623,0.49371,624,,,,,,,,
SFST/USB,Banks - Regional,0.9399,0.49372,624,,,,,,,,
EVF/JLS,Asset Management,0.8871,0.49372,624,,,,,,,,
HIX/PFN,Asset Management,0.9458,0.49373,624,,,,,,,,
AWF/NXC,Asset Management,0.8732,0.49373,624,,,,,,,,
BCML/TFC,Banks - Regional,0.8427,0.49373,624,,,,,,,,
SIMO/UMC,Semiconductors,0.8257,0.49373,624,,,,,,,,
BOE/BTO,Asset Management,0.9373,0.49374,624,,,,,,,,
MUJ/NPV,Asset Management,0.9276,0.49376,624,,,,,,,,
BRW/JOF,Asset Management,0.8341,0.49376,624,,,,,,,,
FAB/QTEC,Unknown,0.9516,0.49378,624,,,,,,,,
ETV/FCT,Asset Management,0.9549,0.49378,624,,,,,,,,
CINF/DGICA,Insurance - Property & Casualty,0.9064,0.49379,624,,,,,,,,
BOKF/FCBC,Banks - Regional,0.943,0.4938,624,,,,,,,,
BGT/GRX,Asset Management,0.8667,0.49381,624,,,,,,,,
BTO/HTD,Asset Management,0.9588,0.49381,624,,,,,,,,
ALRS/SYBT,Banks - Regional,0.8217,0.49382,624,,,,,,,,
HBAN/HOMB,Banks - Regional,0.9393,0.49382,624,,,,,,,,
BHK/JEQ,Asset Management,0.9288,0.49383,624,,,,,,,,
IEI/JBK,Unknown,0.9016,0.49384,624,,,,,,,,
GJR/PIZ,Unknown,0.883,0.49386,624,,,,,,,,
ETV/EVN,Asset Management,0.8844,0.49388,624,,,,,,,,
JQC/MUJ,Asset Management,0.8544,0.49388,624,,,,,,,,
CFR/FUNC,Banks - Regional,0.8934,0.49389,624,,,,,,,,
BGT/CNS,Asset Management,0.913,0.4939,624,,,,,,,,
EFSC/SSB,Banks - Regional,0.9314,0.4939,624,,,,,,,,
NQP/PNF,Asset Management,0.8416,0.49391,624,,,,,,,,
EVG/UTF,Asset Management,0.9594,0.49391,624,,,,,,,,
EME/PWR,Engineering & Construction,0.9671,0.49392,624,,,,,,,,
AX/CWBC,Banks - Regional,0.8607,0.49393,624,,,,,,,,
CIF/HQL,Asset Management,0.876,0.49393,624,,,,,,,,
CCBG/FFIN,Banks - Regional,0.8672,0.49393,624,,,,,,,,
JPM/RY,Banks - Diversified,0.9658,0.49393,624,,,,,,,,
ON/STM,Semiconductors,0.9026,0.49394,624,,,,,,,,
BFZ/DSM,Asset Management,0.9413,0.49394,624,,,,,,,,
EEA/WIA,Asset Management,0.8527,0.49394,624,,,,,,,,
IDXX/QGEN,Diagnostics & Research,0.939,0.49394,624,,,,,,,,
GF/NVG,Asset Management,0.878,0.49395,624,,,,,,,,
GRX/MYD,Asset Management,0.8716,0.49395,624,,,,,,,,
EEA/VBF,Asset Management,0.8786,0.49395,624,,,,,,,,
SHBI/WSBF,Banks - Regional,0.8692,0.49395,624,,,,,,,,
CATY/PWOD,Banks - Regional,0.8515,0.49396,624,,,,,,,,
CHI/OIA,Asset Management,0.866,0.49397,624,,,,,,,,
TOWN/ZION,Banks - Regional,0.9238,0.49398,624,,,,,,,,
CIF/TY,Asset Management,0.9309,0.49398,624,,,,,,,,
FBNC/SSB,Banks - Regional,0.8906,0.49399,624,,,,,,,,
HWC/SYBT,Banks - Regional,0.8776,0.49399,624,,,,,,,,
HBNC/TRMK,Banks - Regional,0.9377,0.494,624,,,,,,,,
BLE/GF,Asset Management,0.8471,0.494,624,,,,,,,,
BGY/RVT,Asset Management,0.9584,0.494,624,,,,,,,,
SNV/VABK,Banks - Regional,0.9122,0.494,624,,,,,,,,
HPF/TSI,Asset Management,0.964,0.494,624,,,,,,,,
CSWC/JQC,Asset Management,0.9388,0.49402,624,,,,,,,,
FSFG/THFF,Banks - Regional,0.9444,0.49403,624,,,,,,,,
HPF/JHI,Asset Management,0.9359,0.49403,624,,,,,,,,
FOF/MCN,Asset Management,0.9531,0.49403,624,,,,,,,,
BCML/EWBC,Banks - Regional,0.8712,0.49404,624,,,,,,,,
JLS/SAR,Asset Management,0.8751,0.49404,624,,,,,,,,
BFZ/HPI,Asset Management,0.8858,0.49404,624,,,,,,,,
AOD/SPXX,Asset Management,0.9682,0.49405,624,,,,,,,,
CHW/DHF,Asset Management,0.9625,0.49406,624,,,,,,,,
GF/VMO,Asset Management,0.8355,0.49406,624,,,,,,,,
HQL/STK,Asset Management,0.8047,0.49406,624,,,,,,,,
CATY/UBSI,Banks - Regional,0.9533,0.49407,624,,,,,,,,
MPA/PZC,Asset Management,0.8898,0.49407,624,,,,,,,,
JCE/NFJ,Asset Management,0.9713,0.49407,624,,,,,,,,
TSI/VMO,Asset Management,0.8716,0.49409,624,,,,,,,,
BTZ/MAIN,Asset Management,0.8862,0.49411,624,,,,,,,,
ADX/LGI,Asset Management,0.9796,0.49411,624,,,,,,,,
PFS/PNC,Banks - Regional,0.8454,0.49411,624,,,,,,,,
SHBI/TRMK,Banks - Regional,0.8683,0.49412,624,,,,,,,,
BDJ/CHY,Asset Management,0.9662,0.49412,624,,,,,,,,
NFBK/WSFS,Banks - Regional,0.8532,0.49412,624,,,,,,,,
SPXX/TWN,Asset Management,0.9112,0.49414,624,,,,,,,,
DSU/RCS,Asset Management,0.853,0.49415,624,,,,,,,,
GJS/QABA,Unknown,0.8826,0.49416,624,,,,,,,,
DY/PWR,Engineering & Construction,0.8205,0.49416,624,,,,,,,,
GF/NXN,Asset Management,0.8331,0.49416,624,,,,,,,,
PAI/PFN,Asset Management,0.9442,0.49416,624,,,,,,,,
ISBA/WAL,Banks - Regional,0.8343,0.49417,624,,,,,,,,
HQL/SPE,Asset Management,0.8414,0.49417,624,,,,,,,,
IGD/WEA,Asset Management,0.8608,0.49417,624,,,,,,,,
EVG/NIM,Asset Management,0.865,0.49417,624,,,,,,,,
HFBL/PB,Banks - Regional,0.875,0.49419,624,,,,,,,,
DTE/EIX,Utilities - Regulated Electric,0.891,0.49419,624,,,,,,,,
BME/PMO,Asset Management,0.9355,0.4942,624,,,,,,,,
DSU/ETJ,Asset Management,0.9434,0.4942,624,,,,,,,,
CGO/IQI,Asset Management,0.8789,0.49421,624,,,,,,,,
AVAV/GD,Aerospace & Defense,0.8592,0.49423,624,,,,,,,,
NFJ/STEW,Asset Management,0.9646,0.49423,624,,,,,,,,
DSM/MAV,Asset Management,0.8391,0.49423,624,,,,,,,,
MHF/STK,Asset Management,0.8621,0.49424,624,,,,,,,,
DNP/VBF,Asset Management,0.9155,0.49424,624,,,,,,,,
BBH/INDY,Unknown,0.8097,0.49424,624,,,,,,,,
BLW/SOR,Asset Management,0.979,0.49425,624,,,,,,,,
JQC/MCR,Asset Management,0.9282,0.49426,624,,,,,,,,
EFSC/FXNC,Banks - Regional,0.9015,0.49426,624,,,,,,,,
EOS/JMM,Asset Management,0.9139,0.49427,624,,,,,,,,
HYT/NQP,Asset Management,0.9163,0.49429,624,,,,,,,,
PHD/PMM,Asset Management,0.8465,0.49429,624,,,,,,,,
INTU/PAYX,Software - Application,0.9722,0.4943,624,,,,,,,,
FRST/THFF,Banks - Regional,0.8472,0.4943,624,,,,,,,,
CBAN/SRCE,Banks - Regional,0.9023,0.49431,624,,,,,,,,
JQC/NQP,Asset Management,0.8744,0.49432,624,,,,,,,,
CFFI/UMBF,Banks - Regional,0.8812,0.49433,624,,,,,,,,
FITB/ISBA,Banks - Regional,0.8253,0.49433,624,,,,,,,,
EHI/RCS,Asset Management,0.8303,0.49435,624,,,,,,,,
JRS/STK,Asset Management,0.8723,0.49435,624,,,,,,,,
HTD/IIF,Asset Management,0.8758,0.49435,624,,,,,,,,
LGI/PFN,Asset Management,0.96,0.49437,624,,,,,,,,
OSBC/SFNC,Banks - Regional,0.825,0.49437,624,,,,,,,,
MHI/VGM,Asset Management,0.9035,0.49437,624,,,,,,,,
EHI/NKX,Asset Management,0.9045,0.49438,624,,,,,,,,
EVT/VBF,Asset Management,0.9201,0.49438,624,,,,,,,,
NPV/NVG,Asset Management,0.9383,0.4944,624,,,,,,,,
BANF/ORRF,Banks - Regional,0.8169,0.4944,624,,,,,,,,
LGI/PIM,Asset Management,0.9058,0.4944,624,,,,,,,,
CHW/ETO,Asset Management,0.9652,0.49441,624,,,,,,,,
BHRB/CHMG,Banks - Regional,0.8321,0.49442,624,,,,,,,,
BANF/EWBC,Banks - Regional,0.9289,0.49442,624,,,,,,,,
GJR/INDY,Unknown,0.9525,0.49443,624,,,,,,,,
AWF/NVG,Asset Management,0.8761,0.49443,624,,,,,,,,
AZO/MLR,Auto Parts,0.8696,0.49443,624,,,,,,,,
EVT/LGI,Asset Management,0.9834,0.49444,624,,,,,,,,
NPO/RRX,Specialty Industrial Machinery,0.8818,0.49446,624,,,,,,,,
FHN/GABC,Banks - Regional,0.863,0.49447,624,,,,,,,,
OII/OIS,Oil & Gas Equipment & Services,0.896,0.49448,624,,,,,,,,
ADI/RMBS,Semiconductors,0.8138,0.49448,624,,,,,,,,
NWBI/TRST,Banks - Regional,0.9561,0.49449,624,,,,,,,,
CSGS/MSFT,Software - Infrastructure,0.8329,0.4945,624,,,,,,,,
NXJ/RQI,Asset Management,0.9448,0.49451,624,,,,,,,,
MBWM/SYBT,Banks - Regional,0.921,0.49452,624,,,,,,,,
ETJ/MHF,Asset Management,0.9034,0.49452,624,,,,,,,,
CW/LHX,Aerospace & Defense,0.8262,0.49452,624,,,,,,,,
SWKH/USA,Asset Management,0.8468,0.49452,624,,,,,,,,
HYT/MIY,Asset Management,0.8949,0.49453,624,,,,,,,,
BHRB/WTFC,Banks - Regional,0.8034,0.49454,624,,,,,,,,
CGO/MQY,Asset Management,0.8621,0.49456,624,,,,,,,,
CW/TDG,Aerospace & Defense,0.968,0.49457,624,,,,,,,,
DHF/RQI,Asset Management,0.9442,0.49458,624,,,,,,,,
CSQ/WIW,Asset Management,0.9108,0.49458,624,,,,,,,,
BFK/TROW,Asset Management,0.8415,0.49458,624,,,,,,,,
CBSH/CTBI,Banks - Regional,0.916,0.4946,624,,,,,,,,
PFD/SBI,Asset Management,0.9251,0.4946,624,,,,,,,,
ETG/SEIC,Asset Management,0.8996,0.4946,624,,,,,,,,
ACWI/IMCV,Unknown,0.9794,0.49462,624,,,,,,,,
FXNC/PB,Banks - Regional,0.8414,0.49463,624,,,,,,,,
SNV/TFSL,Banks - Regional,0.8318,0.49464,624,,,,,,,,
EXG/HPS,Asset Management,0.9573,0.49464,624,,,,,,,,
BOKF/WAFD,Banks - Regional,0.9281,0.49464,624,,,,,,,,
CMS/NGG,Utilities - Regulated Electric,0.8975,0.49465,624,,,,,,,,
EVG/MQY,Asset Management,0.816,0.49465,624,,,,,,,,
ETV/PPT,Asset Management,0.9245,0.49466,624,,,,,,,,
FE/XEL,Utilities - Regulated Electric,0.8479,0.49467,624,,,,,,,,
CGO/VGM,Asset Management,0.8705,0.49467,624,,,,,,,,
EVF/MCR,Asset Management,0.91,0.49468,624,,,,,,,,
HPF/MMT,Asset Management,0.9612,0.49468,624,,,,,,,,
AROW/UBFO,Banks - Regional,0.8865,0.49468,624,,,,,,,,
FMBH/FNB,Banks - Regional,0.8142,0.49468,624,,,,,,,,
ALRS/FRST,Banks - Regional,0.8406,0.49469,624,,,,,,,,
BDJ/MCI,Asset Management,0.9066,0.49469,624,,,,,,,,
OIA/RMT,Asset Management,0.8845,0.4947,624,,,,,,,,
GDL/HTD,Asset Management,0.9671,0.49471,624,,,,,,,,
OZK/RF,Banks - Regional,0.819,0.49472,624,,,,,,,,
FAB/QABA,Unknown,0.9112,0.49472,624,,,,,,,,
AMAT/CAMT,Semiconductor Equipment & Materials,0.95,0.49472,624,,,,,,,,
ALRS/PFIS,Banks - Regional,0.8677,0.49474,624,,,,,,,,
IGD/PFL,Asset Management,0.9262,0.49474,624,,,,,,,,
CFR/NWBI,Banks - Regional,0.8764,0.49475,624,,,,,,,,
PNF/VTN,Asset Management,0.8872,0.49476,624,,,,,,,,
NXN/PHD,Asset Management,0.8558,0.49476,624,,,,,,,,
CNS/JFR,Asset Management,0.9002,0.49478,624,,,,,,,,
ABCB/BCML,Banks - Regional,0.912,0.49478,624,,,,,,,,
CFR/FBIZ,Banks - Regional,0.9,0.49478,624,,,,,,,,
ALRS/CWBC,Banks - Regional,0.8691,0.49478,624,,,,,,,,
MCI/QQQX,Asset Management,0.8939,0.4948,624,,,,,,,,
FT/STT,Asset Management,0.8417,0.49482,624,,,,,,,,
BCBP/FMNB,Banks - Regional,0.8727,0.49483,624,,,,,,,,
PCF/VCV,Asset Management,0.8588,0.49484,624,,,,,,,,
IMCV/JBK,Unknown,0.9368,0.49484,624,,,,,,,,
UBCP/ZIONP,Banks - Regional,0.8367,0.49484,624,,,,,,,,
EFR/SCD,Asset Management,0.971,0.49485,624,,,,,,,,
CII/EVT,Asset Management,0.9857,0.49485,624,,,,,,,,
JCI/TT,Building Products & Equipment,0.9228,0.49486,624,,,,,,,,
PIO/PRN,Unknown,0.9665,0.49488,624,,,,,,,,
ALGT/ALK,Airlines,0.8052,0.49488,624,,,,,,,,
HRL/JBSS,Packaged Foods,0.8474,0.49488,624,,,,,,,,
CHW/CNS,Asset Management,0.9322,0.4949,624,,,,,,,,
BLK/NTRS,Asset Management,0.8877,0.4949,624,,,,,,,,
CBT/ODC,Specialty Chemicals,0.8443,0.4949,624,,,,,,,,
EVT/PDT,Asset Management,0.9541,0.49491,624,,,,,,,,
FFIN/FITB,Banks - Regional,0.9213,0.49492,624,,,,,,,,
CXE/ETV,Asset Management,0.8024,0.49492,624,,,,,,,,
FCBC/TOWN,Banks - Regional,0.9488,0.49493,624,,,,,,,,
BCBP/HBAN,Banks - Regional,0.8536,0.49494,624,,,,,,,,
IFN/WEA,Asset Management,0.843,0.49494,624,,,,,,,,
IJT/PUI,Unknown,0.9612,0.49494,624,,,,,,,,
BRW/BTA,Asset Management,0.8147,0.49494,624,,,,,,,,
BSRR/GSBC,Banks - Regional,0.932,0.49494,624,,,,,,,,
ETG/FHI,Asset Management,0.9374,0.49495,624,,,,,,,,
CADE/OZK,Banks - Regional,0.8682,0.49497,624,,,,,,,,
EHI/NPV,Asset Management,0.8648,0.49498,624,,,,,,,,
GSBC/THFF,Banks - Regional,0.9488,0.49498,624,,,,,,,,
EVG/NAD,Asset Management,0.8573,0.49498,624,,,,,,,,
BME/HPS,Asset Management,0.9593,0.49498,624,,,,,,,,
AOS/WTS,Specialty Industrial Machinery,0.9011,0.49499,624,,,,,,,,
IUSV/JSM,Unknown,0.907,0.495,624,,,,,,,,
FAB/FEX,Unknown,0.9903,0.495,624,,,,,,,,
BSRR/ZIONP,Banks - Regional,0.9148,0.49501,624,,,,,,,,
PGC/UBFO,Banks - Regional,0.8718,0.49502,624,,,,,,,,
MAIN/SEIC,Asset Management,0.9031,0.49503,624,,,,,,,,
GRX/SPE,Asset Management,0.916,0.49503,624,,,,,,,,
UMBF/VABK,Banks - Regional,0.8614,0.49503,624,,,,,,,,
AGD/FLC,Asset Management,0.8438,0.49503,624,,,,,,,,
FRME/TCBK,Banks - Regional,0.9603,0.49504,624,,,,,,,,
FT/PFN,Asset Management,0.9663,0.49505,624,,,,,,,,
JLS/PHD,Asset Management,0.9077,0.49505,624,,,,,,,,
MPV/PCN,Asset Management,0.9073,0.49508,624,,,,,,,,
NWBI/RF,Banks - Regional,0.8676,0.49508,624,,,,,,,,
CXH/HIX,Asset Management,0.8847,0.49508,624,,,,,,,,
ETG/FT,Asset Management,0.9826,0.49509,624,,,,,,,,
CNMD/MDT,Medical Devices,0.8902,0.4951,624,,,,,,,,
UBSI/UMBF,Banks - Regional,0.8861,0.4951,624,,,,,,,,
SPE/WEA,Asset Management,0.8947,0.49512,624,,,,,,,,
ETV/MIY,Asset Management,0.9013,0.49513,624,,,,,,,,
JBK/JSM,Unknown,0.9561,0.49516,624,,,,,,,,
DSU/SEIC,Asset Management,0.8885,0.49516,624,,,,,,,,
FISI/PWOD,Banks - Regional,0.8169,0.49516,624,,,,,,,,
BFK/CHN,Asset Management,0.8251,0.49516,624,,,,,,,,
IEUS/IJT,Unknown,0.9656,0.49517,624,,,,,,,,
BLW/RMT,Asset Management,0.9723,0.49518,624,,,,,,,,
GDV/MCN,Asset Management,0.9514,0.49518,624,,,,,,,,
CHY/SPE,Asset Management,0.9536,0.49519,624,,,,,,,,
JRS/SEIC,Asset Management,0.8832,0.49523,624,,,,,,,,
HIO/LGI,Asset Management,0.9695,0.49523,624,,,,,,,,
AUB/CCBG,Banks - Regional,0.8907,0.49524,624,,,,,,,,
KDP/PEP,Beverages - Non-Alcoholic,0.9675,0.49527,624,,,,,,,,
GF/PMM,Asset Management,0.8743,0.49527,624,,,,,,,,
FXNC/TOWN,Banks - Regional,0.8923,0.4953,624,,,,,,,,
AOD/NIE,Asset Management,0.9801,0.49531,624,,,,,,,,
BN/VVR,Asset Management,0.9312,0.49531,624,,,,,,,,
PHO/QQEW,Unknown,0.9858,0.49531,624,,,,,,,,
BBH/IMCV,Unknown,0.897,0.49532,624,,,,,,,,
GLAD/MIN,Asset Management,0.8359,0.49533,624,,,,,,,,
BDJ/VBF,Asset Management,0.8954,0.49533,624,,,,,,,,
ASG/NAZ,Asset Management,0.8299,0.49534,624,,,,,,,,
JOF/STT,Asset Management,0.8685,0.49535,624,,,,,,,,
FHI/MCR,Asset Management,0.8552,0.49535,624,,,,,,,,
CNOB/ISBA,Banks - Regional,0.8729,0.49536,624,,,,,,,,
BOE/HIO,Asset Management,0.9489,0.49537,624,,,,,,,,
BFC/SYBT,Banks - Regional,0.9451,0.49537,624,,,,,,,,
BOE/ETV,Asset Management,0.9641,0.49538,624,,,,,,,,
RBCAA/UCB,Banks - Regional,0.8558,0.49538,624,,,,,,,,
HQL/MSD,Asset Management,0.8233,0.49538,624,,,,,,,,
AWF/NMI,Asset Management,0.8597,0.49538,624,,,,,,,,
PTY/SEIC,Asset Management,0.8991,0.49539,624,,,,,,,,
UTF/VVR,Asset Management,0.9143,0.49539,624,,,,,,,,
CIF/IAE,Asset Management,0.8227,0.4954,624,,,,,,,,
CIF/EMF,Asset Management,0.8088,0.4954,624,,,,,,,,
DHIL/HQH,Asset Management,0.8939,0.4954,624,,,,,,,,
JEQ/SBI,Asset Management,0.8739,0.49541,624,,,,,,,,
RQI/STT,Asset Management,0.8327,0.49541,624,,,,,,,,
ASG/PFD,Asset Management,0.913,0.49541,624,,,,,,,,
EVT/SCD,Asset Management,0.9401,0.49542,624,,,,,,,,
HQH/SAR,Asset Management,0.8037,0.49542,624,,,,,,,,
EFT/ETB,Asset Management,0.9348,0.49543,624,,,,,,,,
MYD/VLT,Asset Management,0.8545,0.49544,624,,,,,,,,
GSBC/IBCP,Banks - Regional,0.9338,0.49544,624,,,,,,,,
ETV/NNY,Asset Management,0.8884,0.49545,624,,,,,,,,
AWP/MPA,Asset Management,0.8992,0.49545,624,,,,,,,,
EHI/PFN,Asset Management,0.9712,0.49546,624,,,,,,,,
BKN/RNP,Asset Management,0.862,0.49547,624,,,,,,,,
AAXJ/EMB,Unknown,0.885,0.49547,624,,,,,,,,
IQI/WIA,Asset Management,0.882,0.49548,624,,,,,,,,
PNFP/RBCAA,Banks - Regional,0.928,0.49549,624,,,,,,,,
ALRS/ONB,Banks - Regional,0.8466,0.49549,624,,,,,,,,
SCD/SPXX,Asset Management,0.9506,0.49549,624,,,,,,,,
PIPR/SCHW,Capital Markets,0.8461,0.49549,624,,,,,,,,
CGO/EVF,Asset Management,0.9126,0.49549,624,,,,,,,,
AWF/CNS,Asset Management,0.9333,0.4955,624,,,,,,,,
GAIN/PCF,Asset Management,0.9432,0.49551,624,,,,,,,,
ETJ/HPS,Asset Management,0.9384,0.49552,624,,,,,,,,
MNSB/WSFS,Banks - Regional,0.887,0.49553,624,,,,,,,,
BLW/PFD,Asset Management,0.8644,0.49553,624,,,,,,,,
NQP/PMX,Asset Management,0.9002,0.49554,624,,,,,,,,
BLW/NAD,Asset Management,0.893,0.49557,624,,,,,,,,
HQL/JLS,Asset Management,0.8789,0.49557,624,,,,,,,,
FHN/MBWM,Banks - Regional,0.8312,0.49559,624,,,,,,,,
BHLB/STBA,Banks - Regional,0.8387,0.49559,624,,,,,,,,
FFC/VPV,Asset Management,0.9584,0.4956,624,,,,,,,,
EEA/SOR,Asset Management,0.9582,0.4956,624,,,,,,,,
BTA/HTD,Asset Management,0.927,0.49561,624,,,,,,,,
EEA/MHF,Asset Management,0.8672,0.49561,624,,,,,,,,
MPV/PFN,Asset Management,0.9069,0.49562,624,,,,,,,,
FAB/FNX,Unknown,0.9939,0.49563,624,,,,,,,,
CFFI/EWBC,Banks - Regional,0.8957,0.49563,624,,,,,,,,
GAB/NZF,Asset Management,0.8309,0.49565,624,,,,,,,,
PMM/VLT,Asset Management,0.9237,0.49565,624,,,,,,,,
NEA/PCK,Asset Management,0.8264,0.49566,624,,,,,,,,
INDB/NBTB,Banks - Regional,0.9016,0.49567,624,,,,,,,,
CNS/STEW,Asset Management,0.9464,0.49568,624,,,,,,,,
FFIN/LCNB,Banks - Regional,0.8096,0.49568,624,,,,,,,,
FFIN/WTBA,Banks - Regional,0.9231,0.49573,624,,,,,,,,
AX/STBA,Banks - Regional,0.8731,0.49574,624,,,,,,,,
BLW/JEQ,Asset Management,0.9177,0.49575,624,,,,,,,,
CZFS/TOWN,Banks - Regional,0.8438,0.49576,624,,,,,,,,
ED/ES,Utilities - Regulated Electric,0.8537,0.49576,624,,,,,,,,
BFC/PNC,Banks - Regional,0.9309,0.49577,624,,,,,,,,
FCT/MUJ,Asset Management,0.8526,0.49577,624,,,,,,,,
GD/TDG,Aerospace & Defense,0.8986,0.49577,624,,,,,,,,
HIX/PCF,Asset Management,0.9382,0.49577,624,,,,,,,,
ARCC/HYT,Asset Management,0.9571,0.49578,624,,,,,,,,
EMD/NPV,Asset Management,0.8399,0.49579,624,,,,,,,,
IFN/MFIC,Asset Management,0.9004,0.49579,624,,,,,,,,
HPI/SOR,Asset Management,0.9318,0.4958,624,,,,,,,,
MHI/MYN,Asset Management,0.9254,0.49581,624,,,,,,,,
AOD/CNS,Asset Management,0.9538,0.49581,624,,,,,,,,
CNOB/SHBI,Banks - Regional,0.8744,0.49581,624,,,,,,,,
MSD/PIM,Asset Management,0.9182,0.49583,624,,,,,,,,
ETW/JHI,Asset Management,0.9242,0.49585,624,,,,,,,,
BOE/MUJ,Asset Management,0.8254,0.49585,624,,,,,,,,
WSBF/ZION,Banks - Regional,0.8965,0.49585,624,,,,,,,,
AAXJ/FYX,Unknown,0.8766,0.49586,624,,,,,,,,
MTH/SKY,Residential Construction,0.9078,0.49586,624,,,,,,,,
FFA/GRX,Asset Management,0.9366,0.49586,624,,,,,,,,
IGR/MUE,Asset Management,0.8706,0.49587,624,,,,,,,,
TSI/VCV,Asset Management,0.9009,0.49588,624,,,,,,,,
GOF/WIW,Asset Management,0.903,0.49589,624,,,,,,,,
FMAO/SNV,Banks - Regional,0.8469,0.49589,624,,,,,,,,
CBAN/CFR,Banks - Regional,0.875,0.49589,624,,,,,,,,
JRS/SPE,Asset Management,0.918,0.49589,624,,,,,,,,
CBU/TFSL,Banks - Regional,0.9172,0.4959,624,,,,,,,,
EVF/RQI,Asset Management,0.9233,0.49593,624,,,,,,,,
NRIM/ZIONP,Banks - Regional,0.8179,0.49593,624,,,,,,,,
BFC/HWBK,Banks - Regional,0.9419,0.49594,624,,,,,,,,
AIA/BJK,Unknown,0.8407,0.49596,624,,,,,,,,
AFG/TRV,Insurance - Property & Casualty,0.9638,0.49596,624,,,,,,,,
HYT/NIM,Asset Management,0.9088,0.49597,624,,,,,,,,
CNA/MKL,Insurance - Property & Casualty,0.9672,0.49598,624,,,,,,,,
FT/MCR,Asset Management,0.9596,0.49598,624,,,,,,,,
CTS/JBL,Electronic Components,0.8499,0.49599,624,,,,,,,,
IGR/NUV,Asset Management,0.8757,0.49601,624,,,,,,,,
CHI/GDL,Asset Management,0.9183,0.49602,624,,,,,,,,
BFK/JEQ,Asset Management,0.8569,0.49603,624,,,,,,,,
EVF/JHI,Asset Management,0.9124,0.49604,624,,,,,,,,
EOS/SOR,Asset Management,0.9782,0.49605,624,,,,,,,,
AWF/IIM,Asset Management,0.8589,0.49605,624,,,,,,,,
BFZ/RFI,Asset Management,0.8346,0.4961,624,,,,,,,,
CHT/CMCSA,Telecom Services,0.9129,0.49612,624,,,,,,,,
BFC/IBCP,Banks - Regional,0.9075,0.49612,624,,,,,,,,
PFI/SCZ,Unknown,0.9533,0.49613,624,,,,,,,,
ETW/RNP,Asset Management,0.9653,0.49614,624,,,,,,,,
AX/MTB,Banks - Regional,0.9115,0.49614,624,,,,,,,,
CHW/PHD,Asset Management,0.9252,0.49617,624,,,,,,,,
NTRS/VCV,Asset Management,0.8732,0.49618,624,,,,,,,,
ISBA/PFIS,Banks - Regional,0.8654,0.4962,624,,,,,,,,
EEA/IGI,Asset Management,0.8224,0.4962,624,,,,,,,,
MCI/PFG,Asset Management,0.8923,0.49621,624,,,,,,,,
HYT/NNY,Asset Management,0.8707,0.49621,624,,,,,,,,
EEA/GLAD,Asset Management,0.9089,0.49621,624,,,,,,,,
CSQ/RJF,Asset Management,0.9658,0.49622,624,,,,,,,,
PCQ/VTN,Asset Management,0.8128,0.49622,624,,,,,,,,
CXT/EMR,Specialty Industrial Machinery,0.9349,0.49622,624,,,,,,,,
NWBI/PROV,Banks - Regional,0.8487,0.49623,624,,,,,,,,
BGT/OIA,Asset Management,0.8133,0.49627,624,,,,,,,,
TOWN/UCB,Banks - Regional,0.9241,0.49628,624,,,,,,,,
PHO/PRN,Unknown,0.984,0.49628,624,,,,,,,,
CIF/PPT,Asset Management,0.9248,0.4963,624,,,,,,,,
FMN/WIW,Asset Management,0.8221,0.49632,624,,,,,,,,
CNP/DTE,Utilities - Regulated Electric,0.9411,0.49633,624,,,,,,,,
MGF/WIW,Asset Management,0.8582,0.49633,624,,,,,,,,
DIOD/ON,Semiconductors,0.8902,0.49634,624,,,,,,,,
BFIN/FFIC,Banks - Regional,0.8045,0.49634,624,,,,,,,,
MAIN/USA,Asset Management,0.9513,0.49635,624,,,,,,,,
BRKL/FDBC,Banks - Regional,0.8222,0.49636,624,,,,,,,,
BTA/EOI,Asset Management,0.8527,0.49636,624,,,,,,,,
AXP/V,Credit Services,0.9364,0.49636,624,,,,,,,,
ADX/PCM,Asset Management,0.8948,0.49636,624,,,,,,,,
DNP/PPT,Asset Management,0.9163,0.49638,624,,,,,,,,
NRK/PCK,Asset Management,0.8392,0.49638,624,,,,,,,,
EOD/EVF,Asset Management,0.9506,0.49639,624,,,,,,,,
HTGC/TSI,Asset Management,0.8715,0.49639,624,,,,,,,,
FMY/SPE,Asset Management,0.9203,0.49641,624,,,,,,,,
GSBC/SFNC,Banks - Regional,0.855,0.49642,624,,,,,,,,
MPA/RQI,Asset Management,0.9091,0.49644,624,,,,,,,,
MU/QCOM,Semiconductors,0.9342,0.49645,624,,,,,,,,
FSFG/SHBI,Banks - Regional,0.9016,0.49645,624,,,,,,,,
PCF/VKQ,Asset Management,0.8662,0.49646,624,,,,,,,,
HIFS/SRCE,Banks - Regional,0.8667,0.49646,624,,,,,,,,
FCT/MYI,Asset Management,0.8473,0.49646,624,,,,,,,,
CBAN/MBCN,Banks - Regional,0.8731,0.49646,624,,,,,,,,
AIA/PIO,Unknown,0.8951,0.49647,624,,,,,,,,
AWF/NXP,Asset Management,0.9272,0.49648,624,,,,,,,,
MDT/SRDX,Medical Devices,0.8061,0.49648,624,,,,,,,,
NEO/NEOG,Diagnostics & Research,0.8083,0.49648,624,,,,,,,,
PFG/PPT,Asset Management,0.805,0.49652,624,,,,,,,,
BCBP/CZNC,Banks - Regional,0.8828,0.49652,624,,,,,,,,
BTO/MPV,Asset Management,0.8769,0.49652,624,,,,,,,,
FTA/PFI,Unknown,0.9726,0.49654,624,,,,,,,,
ETB/MHN,Asset Management,0.8025,0.49657,624,,,,,,,,
AWP/IGD,Asset Management,0.8877,0.49658,624,,,,,,,,
CNO/UNM,Insurance - Life,0.8874,0.49658,624,,,,,,,,
PTH/QQXT,Unknown,0.9409,0.49658,624,,,,,,,,
FMAO/HBAN,Banks - Regional,0.8397,0.49658,624,,,,,,,,
JRS/SOR,Asset Management,0.9241,0.49659,624,,,,,,,,
MCR/NIE,Asset Management,0.9498,0.4966,624,,,,,,,,
BPOP/FCBC,Banks - Regional,0.9271,0.49663,624,,,,,,,,
BDJ/BGT,Asset Management,0.9406,0.49664,624,,,,,,,,
AWP/NAD,Asset Management,0.9136,0.49664,624,,,,,,,,
PFBC/SBCF,Banks - Regional,0.9066,0.49664,624,,,,,,,,
CCBG/THFF,Banks - Regional,0.9068,0.49664,624,,,,,,,,
FRA/MMT,Asset Management,0.8941,0.49666,624,,,,,,,,
ETY/JMM,Asset Management,0.8983,0.49666,624,,,,,,,,
SLM/V,Credit Services,0.8919,0.49666,624,,,,,,,,
NMZ/WIA,Asset Management,0.8866,0.49668,624,,,,,,,,
ALRS/VABK,Banks - Regional,0.8434,0.49668,624,,,,,,,,
BCBP/PPBI,Banks - Regional,0.8577,0.49669,624,,,,,,,,
PNC/QCRH,Banks - Regional,0.9565,0.49669,624,,,,,,,,
PFF/PTH,Unknown,0.9229,0.4967,624,,,,,,,,
PHD/SCD,Asset Management,0.965,0.4967,624,,,,,,,,
PSL/SOXX,Unknown,0.9246,0.4967,624,,,,,,,,
BLW/MYI,Asset Management,0.8783,0.4967,624,,,,,,,,
DTF/NMZ,Asset Management,0.9207,0.4967,624,,,,,,,,
CBU/ZIONP,Banks - Regional,0.8891,0.4967,624,,,,,,,,
BUSE/GSBC,Banks - Regional,0.9403,0.49673,624,,,,,,,,
DSU/EOD,Asset Management,0.9565,0.49674,624,,,,,,,,
PKBK/PPBI,Banks - Regional,0.8998,0.49674,624,,,,,,,,
GAM/LGI,Asset Management,0.9566,0.49674,624,,,,,,,,
AX/OBT,Banks - Regional,0.8999,0.49674,624,,,,,,,,
HDB/HOMB,Banks - Regional,0.8461,0.49675,624,,,,,,,,
FCBC/LARK,Banks - Regional,0.8093,0.49676,624,,,,,,,,
ATEC/SSKN,Medical Devices,0.822,0.49676,624,,,,,,,,
ETG/JLS,Asset Management,0.8908,0.49676,624,,,,,,,,
IEUS/PFF,Unknown,0.9586,0.49677,624,,,,,,,,
CUBE/PLD,REIT - Industrial,0.9656,0.49677,624,,,,,,,,
ALB/SQM,Specialty Chemicals,0.8648,0.49677,624,,,,,,,,
BCBP/WSBC,Banks - Regional,0.8386,0.4968,624,,,,,,,,
AMP/EOS,Asset Management,0.9422,0.49681,624,,,,,,,,
AWP/RQI,Asset Management,0.9459,0.49682,624,,,,,,,,
FDBC/FMNB,Banks - Regional,0.913,0.49683,624,,,,,,,,
EVF/FMY,Asset Management,0.9244,0.49683,624,,,,,,,,
HIFS/MTB,Banks - Regional,0.8666,0.49684,624,,,,,,,,
AWF/ETJ,Asset Management,0.937,0.49685,624,,,,,,,,
HOMB/OPBK,Banks - Regional,0.9169,0.49689,624,,,,,,,,
ETV/IQI,Asset Management,0.8836,0.49689,624,,,,,,,,
CHY/EFR,Asset Management,0.9452,0.49691,624,,,,,,,,
FFC/PNI,Asset Management,0.8067,0.49692,624,,,,,,,,
OSBC/PNC,Banks - Regional,0.9134,0.49692,624,,,,,,,,
DLB/GPN,Specialty Business Services,0.8149,0.49692,624,,,,,,,,
LULU/ROST,Apparel Retail,0.8716,0.49692,624,,,,,,,,
INDY/PNQI,Unknown,0.8554,0.49692,624,,,,,,,,
HDB/ONB,Banks - Regional,0.8789,0.49694,624,,,,,,,,
EMD/NAZ,Asset Management,0.8218,0.49694,624,,,,,,,,
CBRE/FRPH,Real Estate Services,0.8462,0.49694,624,,,,,,,,
ETJ/GRX,Asset Management,0.9441,0.49696,624,,,,,,,,
CZFS/MGYR,Banks - Regional,0.8926,0.49696,624,,,,,,,,
BME/NAD,Asset Management,0.9163,0.49696,624,,,,,,,,
DHF/PFG,Asset Management,0.857,0.49696,624,,,,,,,,
GLAD/HPF,Asset Management,0.8763,0.49697,624,,,,,,,,
MHF/QQQX,Asset Management,0.9245,0.49701,624,,,,,,,,
ETW/SBI,Asset Management,0.8592,0.49701,624,,,,,,,,
BGY/PCF,Asset Management,0.9333,0.49703,624,,,,,,,,
NMT/RFI,Asset Management,0.8338,0.49703,624,,,,,,,,
ETB/MUC,Asset Management,0.8032,0.49704,624,,,,,,,,
IGA/JLS,Asset Management,0.9201,0.49705,624,,,,,,,,
ASG/TSI,Asset Management,0.9195,0.49705,624,,,,,,,,
GPI/LAD,Auto & Truck Dealerships,0.8379,0.49705,624,,,,,,,,
MQT/TROW,Asset Management,0.8859,0.49706,624,,,,,,,,
BX/IGA,Asset Management,0.9198,0.49706,624,,,,,,,,
BXMX/MCR,Asset Management,0.9406,0.49706,624,,,,,,,,
BR/INFY,Information Technology Services,0.9203,0.49706,624,,,,,,,,
FRA/PFL,Asset Management,0.9031,0.49706,624,,,,,,,,
HYT/NAD,Asset Management,0.9028,0.49707,624,,,,,,,,
ESEA/GLBS,Marine Shipping,0.9423,0.49708,624,,,,,,,,
DHIL/GDV,Asset Management,0.8921,0.4971,624,,,,,,,,
AX/FCF,Banks - Regional,0.9489,0.4971,624,,,,,,,,
PCM/VGM,Asset Management,0.8718,0.49711,624,,,,,,,,
TFSL/TOWN,Banks - Regional,0.844,0.49711,624,,,,,,,,
IEX/NPO,Specialty Industrial Machinery,0.8208,0.49712,624,,,,,,,,
OBT/THFF,Banks - Regional,0.8042,0.49712,624,,,,,,,,
EVG/NXJ,Asset Management,0.9059,0.49715,624,,,,,,,,
BHK/CIF,Asset Management,0.9554,0.49715,624,,,,,,,,
NVG/WIW,Asset Management,0.9042,0.49715,624,,,,,,,,
HQH/PDT,Asset Management,0.8709,0.49715,624,,,,,,,,
FAB/IBB,Unknown,0.8654,0.49718,624,,,,,,,,
EVN/HQL,Asset Management,0.9087,0.49718,624,,,,,,,,
FTA/QQXT,Unknown,0.9777,0.49719,624,,,,,,,,
GJO/QABA,Unknown,0.8573,0.49719,624,,,,,,,,
HPI/VLT,Asset Management,0.9619,0.49719,624,,,,,,,,
EMD/PFL,Asset Management,0.8851,0.4972,624,,,,,,,,
AROW/CCBG,Banks - Regional,0.8281,0.4972,624,,,,,,,,
ACNB/WAL,Banks - Regional,0.8187,0.49723,624,,,,,,,,
HTGC/MCI,Asset Management,0.9616,0.49725,624,,,,,,,,
LKFN/UBFO,Banks - Regional,0.8511,0.49725,624,,,,,,,,
JHS/PCN,Asset Management,0.9299,0.49725,624,,,,,,,,
OSBC/WAL,Banks - Regional,0.8568,0.49725,624,,,,,,,,
ETV/PMM,Asset Management,0.9139,0.49725,624,,,,,,,,
RRC/SM,Oil & Gas E&P,0.9002,0.49725,624,,,,,,,,
CFFI/CNOB,Banks - Regional,0.8168,0.49725,624,,,,,,,,
LGI/PPT,Asset Management,0.9007,0.49725,624,,,,,,,,
GBCI/USB,Banks - Regional,0.9239,0.49727,624,,,,,,,,
IUSG/PFI,Unknown,0.9755,0.49727,624,,,,,,,,
BFK/TDF,Asset Management,0.8195,0.49729,624,,,,,,,,
QQQX/SWKH,Asset Management,0.8173,0.49731,624,,,,,,,,
KTH/PYZ,Unknown,0.9282,0.49731,624,,,,,,,,
ADI/NVEC,Semiconductors,0.8295,0.49732,624,,,,,,,,
CNS/PCM,Asset Management,0.8957,0.49732,624,,,,,,,,
ABCB/FRAF,Banks - Regional,0.929,0.49732,624,,,,,,,,
ED/PPL,Utilities - Regulated Electric,0.9043,0.49733,624,,,,,,,,
B/SA,Gold,0.8813,0.49735,624,,,,,,,,
AWF/HQL,Asset Management,0.8798,0.49736,624,,,,,,,,
ABCB/THFF,Banks - Regional,0.9569,0.49736,624,,,,,,,,
CIVB/ESSA,Banks - Regional,0.862,0.49737,624,,,,,,,,
ISBA/UBSI,Banks - Regional,0.8746,0.49739,624,,,,,,,,
PPBI/TCBK,Banks - Regional,0.8969,0.4974,624,,,,,,,,
PCN/VKQ,Asset Management,0.9049,0.49741,624,,,,,,,,
BHRB/SRCE,Banks - Regional,0.8143,0.49742,624,,,,,,,,
GF/IGI,Asset Management,0.8728,0.49742,624,,,,,,,,
NIE/WIA,Asset Management,0.8874,0.49742,624,,,,,,,,
HIO/JOF,Asset Management,0.8705,0.49744,624,,,,,,,,
UTF/WIW,Asset Management,0.9119,0.49744,624,,,,,,,,
ETO/JFR,Asset Management,0.9493,0.49744,624,,,,,,,,
CADE/TRMK,Banks - Regional,0.9367,0.49744,624,,,,,,,,
CIF/EMD,Asset Management,0.9026,0.49745,624,,,,,,,,
CARE/KEY,Banks - Regional,0.8021,0.49745,624,,,,,,,,
BFZ/HYT,Asset Management,0.8288,0.49746,624,,,,,,,,
SHY/SMH,Unknown,0.8865,0.49746,624,,,,,,,,
HFBL/SRCE,Banks - Regional,0.8431,0.49748,624,,,,,,,,
PMM/TROW,Asset Management,0.917,0.49748,624,,,,,,,,
BGY/HYT,Asset Management,0.9466,0.49748,624,,,,,,,,
GRX/SEIC,Asset Management,0.901,0.49748,624,,,,,,,,
FTA/QABA,Unknown,0.9138,0.49749,624,,,,,,,,
BTO/FUND,Asset Management,0.9219,0.49749,624,,,,,,,,
ES/NGG,Utilities - Regulated Electric,0.8078,0.49749,624,,,,,,,,
RCS/SOR,Asset Management,0.842,0.4975,624,,,,,,,,
BME/PAI,Asset Management,0.9038,0.4975,624,,,,,,,,
FUND/MPV,Asset Management,0.8892,0.4975,624,,,,,,,,
CNA/PGR,Insurance - Property & Casualty,0.8988,0.4975,624,,,,,,,,
HQL/MHD,Asset Management,0.8594,0.4975,624,,,,,,,,
CNP/PEG,Utilities - Regulated Electric,0.9149,0.49751,624,,,,,,,,
AWP/PMM,Asset Management,0.9199,0.49752,624,,,,,,,,
GRX/NMI,Asset Management,0.8839,0.49752,624,,,,,,,,
IUSV/PYZ,Unknown,0.9602,0.49752,624,,,,,,,,
JPC/SPXX,Asset Management,0.9309,0.49753,624,,,,,,,,
HFWA/PPBI,Banks - Regional,0.909,0.49754,624,,,,,,,,
EHI/MUJ,Asset Management,0.9277,0.49755,624,,,,,,,,
HFBL/OSBC,Banks - Regional,0.8563,0.49755,624,,,,,,,,
VGM/WIW,Asset Management,0.87,0.49756,624,,,,,,,,
CHI/GAIN,Asset Management,0.9538,0.49758,624,,,,,,,,
CSGS/DOX,Software - Infrastructure,0.9476,0.49758,624,,,,,,,,
GUT/QQQX,Asset Management,0.8138,0.4976,624,,,,,,,,
LEO/MMT,Asset Management,0.8687,0.4976,624,,,,,,,,
FCBC/MPB,Banks - Regional,0.9075,0.49761,624,,,,,,,,
EOD/EOS,Asset Management,0.9565,0.49761,624,,,,,,,,
ASG/FFC,Asset Management,0.9248,0.49762,624,,,,,,,,
EWBC/INDB,Banks - Regional,0.8324,0.49762,624,,,,,,,,
HWC/STBA,Banks - Regional,0.8632,0.49767,624,,,,,,,,
CMI/EMR,Specialty Industrial Machinery,0.9744,0.49768,624,,,,,,,,
AWP/PMX,Asset Management,0.8244,0.49768,624,,,,,,,,
EOD/GCV,Asset Management,0.8454,0.49771,624,,,,,,,,
EVT/TWN,Asset Management,0.9133,0.49771,624,,,,,,,,
OIA/SPXX,Asset Management,0.8978,0.49772,624,,,,,,,,
CSWC/FHI,Asset Management,0.9204,0.49772,624,,,,,,,,
DXCM/MASI,Medical Devices,0.8448,0.49773,624,,,,,,,,
NTRS/VBF,Asset Management,0.8959,0.49774,624,,,,,,,,
FBNC/LARK,Banks - Regional,0.8661,0.49774,624,,,,,,,,
CXT/WTS,Specialty Industrial Machinery,0.9386,0.49775,624,,,,,,,,
ETW/PFN,Asset Management,0.9719,0.49776,624,,,,,,,,
GAIN/PCM,Asset Management,0.8989,0.49777,624,,,,,,,,
AOD/JQC,Asset Management,0.9105,0.49777,624,,,,,,,,
BPOP/PEBO,Banks - Regional,0.8571,0.49778,624,,,,,,,,
DG/DLTR,Discount Stores,0.8727,0.49778,624,,,,,,,,
MUE/VTN,Asset Management,0.9658,0.49778,624,,,,,,,,
AWP/VTN,Asset Management,0.8476,0.49779,624,,,,,,,,
AUB/BANC,Banks - Regional,0.8243,0.49779,624,,,,,,,,
NCA/VLT,Asset Management,0.8699,0.49779,624,,,,,,,,
GUT/NZF,Asset Management,0.8287,0.49779,624,,,,,,,,
ASG/NXC,Asset Management,0.8663,0.4978,624,,,,,,,,
CZWI/TCBI,Banks - Regional,0.8256,0.49781,624,,,,,,,,
JCE/JOF,Asset Management,0.8533,0.49782,624,,,,,,,,
ITIC/RDN,Insurance - Specialty,0.8968,0.49782,624,,,,,,,,
BRW/HQL,Asset Management,0.8345,0.49783,624,,,,,,,,
ISBA/MBCN,Banks - Regional,0.8602,0.49783,624,,,,,,,,
CIVB/CZFS,Banks - Regional,0.872,0.49783,624,,,,,,,,
AIA/VMBS,Unknown,0.8615,0.49784,624,,,,,,,,
JBK/PUI,Unknown,0.9645,0.49787,624,,,,,,,,
PCN/VMO,Asset Management,0.8806,0.4979,624,,,,,,,,
SHY/VCLT,Unknown,0.8678,0.49791,624,,,,,,,,
BPOP/IBN,Banks - Regional,0.9518,0.49791,624,,,,,,,,
ASB/NBTB,Banks - Regional,0.93,0.49792,624,,,,,,,,
ASB/FCBC,Banks - Regional,0.9066,0.49793,624,,,,,,,,
PCN/PSEC,Asset Management,0.8288,0.49793,624,,,,,,,,
EHI/TWN,Asset Management,0.8401,0.49794,624,,,,,,,,
ETB/IGD,Asset Management,0.9503,0.49794,624,,,,,,,,
HIX/NTRS,Asset Management,0.8756,0.49794,624,,,,,,,,
BCML/FNB,Banks - Regional,0.8142,0.49794,624,,,,,,,,
FNX/PTH,Unknown,0.9074,0.49795,624,,,,,,,,
BCML/BRKL,Banks - Regional,0.853,0.49796,624,,,,,,,,
LNT/XEL,Utilities - Regulated Electric,0.9898,0.49796,624,,,,,,,,
HQH/JFR,Asset Management,0.8444,0.49797,624,,,,,,,,
ETB/VTN,Asset Management,0.8148,0.49797,624,,,,,,,,
CBU/PEBK,Banks - Regional,0.9011,0.49798,624,,,,,,,,
MAIN/NFJ,Asset Management,0.9399,0.498,624,,,,,,,,
ETN/ITW,Specialty Industrial Machinery,0.8861,0.498,624,,,,,,,,
CBSH/UMBF,Banks - Regional,0.9208,0.498,624,,,,,,,,
ACNB/HBCP,Banks - Regional,0.9476,0.498,624,,,,,,,,
CZWI/FCBC,Banks - Regional,0.8845,0.49802,624,,,,,,,,
CATY/IBN,Banks - Regional,0.807,0.49803,624,,,,,,,,
IUSG/VCSH,Unknown,0.9427,0.49804,624,,,,,,,,
USA/VRTS,Asset Management,0.8364,0.49805,624,,,,,,,,
BAP/UNB,Banks - Regional,0.8291,0.49806,624,,,,,,,,
AVAV/TXT,Aerospace & Defense,0.8373,0.49807,624,,,,,,,,
BOKF/VLY,Banks - Regional,0.8176,0.49807,624,,,,,,,,
BLW/MIY,Asset Management,0.8845,0.49808,624,,,,,,,,
CHI/WEA,Asset Management,0.9136,0.4981,624,,,,,,,,
CBSH/EWBC,Banks - Regional,0.918,0.49811,624,,,,,,,,
UBFO/WTBA,Banks - Regional,0.8711,0.49812,624,,,,,,,,
JPC/NAZ,Asset Management,0.9009,0.49813,624,,,,,,,,
ACWX/PRFZ,Unknown,0.9699,0.49813,624,,,,,,,,
CNOB/HOPE,Banks - Regional,0.8737,0.49814,624,,,,,,,,
FMNB/INBK,Banks - Regional,0.8137,0.49814,624,,,,,,,,
ETV/RVT,Asset Management,0.9787,0.49815,624,,,,,,,,
NAZ/PCQ,Asset Management,0.8301,0.49818,624,,,,,,,,
CNQ/HES,Oil & Gas E&P,0.9577,0.49818,624,,,,,,,,
IJT/SCZ,Unknown,0.9716,0.49818,624,,,,,,,,
RQI/STEW,Asset Management,0.956,0.49819,624,,,,,,,,
EVT/IGI,Asset Management,0.8556,0.4982,624,,,,,,,,
FHI/MMT,Asset Management,0.8631,0.4982,624,,,,,,,,
ETJ/SPE,Asset Management,0.9623,0.49821,624,,,,,,,,
GF/NAN,Asset Management,0.8394,0.49821,624,,,,,,,,
IJT/QABA,Unknown,0.9305,0.49822,624,,,,,,,,
AWP/MIY,Asset Management,0.9057,0.49822,624,,,,,,,,
CFFI/UBSI,Banks - Regional,0.8569,0.49822,624,,,,,,,,
FCT/SEIC,Asset Management,0.8901,0.49824,624,,,,,,,,
ETW/JLS,Asset Management,0.9334,0.49825,624,,,,,,,,
CFR/FCF,Banks - Regional,0.954,0.49825,624,,,,,,,,
HIFS/TCBK,Banks - Regional,0.9297,0.49827,624,,,,,,,,
AX/INBK,Banks - Regional,0.8051,0.49828,624,,,,,,,,
AWP/PPT,Asset Management,0.9192,0.49828,624,,,,,,,,
AWP/PFG,Asset Management,0.817,0.49829,624,,,,,,,,
AAXJ/INDY,Unknown,0.8246,0.4983,624,,,,,,,,
IGA/PTY,Asset Management,0.9474,0.49831,624,,,,,,,,
JQC/NUW,Asset Management,0.8303,0.49831,624,,,,,,,,
NAD/VTN,Asset Management,0.9521,0.49832,624,,,,,,,,
GOF/TROW,Asset Management,0.8744,0.49832,624,,,,,,,,
AOS/ITW,Specialty Industrial Machinery,0.9561,0.49832,624,,,,,,,,
CHT/IRDM,Telecom Services,0.8398,0.49832,624,,,,,,,,
FRA/LGI,Asset Management,0.9439,0.49832,624,,,,,,,,
OKE/SBR,Oil & Gas Midstream,0.8611,0.49833,624,,,,,,,,
MLI/WOR,Metal Fabrication,0.8203,0.49833,624,,,,,,,,
AIA/GJO,Unknown,0.8563,0.49833,624,,,,,,,,
BMO/JPM,Banks - Diversified,0.9095,0.49836,624,,,,,,,,
JOF/PIM,Asset Management,0.9398,0.49836,624,,,,,,,,
HYT/MIN,Asset Management,0.945,0.49836,624,,,,,,,,
GUT/PCF,Asset Management,0.8028,0.49837,624,,,,,,,,
ETJ/VBF,Asset Management,0.916,0.4984,624,,,,,,,,
PFI/PUI,Unknown,0.9512,0.49841,624,,,,,,,,
EVF/GCV,Asset Management,0.8187,0.49843,624,,,,,,,,
ETW/OIA,Asset Management,0.9357,0.49844,624,,,,,,,,
BRW/ETV,Asset Management,0.9227,0.49845,624,,,,,,,,
NRK/PYN,Asset Management,0.8295,0.49847,624,,,,,,,,
SHEN/VZ,Telecom Services,0.8485,0.49848,624,,,,,,,,
CNS/JEQ,Asset Management,0.862,0.49848,624,,,,,,,,
EXG/IGI,Asset Management,0.8369,0.49849,624,,,,,,,,
JFR/MMT,Asset Management,0.9114,0.49849,624,,,,,,,,
GBX/WAB,Railroads,0.8399,0.4985,624,,,,,,,,
GDV/IAE,Asset Management,0.8427,0.49851,624,,,,,,,,
HOMB/WBS,Banks - Regional,0.924,0.49851,624,,,,,,,,
ACN/HCKT,Information Technology Services,0.9107,0.49852,624,,,,,,,,
STK/WEA,Asset Management,0.8694,0.49852,624,,,,,,,,
HDB/WASH,Banks - Regional,0.8101,0.49852,624,,,,,,,,
EHI/MFM,Asset Management,0.9036,0.49854,624,,,,,,,,
EVN/JPC,Asset Management,0.9426,0.49855,624,,,,,,,,
HIO/TY,Asset Management,0.9707,0.49855,624,,,,,,,,
GUT/PCN,Asset Management,0.8105,0.49856,624,,,,,,,,
IIF/USA,Asset Management,0.9034,0.49856,624,,,,,,,,
ASB/HOPE,Banks - Regional,0.8336,0.49856,624,,,,,,,,
AOD/BTA,Asset Management,0.8534,0.49857,624,,,,,,,,
NFBK/TFC,Banks - Regional,0.8379,0.49857,624,,,,,,,,
GAB/MHF,Asset Management,0.8619,0.49858,624,,,,,,,,
AOD/DNP,Asset Management,0.9036,0.49858,624,,,,,,,,
HFWA/WSBF,Banks - Regional,0.8753,0.49858,624,,,,,,,,
CNS/SPXX,Asset Management,0.9391,0.49859,624,,,,,,,,
JQC/SBI,Asset Management,0.8432,0.49859,624,,,,,,,,
CADE/SYBT,Banks - Regional,0.8637,0.4986,624,,,,,,,,
BLW/GLAD,Asset Management,0.9472,0.49861,624,,,,,,,,
BYM/ETV,Asset Management,0.8745,0.49861,624,,,,,,,,
BME/JFR,Asset Management,0.8873,0.49861,624,,,,,,,,
LECO/SNA,Tools & Accessories,0.9547,0.49862,624,,,,,,,,
CHW/NXN,Asset Management,0.9058,0.49863,624,,,,,,,,
BANF/PNFP,Banks - Regional,0.8959,0.49865,624,,,,,,,,
DNP/EOI,Asset Management,0.9106,0.49866,624,,,,,,,,
EVN/TROW,Asset Management,0.8601,0.49866,624,,,,,,,,
CGO/NKX,Asset Management,0.8677,0.49866,624,,,,,,,,
CHY/HYT,Asset Management,0.9765,0.49866,624,,,,,,,,
MUJ/RNP,Asset Management,0.9126,0.49867,624,,,,,,,,
IGIB/JBK,Unknown,0.9658,0.49868,624,,,,,,,,
PNFP/SHBI,Banks - Regional,0.8355,0.49868,624,,,,,,,,
JCE/JMM,Asset Management,0.9063,0.49868,624,,,,,,,,
BRKL/WABC,Banks - Regional,0.8863,0.49868,624,,,,,,,,
FCT/SBI,Asset Management,0.8262,0.49869,624,,,,,,,,
MIN/WIW,Asset Management,0.9404,0.49869,624,,,,,,,,
EVG/PFD,Asset Management,0.8242,0.49869,624,,,,,,,,
FEX/PDP,Unknown,0.9855,0.49871,624,,,,,,,,
BBH/FNX,Unknown,0.889,0.49871,624,,,,,,,,
JMM/PPT,Asset Management,0.9513,0.49872,624,,,,,,,,
BCML/FBIZ,Banks - Regional,0.8269,0.49872,624,,,,,,,,
SIMO/SWKS,Semiconductors,0.8318,0.49875,624,,,,,,,,
AWF/NZF,Asset Management,0.89,0.49876,624,,,,,,,,
JEQ/NVG,Asset Management,0.9182,0.49876,624,,,,,,,,
GJO/VCSH,Unknown,0.9528,0.49876,624,,,,,,,,
FXNC/NWBI,Banks - Regional,0.8422,0.49876,624,,,,,,,,
CSQ/GRX,Asset Management,0.9317,0.49876,624,,,,,,,,
GDO/HQL,Asset Management,0.9126,0.49877,624,,,,,,,,
AWP/MVF,Asset Management,0.8458,0.49878,624,,,,,,,,
BCBP/FRME,Banks - Regional,0.8757,0.49878,624,,,,,,,,
EFT/PFL,Asset Management,0.9294,0.49879,624,,,,,,,,
FMAO/SHBI,Banks - Regional,0.8654,0.49879,624,,,,,,,,
MHN/TSI,Asset Management,0.8529,0.49879,624,,,,,,,,
BFZ/PML,Asset Management,0.861,0.49879,624,,,,,,,,
BXMX/IGD,Asset Management,0.9658,0.49881,624,,,,,,,,
ACWX/BPOPM,Unknown,0.9052,0.49883,624,,,,,,,,
FHN/WSBF,Banks - Regional,0.809,0.49883,624,,,,,,,,
BME/PMM,Asset Management,0.924,0.49883,624,,,,,,,,
FBNC/LKFN,Banks - Regional,0.9453,0.49884,624,,,,,,,,
FOF/JPC,Asset Management,0.9366,0.49884,624,,,,,,,,
ALRS/DCOM,Banks - Regional,0.8352,0.49885,624,,,,,,,,
ETY/TROW,Asset Management,0.8317,0.49885,624,,,,,,,,
ADX/ETO,Asset Management,0.9772,0.49889,624,,,,,,,,
CFR/MOFG,Banks - Regional,0.8021,0.49889,624,,,,,,,,
BTZ/NQP,Asset Management,0.9667,0.4989,624,,,,,,,,
ETY/PPT,Asset Management,0.8862,0.49891,624,,,,,,,,
BLW/BOE,Asset Management,0.9736,0.49891,624,,,,,,,,
EVT/NVG,Asset Management,0.8894,0.49892,624,,,,,,,,
JLS/JQC,Asset Management,0.9392,0.49893,624,,,,,,,,
IGA/SPE,Asset Management,0.9782,0.49893,624,,,,,,,,
SAR/TWN,Asset Management,0.9111,0.49893,624,,,,,,,,
GRX/MMT,Asset Management,0.9572,0.49894,624,,,,,,,,
CBAN/FHN,Banks - Regional,0.8186,0.49895,624,,,,,,,,
EOI/RJF,Asset Management,0.9753,0.49896,624,,,,,,,,
BOE/MCI,Asset Management,0.9216,0.49896,624,,,,,,,,
BFZ/QQQX,Asset Management,0.8125,0.49897,624,,,,,,,,
ASG/BTA,Asset Management,0.9261,0.49898,624,,,,,,,,
EVF/MMT,Asset Management,0.9265,0.49899,624,,,,,,,,
GOF/JMM,Asset Management,0.9419,0.49899,624,,,,,,,,
DHIL/HTD,Asset Management,0.8829,0.499,624,,,,,,,,
FHN/FULT,Banks - Regional,0.8943,0.499,624,,,,,,,,
PPH/PYZ,Unknown,0.9357,0.49901,624,,,,,,,,
BRW/CHW,Asset Management,0.8581,0.49902,624,,,,,,,,
ETJ/SAR,Asset Management,0.9452,0.49902,624,,,,,,,,
CNS/EVG,Asset Management,0.9489,0.49903,624,,,,,,,,
BHRB/TSBK,Banks - Regional,0.8237,0.49904,624,,,,,,,,
CHY/PHD,Asset Management,0.9417,0.49906,624,,,,,,,,
AOS/TNC,Specialty Industrial Machinery,0.9115,0.49908,624,,,,,,,,
PHD/PHK,Asset Management,0.8404,0.49908,624,,,,,,,,
EWBC/IBOC,Banks - Regional,0.9543,0.49908,624,,,,,,,,
GDO/PIM,Asset Management,0.9441,0.49909,624,,,,,,,,
PGR/TRV,Insurance - Property & Casualty,0.9511,0.49909,624,,,,,,,,
EMD/HYT,Asset Management,0.8794,0.49909,624,,,,,,,,
CHI/IFN,Asset Management,0.9425,0.4991,624,,,,,,,,
BCML/FNWD,Banks - Regional,0.8059,0.49912,624,,,,,,,,
EEA/WIW,Asset Management,0.8727,0.49912,624,,,,,,,,
BJK/PFI,Unknown,0.81,0.49912,624,,,,,,,,
BGT/BTA,Asset Management,0.805,0.49912,624,,,,,,,,
CMI/MWA,Specialty Industrial Machinery,0.9204,0.49913,624,,,,,,,,
BHLB/NFBK,Banks - Regional,0.8398,0.49914,624,,,,,,,,
BFC/PFIS,Banks - Regional,0.8829,0.49914,624,,,,,,,,
BSRR/OZK,Banks - Regional,0.8181,0.49915,624,,,,,,,,
CATY/ZIONP,Banks - Regional,0.9025,0.49915,624,,,,,,,,
ARCC/BME,Asset Management,0.9119,0.49915,624,,,,,,,,
ASGN/CTLP,Information Technology Services,0.8133,0.49916,624,,,,,,,,
EFR/MCR,Asset Management,0.9097,0.49917,624,,,,,,,,
BFC/NBN,Banks - Regional,0.8665,0.49918,624,,,,,,,,
BTO/PFG,Asset Management,0.9197,0.49919,624,,,,,,,,
GJH/GJS,Unknown,0.9442,0.49919,624,,,,,,,,
GSBC/LCNB,Banks - Regional,0.8949,0.4992,624,,,,,,,,
BKN/JRS,Asset Management,0.8723,0.49921,624,,,,,,,,
PNNT/SPE,Asset Management,0.9234,0.49921,624,,,,,,,,
CBU/SNV,Banks - Regional,0.872,0.49922,624,,,,,,,,
ETV/JOF,Asset Management,0.9021,0.49922,624,,,,,,,,
KEY/NFBK,Banks - Regional,0.8477,0.49922,624,,,,,,,,
TBBK/UNTY,Banks - Regional,0.8167,0.49923,624,,,,,,,,
MGF/PML,Asset Management,0.8854,0.49924,624,,,,,,,,
BUSE/WABC,Banks - Regional,0.8551,0.49924,624,,,,,,,,
BGY/MPV,Asset Management,0.8872,0.49926,624,,,,,,,,
HPS/USA,Asset Management,0.9469,0.49926,624,,,,,,,,
ETO/HQH,Asset Management,0.8908,0.49927,624,,,,,,,,
FYX/IGF,Unknown,0.9586,0.49927,624,,,,,,,,
MFM/PPT,Asset Management,0.886,0.49927,624,,,,,,,,
PCF/VMO,Asset Management,0.842,0.49928,624,,,,,,,,
CFR/GABC,Banks - Regional,0.9365,0.49928,624,,,,,,,,
NFJ/SCD,Asset Management,0.9577,0.49929,624,,,,,,,,
ETV/RCS,Asset Management,0.8396,0.49929,624,,,,,,,,
FISI/TRST,Banks - Regional,0.9036,0.49932,624,,,,,,,,
AWP/NMT,Asset Management,0.8483,0.49933,624,,,,,,,,
AWF/SAR,Asset Management,0.9434,0.49934,624,,,,,,,,
BN/IIM,Asset Management,0.8397,0.49935,624,,,,,,,,
FHN/FMNB,Banks - Regional,0.8271,0.49935,624,,,,,,,,
RCS/SAR,Asset Management,0.8002,0.49937,624,,,,,,,,
GJO/IGSB,Unknown,0.9551,0.49937,624,,,,,,,,
EEA/EHI,Asset Management,0.9231,0.49937,624,,,,,,,,
GBCI/HBCP,Banks - Regional,0.9079,0.49937,624,,,,,,,,
EWBC/FISI,Banks - Regional,0.8386,0.49938,624,,,,,,,,
ETB/NIM,Asset Management,0.8971,0.49939,624,,,,,,,,
EOT/TY,Asset Management,0.8736,0.49939,624,,,,,,,,
AWP/NXC,Asset Management,0.8727,0.49939,624,,,,,,,,
MCN/SEIC,Asset Management,0.8427,0.4994,624,,,,,,,,
JOF/MIN,Asset Management,0.8184,0.4994,624,,,,,,,,
NFJ/NIE,Asset Management,0.9739,0.4994,624,,,,,,,,
BCBP/UBCP,Banks - Regional,0.8803,0.49941,624,,,,,,,,
MTB/RBCAA,Banks - Regional,0.9083,0.49941,624,,,,,,,,
ALRS/CCNE,Banks - Regional,0.8472,0.49941,624,,,,,,,,
AB/BGY,Asset Management,0.9357,0.49943,624,,,,,,,,
ETB/MFIC,Asset Management,0.8082,0.49944,624,,,,,,,,
ETW/EVF,Asset Management,0.9226,0.49946,624,,,,,,,,
JFR/TY,Asset Management,0.9443,0.49949,624,,,,,,,,
TSBK/USB,Banks - Regional,0.8817,0.49949,624,,,,,,,,
HDB/SMBC,Banks - Regional,0.9068,0.4995,624,,,,,,,,
FCT/NMI,Asset Management,0.8167,0.49951,624,,,,,,,,
EFSC/FRAF,Banks - Regional,0.963,0.49951,624,,,,,,,,
PHD/SBI,Asset Management,0.8156,0.49951,624,,,,,,,,
GLAD/MSD,Asset Management,0.8446,0.49953,624,,,,,,,,
DHIL/GCV,Asset Management,0.8098,0.49953,624,,,,,,,,
BTZ/PPT,Asset Management,0.9407,0.49953,624,,,,,,,,
FOF/SEIC,Asset Management,0.9039,0.49955,624,,,,,,,,
BLW/PIM,Asset Management,0.924,0.49955,624,,,,,,,,
BLW/ETV,Asset Management,0.9721,0.49956,624,,,,,,,,
HIO/UTF,Asset Management,0.968,0.49956,624,,,,,,,,
ETV/MUE,Asset Management,0.848,0.49956,624,,,,,,,,
PRFZ/QQQ,Unknown,0.9614,0.49957,624,,,,,,,,
RVSB/UBSI,Banks - Regional,0.809,0.49958,624,,,,,,,,
BGY/GAB,Asset Management,0.9541,0.49959,624,,,,,,,,
MCI/TSI,Asset Management,0.8763,0.49959,624,,,,,,,,
LAD/RUSHA,Auto & Truck Dealerships,0.8961,0.49959,624,,,,,,,,
ETV/MMT,Asset Management,0.9635,0.49959,624,,,,,,,,
HFBL/SSBI,Banks - Regional,0.9265,0.4996,624,,,,,,,,
GF/MYN,Asset Management,0.8497,0.49961,624,,,,,,,,
BCBP/PFS,Banks - Regional,0.8713,0.49962,624,,,,,,,,
HPS/PCM,Asset Management,0.9515,0.49962,624,,,,,,,,
AX/MGYR,Banks - Regional,0.9195,0.49963,624,,,,,,,,
HTD/NIM,Asset Management,0.9101,0.49964,624,,,,,,,,
MPV/NXN,Asset Management,0.8143,0.49964,624,,,,,,,,
ETO/MPV,Asset Management,0.9205,0.49965,624,,,,,,,,
IPB/PYZ,Unknown,0.9215,0.49965,624,,,,,,,,
INDY/WOOD,Unknown,0.9208,0.49967,624,,,,,,,,
FFA/WEA,Asset Management,0.9081,0.49967,624,,,,,,,,
BGY/HQL,Asset Management,0.8181,0.49968,624,,,,,,,,
FAB/PID,Unknown,0.9654,0.49968,624,,,,,,,,
CHW/PFN,Asset Management,0.9712,0.49969,624,,,,,,,,
DNP/MCR,Asset Management,0.9366,0.4997,624,,,,,,,,
IGR/MUC,Asset Management,0.851,0.49971,624,,,,,,,,
BTZ/EOS,Asset Management,0.9464,0.49971,624,,,,,,,,
ACWI/IUSG,Unknown,0.995,0.49971,624,,,,,,,,
NXN/USA,Asset Management,0.856,0.49972,624,,,,,,,,
CVCO/MTH,Residential Construction,0.9151,0.49973,624,,,,,,,,
CXH/WIA,Asset Management,0.8498,0.49973,624,,,,,,,,
HIFS/WAFD,Banks - Regional,0.9085,0.49974,624,,,,,,,,
AME/DCI,Specialty Industrial Machinery,0.9669,0.49974,624,,,,,,,,
FCF/UMBF,Banks - Regional,0.9434,0.49976,624,,,,,,,,
JEQ/KTF,Asset Management,0.805,0.49976,624,,,,,,,,
DSU/GCV,Asset Management,0.8304,0.49977,624,,,,,,,,
GOF/RNP,Asset Management,0.9808,0.49978,624,,,,,,,,
BXMX/MHF,Asset Management,0.9084,0.49981,624,,,,,,,,
EVT/PAI,Asset Management,0.8776,0.49984,624,,,,,,,,
IGSB/IUSG,Unknown,0.9635,0.49984,624,,,,,,,,
AGD/BRW,Asset Management,0.878,0.49985,624,,,,,,,,
GUT/RNP,Asset Management,0.8316,0.49986,624,,,,,,,,
PCN/WIW,Asset Management,0.904,0.49986,624,,,,,,,,
CAF/MIY,Asset Management,0.8173,0.49986,624,,,,,,,,
FLC/TROW,Asset Management,0.9188,0.49987,624,,,,,,,,
FTCS/PRN,Unknown,0.967,0.4999,624,,,,,,,,
BLK/ETV,Asset Management,0.9687,0.49991,624,,,,,,,,
NXC/SOR,Asset Management,0.8575,0.49991,624,,,,,,,,
FISI/OZK,Banks - Regional,0.8352,0.49991,624,,,,,,,,
GAIN/HTD,Asset Management,0.9326,0.49992,624,,,,,,,,
GDL/NUW,Asset Management,0.8609,0.49992,624,,,,,,,,
CHY/STK,Asset Management,0.9674,0.49992,624,,,,,,,,
NAZ/VGM,Asset Management,0.9621,0.49993,624,,,,,,,,
BLK/CSQ,Asset Management,0.9896,0.49994,624,,,,,,,,
LGI/WIA,Asset Management,0.9064,0.49994,624,,,,,,,,
AWP/MQT,Asset Management,0.8883,0.49995,624,,,,,,,,
PDP/PFF,Unknown,0.9483,0.49995,624,,,,,,,,
BXMX/JQC,Asset Management,0.9559,0.49996,624,,,,,,,,
HTD/HTGC,Asset Management,0.8804,0.49996,624,,,,,,,,
EHI/JOF,Asset Management,0.8822,0.49996,624,,,,,,,,
BN/GDV,Asset Management,0.9694,0.49997,624,,,,,,,,
EVT/FRA,Asset Management,0.9385,0.49998,624,,,,,,,,
FMAO/FNLC,Banks - Regional,0.869,0.49998,624,,,,,,,,
AFG/CB,Insurance - Property & Casualty,0.9722,0.49999,624,,,,,,,,
EBMT/GSBC,Banks - Regional,0.8593,0.49999,624,,,,,,,,
BDJ/EVF,Asset Management,0.946,0.5,624,,,,,,,,
BRKL/CBU,Banks - Regional,0.9045,0.50001,624,,,,,,,,
HDB/UBCP,Banks - Regional,0.9265,0.50002,624,,,,,,,,
CNOB/OPOF,Banks - Regional,0.8266,0.50002,624,,,,,,,,
CHCO/TOWN,Banks - Regional,0.9134,0.50003,624,,,,,,,,
NECB/TBBK,Banks - Regional,0.9342,0.50003,624,,,,,,,,
PFL/TROW,Asset Management,0.9116,0.50003,624,,,,,,,,
BCPC/CBT,Specialty Chemicals,0.8733,0.50003,624,,,,,,,,
CBSH/HBAN,Banks - Regional,0.9557,0.50004,624,,,,,,,,
IEX/MIDD,Specialty Industrial Machinery,0.8397,0.50005,624,,,,,,,,
FFA/MPV,Asset Management,0.9395,0.50005,624,,,,,,,,
BTA/HQH,Asset Management,0.876,0.50005,624,,,,,,,,
AMGN/GSK,Drug Manufacturers - General,0.87,0.50006,624,,,,,,,,
PAI/WIW,Asset Management,0.8685,0.50006,624,,,,,,,,
BLK/CHW,Asset Management,0.9479,0.50007,624,,,,,,,,
BDJ/JEQ,Asset Management,0.8958,0.50008,624,,,,,,,,
MNSB/NWFL,Banks - Regional,0.9319,0.50008,624,,,,,,,,
PFI/PSL,Unknown,0.9772,0.50008,624,,,,,,,,
FDBC/PPBI,Banks - Regional,0.8141,0.50009,624,,,,,,,,
DHIL/PCF,Asset Management,0.8446,0.5001,624,,,,,,,,
MIY/TSI,Asset Management,0.9173,0.5001,624,,,,,,,,
BLW/JFR,Asset Management,0.9619,0.50011,624,,,,,,,,
PFN/WIA,Asset Management,0.8972,0.50011,624,,,,,,,,
BGY/VBF,Asset Management,0.8324,0.50011,624,,,,,,,,
NAZ/PFD,Asset Management,0.9385,0.50013,624,,,,,,,,
IGR/PIM,Asset Management,0.8513,0.50013,624,,,,,,,,
CNS/PPT,Asset Management,0.8677,0.50014,624,,,,,,,,
BTO/WIW,Asset Management,0.8679,0.50014,624,,,,,,,,
CIF/GAM,Asset Management,0.8128,0.50015,624,,,,,,,,
EWBC/UNTY,Banks - Regional,0.9538,0.50015,624,,,,,,,,
BXMX/MUA,Asset Management,0.8185,0.50015,624,,,,,,,,
CMA/CTBI,Banks - Regional,0.8476,0.50016,624,,,,,,,,
CGO/PPT,Asset Management,0.9153,0.50016,624,,,,,,,,
GEN/PRGS,Software - Infrastructure,0.8886,0.50017,624,,,,,,,,
MCR/RCS,Asset Management,0.8267,0.50018,624,,,,,,,,
CIF/RVT,Asset Management,0.9077,0.50018,624,,,,,,,,
JQC/NMZ,Asset Management,0.8688,0.50018,624,,,,,,,,
RDNT/WAT,Diagnostics & Research,0.8374,0.50019,624,,,,,,,,
CII/JMM,Asset Management,0.8948,0.50019,624,,,,,,,,
DSM/HTD,Asset Management,0.8263,0.5002,624,,,,,,,,
CGO/VKQ,Asset Management,0.8789,0.5002,624,,,,,,,,
CIF/MAIN,Asset Management,0.8115,0.5002,624,,,,,,,,
FULT/TFC,Banks - Regional,0.8815,0.5002,624,,,,,,,,
NTRS/PAI,Asset Management,0.8976,0.50021,624,,,,,,,,
HBCP/UBFO,Banks - Regional,0.9512,0.50021,624,,,,,,,,
PNNT/PTY,Asset Management,0.8214,0.50021,624,,,,,,,,
HTGC/MMT,Asset Management,0.8746,0.50022,624,,,,,,,,
CLX/PG,Household & Personal Products,0.8477,0.50022,624,,,,,,,,
ETV/MVF,Asset Management,0.8087,0.50023,624,,,,,,,,
CCBG/HWC,Banks - Regional,0.8773,0.50025,624,,,,,,,,
BME/HIO,Asset Management,0.9344,0.50026,624,,,,,,,,
ITGR/PODD,Medical Devices,0.8094,0.50027,624,,,,,,,,
AROW/CTBI,Banks - Regional,0.8874,0.50027,624,,,,,,,,
FOF/WIW,Asset Management,0.9092,0.50028,624,,,,,,,,
ETV/NAD,Asset Management,0.9098,0.50028,624,,,,,,,,
EOT/JOF,Asset Management,0.8788,0.50029,624,,,,,,,,
HPF/LEO,Asset Management,0.8775,0.5003,624,,,,,,,,
CBU/VLY,Banks - Regional,0.8372,0.50032,624,,,,,,,,
FEX/QQQ,Unknown,0.9818,0.50033,624,,,,,,,,
FUND/HYT,Asset Management,0.9453,0.50034,624,,,,,,,,
ETO/PNNT,Asset Management,0.8671,0.50035,624,,,,,,,,
MBWM/ZIONP,Banks - Regional,0.9202,0.50035,624,,,,,,,,
FAD/SWZ,Unknown,0.9706,0.50035,624,,,,,,,,
GGB/SID,Steel,0.8498,0.50035,624,,,,,,,,
BME/MHN,Asset Management,0.825,0.50037,624,,,,,,,,
AMP/STEW,Asset Management,0.9573,0.50037,624,,,,,,,,
JRS/VLT,Asset Management,0.9484,0.50037,624,,,,,,,,
FUND/TROW,Asset Management,0.8319,0.50038,624,,,,,,,,
CHKP/FFIV,Software - Infrastructure,0.8645,0.50038,624,,,,,,,,
JEQ/NMI,Asset Management,0.8845,0.50039,624,,,,,,,,
CPT/CSR,REIT - Residential,0.8674,0.5004,624,,,,,,,,
CGO/NAN,Asset Management,0.8708,0.50042,624,,,,,,,,
ETV/NRK,Asset Management,0.8816,0.50042,624,,,,,,,,
CB/L,Insurance - Property & Casualty,0.9417,0.50042,624,,,,,,,,
AIA/PIZ,Unknown,0.9184,0.50043,624,,,,,,,,
IEI/VGIT,Unknown,0.9989,0.50043,624,,,,,,,,
AB/AGD,Asset Management,0.9598,0.50044,624,,,,,,,,
BHRB/FFBC,Banks - Regional,0.8142,0.50044,624,,,,,,,,
CATY/GBCI,Banks - Regional,0.9384,0.50044,624,,,,,,,,
ASG/EOI,Asset Management,0.9114,0.50046,624,,,,,,,,
CNS/GAM,Asset Management,0.9335,0.50046,624,,,,,,,,
DHF/JRS,Asset Management,0.9392,0.50046,624,,,,,,,,
PNW/SO,Utilities - Regulated Electric,0.8689,0.50046,624,,,,,,,,
BLW/BX,Asset Management,0.9223,0.50047,624,,,,,,,,
FAB/IUSV,Unknown,0.9891,0.5005,624,,,,,,,,
DHIL/FHI,Asset Management,0.8718,0.5005,624,,,,,,,,
TFC/WABC,Banks - Regional,0.9023,0.50052,624,,,,,,,,
ETO/MAIN,Asset Management,0.9517,0.50052,624,,,,,,,,
CMA/UMBF,Banks - Regional,0.8652,0.50052,624,,,,,,,,
JHS/PYN,Asset Management,0.8253,0.50053,624,,,,,,,,
CVBF/GBCI,Banks - Regional,0.9359,0.50053,624,,,,,,,,
IIM/PCN,Asset Management,0.8968,0.50054,624,,,,,,,,
ETJ/MCR,Asset Management,0.953,0.50055,624,,,,,,,,
GDV/MMT,Asset Management,0.9557,0.50055,624,,,,,,,,
CRM/PLUS,Software - Application,0.919,0.50055,624,,,,,,,,
BN/CGO,Asset Management,0.9452,0.50056,624,,,,,,,,
CMA/FNLC,Banks - Regional,0.8837,0.50056,624,,,,,,,,
AIA/BND,Unknown,0.8967,0.50057,624,,,,,,,,
SFNC/TCBI,Banks - Regional,0.8085,0.50058,624,,,,,,,,
HBNC/RBCAA,Banks - Regional,0.8307,0.50059,624,,,,,,,,
TSI/VGM,Asset Management,0.8889,0.5006,624,,,,,,,,
HEES/HRI,Rental & Leasing Services,0.8234,0.5006,624,,,,,,,,
CCBG/RBCAA,Banks - Regional,0.9463,0.50061,624,,,,,,,,
BLW/MUE,Asset Management,0.8324,0.50061,624,,,,,,,,
GDV/PFG,Asset Management,0.9464,0.50061,624,,,,,,,,
GDV/SWKH,Asset Management,0.8302,0.50063,624,,,,,,,,
PNC/WSBC,Banks - Regional,0.8334,0.50064,624,,,,,,,,
CXH/MHI,Asset Management,0.8914,0.50064,624,,,,,,,,
FMBH/OPBK,Banks - Regional,0.8839,0.50065,624,,,,,,,,
RQI/VGM,Asset Management,0.875,0.50066,624,,,,,,,,
EOT/HQL,Asset Management,0.8725,0.50067,624,,,,,,,,
JHS/QQQX,Asset Management,0.8878,0.50068,624,,,,,,,,
CNP/LNT,Utilities - Regulated Electric,0.9112,0.50069,624,,,,,,,,
HTD/MIN,Asset Management,0.8823,0.50069,624,,,,,,,,
ETW/EVG,Asset Management,0.9435,0.5007,624,,,,,,,,
BGT/VBF,Asset Management,0.827,0.5007,624,,,,,,,,
HPS/STK,Asset Management,0.9141,0.5007,624,,,,,,,,
MQY/RFI,Asset Management,0.8757,0.50071,624,,,,,,,,
CMA/NWFL,Banks - Regional,0.8286,0.50071,624,,,,,,,,
FMN/JEQ,Asset Management,0.8694,0.50071,624,,,,,,,,
NXN/PCM,Asset Management,0.9221,0.50073,624,,,,,,,,
EWBC/FCNCA,Banks - Regional,0.8462,0.50075,624,,,,,,,,
BPOP/NRIM,Banks - Regional,0.9336,0.50076,624,,,,,,,,
IIF/PFG,Asset Management,0.9234,0.50076,624,,,,,,,,
LGI/MFIC,Asset Management,0.8452,0.50076,624,,,,,,,,
FT/MCN,Asset Management,0.948,0.50079,624,,,,,,,,
NAZ/NMZ,Asset Management,0.951,0.50079,624,,,,,,,,
BANF/CASH,Banks - Regional,0.9393,0.50083,624,,,,,,,,
GDO/NIE,Asset Management,0.9008,0.50083,624,,,,,,,,
HYT/NUV,Asset Management,0.896,0.50084,624,,,,,,,,
IFN/IGD,Asset Management,0.9384,0.50086,624,,,,,,,,
GF/QQQX,Asset Management,0.8112,0.50086,624,,,,,,,,
NEA/PNI,Asset Management,0.8168,0.50088,624,,,,,,,,
FMY/GLAD,Asset Management,0.8875,0.5009,624,,,,,,,,
JEQ/PFL,Asset Management,0.9444,0.5009,624,,,,,,,,
LNT/PPL,Utilities - Regulated Electric,0.8923,0.5009,624,,,,,,,,
CXE/NAZ,Asset Management,0.9107,0.5009,624,,,,,,,,
DY/EME,Engineering & Construction,0.8525,0.5009,624,,,,,,,,
IEI/PUI,Unknown,0.845,0.50091,624,,,,,,,,
ETV/WIA,Asset Management,0.8695,0.50091,624,,,,,,,,
HOMB/PKBK,Banks - Regional,0.8908,0.50091,624,,,,,,,,
BXMX/ETJ,Asset Management,0.9585,0.50091,624,,,,,,,,
AAXJ/IGF,Unknown,0.834,0.50092,624,,,,,,,,
EOI/PFL,Asset Management,0.9367,0.50092,624,,,,,,,,
EFT/ETJ,Asset Management,0.9283,0.50094,624,,,,,,,,
INBK/WTBA,Banks - Regional,0.8717,0.50094,624,,,,,,,,
PFS/TRST,Banks - Regional,0.9414,0.50095,624,,,,,,,,
ISBA/VABK,Banks - Regional,0.8313,0.50096,624,,,,,,,,
PEBK/PWOD,Banks - Regional,0.831,0.50096,624,,,,,,,,
GGG/GRC,Specialty Industrial Machinery,0.8678,0.50096,624,,,,,,,,
PID/PPH,Unknown,0.9298,0.50097,624,,,,,,,,
ETO/MPA,Asset Management,0.881,0.50098,624,,,,,,,,
EOI/FMY,Asset Management,0.9177,0.50098,624,,,,,,,,
IEI/PNQI,Unknown,0.8924,0.50098,624,,,,,,,,
NJR/SR,Utilities - Regulated Gas,0.9562,0.50099,624,,,,,,,,
BTZ/NMZ,Asset Management,0.9638,0.501,624,,,,,,,,
HPS/PTY,Asset Management,0.9686,0.501,624,,,,,,,,
ACWX/QQXT,Unknown,0.9597,0.50101,624,,,,,,,,
GF/VGM,Asset Management,0.8538,0.50103,624,,,,,,,,
BTA/PIM,Asset Management,0.9108,0.50103,624,,,,,,,,
BKN/TROW,Asset Management,0.9034,0.50104,624,,,,,,,,
RNST/SRCE,Banks - Regional,0.8824,0.50105,624,,,,,,,,
GRX/MCI,Asset Management,0.8244,0.50106,624,,,,,,,,
CSQ/NTRS,Asset Management,0.8711,0.50106,624,,,,,,,,
EFR/PFG,Asset Management,0.9295,0.50108,624,,,,,,,,
AOD/GAIN,Asset Management,0.9674,0.50108,624,,,,,,,,
GF/IQI,Asset Management,0.8554,0.50108,624,,,,,,,,
QCRH/RF,Banks - Regional,0.9593,0.50111,624,,,,,,,,
ENFY/SEED,Agricultural Inputs,0.9286,0.50111,624,,,,,,,,
NXJ/RNP,Asset Management,0.9444,0.50112,624,,,,,,,,
EEA/MMT,Asset Management,0.9339,0.50112,624,,,,,,,,
CHW/MVF,Asset Management,0.8286,0.50112,624,,,,,,,,
MSD/NAC,Asset Management,0.8485,0.50113,624,,,,,,,,
ETB/MQY,Asset Management,0.8549,0.50114,624,,,,,,,,
CCBG/NWBI,Banks - Regional,0.8616,0.50115,624,,,,,,,,
ETW/PPT,Asset Management,0.9248,0.50117,624,,,,,,,,
GABC/PEBO,Banks - Regional,0.9581,0.50118,624,,,,,,,,
BCBP/HBCP,Banks - Regional,0.8364,0.50118,624,,,,,,,,
AWP/SBI,Asset Management,0.8547,0.50118,624,,,,,,,,
CASH/USB,Banks - Regional,0.8133,0.50119,624,,,,,,,,
HYT/JEQ,Asset Management,0.9217,0.50119,624,,,,,,,,
AU/KGC,Gold,0.9292,0.5012,624,,,,,,,,
NTRS/VPV,Asset Management,0.8629,0.50122,624,,,,,,,,
NXP/PIM,Asset Management,0.9293,0.50122,624,,,,,,,,
PSEC/RMT,Asset Management,0.9038,0.50122,624,,,,,,,,
CHN/FLC,Asset Management,0.857,0.50122,624,,,,,,,,
ED/ETR,Utilities - Regulated Electric,0.9004,0.50123,624,,,,,,,,
AB/PTY,Asset Management,0.9153,0.50123,624,,,,,,,,
MHN/RFI,Asset Management,0.8356,0.50124,624,,,,,,,,
ETW/RFI,Asset Management,0.9565,0.50124,624,,,,,,,,
UBFO/WABC,Banks - Regional,0.8785,0.50125,624,,,,,,,,
JLS/MIN,Asset Management,0.8622,0.50127,624,,,,,,,,
FUND/VRTS,Asset Management,0.8352,0.50128,624,,,,,,,,
BN/FRA,Asset Management,0.9484,0.50129,624,,,,,,,,
BFZ/NEA,Asset Management,0.9213,0.50129,624,,,,,,,,
FITB/FULT,Banks - Regional,0.9344,0.50129,624,,,,,,,,
HQL/PZC,Asset Management,0.8066,0.5013,624,,,,,,,,
ADX/QQQX,Asset Management,0.9727,0.5013,624,,,,,,,,
FAB/QQXT,Unknown,0.974,0.50131,624,,,,,,,,
INBK/MPB,Banks - Regional,0.8086,0.50132,624,,,,,,,,
HPS/NTRS,Asset Management,0.9276,0.50133,624,,,,,,,,
JMM/PIM,Asset Management,0.9501,0.50133,624,,,,,,,,
EXG/IGA,Asset Management,0.973,0.50133,624,,,,,,,,
EFSC/PPBI,Banks - Regional,0.9102,0.50134,624,,,,,,,,
FT/NUV,Asset Management,0.8799,0.50134,624,,,,,,,,
OBT/VABK,Banks - Regional,0.834,0.50134,624,,,,,,,,
HIO/PSEC,Asset Management,0.8432,0.50135,624,,,,,,,,
EFSC/STBA,Banks - Regional,0.9478,0.50136,624,,,,,,,,
MMT/MSD,Asset Management,0.9272,0.50136,624,,,,,,,,
ACNB/WSBC,Banks - Regional,0.8442,0.50136,624,,,,,,,,
NRK/TSI,Asset Management,0.9054,0.50137,624,,,,,,,,
LKFN/OSBC,Banks - Regional,0.9082,0.50139,624,,,,,,,,
CASH/TCBK,Banks - Regional,0.8929,0.50139,624,,,,,,,,
GDV/PSEC,Asset Management,0.8786,0.5014,624,,,,,,,,
BLK/EVG,Asset Management,0.9677,0.5014,624,,,,,,,,
FCF/NBN,Banks - Regional,0.8124,0.50142,624,,,,,,,,
ALRS/SMBC,Banks - Regional,0.8612,0.50142,624,,,,,,,,
BN/DHF,Asset Management,0.946,0.50146,624,,,,,,,,
BKN/CHN,Asset Management,0.8543,0.50147,624,,,,,,,,
GDL/NMI,Asset Management,0.855,0.50148,624,,,,,,,,
EFT/MMT,Asset Management,0.9228,0.50148,624,,,,,,,,
CHD/PG,Household & Personal Products,0.9799,0.50149,624,,,,,,,,
EXG/PNNT,Asset Management,0.8817,0.50149,624,,,,,,,,
BBH/GJT,Unknown,0.8152,0.50149,624,,,,,,,,
BTO/FHI,Asset Management,0.9003,0.5015,624,,,,,,,,
CZFS/NWBI,Banks - Regional,0.8507,0.50152,624,,,,,,,,
GJO/PID,Unknown,0.9002,0.50152,624,,,,,,,,
CHW/STT,Asset Management,0.8463,0.50152,624,,,,,,,,
IGR/TWN,Asset Management,0.823,0.50153,624,,,,,,,,
HSBC/MUFG,Banks - Diversified,0.9053,0.50155,624,,,,,,,,
CHI/DHIL,Asset Management,0.818,0.50156,624,,,,,,,,
NBN/PNC,Banks - Regional,0.8178,0.50156,624,,,,,,,,
GAB/PMM,Asset Management,0.8398,0.50156,624,,,,,,,,
NEA/RQI,Asset Management,0.9059,0.50157,624,,,,,,,,
HYT/NEA,Asset Management,0.8964,0.50158,624,,,,,,,,
CBU/RNST,Banks - Regional,0.8658,0.50158,624,,,,,,,,
ACNB/GBCI,Banks - Regional,0.8774,0.50159,624,,,,,,,,
IIF/STT,Asset Management,0.8498,0.50159,624,,,,,,,,
EVG/NUV,Asset Management,0.8482,0.50159,624,,,,,,,,
HOMB/PEBO,Banks - Regional,0.9286,0.50159,624,,,,,,,,
HPS/MCR,Asset Management,0.9678,0.50161,624,,,,,,,,
CARE/HAFC,Banks - Regional,0.8196,0.50161,624,,,,,,,,
CATY/TRST,Banks - Regional,0.8975,0.50161,624,,,,,,,,
JEQ/MUA,Asset Management,0.8969,0.50162,624,,,,,,,,
AOD/BTZ,Asset Management,0.9156,0.50162,624,,,,,,,,
GJH/PTH,Unknown,0.9189,0.50162,624,,,,,,,,
CHN/WIA,Asset Management,0.8559,0.50162,624,,,,,,,,
BTA/EOS,Asset Management,0.8849,0.50163,624,,,,,,,,
FCF/RNST,Banks - Regional,0.8797,0.50163,624,,,,,,,,
CHMG/LARK,Banks - Regional,0.839,0.50164,624,,,,,,,,
RCS/VPV,Asset Management,0.836,0.50164,624,,,,,,,,
JEQ/USA,Asset Management,0.9001,0.50165,624,,,,,,,,
EBTC/HDB,Banks - Regional,0.878,0.50165,624,,,,,,,,
CASH/CATY,Banks - Regional,0.9224,0.50165,624,,,,,,,,
BKN/GRX,Asset Management,0.9107,0.50165,624,,,,,,,,
DSU/EOS,Asset Management,0.9728,0.50166,624,,,,,,,,
NECB/PFBC,Banks - Regional,0.8795,0.50168,624,,,,,,,,
JLS/RFI,Asset Management,0.8906,0.50168,624,,,,,,,,
DMLP/TPL,Oil & Gas E&P,0.8842,0.50169,624,,,,,,,,
ALRS/LARK,Banks - Regional,0.8866,0.50169,624,,,,,,,,
CBAN/GABC,Banks - Regional,0.9376,0.5017,624,,,,,,,,
ADI/IMOS,Semiconductors,0.902,0.5017,624,,,,,,,,
ETG/JFR,Asset Management,0.9583,0.5017,624,,,,,,,,
FISI/WTFC,Banks - Regional,0.8211,0.50171,624,,,,,,,,
EXC/NGG,Utilities - Regulated Electric,0.823,0.50175,624,,,,,,,,
ARCC/GDV,Asset Management,0.9534,0.50175,624,,,,,,,,
DSU/PPT,Asset Management,0.8818,0.50176,624,,,,,,,,
AFB/RFI,Asset Management,0.8731,0.50177,624,,,,,,,,
ASG/BTZ,Asset Management,0.9621,0.50177,624,,,,,,,,
FMBH/GSBC,Banks - Regional,0.928,0.50178,624,,,,,,,,
AMKR/ENTG,Semiconductor Equipment & Materials,0.9204,0.50179,624,,,,,,,,
EVF/EVT,Asset Management,0.9475,0.5018,624,,,,,,,,
BANF/LKFN,Banks - Regional,0.9215,0.5018,624,,,,,,,,
KDP/MNST,Beverages - Non-Alcoholic,0.948,0.50181,624,,,,,,,,
ASML/KLAC,Semiconductor Equipment & Materials,0.948,0.50181,624,,,,,,,,
CBU/SYBT,Banks - Regional,0.8832,0.50181,624,,,,,,,,
IEUS/PDP,Unknown,0.9413,0.50182,624,,,,,,,,
BXMX/NVG,Asset Management,0.8582,0.50182,624,,,,,,,,
FDBC/WAFD,Banks - Regional,0.8742,0.50182,624,,,,,,,,
PML/VKQ,Asset Management,0.9298,0.50183,624,,,,,,,,
NBN/OVLY,Banks - Regional,0.8509,0.50185,624,,,,,,,,
HTBK/SBSI,Banks - Regional,0.8972,0.50186,624,,,,,,,,
BTZ/RNP,Asset Management,0.9652,0.50186,624,,,,,,,,
BFC/CAC,Banks - Regional,0.8813,0.50188,624,,,,,,,,
BME/MUJ,Asset Management,0.9041,0.50189,624,,,,,,,,
JQC/NNY,Asset Management,0.8414,0.50192,624,,,,,,,,
IGR/VTN,Asset Management,0.8413,0.50195,624,,,,,,,,
GAB/JHS,Asset Management,0.8268,0.50195,624,,,,,,,,
CHW/MUJ,Asset Management,0.9187,0.50197,624,,,,,,,,
ALV/LKQ,Auto Parts,0.8514,0.50198,624,,,,,,,,
BLFS/PDEX,Medical Instruments & Supplies,0.8235,0.50199,624,,,,,,,,
HIO/JQC,Asset Management,0.9592,0.502,624,,,,,,,,
CHI/EMF,Asset Management,0.8013,0.50201,624,,,,,,,,
AOD/STEW,Asset Management,0.9752,0.50201,624,,,,,,,,
LGI/NIE,Asset Management,0.9876,0.50201,624,,,,,,,,
BGT/IGA,Asset Management,0.9623,0.50204,624,,,,,,,,
BME/BYM,Asset Management,0.8851,0.50205,624,,,,,,,,
BGY/TY,Asset Management,0.9311,0.50205,624,,,,,,,,
HYT/RFI,Asset Management,0.9715,0.50205,624,,,,,,,,
MGF/PDT,Asset Management,0.8382,0.50207,624,,,,,,,,
PLBC/WABC,Banks - Regional,0.8041,0.50208,624,,,,,,,,
IEUS/PNQI,Unknown,0.9484,0.50209,624,,,,,,,,
EOD/FLC,Asset Management,0.8164,0.50209,624,,,,,,,,
HTBK/UMBF,Banks - Regional,0.8007,0.50209,624,,,,,,,,
JQC/VKQ,Asset Management,0.8275,0.50209,624,,,,,,,,
ALRS/CMA,Banks - Regional,0.853,0.5021,624,,,,,,,,
BGY/EFT,Asset Management,0.9426,0.50211,624,,,,,,,,
SKY/TOL,Residential Construction,0.8577,0.50211,624,,,,,,,,
AHT/SVC,REIT - Hotel & Motel,0.8092,0.50211,624,,,,,,,,
CHW/ETB,Asset Management,0.9393,0.50211,624,,,,,,,,
GCV/JEQ,Asset Management,0.909,0.50211,624,,,,,,,,
DSM/HIO,Asset Management,0.809,0.50211,624,,,,,,,,
OZK/PFIS,Banks - Regional,0.8601,0.50213,624,,,,,,,,
DNP/MMT,Asset Management,0.9248,0.50215,624,,,,,,,,
MNSB/TSBK,Banks - Regional,0.9419,0.50216,624,,,,,,,,
AWP/IGI,Asset Management,0.8939,0.50216,624,,,,,,,,
BCBP/FFBC,Banks - Regional,0.8213,0.50216,624,,,,,,,,
HDB/QCRH,Banks - Regional,0.8728,0.50216,624,,,,,,,,
MSD/NKX,Asset Management,0.8841,0.50216,624,,,,,,,,
SPE/WIA,Asset Management,0.853,0.50216,624,,,,,,,,
HIO/RVT,Asset Management,0.9632,0.50217,624,,,,,,,,
BN/NXN,Asset Management,0.8573,0.50217,624,,,,,,,,
AROW/TFSL,Banks - Regional,0.8904,0.50218,624,,,,,,,,
STBA/ZION,Banks - Regional,0.8547,0.5022,624,,,,,,,,
DSU/MCI,Asset Management,0.9604,0.50221,624,,,,,,,,
CMA/OCFC,Banks - Regional,0.8936,0.50221,624,,,,,,,,
GAB/HPF,Asset Management,0.9098,0.50221,624,,,,,,,,
EME/FIX,Engineering & Construction,0.9952,0.50222,624,,,,,,,,
ETY/LGI,Asset Management,0.9796,0.50222,624,,,,,,,,
RFI/RMT,Asset Management,0.9575,0.50223,624,,,,,,,,
BXMX/STT,Asset Management,0.8706,0.50223,624,,,,,,,,
GJH/PKW,Unknown,0.9581,0.50223,624,,,,,,,,
PCM/VMO,Asset Management,0.8556,0.50224,624,,,,,,,,
ABT/DXCM,Medical Devices,0.9283,0.50224,624,,,,,,,,
IBN/UBCP,Banks - Regional,0.8321,0.50226,624,,,,,,,,
BGT/MSD,Asset Management,0.883,0.50228,624,,,,,,,,
MNSB/WBS,Banks - Regional,0.8952,0.50229,624,,,,,,,,
FIX/PWR,Engineering & Construction,0.9691,0.50229,624,,,,,,,,
BOE/NXJ,Asset Management,0.8686,0.50229,624,,,,,,,,
IBB/PHO,Unknown,0.8135,0.5023,624,,,,,,,,
BXMX/JHS,Asset Management,0.8393,0.5023,624,,,,,,,,
ETO/NVG,Asset Management,0.8938,0.50231,624,,,,,,,,
HDB/UCB,Banks - Regional,0.895,0.50231,624,,,,,,,,
ABR/DX,REIT - Mortgage,0.911,0.50232,624,,,,,,,,
ARCC/EXG,Asset Management,0.9654,0.50232,624,,,,,,,,
AWF/BKN,Asset Management,0.8189,0.50234,624,,,,,,,,
PDT/TSI,Asset Management,0.9459,0.50234,624,,,,,,,,
GRID/IUSV,Unknown,0.97,0.50234,624,,,,,,,,
MMU/PTY,Asset Management,0.8141,0.50234,624,,,,,,,,
GAIN/JEQ,Asset Management,0.8389,0.50234,624,,,,,,,,
ETO/NXN,Asset Management,0.891,0.50235,624,,,,,,,,
GAB/MMT,Asset Management,0.9292,0.50235,624,,,,,,,,
AOD/AWF,Asset Management,0.9321,0.50235,624,,,,,,,,
AX/COFS,Banks - Regional,0.8898,0.50235,624,,,,,,,,
PNFP/ZIONP,Banks - Regional,0.9151,0.50237,624,,,,,,,,
FMY/RVT,Asset Management,0.91,0.50238,624,,,,,,,,
PIO/PNQI,Unknown,0.935,0.50238,624,,,,,,,,
CNOB/PB,Banks - Regional,0.9189,0.50239,624,,,,,,,,
IGSB/IJT,Unknown,0.9483,0.50239,624,,,,,,,,
ISBA/TCBK,Banks - Regional,0.8473,0.5024,624,,,,,,,,
CIF/JEQ,Asset Management,0.9279,0.5024,624,,,,,,,,
CGO/MYD,Asset Management,0.8192,0.50241,624,,,,,,,,
ASG/BYM,Asset Management,0.881,0.50246,624,,,,,,,,
ASG/EEA,Asset Management,0.9246,0.50247,624,,,,,,,,
AWP/PFO,Asset Management,0.9326,0.50247,624,,,,,,,,
ADX/PHD,Asset Management,0.9675,0.50249,624,,,,,,,,
EXAS/RVTY,Diagnostics & Research,0.8021,0.50249,624,,,,,,,,
EOI/GAM,Asset Management,0.9861,0.5025,624,,,,,,,,
ETG/MHF,Asset Management,0.9092,0.50251,624,,,,,,,,
SCHW/SF,Capital Markets,0.8969,0.50251,624,,,,,,,,
BDJ/PHD,Asset Management,0.9435,0.50252,624,,,,,,,,
CINF/STC,Insurance - Property & Casualty,0.9344,0.50252,624,,,,,,,,
NEWT/PEBO,Banks - Regional,0.8209,0.50252,624,,,,,,,,
IJT/PDP,Unknown,0.9813,0.50253,624,,,,,,,,
CVCO/KBH,Residential Construction,0.9316,0.50254,624,,,,,,,,
BN/RVT,Asset Management,0.9734,0.50255,624,,,,,,,,
HFBL/ISBA,Banks - Regional,0.8267,0.50256,624,,,,,,,,
ETO/FRA,Asset Management,0.9429,0.50257,624,,,,,,,,
ETW/MHF,Asset Management,0.9233,0.50259,624,,,,,,,,
JEQ/NUV,Asset Management,0.9197,0.5026,624,,,,,,,,
GDL/OIA,Asset Management,0.9161,0.5026,624,,,,,,,,
GBCI/LCNB,Banks - Regional,0.8617,0.50261,624,,,,,,,,
FMY/RMT,Asset Management,0.8938,0.50262,624,,,,,,,,
BYM/HQH,Asset Management,0.8687,0.50264,624,,,,,,,,
DNP/SAR,Asset Management,0.9445,0.50265,624,,,,,,,,
KBR/MTZ,Engineering & Construction,0.817,0.50265,624,,,,,,,,
DHF/NKX,Asset Management,0.8752,0.50265,624,,,,,,,,
MPB/UBCP,Banks - Regional,0.9121,0.50265,624,,,,,,,,
PCQ/VPV,Asset Management,0.8183,0.50266,624,,,,,,,,
HIFS/NKSH,Banks - Regional,0.8082,0.50266,624,,,,,,,,
EVG/SAR,Asset Management,0.9562,0.50267,624,,,,,,,,
PPBI/WBS,Banks - Regional,0.9301,0.50268,624,,,,,,,,
CSWC/EFR,Asset Management,0.97,0.50268,624,,,,,,,,
ETV/JHI,Asset Management,0.9234,0.50268,624,,,,,,,,
AGD/FHI,Asset Management,0.8953,0.50268,624,,,,,,,,
MSD/PFL,Asset Management,0.9227,0.50268,624,,,,,,,,
DNP/EOS,Asset Management,0.9102,0.50269,624,,,,,,,,
BKN/CNS,Asset Management,0.81,0.50272,624,,,,,,,,
BCML/CBSH,Banks - Regional,0.8628,0.50273,624,,,,,,,,
CNS/NAN,Asset Management,0.8239,0.50273,624,,,,,,,,
MPV/PAI,Asset Management,0.8004,0.50273,624,,,,,,,,
NMT/PCQ,Asset Management,0.851,0.50273,624,,,,,,,,
ETB/HQH,Asset Management,0.9061,0.50273,624,,,,,,,,
BFZ/MGF,Asset Management,0.8676,0.50276,624,,,,,,,,
JEQ/NUW,Asset Management,0.8796,0.50276,624,,,,,,,,
AWF/BFZ,Asset Management,0.8429,0.50276,624,,,,,,,,
BDJ/TROW,Asset Management,0.8611,0.50278,624,,,,,,,,
HPS/PCN,Asset Management,0.9788,0.50278,624,,,,,,,,
GAIN/OIA,Asset Management,0.8344,0.50278,624,,,,,,,,
ISBA/SBCF,Banks - Regional,0.8168,0.5028,624,,,,,,,,
EEA/EFT,Asset Management,0.9313,0.50281,624,,,,,,,,
PPH/VCIT,Unknown,0.8556,0.50281,624,,,,,,,,
BHRB/EFSC,Banks - Regional,0.8157,0.50282,624,,,,,,,,
BTZ/MHN,Asset Management,0.9055,0.50283,624,,,,,,,,
PPBI/USB,Banks - Regional,0.9385,0.50283,624,,,,,,,,
CNS/MYI,Asset Management,0.822,0.50283,624,,,,,,,,
CII/JOF,Asset Management,0.8473,0.50284,624,,,,,,,,
ASGN/CACI,Information Technology Services,0.8277,0.50284,624,,,,,,,,
AAXJ/FAB,Unknown,0.831,0.50285,624,,,,,,,,
CXH/JEQ,Asset Management,0.8931,0.50286,624,,,,,,,,
ETO/MUA,Asset Management,0.8466,0.50286,624,,,,,,,,
DY/STN,Engineering & Construction,0.8337,0.50287,624,,,,,,,,
AWF/CHY,Asset Management,0.9433,0.50287,624,,,,,,,,
EFR/JRS,Asset Management,0.9013,0.50287,624,,,,,,,,
FUND/RFI,Asset Management,0.9417,0.50288,624,,,,,,,,
LARK/NBTB,Banks - Regional,0.8662,0.50289,624,,,,,,,,
BGT/JOF,Asset Management,0.8147,0.50289,624,,,,,,,,
BA/SPR,Aerospace & Defense,0.8294,0.5029,624,,,,,,,,
CATY/CBSH,Banks - Regional,0.9391,0.5029,624,,,,,,,,
IIF/TSI,Asset Management,0.831,0.5029,624,,,,,,,,
LSCC/UMC,Semiconductors,0.9364,0.50291,624,,,,,,,,
FRST/SBSI,Banks - Regional,0.8699,0.50291,624,,,,,,,,
FDBC/KEY,Banks - Regional,0.8273,0.50292,624,,,,,,,,
BANF/MBWM,Banks - Regional,0.9332,0.50294,624,,,,,,,,
GOF/OIA,Asset Management,0.9137,0.50294,624,,,,,,,,
CFR/QCRH,Banks - Regional,0.9381,0.50297,624,,,,,,,,
MUC/TSI,Asset Management,0.8583,0.50298,624,,,,,,,,
BPOP/SSB,Banks - Regional,0.8099,0.50299,624,,,,,,,,
TY/VLT,Asset Management,0.9783,0.50299,624,,,,,,,,
AX/CATY,Banks - Regional,0.9484,0.503,624,,,,,,,,
BOKF/ZIONP,Banks - Regional,0.8637,0.503,624,,,,,,,,
CGO/NUV,Asset Management,0.8919,0.50301,624,,,,,,,,
CSWC/EFT,Asset Management,0.9634,0.50302,624,,,,,,,,
GDO/QQQX,Asset Management,0.9371,0.50302,624,,,,,,,,
EVG/NXC,Asset Management,0.8262,0.50302,624,,,,,,,,
FCT/NZF,Asset Management,0.8505,0.50303,624,,,,,,,,
OSBC/PEBO,Banks - Regional,0.9517,0.50303,624,,,,,,,,
FCF/PPBI,Banks - Regional,0.8695,0.50303,624,,,,,,,,
FMAO/SFST,Banks - Regional,0.8751,0.50304,624,,,,,,,,
MCI/SPE,Asset Management,0.9498,0.50305,624,,,,,,,,
BN/HPI,Asset Management,0.9228,0.50306,624,,,,,,,,
CXH/GF,Asset Management,0.8391,0.50307,624,,,,,,,,
JEQ/PIM,Asset Management,0.9231,0.50308,624,,,,,,,,
ABCB/FHN,Banks - Regional,0.875,0.50308,624,,,,,,,,
EVN/HPS,Asset Management,0.9209,0.50308,624,,,,,,,,
PIO/VCSH,Unknown,0.9408,0.50308,624,,,,,,,,
BTA/PTY,Asset Management,0.9296,0.50309,624,,,,,,,,
CARE/UBSI,Banks - Regional,0.8224,0.50309,624,,,,,,,,
BGT/FHI,Asset Management,0.9169,0.50309,624,,,,,,,,
ETJ/PCM,Asset Management,0.9145,0.5031,624,,,,,,,,
IGD/JLS,Asset Management,0.9006,0.5031,624,,,,,,,,
CHI/EFT,Asset Management,0.9428,0.50311,624,,,,,,,,
FAD/QQXT,Unknown,0.9915,0.50311,624,,,,,,,,
GAIN/PDT,Asset Management,0.8907,0.50312,624,,,,,,,,
MMT/PPT,Asset Management,0.9428,0.50312,624,,,,,,,,
ETO/NXJ,Asset Management,0.9218,0.50314,624,,,,,,,,
CIF/SOR,Asset Management,0.8624,0.50315,624,,,,,,,,
CHW/MPA,Asset Management,0.9131,0.50316,624,,,,,,,,
PHT/SCD,Asset Management,0.8192,0.50316,624,,,,,,,,
TOWN/UBFO,Banks - Regional,0.9252,0.50317,624,,,,,,,,
AWP/FFA,Asset Management,0.8927,0.50319,624,,,,,,,,
ETV/VMO,Asset Management,0.8486,0.50319,624,,,,,,,,
CBAN/NFBK,Banks - Regional,0.8059,0.50319,624,,,,,,,,
EHI/VTN,Asset Management,0.8611,0.5032,624,,,,,,,,
MCN/NFJ,Asset Management,0.9514,0.50322,624,,,,,,,,
DOV/TNC,Specialty Industrial Machinery,0.8517,0.50323,624,,,,,,,,
IUSV/KTH,Unknown,0.9433,0.50324,624,,,,,,,,
BLK/MHF,Asset Management,0.9014,0.50324,624,,,,,,,,
RVT/VLT,Asset Management,0.9686,0.50324,624,,,,,,,,
PFG/RMT,Asset Management,0.936,0.50325,624,,,,,,,,
BME/IGA,Asset Management,0.9256,0.50325,624,,,,,,,,
FT/NQP,Asset Management,0.9056,0.50326,624,,,,,,,,
FCT/PFO,Asset Management,0.8604,0.50328,624,,,,,,,,
AX/UCB,Banks - Regional,0.8784,0.50329,624,,,,,,,,
AWP/GDL,Asset Management,0.9122,0.50329,624,,,,,,,,
HYT/NMI,Asset Management,0.8515,0.50329,624,,,,,,,,
GJT/IGIB,Unknown,0.8375,0.50331,624,,,,,,,,
ETV/NAZ,Asset Management,0.8373,0.50332,624,,,,,,,,
AB/IGD,Asset Management,0.91,0.50332,624,,,,,,,,
BYM/HQL,Asset Management,0.8872,0.50334,624,,,,,,,,
EFT/RCS,Asset Management,0.8502,0.50336,624,,,,,,,,
MUE/TSI,Asset Management,0.8791,0.50336,624,,,,,,,,
FOF/MCI,Asset Management,0.9286,0.50337,624,,,,,,,,
EFSC/UBFO,Banks - Regional,0.9449,0.50338,624,,,,,,,,
AME/AOS,Specialty Industrial Machinery,0.9196,0.50338,624,,,,,,,,
ACNB/CCNE,Banks - Regional,0.8797,0.50339,624,,,,,,,,
ATR/RGEN,Medical Instruments & Supplies,0.8523,0.50339,624,,,,,,,,
FMY/JFR,Asset Management,0.8955,0.5034,624,,,,,,,,
STBA/WTFC,Banks - Regional,0.9148,0.50344,624,,,,,,,,
BANF/CTBI,Banks - Regional,0.9175,0.50345,624,,,,,,,,
ETY/PCF,Asset Management,0.961,0.50346,624,,,,,,,,
ETY/STT,Asset Management,0.8397,0.50346,624,,,,,,,,
GDL/MUA,Asset Management,0.8557,0.50348,624,,,,,,,,
IQI/JPC,Asset Management,0.9479,0.5035,624,,,,,,,,
CFR/UMBF,Banks - Regional,0.9504,0.50352,624,,,,,,,,
FMAO/HFBL,Banks - Regional,0.8394,0.50352,624,,,,,,,,
DSU/IGR,Asset Management,0.8621,0.50352,624,,,,,,,,
ACWX/QQEW,Unknown,0.9634,0.50353,624,,,,,,,,
EXC/XEL,Utilities - Regulated Electric,0.8951,0.50353,624,,,,,,,,
BRW/HQH,Asset Management,0.8324,0.50354,624,,,,,,,,
JEQ/NZF,Asset Management,0.9201,0.50354,624,,,,,,,,
ABCB/VABK,Banks - Regional,0.9314,0.50354,624,,,,,,,,
SCZ/SMH,Unknown,0.816,0.50355,624,,,,,,,,
GJH/PYZ,Unknown,0.9303,0.50356,624,,,,,,,,
BKT/BTZ,Asset Management,0.9062,0.50357,624,,,,,,,,
ASB/GBCI,Banks - Regional,0.8779,0.50357,624,,,,,,,,
KWR/SXT,Specialty Chemicals,0.8379,0.50358,624,,,,,,,,
BFIN/FISI,Banks - Regional,0.8493,0.50358,624,,,,,,,,
RNP/VCV,Asset Management,0.8747,0.50359,624,,,,,,,,
BFIN/EFSC,Banks - Regional,0.8051,0.5036,624,,,,,,,,
OCSL/TWN,Asset Management,0.8835,0.5036,624,,,,,,,,
IGA/TY,Asset Management,0.9646,0.5036,624,,,,,,,,
EVT/IGR,Asset Management,0.9324,0.5036,624,,,,,,,,
IGR/MYD,Asset Management,0.8449,0.50361,624,,,,,,,,
ETO/SWKH,Asset Management,0.8411,0.50361,624,,,,,,,,
IQI/PFD,Asset Management,0.9672,0.50361,624,,,,,,,,
FTA/KTH,Unknown,0.9465,0.50363,624,,,,,,,,
BLK/IGA,Asset Management,0.9559,0.50364,624,,,,,,,,
BFC/FDBC,Banks - Regional,0.88,0.50364,624,,,,,,,,
HQH/HTD,Asset Management,0.8808,0.50364,624,,,,,,,,
BAP/CARE,Banks - Regional,0.8167,0.50365,624,,,,,,,,
TXN/UMC,Semiconductors,0.9046,0.50365,624,,,,,,,,
BME/SCD,Asset Management,0.879,0.50365,624,,,,,,,,
PNNT/RMT,Asset Management,0.8795,0.50366,624,,,,,,,,
CENT/HRL,Packaged Foods,0.8055,0.50366,624,,,,,,,,
BFC/WABC,Banks - Regional,0.8207,0.50366,624,,,,,,,,
ERIE/WTW,Insurance Brokers,0.939,0.50368,624,,,,,,,,
FCT/MFIC,Asset Management,0.8598,0.50369,624,,,,,,,,
IJT/SWZ,Unknown,0.9634,0.5037,624,,,,,,,,
JRS/WIW,Asset Management,0.8927,0.5037,624,,,,,,,,
ITW/JBTM,Specialty Industrial Machinery,0.8827,0.50371,624,,,,,,,,
FCF/SYBT,Banks - Regional,0.9262,0.50372,624,,,,,,,,
EVT/JPC,Asset Management,0.9365,0.50373,624,,,,,,,,
CNP/NGG,Utilities - Regulated Electric,0.8592,0.50374,624,,,,,,,,
BKN/TDF,Asset Management,0.8288,0.50374,624,,,,,,,,
BKN/ETV,Asset Management,0.8562,0.50374,624,,,,,,,,
PKW/QQQ,Unknown,0.9812,0.50374,624,,,,,,,,
GCV/JCE,Asset Management,0.8775,0.50375,624,,,,,,,,
DHIL/EFT,Asset Management,0.804,0.50376,624,,,,,,,,
KTN/WOOD,Unknown,0.9179,0.50376,624,,,,,,,,
CMS/ETR,Utilities - Regulated Electric,0.9204,0.50376,624,,,,,,,,
CADE/WABC,Banks - Regional,0.8581,0.50378,624,,,,,,,,
EVG/VKQ,Asset Management,0.8329,0.50379,624,,,,,,,,
SHBI/TRST,Banks - Regional,0.8626,0.50379,624,,,,,,,,
HTGC/QQQX,Asset Management,0.9191,0.50379,624,,,,,,,,
ADX/OIA,Asset Management,0.8595,0.50379,624,,,,,,,,
BANF/OSBC,Banks - Regional,0.9024,0.50381,624,,,,,,,,
JQC/MCN,Asset Management,0.9085,0.50382,624,,,,,,,,
MPV/RJF,Asset Management,0.9302,0.50383,624,,,,,,,,
ETW/FRA,Asset Management,0.9144,0.50383,624,,,,,,,,
FRME/TCBI,Banks - Regional,0.8029,0.50384,624,,,,,,,,
IEF/VCLT,Unknown,0.9611,0.50384,624,,,,,,,,
AWP/CHY,Asset Management,0.9102,0.50384,624,,,,,,,,
AWP/NXN,Asset Management,0.8982,0.50385,624,,,,,,,,
MUA/NAZ,Asset Management,0.9388,0.50385,624,,,,,,,,
MMU/TSI,Asset Management,0.8675,0.50386,624,,,,,,,,
CW/VSEC,Aerospace & Defense,0.9517,0.50386,624,,,,,,,,
AMP/CHY,Asset Management,0.9085,0.50386,624,,,,,,,,
NPV/NXN,Asset Management,0.8799,0.50386,624,,,,,,,,
FNV/RGLD,Gold,0.9215,0.50387,624,,,,,,,,
AWP/MVT,Asset Management,0.8135,0.50389,624,,,,,,,,
PFF/PUI,Unknown,0.9557,0.50389,624,,,,,,,,
QCOM/SLAB,Semiconductors,0.8349,0.50389,624,,,,,,,,
INDB/ZIONP,Banks - Regional,0.8424,0.50389,624,,,,,,,,
NMI/VLT,Asset Management,0.8746,0.5039,624,,,,,,,,
ETB/STT,Asset Management,0.8747,0.5039,624,,,,,,,,
CIVB/NEWT,Banks - Regional,0.8733,0.50391,624,,,,,,,,
JEQ/NRK,Asset Management,0.8942,0.50392,624,,,,,,,,
CIF/IGR,Asset Management,0.9303,0.50394,624,,,,,,,,
HWC/IBOC,Banks - Regional,0.9027,0.50394,624,,,,,,,,
GDEN/MTN,Resorts & Casinos,0.8461,0.50395,624,,,,,,,,
ACNB/CBAN,Banks - Regional,0.8742,0.50395,624,,,,,,,,
EVT/GRX,Asset Management,0.9665,0.50396,624,,,,,,,,
NEE/NWE,Utilities - Regulated Electric,0.8499,0.50396,624,,,,,,,,
PEBO/ZIONP,Banks - Regional,0.9081,0.50397,624,,,,,,,,
ASG/GDO,Asset Management,0.9457,0.50399,624,,,,,,,,
ETV/EVG,Asset Management,0.9556,0.504,624,,,,,,,,
BLW/CXH,Asset Management,0.8573,0.504,624,,,,,,,,
FTNT/PRGS,Software - Infrastructure,0.915,0.50401,624,,,,,,,,
AMP/IIF,Asset Management,0.9331,0.50402,624,,,,,,,,
FFC/JHI,Asset Management,0.9239,0.50402,624,,,,,,,,
BN/SWKH,Asset Management,0.8404,0.50403,624,,,,,,,,
EOT/QQQX,Asset Management,0.8507,0.50404,624,,,,,,,,
CBAN/RF,Banks - Regional,0.8791,0.50404,624,,,,,,,,
GDL/PHK,Asset Management,0.8813,0.50406,624,,,,,,,,
CRUS/ON,Semiconductors,0.8176,0.50407,624,,,,,,,,
RJF/WIW,Asset Management,0.825,0.50409,624,,,,,,,,
DOV/NDSN,Specialty Industrial Machinery,0.9626,0.50409,624,,,,,,,,
GF/JMM,Asset Management,0.8633,0.50412,624,,,,,,,,
GF/MVF,Asset Management,0.8082,0.50414,624,,,,,,,,
CMU/UTF,Asset Management,0.8031,0.50414,624,,,,,,,,
CNP/POR,Utilities - Regulated Electric,0.9,0.50418,624,,,,,,,,
GAB/HYT,Asset Management,0.9623,0.50418,624,,,,,,,,
BELFA/JBL,Electronic Components,0.879,0.50418,624,,,,,,,,
HPF/HTD,Asset Management,0.9784,0.50419,624,,,,,,,,
CMA/MTB,Banks - Regional,0.9145,0.50422,624,,,,,,,,
AWP/NEA,Asset Management,0.9059,0.50423,624,,,,,,,,
JLS/OIA,Asset Management,0.9364,0.50423,624,,,,,,,,
EOI/UTF,Asset Management,0.9643,0.50423,624,,,,,,,,
CSWC/STK,Asset Management,0.9789,0.50423,624,,,,,,,,
MQT/WIW,Asset Management,0.8672,0.50423,624,,,,,,,,
AOD/ARCC,Asset Management,0.9591,0.50424,624,,,,,,,,
GF/MQT,Asset Management,0.8614,0.50424,624,,,,,,,,
ASB/UBSI,Banks - Regional,0.9315,0.50424,624,,,,,,,,
BFC/EWBC,Banks - Regional,0.8991,0.50424,624,,,,,,,,
VLT/VRTS,Asset Management,0.823,0.50426,624,,,,,,,,
ETJ/GAB,Asset Management,0.9476,0.50427,624,,,,,,,,
HIO/TROW,Asset Management,0.8992,0.50428,624,,,,,,,,
CASH/LARK,Banks - Regional,0.8065,0.50428,624,,,,,,,,
HFBL/UCB,Banks - Regional,0.8707,0.50429,624,,,,,,,,
EVG/JRS,Asset Management,0.9216,0.5043,624,,,,,,,,
GRX/MHD,Asset Management,0.8471,0.5043,624,,,,,,,,
BCML/NKSH,Banks - Regional,0.8401,0.50431,624,,,,,,,,
BLK/WEA,Asset Management,0.9079,0.50431,624,,,,,,,,
OIA/SAR,Asset Management,0.8664,0.50432,624,,,,,,,,
CBAN/SSB,Banks - Regional,0.8773,0.50432,624,,,,,,,,
BYM/CNS,Asset Management,0.8175,0.50432,624,,,,,,,,
MUA/NPV,Asset Management,0.8824,0.50434,624,,,,,,,,
EOD/TY,Asset Management,0.9273,0.50434,624,,,,,,,,
CHT/RCI,Telecom Services,0.8096,0.50435,624,,,,,,,,
JQC/NVG,Asset Management,0.8444,0.50436,624,,,,,,,,
FSFG/RBCAA,Banks - Regional,0.9059,0.50436,624,,,,,,,,
BLW/IAE,Asset Management,0.8657,0.50436,624,,,,,,,,
BOE/JHS,Asset Management,0.8172,0.50437,624,,,,,,,,
BCML/CFR,Banks - Regional,0.8658,0.50439,624,,,,,,,,
IUSG/QQQ,Unknown,0.9972,0.5044,624,,,,,,,,
MNSB/WTBA,Banks - Regional,0.9084,0.50441,624,,,,,,,,
BME/NMT,Asset Management,0.8084,0.50442,624,,,,,,,,
RF/TRMK,Banks - Regional,0.9115,0.50442,624,,,,,,,,
PFS/UBSI,Banks - Regional,0.8942,0.50443,624,,,,,,,,
ETN/TAYD,Specialty Industrial Machinery,0.8673,0.50443,624,,,,,,,,
JRS/NPV,Asset Management,0.8227,0.50444,624,,,,,,,,
GJT/VCIT,Unknown,0.8308,0.50445,624,,,,,,,,
MU/SLAB,Semiconductors,0.8493,0.50446,624,,,,,,,,
ETJ/IGI,Asset Management,0.8379,0.50448,624,,,,,,,,
ADBE/TYL,Software - Application,0.9446,0.50449,624,,,,,,,,
GRID/PPH,Unknown,0.9047,0.5045,624,,,,,,,,
AOD/PAI,Asset Management,0.8255,0.5045,624,,,,,,,,
FT/QQQX,Asset Management,0.9782,0.5045,624,,,,,,,,
HTD/SPXX,Asset Management,0.9699,0.50451,624,,,,,,,,
USA/WEA,Asset Management,0.914,0.50451,624,,,,,,,,
ARE/CUZ,REIT - Office,0.8068,0.50452,624,,,,,,,,
EVG/VGM,Asset Management,0.823,0.50452,624,,,,,,,,
DSU/GRX,Asset Management,0.8998,0.50452,624,,,,,,,,
CNOB/GABC,Banks - Regional,0.9122,0.50453,624,,,,,,,,
ADI/LSCC,Semiconductors,0.9053,0.50454,624,,,,,,,,
CZWI/UBCP,Banks - Regional,0.8682,0.50455,624,,,,,,,,
SBI/TROW,Asset Management,0.8054,0.50455,624,,,,,,,,
JQC/MYD,Asset Management,0.8048,0.50455,624,,,,,,,,
QQQX/RMT,Asset Management,0.9793,0.50456,624,,,,,,,,
EOI/EVF,Asset Management,0.9704,0.50456,624,,,,,,,,
FNX/IGF,Unknown,0.9677,0.50456,624,,,,,,,,
BX/HTGC,Asset Management,0.9682,0.50458,624,,,,,,,,
SAR/VLT,Asset Management,0.9391,0.50458,624,,,,,,,,
HYT/PHK,Asset Management,0.8333,0.50459,624,,,,,,,,
EXP/JHX,Building Materials,0.8759,0.5046,624,,,,,,,,
ABCB/WSBC,Banks - Regional,0.9243,0.5046,624,,,,,,,,
JQC/NRK,Asset Management,0.8461,0.50461,624,,,,,,,,
FUND/VLT,Asset Management,0.9201,0.50461,624,,,,,,,,
FCBC/TRMK,Banks - Regional,0.9317,0.50461,624,,,,,,,,
MCHP/VSH,Semiconductors,0.9065,0.50465,624,,,,,,,,
CXE/HIX,Asset Management,0.8495,0.50465,624,,,,,,,,
SRCE/TRMK,Banks - Regional,0.9507,0.50465,624,,,,,,,,
FFC/TROW,Asset Management,0.9071,0.50466,624,,,,,,,,
ETB/PFG,Asset Management,0.9374,0.50467,624,,,,,,,,
MBB/VGLT,Unknown,0.9283,0.50467,624,,,,,,,,
BKN/MSD,Asset Management,0.8121,0.50469,624,,,,,,,,
FAB/KTH,Unknown,0.9347,0.5047,624,,,,,,,,
CXT/NDSN,Specialty Industrial Machinery,0.8699,0.50471,624,,,,,,,,
GSBC/TOWN,Banks - Regional,0.9535,0.50472,624,,,,,,,,
PHO/PID,Unknown,0.9504,0.50472,624,,,,,,,,
CSWC/MCI,Asset Management,0.939,0.50473,624,,,,,,,,
FBIZ/GBCI,Banks - Regional,0.8273,0.50474,624,,,,,,,,
CFR/MBWM,Banks - Regional,0.9235,0.50476,624,,,,,,,,
BRW/GRX,Asset Management,0.8792,0.50476,624,,,,,,,,
CZFS/SMBK,Banks - Regional,0.8718,0.50476,624,,,,,,,,
BTZ/MUC,Asset Management,0.9024,0.50476,624,,,,,,,,
FHI/HPF,Asset Management,0.8718,0.50477,624,,,,,,,,
FXNC/PBHC,Banks - Regional,0.8223,0.50478,624,,,,,,,,
RQI/VTN,Asset Management,0.8387,0.50481,624,,,,,,,,
ASG/WEA,Asset Management,0.935,0.50482,624,,,,,,,,
GDO/RQI,Asset Management,0.9354,0.50482,624,,,,,,,,
ADX/GOF,Asset Management,0.9704,0.50482,624,,,,,,,,
AIA/IEI,Unknown,0.8654,0.50484,624,,,,,,,,
HIO/MGF,Asset Management,0.8598,0.50486,624,,,,,,,,
CTSH/GIB,Information Technology Services,0.863,0.50486,624,,,,,,,,
GCV/WIA,Asset Management,0.9218,0.50487,624,,,,,,,,
GBCI/MBWM,Banks - Regional,0.8963,0.5049,624,,,,,,,,
CIVB/MNSB,Banks - Regional,0.9414,0.5049,624,,,,,,,,
SBUX/YUM,Restaurants,0.948,0.50492,624,,,,,,,,
DVY/IBB,Unknown,0.8656,0.50494,624,,,,,,,,
PAI/UTF,Asset Management,0.8977,0.50496,624,,,,,,,,
FAD/PPH,Unknown,0.9323,0.50496,624,,,,,,,,
IEUS/VCSH,Unknown,0.9282,0.50496,624,,,,,,,,
CII/PIM,Asset Management,0.8801,0.50497,624,,,,,,,,
BTZ/CMU,Asset Management,0.8933,0.50498,624,,,,,,,,
CHN/VBF,Asset Management,0.8278,0.50499,624,,,,,,,,
BDJ/CII,Asset Management,0.9879,0.505,624,,,,,,,,
ETO/PFG,Asset Management,0.9272,0.50501,624,,,,,,,,
TFC/TFSL,Banks - Regional,0.8917,0.50503,624,,,,,,,,
BXMX/PPT,Asset Management,0.9016,0.50503,624,,,,,,,,
FSFG/PEBO,Banks - Regional,0.9263,0.50503,624,,,,,,,,
PIZ/TVE,Unknown,0.8078,0.50504,624,,,,,,,,
CHY/EFT,Asset Management,0.9366,0.50504,624,,,,,,,,
BYM/CAF,Asset Management,0.8206,0.50506,624,,,,,,,,
TCBK/WABC,Banks - Regional,0.8922,0.50507,624,,,,,,,,
BLW/VKQ,Asset Management,0.8636,0.50508,624,,,,,,,,
SRCE/WSBF,Banks - Regional,0.8847,0.5051,624,,,,,,,,
FCT/NCA,Asset Management,0.8177,0.50511,624,,,,,,,,
HIO/RMT,Asset Management,0.9533,0.50511,624,,,,,,,,
PPH/QABA,Unknown,0.8435,0.50513,624,,,,,,,,
ETV/VCV,Asset Management,0.8742,0.50513,624,,,,,,,,
DY/IESC,Engineering & Construction,0.8122,0.50514,624,,,,,,,,
AOS/MWA,Specialty Industrial Machinery,0.8806,0.50516,624,,,,,,,,
EWBC/HWC,Banks - Regional,0.93,0.50517,624,,,,,,,,
NIE/PIM,Asset Management,0.9003,0.50518,624,,,,,,,,
VGIT/VGLT,Unknown,0.9135,0.50519,624,,,,,,,,
AGO/FNF,Insurance - Specialty,0.9508,0.50519,624,,,,,,,,
MHD/VLT,Asset Management,0.8154,0.50522,624,,,,,,,,
CMI/WTS,Specialty Industrial Machinery,0.9557,0.50523,624,,,,,,,,
AWF/PFD,Asset Management,0.8543,0.50524,624,,,,,,,,
BFZ/BLW,Asset Management,0.8288,0.50525,624,,,,,,,,
DUK/PPL,Utilities - Regulated Electric,0.9059,0.50526,624,,,,,,,,
CFR/WAFD,Banks - Regional,0.9122,0.50526,624,,,,,,,,
NKX/WEA,Asset Management,0.9344,0.50527,624,,,,,,,,
BLK/TROW,Asset Management,0.882,0.50527,624,,,,,,,,
JOF/PTY,Asset Management,0.91,0.50529,624,,,,,,,,
EFT/FMY,Asset Management,0.9183,0.5053,624,,,,,,,,
CMA/FMNB,Banks - Regional,0.8988,0.5053,624,,,,,,,,
NMI/PPT,Asset Management,0.8564,0.50531,624,,,,,,,,
SHY/SOXX,Unknown,0.8996,0.50531,624,,,,,,,,
JEQ/QQQX,Asset Management,0.9351,0.50536,624,,,,,,,,
ACWX/RTH,Unknown,0.9485,0.50536,624,,,,,,,,
FTA/PEZ,Unknown,0.9553,0.50536,624,,,,,,,,
SFNC/UBFO,Banks - Regional,0.8251,0.50538,624,,,,,,,,
AMP/SPXX,Asset Management,0.9295,0.5054,624,,,,,,,,
EOI/PIM,Asset Management,0.8874,0.5054,624,,,,,,,,
ADUS/DVA,Medical Care Facilities,0.8022,0.50541,624,,,,,,,,
HYT/MUE,Asset Management,0.839,0.50542,624,,,,,,,,
FUND/SEIC,Asset Management,0.8461,0.50544,624,,,,,,,,
HIX/RQI,Asset Management,0.9268,0.50545,624,,,,,,,,
NECB/OPBK,Banks - Regional,0.8267,0.50547,624,,,,,,,,
BPOP/MGYR,Banks - Regional,0.8527,0.50549,624,,,,,,,,
JHS/SOR,Asset Management,0.8366,0.50549,624,,,,,,,,
ACWX/IGIB,Unknown,0.8942,0.50552,624,,,,,,,,
CZWI/UBFO,Banks - Regional,0.9055,0.50556,624,,,,,,,,
BKN/GF,Asset Management,0.8781,0.50557,624,,,,,,,,
GIB/INFY,Information Technology Services,0.8915,0.50557,624,,,,,,,,
BUSE/GBCI,Banks - Regional,0.8837,0.50557,624,,,,,,,,
EVT/JQC,Asset Management,0.9499,0.50558,624,,,,,,,,
ALRS/UCB,Banks - Regional,0.8739,0.50559,624,,,,,,,,
DSU/JPC,Asset Management,0.9009,0.5056,624,,,,,,,,
MNST/PRMB,Beverages - Non-Alcoholic,0.801,0.50562,624,,,,,,,,
FRST/PROV,Banks - Regional,0.8694,0.50562,624,,,,,,,,
EHI/EVG,Asset Management,0.9334,0.50563,624,,,,,,,,
FFC/PMF,Asset Management,0.8866,0.50563,624,,,,,,,,
NMZ/TSI,Asset Management,0.9343,0.50565,624,,,,,,,,
SFNC/WSBC,Banks - Regional,0.9286,0.50566,624,,,,,,,,
OZK/SRCE,Banks - Regional,0.8682,0.50569,624,,,,,,,,
HFWA/LARK,Banks - Regional,0.8465,0.50569,624,,,,,,,,
AWP/GF,Asset Management,0.8826,0.5057,624,,,,,,,,
PPH/PSL,Unknown,0.9521,0.5057,624,,,,,,,,
NYMT/TWO,REIT - Mortgage,0.8061,0.50571,624,,,,,,,,
EFT/SEIC,Asset Management,0.8719,0.50572,624,,,,,,,,
AOD/RFI,Asset Management,0.9442,0.50573,624,,,,,,,,
IEUS/WOOD,Unknown,0.9668,0.50574,624,,,,,,,,
IGA/RVT,Asset Management,0.9644,0.50575,624,,,,,,,,
PFG/PHD,Asset Management,0.9093,0.50575,624,,,,,,,,
FNF/ITIC,Insurance - Specialty,0.9654,0.50577,624,,,,,,,,
JHS/PHD,Asset Management,0.8349,0.50577,624,,,,,,,,
FMN/JPC,Asset Management,0.9102,0.50577,624,,,,,,,,
ETV/STEW,Asset Management,0.9737,0.50578,624,,,,,,,,
ASG/NVG,Asset Management,0.9226,0.5058,624,,,,,,,,
EOT/HQH,Asset Management,0.8441,0.5058,624,,,,,,,,
EOS/PCM,Asset Management,0.9085,0.50581,624,,,,,,,,
IEI/VCSH,Unknown,0.9272,0.50582,624,,,,,,,,
HPI/NTRS,Asset Management,0.923,0.50583,624,,,,,,,,
BHK/PDT,Asset Management,0.9262,0.50584,624,,,,,,,,
FCT/MFM,Asset Management,0.8115,0.50584,624,,,,,,,,
BLW/BYM,Asset Management,0.8604,0.50584,624,,,,,,,,
FUND/HIO,Asset Management,0.9145,0.50585,624,,,,,,,,
JEQ/JLS,Asset Management,0.8997,0.50586,624,,,,,,,,
AMP/NIE,Asset Management,0.9468,0.50586,624,,,,,,,,
BLW/SBI,Asset Management,0.8461,0.50587,624,,,,,,,,
HPS/JCE,Asset Management,0.9529,0.50589,624,,,,,,,,
AOD/JOF,Asset Management,0.863,0.50589,624,,,,,,,,
GIB/HCKT,Information Technology Services,0.9383,0.5059,624,,,,,,,,
ETV/NEA,Asset Management,0.8988,0.5059,624,,,,,,,,
MHF/PHD,Asset Management,0.9034,0.50591,624,,,,,,,,
IBN/SRCE,Banks - Regional,0.8202,0.50595,624,,,,,,,,
IGA/USA,Asset Management,0.9609,0.50595,624,,,,,,,,
MHF/USA,Asset Management,0.8969,0.50596,624,,,,,,,,
FITB/SRCE,Banks - Regional,0.9304,0.50596,624,,,,,,,,
HFWA/ZION,Banks - Regional,0.8979,0.50598,624,,,,,,,,
MIY/VTN,Asset Management,0.9451,0.50599,624,,,,,,,,
EFT/WIW,Asset Management,0.8655,0.50599,624,,,,,,,,
FT/USA,Asset Management,0.9781,0.50599,624,,,,,,,,
EFT/MCR,Asset Management,0.9049,0.50599,624,,,,,,,,
BTZ/HQL,Asset Management,0.9213,0.50599,624,,,,,,,,
BJK/WOOD,Unknown,0.8499,0.50601,624,,,,,,,,
EHI/PCF,Asset Management,0.9539,0.50602,624,,,,,,,,
AB/OIA,Asset Management,0.8337,0.50602,624,,,,,,,,
CTSH/HCKT,Information Technology Services,0.8804,0.50603,624,,,,,,,,
RNST/THFF,Banks - Regional,0.8921,0.50605,624,,,,,,,,
AX/BANF,Banks - Regional,0.913,0.50605,624,,,,,,,,
EVT/FT,Asset Management,0.9869,0.50605,624,,,,,,,,
HFWA/WABC,Banks - Regional,0.9115,0.50605,624,,,,,,,,
ASG/MPA,Asset Management,0.8912,0.50605,624,,,,,,,,
AFB/HPS,Asset Management,0.8986,0.5061,624,,,,,,,,
JEQ/TROW,Asset Management,0.9053,0.50613,624,,,,,,,,
ALRS/PFS,Banks - Regional,0.8472,0.50614,624,,,,,,,,
DHF/MHD,Asset Management,0.8006,0.50614,624,,,,,,,,
AWF/MUE,Asset Management,0.836,0.50614,624,,,,,,,,
DVY/FAD,Unknown,0.9723,0.50617,624,,,,,,,,
JBK/PRN,Unknown,0.8991,0.50617,624,,,,,,,,
MPV/NFJ,Asset Management,0.8952,0.50618,624,,,,,,,,
HQL/RNP,Asset Management,0.889,0.50618,624,,,,,,,,
GATX/UHAL,Rental & Leasing Services,0.9093,0.50618,624,,,,,,,,
BFC/FMBH,Banks - Regional,0.8553,0.50619,624,,,,,,,,
LEN/SKY,Residential Construction,0.896,0.5062,624,,,,,,,,
MVF/RQI,Asset Management,0.8236,0.50625,624,,,,,,,,
ETV/NUV,Asset Management,0.902,0.50626,624,,,,,,,,
BKT/RFI,Asset Management,0.8175,0.50626,624,,,,,,,,
ONB/UBSI,Banks - Regional,0.9084,0.50627,624,,,,,,,,
PCF/VTN,Asset Management,0.8034,0.50627,624,,,,,,,,
DDT/PFI,Unknown,0.9541,0.50629,624,,,,,,,,
FLEX/PLXS,Electronic Components,0.8926,0.50631,624,,,,,,,,
EEA/MIN,Asset Management,0.8585,0.50633,624,,,,,,,,
CBU/IBOC,Banks - Regional,0.8255,0.50633,624,,,,,,,,
GF/PMO,Asset Management,0.8657,0.50633,624,,,,,,,,
EHI/PHD,Asset Management,0.9254,0.50634,624,,,,,,,,
GSBC/PWOD,Banks - Regional,0.8334,0.50634,624,,,,,,,,
EXG/VBF,Asset Management,0.9056,0.50636,624,,,,,,,,
EEA/HTGC,Asset Management,0.9076,0.50637,624,,,,,,,,
BME/PIM,Asset Management,0.9131,0.50638,624,,,,,,,,
CSWC/EOI,Asset Management,0.9772,0.50639,624,,,,,,,,
BCBP/FBNC,Banks - Regional,0.8721,0.50639,624,,,,,,,,
AOD/VBF,Asset Management,0.8792,0.50639,624,,,,,,,,
CMA/PB,Banks - Regional,0.8906,0.50639,624,,,,,,,,
EXG/MHF,Asset Management,0.9074,0.5064,624,,,,,,,,
HFBL/PPBI,Banks - Regional,0.895,0.50642,624,,,,,,,,
JCE/JEQ,Asset Management,0.8866,0.50643,624,,,,,,,,
FHI/HYT,Asset Management,0.9041,0.50644,624,,,,,,,,
FT/MSD,Asset Management,0.8956,0.50644,624,,,,,,,,
BTA/STK,Asset Management,0.8384,0.50645,624,,,,,,,,
BHK/HIX,Asset Management,0.9474,0.50646,624,,,,,,,,
FCNCA/FITB,Banks - Regional,0.8409,0.50647,624,,,,,,,,
HPF/SAR,Asset Management,0.9221,0.50648,624,,,,,,,,
TCBK/TOWN,Banks - Regional,0.9496,0.50648,624,,,,,,,,
AWF/MCN,Asset Management,0.9253,0.5065,624,,,,,,,,
RQI/VMO,Asset Management,0.8661,0.50651,624,,,,,,,,
CIF/MIN,Asset Management,0.9163,0.50652,624,,,,,,,,
GSBC/NWBI,Banks - Regional,0.9409,0.50652,624,,,,,,,,
ALGN/AZTA,Medical Instruments & Supplies,0.9286,0.50653,624,,,,,,,,
BTA/CHW,Asset Management,0.9388,0.50654,624,,,,,,,,
GJT/VCSH,Unknown,0.9069,0.50654,624,,,,,,,,
AWP/NUW,Asset Management,0.8661,0.50654,624,,,,,,,,
GCV/HQL,Asset Management,0.8767,0.50655,624,,,,,,,,
TCBK/WTFC,Banks - Regional,0.9127,0.50655,624,,,,,,,,
CSWC/MPV,Asset Management,0.9387,0.50656,624,,,,,,,,
SPE/WIW,Asset Management,0.8855,0.50657,624,,,,,,,,
AWF/MYI,Asset Management,0.8812,0.50657,624,,,,,,,,
AGNC/BXMT,REIT - Mortgage,0.8805,0.50658,624,,,,,,,,
PRN/SHY,Unknown,0.9169,0.50658,624,,,,,,,,
DHIL/EFR,Asset Management,0.8183,0.50659,624,,,,,,,,
FXNC/OPBK,Banks - Regional,0.844,0.50659,624,,,,,,,,
JOF/RVT,Asset Management,0.881,0.50659,624,,,,,,,,
GBCI/PFBC,Banks - Regional,0.9213,0.50661,624,,,,,,,,
AX/UNTY,Banks - Regional,0.9337,0.50663,624,,,,,,,,
ACWX/QQQ,Unknown,0.9467,0.50663,624,,,,,,,,
BCE/RCI,Telecom Services,0.905,0.50664,624,,,,,,,,
INDB/UBSI,Banks - Regional,0.8705,0.50664,624,,,,,,,,
ACNB/OFG,Banks - Regional,0.8302,0.50665,624,,,,,,,,
BANF/FRME,Banks - Regional,0.8333,0.50665,624,,,,,,,,
PBT/SBR,Oil & Gas Midstream,0.8,0.50665,624,,,,,,,,
HBNC/UBFO,Banks - Regional,0.8996,0.50665,624,,,,,,,,
AWP/NNY,Asset Management,0.881,0.50666,624,,,,,,,,
BRW/JHI,Asset Management,0.8665,0.50667,624,,,,,,,,
DNP/NCA,Asset Management,0.8655,0.50668,624,,,,,,,,
CBU/WABC,Banks - Regional,0.9404,0.50668,624,,,,,,,,
CIF/EVF,Asset Management,0.8401,0.50669,624,,,,,,,,
FCBC/UBFO,Banks - Regional,0.9281,0.5067,624,,,,,,,,
GDO/MAIN,Asset Management,0.8419,0.50671,624,,,,,,,,
CIF/NAZ,Asset Management,0.8776,0.50672,624,,,,,,,,
AMT/EQIX,REIT - Specialty,0.9418,0.50673,624,,,,,,,,
BFC/HBAN,Banks - Regional,0.9104,0.50676,624,,,,,,,,
BRKL/ONB,Banks - Regional,0.8219,0.50681,624,,,,,,,,
CHW/FFA,Asset Management,0.938,0.50681,624,,,,,,,,
LMAT/WST,Medical Instruments & Supplies,0.8429,0.50681,624,,,,,,,,
FFBC/WABC,Banks - Regional,0.82,0.50682,624,,,,,,,,
BUSE/PROV,Banks - Regional,0.8174,0.50682,624,,,,,,,,
ASG/VBF,Asset Management,0.9378,0.50684,624,,,,,,,,
BLW/NRK,Asset Management,0.8818,0.50685,624,,,,,,,,
ETJ/GLAD,Asset Management,0.9433,0.50685,624,,,,,,,,
PPBI/TCBI,Banks - Regional,0.8044,0.50685,624,,,,,,,,
FRA/PCF,Asset Management,0.9264,0.50686,624,,,,,,,,
EWBC/VABK,Banks - Regional,0.8969,0.50686,624,,,,,,,,
CII/PHD,Asset Management,0.9531,0.50687,624,,,,,,,,
CGO/NPV,Asset Management,0.8684,0.50687,624,,,,,,,,
BFC/SBFG,Banks - Regional,0.8906,0.50687,624,,,,,,,,
GRX/MAIN,Asset Management,0.8869,0.50688,624,,,,,,,,
EFR/MFIC,Asset Management,0.909,0.50688,624,,,,,,,,
AB/BLK,Asset Management,0.9611,0.50689,624,,,,,,,,
MCI/TWN,Asset Management,0.9148,0.50689,624,,,,,,,,
PHO/VGSH,Unknown,0.9201,0.50689,624,,,,,,,,
MFIC/RNP,Asset Management,0.8087,0.5069,624,,,,,,,,
FNLC/STBA,Banks - Regional,0.8905,0.50691,624,,,,,,,,
TFC/THFF,Banks - Regional,0.8951,0.50693,624,,,,,,,,
JQC/MUA,Asset Management,0.8304,0.50694,624,,,,,,,,
PTY/STT,Asset Management,0.821,0.50695,624,,,,,,,,
BME/NMI,Asset Management,0.8634,0.50696,624,,,,,,,,
FBNC/WAFD,Banks - Regional,0.9573,0.50696,624,,,,,,,,
ETJ/WEA,Asset Management,0.9119,0.50696,624,,,,,,,,
ETV/IIM,Asset Management,0.8833,0.50697,624,,,,,,,,
FSFG/WSBF,Banks - Regional,0.9285,0.50701,624,,,,,,,,
EOS/HQH,Asset Management,0.8538,0.50701,624,,,,,,,,
EFR/TROW,Asset Management,0.8038,0.50703,624,,,,,,,,
ETB/WIA,Asset Management,0.8498,0.50705,624,,,,,,,,
CCBG/UBSI,Banks - Regional,0.8698,0.50705,624,,,,,,,,
BX/TSI,Asset Management,0.8394,0.5071,624,,,,,,,,
GSBC/WTBA,Banks - Regional,0.9417,0.50712,624,,,,,,,,
AGD/BGY,Asset Management,0.9635,0.50712,624,,,,,,,,
PEY/PKW,Unknown,0.9769,0.50712,624,,,,,,,,
ETO/NMI,Asset Management,0.834,0.50712,624,,,,,,,,
CGO/VTN,Asset Management,0.8034,0.50712,624,,,,,,,,
BXMX/USA,Asset Management,0.9772,0.50713,624,,,,,,,,
NMI/TROW,Asset Management,0.812,0.50713,624,,,,,,,,
BANR/COLB,Banks - Regional,0.8254,0.50714,624,,,,,,,,
BN/NNY,Asset Management,0.8227,0.50714,624,,,,,,,,
EEA/NIM,Asset Management,0.8464,0.50715,624,,,,,,,,
NAC/TSI,Asset Management,0.8853,0.50715,624,,,,,,,,
CHY/GAM,Asset Management,0.9337,0.50716,624,,,,,,,,
BME/HPI,Asset Management,0.9399,0.50717,624,,,,,,,,
IGR/IQI,Asset Management,0.8798,0.50718,624,,,,,,,,
AAXJ/GJO,Unknown,0.8339,0.50718,624,,,,,,,,
CMA/TFC,Banks - Regional,0.9309,0.50718,624,,,,,,,,
CCOI/CHT,Telecom Services,0.9435,0.50719,624,,,,,,,,
BTA/CGO,Asset Management,0.9156,0.50719,624,,,,,,,,
HPF/PFL,Asset Management,0.9737,0.5072,624,,,,,,,,
NCA/PFN,Asset Management,0.8937,0.50721,624,,,,,,,,
FBNC/STBA,Banks - Regional,0.9111,0.50722,624,,,,,,,,
CW/DRS,Aerospace & Defense,0.8893,0.50722,624,,,,,,,,
BTA/NFJ,Asset Management,0.8732,0.50722,624,,,,,,,,
ETG/MAIN,Asset Management,0.9621,0.50724,624,,,,,,,,
AWP/PSEC,Asset Management,0.8398,0.50724,624,,,,,,,,
BND/PUI,Unknown,0.8705,0.50725,624,,,,,,,,
NEE/XEL,Utilities - Regulated Electric,0.9738,0.50725,624,,,,,,,,
GCV/IAE,Asset Management,0.804,0.50728,624,,,,,,,,
FFIN/GABC,Banks - Regional,0.9347,0.5073,624,,,,,,,,
FULT/SFNC,Banks - Regional,0.8425,0.5073,624,,,,,,,,
EMN/IOSP,Specialty Chemicals,0.8713,0.50731,624,,,,,,,,
HPF/IFN,Asset Management,0.8837,0.50731,624,,,,,,,,
IGA/JRS,Asset Management,0.9188,0.50731,624,,,,,,,,
BRKL/GBCI,Banks - Regional,0.8673,0.50732,624,,,,,,,,
JLS/PCF,Asset Management,0.9207,0.50732,624,,,,,,,,
AWP/NAC,Asset Management,0.8615,0.50732,624,,,,,,,,
MNSB/UVSP,Banks - Regional,0.8516,0.50732,624,,,,,,,,
IGR/NAC,Asset Management,0.8509,0.50733,624,,,,,,,,
ETJ/GOF,Asset Management,0.967,0.50734,624,,,,,,,,
AN/LAD,Auto & Truck Dealerships,0.8662,0.50734,624,,,,,,,,
ACNB/BUSE,Banks - Regional,0.8948,0.50736,624,,,,,,,,
BRKL/STBA,Banks - Regional,0.8474,0.50736,624,,,,,,,,
FMN/HPF,Asset Management,0.8856,0.50736,624,,,,,,,,
AIA/QQXT,Unknown,0.8875,0.50737,624,,,,,,,,
GJT/PIZ,Unknown,0.8929,0.50738,624,,,,,,,,
MDT/SNN,Medical Devices,0.8713,0.50738,624,,,,,,,,
IUSG/PPH,Unknown,0.9309,0.50738,624,,,,,,,,
GAB/HPI,Asset Management,0.892,0.50739,624,,,,,,,,
MCY/MKL,Insurance - Property & Casualty,0.807,0.50739,624,,,,,,,,
EVT/PPT,Asset Management,0.9136,0.50739,624,,,,,,,,
BGY/FCT,Asset Management,0.9305,0.5074,624,,,,,,,,
GRX/LEO,Asset Management,0.857,0.5074,624,,,,,,,,
EVG/NCA,Asset Management,0.8045,0.50741,624,,,,,,,,
FRST/TCBK,Banks - Regional,0.8229,0.50743,624,,,,,,,,
FCNCA/PNFP,Banks - Regional,0.8068,0.50743,624,,,,,,,,
CZWI/TFSL,Banks - Regional,0.8184,0.50743,624,,,,,,,,
SBUX/TXRH,Restaurants,0.8229,0.50744,624,,,,,,,,
FFA/GAB,Asset Management,0.9683,0.50744,624,,,,,,,,
ASG/IIM,Asset Management,0.8731,0.50745,624,,,,,,,,
FRST/UBFO,Banks - Regional,0.8447,0.50745,624,,,,,,,,
BGT/EMD,Asset Management,0.8123,0.50745,624,,,,,,,,
GAB/HQH,Asset Management,0.8732,0.50745,624,,,,,,,,
INDB/STBA,Banks - Regional,0.8603,0.50746,624,,,,,,,,
ES/PEG,Utilities - Regulated Electric,0.8325,0.50746,624,,,,,,,,
LGI/RJF,Asset Management,0.9466,0.50748,624,,,,,,,,
FHI/HIO,Asset Management,0.872,0.50748,624,,,,,,,,
GF/MCR,Asset Management,0.8622,0.5075,624,,,,,,,,
ACNB/QCRH,Banks - Regional,0.9382,0.50751,624,,,,,,,,
DHF/NPV,Asset Management,0.834,0.50751,624,,,,,,,,
ETG/WIA,Asset Management,0.8827,0.50752,624,,,,,,,,
BUSE/HDB,Banks - Regional,0.8596,0.50752,624,,,,,,,,
NXP/WIA,Asset Management,0.9101,0.50753,624,,,,,,,,
ETY/FOF,Asset Management,0.9877,0.50753,624,,,,,,,,
ABCB/USB,Banks - Regional,0.9243,0.50753,624,,,,,,,,
CGO/IGA,Asset Management,0.9144,0.50754,624,,,,,,,,
FRA/RCS,Asset Management,0.8366,0.50755,624,,,,,,,,
CHN/NUV,Asset Management,0.8486,0.50755,624,,,,,,,,
PIZ/PNQI,Unknown,0.9513,0.50757,624,,,,,,,,
FNX/IMCV,Unknown,0.9896,0.50758,624,,,,,,,,
GDV/IGI,Asset Management,0.858,0.50759,624,,,,,,,,
MUC/TROW,Asset Management,0.8466,0.5076,624,,,,,,,,
CHW/GRX,Asset Management,0.9557,0.5076,624,,,,,,,,
CINF/HCI,Insurance - Property & Casualty,0.8831,0.50761,624,,,,,,,,
ACNB/ASB,Banks - Regional,0.8959,0.50761,624,,,,,,,,
OPY/SCHW,Capital Markets,0.88,0.50762,624,,,,,,,,
DDT/GJP,Unknown,0.9591,0.50763,624,,,,,,,,
CBAN/UCB,Banks - Regional,0.9153,0.50763,624,,,,,,,,
IGR/VKQ,Asset Management,0.8795,0.50764,624,,,,,,,,
CNS/MQY,Asset Management,0.8112,0.50765,624,,,,,,,,
OLED/TEL,Electronic Components,0.8471,0.50765,624,,,,,,,,
BFC/FBIZ,Banks - Regional,0.8944,0.50766,624,,,,,,,,
ADX/MHF,Asset Management,0.903,0.50767,624,,,,,,,,
BK/TD,Banks - Diversified,0.8199,0.50767,624,,,,,,,,
GRX/JPC,Asset Management,0.9508,0.50767,624,,,,,,,,
STK/SWKH,Asset Management,0.8339,0.50768,624,,,,,,,,
FTC/PFF,Unknown,0.9292,0.50768,624,,,,,,,,
JQC/PAI,Asset Management,0.8656,0.50768,624,,,,,,,,
BXMX/EXG,Asset Management,0.9875,0.50769,624,,,,,,,,
PCM/VCV,Asset Management,0.8595,0.50769,624,,,,,,,,
ETG/JHI,Asset Management,0.9358,0.50769,624,,,,,,,,
CHW/PTY,Asset Management,0.9648,0.5077,624,,,,,,,,
L/RLI,Insurance - Property & Casualty,0.8828,0.50771,624,,,,,,,,
PDT/VCV,Asset Management,0.9175,0.50771,624,,,,,,,,
CAT/PCAR,Farm & Heavy Construction Machinery,0.9747,0.50771,624,,,,,,,,
IIM/PFN,Asset Management,0.8984,0.50771,624,,,,,,,,
ERIE/MMC,Insurance Brokers,0.9441,0.50772,624,,,,,,,,
EOI/FT,Asset Management,0.9711,0.50773,624,,,,,,,,
PEZ/PIE,Unknown,0.8642,0.50773,624,,,,,,,,
ARCC/TWN,Asset Management,0.9589,0.50773,624,,,,,,,,
NWBI/UCB,Banks - Regional,0.8967,0.50774,624,,,,,,,,
EXG/SBI,Asset Management,0.8103,0.50776,624,,,,,,,,
ETG/MPV,Asset Management,0.9268,0.50776,624,,,,,,,,
BLW/NQP,Asset Management,0.9075,0.50776,624,,,,,,,,
MTB/SFNC,Banks - Regional,0.8554,0.50777,624,,,,,,,,
CXE/DHF,Asset Management,0.8236,0.50778,624,,,,,,,,
ETY/EVF,Asset Management,0.9694,0.50778,624,,,,,,,,
BME/VLT,Asset Management,0.9352,0.50778,624,,,,,,,,
CVBF/OZK,Banks - Regional,0.8369,0.50781,624,,,,,,,,
FRAF/ISBA,Banks - Regional,0.8453,0.50782,624,,,,,,,,
OPBK/TOWN,Banks - Regional,0.9043,0.50782,624,,,,,,,,
PEY/PTH,Unknown,0.8855,0.50782,624,,,,,,,,
BCBP/FCF,Banks - Regional,0.8588,0.50782,624,,,,,,,,
ARCC/BLK,Asset Management,0.9603,0.50782,624,,,,,,,,
CSQ/MPV,Asset Management,0.9287,0.50783,624,,,,,,,,
DTF/JMM,Asset Management,0.8619,0.50783,624,,,,,,,,
OVBC/TRMK,Banks - Regional,0.8075,0.50784,624,,,,,,,,
RNST/ZIONP,Banks - Regional,0.8576,0.50785,624,,,,,,,,
GRID/INDY,Unknown,0.9675,0.50786,624,,,,,,,,
CTBI/UBSI,Banks - Regional,0.9245,0.50786,624,,,,,,,,
AWP/BLK,Asset Management,0.8888,0.5079,624,,,,,,,,
LKFN/OBT,Banks - Regional,0.8804,0.5079,624,,,,,,,,
NTAP/STX,Computer Hardware,0.9006,0.50791,624,,,,,,,,
CBSH/PEBO,Banks - Regional,0.927,0.50791,624,,,,,,,,
DHIL/GOF,Asset Management,0.8513,0.50792,624,,,,,,,,
BME/MCR,Asset Management,0.965,0.50792,624,,,,,,,,
PAI/PFL,Asset Management,0.9376,0.50792,624,,,,,,,,
ADX/GCV,Asset Management,0.8681,0.50792,624,,,,,,,,
GL/MET,Insurance - Life,0.8743,0.50793,624,,,,,,,,
LHX/WWD,Aerospace & Defense,0.9077,0.50793,624,,,,,,,,
BME/MIY,Asset Management,0.905,0.50794,624,,,,,,,,
EEA/GF,Asset Management,0.8321,0.50794,624,,,,,,,,
ETV/PFO,Asset Management,0.9178,0.50794,624,,,,,,,,
AMD/QCOM,Semiconductors,0.957,0.50796,624,,,,,,,,
BHK/PMF,Asset Management,0.8649,0.50796,624,,,,,,,,
IGF/IJT,Unknown,0.9566,0.50796,624,,,,,,,,
IBB/IMCV,Unknown,0.875,0.50797,624,,,,,,,,
GAB/HTD,Asset Management,0.9372,0.50797,624,,,,,,,,
AEE/ES,Utilities - Regulated Electric,0.9383,0.50798,624,,,,,,,,
GUT/TY,Asset Management,0.8048,0.50798,624,,,,,,,,
AWP/BYM,Asset Management,0.8892,0.50799,624,,,,,,,,
BCML/BUSE,Banks - Regional,0.9173,0.50799,624,,,,,,,,
PHD/PIM,Asset Management,0.8776,0.50799,624,,,,,,,,
GJT/USIG,Unknown,0.8109,0.50799,624,,,,,,,,
PFO/PIM,Asset Management,0.927,0.508,624,,,,,,,,
NAZ/PNF,Asset Management,0.8428,0.50801,624,,,,,,,,
FTK/NOV,Oil & Gas Equipment & Services,0.8075,0.50801,624,,,,,,,,
HQL/IFN,Asset Management,0.8006,0.50803,624,,,,,,,,
LGI/PHK,Asset Management,0.8093,0.50805,624,,,,,,,,
ETB/MQT,Asset Management,0.8643,0.50805,624,,,,,,,,
CCEC/GASS,Marine Shipping,0.8135,0.50805,624,,,,,,,,
EOS/OIA,Asset Management,0.8762,0.50807,624,,,,,,,,
BLW/MPA,Asset Management,0.8824,0.50807,624,,,,,,,,
EEA/PFL,Asset Management,0.9383,0.50808,624,,,,,,,,
JPC/UTF,Asset Management,0.9438,0.5081,624,,,,,,,,
EFSC/QCRH,Banks - Regional,0.9485,0.50811,624,,,,,,,,
FUND/JMM,Asset Management,0.855,0.50812,624,,,,,,,,
AB/NFJ,Asset Management,0.9448,0.50813,624,,,,,,,,
EOD/HQL,Asset Management,0.8045,0.50814,624,,,,,,,,
BGY/ETJ,Asset Management,0.9487,0.50814,624,,,,,,,,
FAD/IJT,Unknown,0.9873,0.50815,624,,,,,,,,
DXCM/SYK,Medical Devices,0.8642,0.50816,624,,,,,,,,
SSBI/UBSI,Banks - Regional,0.8097,0.50816,624,,,,,,,,
BOE/NZF,Asset Management,0.842,0.50817,624,,,,,,,,
HYT/RNP,Asset Management,0.9845,0.50817,624,,,,,,,,
GJO/PFI,Unknown,0.942,0.50818,624,,,,,,,,
ETY/SPE,Asset Management,0.9879,0.50819,624,,,,,,,,
FYX/PPH,Unknown,0.9392,0.5082,624,,,,,,,,
BOE/NUV,Asset Management,0.823,0.5082,624,,,,,,,,
JBSS/MKC,Packaged Foods,0.9175,0.50821,624,,,,,,,,
PRN/WOOD,Unknown,0.8993,0.50822,624,,,,,,,,
EWBC/SBSI,Banks - Regional,0.8976,0.50822,624,,,,,,,,
FCT/VKQ,Asset Management,0.8177,0.50822,624,,,,,,,,
CSWC/EXG,Asset Management,0.9661,0.50823,624,,,,,,,,
ROST/TJX,Apparel Retail,0.949,0.50824,624,,,,,,,,
CGO/VBF,Asset Management,0.9277,0.50824,624,,,,,,,,
CBU/PGC,Banks - Regional,0.8832,0.50825,624,,,,,,,,
JHI/JLS,Asset Management,0.8826,0.50825,624,,,,,,,,
NAN/NVG,Asset Management,0.9764,0.50825,624,,,,,,,,
AMP/LGI,Asset Management,0.927,0.50825,624,,,,,,,,
JQC/VMO,Asset Management,0.8076,0.50825,624,,,,,,,,
IDXX/LH,Diagnostics & Research,0.9634,0.50826,624,,,,,,,,
MYD/PFN,Asset Management,0.8747,0.50827,624,,,,,,,,
MPV/TWN,Asset Management,0.892,0.50831,624,,,,,,,,
FCT/MCI,Asset Management,0.9297,0.50832,624,,,,,,,,
BME/MHF,Asset Management,0.9202,0.50832,624,,,,,,,,
MNSB/PNFP,Banks - Regional,0.8282,0.50834,624,,,,,,,,
ALRS/VLY,Banks - Regional,0.8159,0.50835,624,,,,,,,,
FLIC/WSBC,Banks - Regional,0.8402,0.50835,624,,,,,,,,
MIY/RQI,Asset Management,0.9142,0.50835,624,,,,,,,,
BIO/STE,Medical Devices,0.8368,0.50836,624,,,,,,,,
RLI/SIGI,Insurance - Property & Casualty,0.963,0.50836,624,,,,,,,,
HOMB/UBFO,Banks - Regional,0.863,0.50836,624,,,,,,,,
FRA/USA,Asset Management,0.9496,0.50838,624,,,,,,,,
ETW/JEQ,Asset Management,0.9558,0.50838,624,,,,,,,,
FNX/PEZ,Unknown,0.9777,0.50838,624,,,,,,,,
PEBK/RBCAA,Banks - Regional,0.884,0.50839,624,,,,,,,,
ETJ/HIO,Asset Management,0.9556,0.50839,624,,,,,,,,
JBL/SANM,Electronic Components,0.9061,0.5084,624,,,,,,,,
MPA/PCQ,Asset Management,0.8268,0.50841,624,,,,,,,,
GCBC/NBN,Banks - Regional,0.8533,0.50843,624,,,,,,,,
BME/BOE,Asset Management,0.9312,0.50843,624,,,,,,,,
AWF/ETY,Asset Management,0.9608,0.50843,624,,,,,,,,
CRUS/POWI,Semiconductors,0.8553,0.50844,624,,,,,,,,
BK/C,Banks - Diversified,0.8859,0.50844,624,,,,,,,,
BANF/ZION,Banks - Regional,0.8324,0.50845,624,,,,,,,,
PFI/TVE,Unknown,0.8231,0.50845,624,,,,,,,,
CNOB/OZK,Banks - Regional,0.8805,0.50845,624,,,,,,,,
CII/JEQ,Asset Management,0.8837,0.50845,624,,,,,,,,
BUSE/ZIONP,Banks - Regional,0.8648,0.50847,624,,,,,,,,
JPC/PTY,Asset Management,0.9474,0.50851,624,,,,,,,,
JEQ/NNY,Asset Management,0.8857,0.50852,624,,,,,,,,
AWP/NPV,Asset Management,0.8287,0.50853,624,,,,,,,,
CORT/CPRX,Biotechnology,0.8735,0.50853,624,,,,,,,,
MBB/TLT,Unknown,0.9134,0.50853,624,,,,,,,,
PFO/SOR,Asset Management,0.8652,0.50854,624,,,,,,,,
IUSG/ONEQ,Unknown,0.9988,0.50854,624,,,,,,,,
NTRS/VGM,Asset Management,0.87,0.50854,624,,,,,,,,
PCM/VKQ,Asset Management,0.8787,0.50854,624,,,,,,,,
CNOB/HWBK,Banks - Regional,0.848,0.50855,624,,,,,,,,
MCO/VALU,Financial Data & Stock Exchanges,0.8469,0.50855,624,,,,,,,,
AVK/EHI,Asset Management,0.82,0.50856,624,,,,,,,,
NEWT/UBCP,Banks - Regional,0.8952,0.50856,624,,,,,,,,
BDJ/EOT,Asset Management,0.8079,0.50858,624,,,,,,,,
GRID/PFM,Unknown,0.9708,0.50858,624,,,,,,,,
BTA/JLS,Asset Management,0.9065,0.50858,624,,,,,,,,
PBHC/UBFO,Banks - Regional,0.8691,0.50859,624,,,,,,,,
SFST/WNEB,Banks - Regional,0.8172,0.50859,624,,,,,,,,
BANR/INBK,Banks - Regional,0.8263,0.50859,624,,,,,,,,
EHI/MSD,Asset Management,0.9265,0.50859,624,,,,,,,,
BOE/HPS,Asset Management,0.9352,0.50861,624,,,,,,,,
NMI/PFN,Asset Management,0.887,0.50861,624,,,,,,,,
EFR/WIW,Asset Management,0.8718,0.50862,624,,,,,,,,
PEBO/PROV,Banks - Regional,0.8102,0.50863,624,,,,,,,,
OZK/TOWN,Banks - Regional,0.8616,0.50863,624,,,,,,,,
GOF/IIF,Asset Management,0.9,0.50865,624,,,,,,,,
EVT/FLC,Asset Management,0.9156,0.50865,624,,,,,,,,
CZNC/TRST,Banks - Regional,0.9032,0.50865,624,,,,,,,,
PDT/STK,Asset Management,0.8646,0.50866,624,,,,,,,,
EWBC/FUNC,Banks - Regional,0.9245,0.50866,624,,,,,,,,
PEZ/SCZ,Unknown,0.9403,0.50867,624,,,,,,,,
AWI/LPX,Building Products & Equipment,0.8946,0.50868,624,,,,,,,,
LIN/RPM,Specialty Chemicals,0.9613,0.5087,624,,,,,,,,
AOD/MPA,Asset Management,0.8067,0.5087,624,,,,,,,,
BNS/RY,Banks - Diversified,0.9014,0.50871,624,,,,,,,,
SBCF/WTFC,Banks - Regional,0.8561,0.50872,624,,,,,,,,
HPI/IFN,Asset Management,0.8663,0.50874,624,,,,,,,,
NAZ/NZF,Asset Management,0.9306,0.50874,624,,,,,,,,
CHW/MUA,Asset Management,0.8889,0.50875,624,,,,,,,,
CCBG/TRMK,Banks - Regional,0.8861,0.50876,624,,,,,,,,
IGF/PEZ,Unknown,0.9297,0.50877,624,,,,,,,,
EWBC/UBCP,Banks - Regional,0.9144,0.50879,624,,,,,,,,
IMCV/PTF,Unknown,0.9299,0.5088,624,,,,,,,,
EVN/HQH,Asset Management,0.8962,0.5088,624,,,,,,,,
BXMX/GCV,Asset Management,0.8949,0.5088,624,,,,,,,,
CASH/CZWI,Banks - Regional,0.8666,0.50881,624,,,,,,,,
IUSG/QTEC,Unknown,0.992,0.50882,624,,,,,,,,
MFC/UNM,Insurance - Life,0.894,0.50883,624,,,,,,,,
CGO/MMT,Asset Management,0.9648,0.50884,624,,,,,,,,
CGO/PMM,Asset Management,0.9073,0.50884,624,,,,,,,,
SFBC/UBCP,Banks - Regional,0.9328,0.50885,624,,,,,,,,
AGO/MTG,Insurance - Specialty,0.9442,0.50886,624,,,,,,,,
FT/VCV,Asset Management,0.8521,0.50886,624,,,,,,,,
FMY/SAR,Asset Management,0.8841,0.50886,624,,,,,,,,
IUSV/PHO,Unknown,0.9827,0.50886,624,,,,,,,,
BOE/NXC,Asset Management,0.8095,0.50886,624,,,,,,,,
PFM/VCIT,Unknown,0.886,0.50888,624,,,,,,,,
CCBG/ZIONP,Banks - Regional,0.8299,0.50889,624,,,,,,,,
FITB/RBCAA,Banks - Regional,0.943,0.50889,624,,,,,,,,
BXMX/LGI,Asset Management,0.9713,0.5089,624,,,,,,,,
EVF/FUND,Asset Management,0.9399,0.5089,624,,,,,,,,
ETW/HTGC,Asset Management,0.8869,0.50892,624,,,,,,,,
IJT/PKW,Unknown,0.976,0.50892,624,,,,,,,,
IGSB/ONEQ,Unknown,0.9646,0.50892,624,,,,,,,,
TFSL/UCB,Banks - Regional,0.8841,0.50893,624,,,,,,,,
BRW/EMD,Asset Management,0.8275,0.50893,624,,,,,,,,
CII/JLS,Asset Management,0.8645,0.50893,624,,,,,,,,
AWF/NMZ,Asset Management,0.8899,0.50894,624,,,,,,,,
PIO/PIZ,Unknown,0.9738,0.50895,624,,,,,,,,
HAFC/NFBK,Banks - Regional,0.8497,0.50895,624,,,,,,,,
BDJ/JRS,Asset Management,0.9334,0.50895,624,,,,,,,,
ETO/IGA,Asset Management,0.97,0.50896,624,,,,,,,,
MHF/UTF,Asset Management,0.9249,0.50897,624,,,,,,,,
OPBK/UBCP,Banks - Regional,0.8785,0.50898,624,,,,,,,,
ARCC/IGR,Asset Management,0.8531,0.50899,624,,,,,,,,
FRAF/TOWN,Banks - Regional,0.9445,0.509,624,,,,,,,,
EVG/RCS,Asset Management,0.8576,0.50901,624,,,,,,,,
RCS/TY,Asset Management,0.8594,0.50901,624,,,,,,,,
CGO/CXH,Asset Management,0.8577,0.50901,624,,,,,,,,
BTO/JQC,Asset Management,0.9207,0.50902,624,,,,,,,,
BANF/RBCAA,Banks - Regional,0.9478,0.50902,624,,,,,,,,
QQQX/UTF,Asset Management,0.982,0.50902,624,,,,,,,,
AB/MPV,Asset Management,0.8494,0.50902,624,,,,,,,,
ETV/NAN,Asset Management,0.8794,0.50905,624,,,,,,,,
FEX/ONEQ,Unknown,0.9862,0.50905,624,,,,,,,,
CMA/WSBF,Banks - Regional,0.8608,0.50905,624,,,,,,,,
FMBH/TRMK,Banks - Regional,0.9421,0.50906,624,,,,,,,,
FCT/MQT,Asset Management,0.8154,0.50906,624,,,,,,,,
ACWI/PPH,Unknown,0.9442,0.50906,624,,,,,,,,
ETG/PNNT,Asset Management,0.8954,0.50907,624,,,,,,,,
BFZ/JLS,Asset Management,0.8534,0.50908,624,,,,,,,,
CNMD/STE,Medical Devices,0.8769,0.5091,624,,,,,,,,
FHN/LKFN,Banks - Regional,0.8718,0.50915,624,,,,,,,,
ETV/MYN,Asset Management,0.8327,0.50916,624,,,,,,,,
EVG/NQP,Asset Management,0.8779,0.50918,624,,,,,,,,
FCT/MUE,Asset Management,0.8003,0.50919,624,,,,,,,,
DNP/SOR,Asset Management,0.9305,0.5092,624,,,,,,,,
DSGR/MSM,Industrial Distribution,0.8223,0.5092,624,,,,,,,,
ITW/NPO,Specialty Industrial Machinery,0.8959,0.50921,624,,,,,,,,
WAFD/ZION,Banks - Regional,0.9217,0.50923,624,,,,,,,,
CRUS/SLAB,Semiconductors,0.8452,0.50924,624,,,,,,,,
MTB/SYBT,Banks - Regional,0.8902,0.50926,624,,,,,,,,
BME/JMM,Asset Management,0.942,0.50927,624,,,,,,,,
BTA/GF,Asset Management,0.8593,0.50928,624,,,,,,,,
AB/GDL,Asset Management,0.8944,0.50929,624,,,,,,,,
IEX/PNR,Specialty Industrial Machinery,0.8238,0.50929,624,,,,,,,,
CHE/EHC,Medical Care Facilities,0.9237,0.50929,624,,,,,,,,
ETJ/RFI,Asset Management,0.958,0.5093,624,,,,,,,,
MIY/MSD,Asset Management,0.8705,0.50931,624,,,,,,,,
GAB/PHK,Asset Management,0.8419,0.50934,624,,,,,,,,
EVT/PHD,Asset Management,0.9491,0.50935,624,,,,,,,,
JPC/MAIN,Asset Management,0.8997,0.50936,624,,,,,,,,
BX/ETV,Asset Management,0.9009,0.50939,624,,,,,,,,
FCT/NUV,Asset Management,0.837,0.50939,624,,,,,,,,
HTGC/MCR,Asset Management,0.8548,0.5094,624,,,,,,,,
KEY/USB,Banks - Regional,0.9686,0.5094,624,,,,,,,,
CCBG/QCRH,Banks - Regional,0.9396,0.5094,624,,,,,,,,
EVRG/FE,Utilities - Regulated Electric,0.8334,0.50942,624,,,,,,,,
FUNC/SYBT,Banks - Regional,0.8995,0.50942,624,,,,,,,,
FLC/STK,Asset Management,0.8301,0.50942,624,,,,,,,,
FT/MFM,Asset Management,0.84,0.50944,624,,,,,,,,
LGI/STEW,Asset Management,0.9766,0.50945,624,,,,,,,,
BOTJ/HDB,Banks - Regional,0.8723,0.50946,624,,,,,,,,
MAIN/PIM,Asset Management,0.8713,0.50946,624,,,,,,,,
CFR/IBOC,Banks - Regional,0.926,0.50946,624,,,,,,,,
BRW/PDT,Asset Management,0.8724,0.50946,624,,,,,,,,
AGD/SPXX,Asset Management,0.9546,0.50947,624,,,,,,,,
BPOP/UVSP,Banks - Regional,0.828,0.50947,624,,,,,,,,
CIVB/UBSI,Banks - Regional,0.8894,0.50947,624,,,,,,,,
HPI/JEQ,Asset Management,0.9073,0.50948,624,,,,,,,,
JLS/PIM,Asset Management,0.9378,0.50949,624,,,,,,,,
CNA/SAFT,Insurance - Property & Casualty,0.9357,0.50949,624,,,,,,,,
EXPD/HUBG,Integrated Freight & Logistics,0.9408,0.5095,624,,,,,,,,
DY/GVA,Engineering & Construction,0.8686,0.50951,624,,,,,,,,
BGY/EVG,Asset Management,0.9445,0.50951,624,,,,,,,,
BME/EOT,Asset Management,0.8695,0.50951,624,,,,,,,,
ACWI/QQXT,Unknown,0.9889,0.50951,624,,,,,,,,
FCT/IIM,Asset Management,0.8241,0.50952,624,,,,,,,,
BTA/JEQ,Asset Management,0.9142,0.50952,624,,,,,,,,
SMBK/WABC,Banks - Regional,0.8267,0.50953,624,,,,,,,,
BGY/HQH,Asset Management,0.819,0.50955,624,,,,,,,,
HPS/NPV,Asset Management,0.8387,0.50956,624,,,,,,,,
FXNC/TRST,Banks - Regional,0.8047,0.50956,624,,,,,,,,
OBT/SYBT,Banks - Regional,0.8986,0.5096,624,,,,,,,,
AB/PFL,Asset Management,0.9177,0.5096,624,,,,,,,,
ING/JPM,Banks - Diversified,0.8465,0.5096,624,,,,,,,,
ETV/NXJ,Asset Management,0.9315,0.5096,624,,,,,,,,
BPOP/CHMG,Banks - Regional,0.8814,0.50961,624,,,,,,,,
IIF/UTF,Asset Management,0.8772,0.50962,624,,,,,,,,
GCV/SAR,Asset Management,0.8803,0.50964,624,,,,,,,,
GRX/MIN,Asset Management,0.893,0.50964,624,,,,,,,,
IFN/SWKH,Asset Management,0.8135,0.50964,624,,,,,,,,
JLS/PHK,Asset Management,0.896,0.50964,624,,,,,,,,
DLB/RELX,Specialty Business Services,0.8017,0.50965,624,,,,,,,,
CBAN/UBFO,Banks - Regional,0.935,0.50965,624,,,,,,,,
HOPE/TCBI,Banks - Regional,0.8753,0.50965,624,,,,,,,,
GF/MVT,Asset Management,0.8118,0.50965,624,,,,,,,,
AXS/ITIC,Insurance - Specialty,0.8987,0.50965,624,,,,,,,,
CIF/PNF,Asset Management,0.812,0.50967,624,,,,,,,,
CMU/PFL,Asset Management,0.8729,0.50968,624,,,,,,,,
CHY/ETY,Asset Management,0.9629,0.50971,624,,,,,,,,
DTF/HPI,Asset Management,0.8275,0.50971,624,,,,,,,,
NIE/WEA,Asset Management,0.9162,0.50972,624,,,,,,,,
EWBC/FCF,Banks - Regional,0.9618,0.50973,624,,,,,,,,
BHLB/FISI,Banks - Regional,0.8572,0.50973,624,,,,,,,,
CB/HCI,Insurance - Property & Casualty,0.8972,0.50973,624,,,,,,,,
ETV/NCA,Asset Management,0.8818,0.50974,624,,,,,,,,
FRME/TRMK,Banks - Regional,0.95,0.50974,624,,,,,,,,
QQQX/SBI,Asset Management,0.8324,0.50975,624,,,,,,,,
BDJ/FLC,Asset Management,0.8893,0.50976,624,,,,,,,,
DTE/NGG,Utilities - Regulated Electric,0.9097,0.50977,624,,,,,,,,
GAM/VLT,Asset Management,0.9452,0.50978,624,,,,,,,,
HYT/RMT,Asset Management,0.975,0.50978,624,,,,,,,,
FFIN/FUNC,Banks - Regional,0.824,0.50979,624,,,,,,,,
BPOPM/SWZ,Unknown,0.9165,0.5098,624,,,,,,,,
GF/PFO,Asset Management,0.896,0.5098,624,,,,,,,,
CIF/ETW,Asset Management,0.9258,0.5098,624,,,,,,,,
BN/PSEC,Asset Management,0.8466,0.50981,624,,,,,,,,
DDT/PNQI,Unknown,0.8623,0.50983,624,,,,,,,,
PFM/PHO,Unknown,0.9862,0.50984,624,,,,,,,,
ACWI/AIA,Unknown,0.8851,0.50984,624,,,,,,,,
SBCF/UBSI,Banks - Regional,0.8834,0.50985,624,,,,,,,,
ALL/WTM,Insurance - Property & Casualty,0.9679,0.50986,624,,,,,,,,
AX/INDB,Banks - Regional,0.8054,0.50986,624,,,,,,,,
BTO/PIM,Asset Management,0.8901,0.50987,624,,,,,,,,
NFBK/NKSH,Banks - Regional,0.8492,0.50989,624,,,,,,,,
PIE/SOXX,Unknown,0.8146,0.50989,624,,,,,,,,
CSWC/GDV,Asset Management,0.9518,0.5099,624,,,,,,,,
BTZ/NPV,Asset Management,0.8978,0.5099,624,,,,,,,,
FMY/IAE,Asset Management,0.8376,0.50991,624,,,,,,,,
MYN/TSI,Asset Management,0.8758,0.50991,624,,,,,,,,
FFA/NFJ,Asset Management,0.9786,0.50993,624,,,,,,,,
GEN/SNPS,Software - Infrastructure,0.8788,0.50994,624,,,,,,,,
FTC/QTEC,Unknown,0.9895,0.50994,624,,,,,,,,
PCM/PMO,Asset Management,0.9305,0.50994,624,,,,,,,,
TFSL/UBFO,Banks - Regional,0.8247,0.50994,624,,,,,,,,
AWP/EFT,Asset Management,0.8686,0.50995,624,,,,,,,,
BME/EFT,Asset Management,0.8889,0.50996,624,,,,,,,,
EEA/MYI,Asset Management,0.8223,0.50996,624,,,,,,,,
AB/MCI,Asset Management,0.8451,0.50996,624,,,,,,,,
EXC/MGEE,Utilities - Regulated Electric,0.8834,0.50997,624,,,,,,,,
JPC/PIM,Asset Management,0.9469,0.50997,624,,,,,,,,
AOS/ITT,Specialty Industrial Machinery,0.8974,0.50997,624,,,,,,,,
BGT/NXP,Asset Management,0.8462,0.50997,624,,,,,,,,
TFSL/TSBK,Banks - Regional,0.8451,0.50998,624,,,,,,,,
ETG/RNP,Asset Management,0.9825,0.50998,624,,,,,,,,
PCN/VGM,Asset Management,0.8965,0.51,624,,,,,,,,
DIOD/SIMO,Semiconductors,0.8452,0.51001,624,,,,,,,,
GJS/PRN,Unknown,0.9461,0.51003,624,,,,,,,,
BND/VCSH,Unknown,0.9379,0.51004,624,,,,,,,,
CNS/GLAD,Asset Management,0.9363,0.51005,624,,,,,,,,
GABC/WABC,Banks - Regional,0.8998,0.51005,624,,,,,,,,
FNX/PDP,Unknown,0.981,0.51005,624,,,,,,,,
FOF/PNNT,Asset Management,0.8901,0.51006,624,,,,,,,,
BCML/UCB,Banks - Regional,0.8674,0.51006,624,,,,,,,,
CME/VALU,Financial Data & Stock Exchanges,0.8432,0.51006,624,,,,,,,,
CIF/NPV,Asset Management,0.8867,0.51009,624,,,,,,,,
BDJ/JHS,Asset Management,0.833,0.51009,624,,,,,,,,
BRW/HPF,Asset Management,0.9034,0.5101,624,,,,,,,,
GJT/IGSB,Unknown,0.9144,0.5101,624,,,,,,,,
CVCO/PHM,Residential Construction,0.9331,0.51012,624,,,,,,,,
HDB/SRCE,Banks - Regional,0.8926,0.51012,624,,,,,,,,
AB/SEIC,Asset Management,0.8194,0.51013,624,,,,,,,,
AIA/MBB,Unknown,0.8588,0.51013,624,,,,,,,,
CASH/FHN,Banks - Regional,0.809,0.51016,624,,,,,,,,
GIS/LANC,Packaged Foods,0.8902,0.51017,624,,,,,,,,
FCBC/FMAO,Banks - Regional,0.8055,0.51017,624,,,,,,,,
AGD/FUND,Asset Management,0.9529,0.51019,624,,,,,,,,
BOE/RCS,Asset Management,0.8129,0.51019,624,,,,,,,,
MVF/PFL,Asset Management,0.8361,0.51021,624,,,,,,,,
PLBC/TFSL,Banks - Regional,0.8211,0.51022,624,,,,,,,,
EOI/FRA,Asset Management,0.9739,0.51022,624,,,,,,,,
EOS/WIA,Asset Management,0.8828,0.51022,624,,,,,,,,
HDB/IBCP,Banks - Regional,0.8554,0.51023,624,,,,,,,,
CBAN/CZFS,Banks - Regional,0.8126,0.51023,624,,,,,,,,
MNSB/PFBC,Banks - Regional,0.8726,0.51023,624,,,,,,,,
ACWI/IJT,Unknown,0.9788,0.51024,624,,,,,,,,
FCT/MPA,Asset Management,0.8474,0.51027,624,,,,,,,,
EWBC/HFWA,Banks - Regional,0.8123,0.51027,624,,,,,,,,
BGT/IGD,Asset Management,0.9553,0.51029,624,,,,,,,,
BME/EOD,Asset Management,0.8776,0.51029,624,,,,,,,,
FFA/GDL,Asset Management,0.951,0.51032,624,,,,,,,,
CHW/IGI,Asset Management,0.9046,0.51033,624,,,,,,,,
CBU/CZFS,Banks - Regional,0.8587,0.51034,624,,,,,,,,
EVT/MHF,Asset Management,0.9167,0.51034,624,,,,,,,,
PHO/VCSH,Unknown,0.9196,0.51035,624,,,,,,,,
BGT/ETJ,Asset Management,0.9174,0.51035,624,,,,,,,,
ALL/STC,Insurance - Property & Casualty,0.9342,0.51035,624,,,,,,,,
CW/WWD,Aerospace & Defense,0.9414,0.51036,624,,,,,,,,
CHN/EMF,Asset Management,0.8355,0.51036,624,,,,,,,,
ETV/NQP,Asset Management,0.9107,0.51038,624,,,,,,,,
ARCC/IGD,Asset Management,0.9511,0.51038,624,,,,,,,,
GPK/IP,Packaging & Containers,0.803,0.51039,624,,,,,,,,
PGC/THFF,Banks - Regional,0.9185,0.51039,624,,,,,,,,
JFR/JMM,Asset Management,0.9059,0.5104,624,,,,,,,,
EXG/JQC,Asset Management,0.9498,0.51041,624,,,,,,,,
IBCP/WSBF,Banks - Regional,0.8585,0.51042,624,,,,,,,,
FLC/PCN,Asset Management,0.9533,0.51043,624,,,,,,,,
BLW/PMO,Asset Management,0.8994,0.51044,624,,,,,,,,
DHF/LEO,Asset Management,0.8164,0.51044,624,,,,,,,,
TFSL/WABC,Banks - Regional,0.8532,0.51045,624,,,,,,,,
MA/NNI,Credit Services,0.9612,0.51046,624,,,,,,,,
BYM/CGO,Asset Management,0.8696,0.51047,624,,,,,,,,
IGD/NFJ,Asset Management,0.9422,0.51047,624,,,,,,,,
ALRS/FFBC,Banks - Regional,0.8034,0.51048,624,,,,,,,,
BJK/PYZ,Unknown,0.8389,0.51051,624,,,,,,,,
GJO/JSM,Unknown,0.9163,0.51051,624,,,,,,,,
BPOPM/IEUS,Unknown,0.9149,0.51053,624,,,,,,,,
JQC/NMI,Asset Management,0.8386,0.51053,624,,,,,,,,
CHI/EFR,Asset Management,0.9507,0.51055,624,,,,,,,,
ETB/HIX,Asset Management,0.8959,0.51056,624,,,,,,,,
CBAN/PGC,Banks - Regional,0.8962,0.51057,624,,,,,,,,
ASG/MQT,Asset Management,0.8802,0.51059,624,,,,,,,,
BNY/HPI,Asset Management,0.8192,0.51059,624,,,,,,,,
CGO/MYN,Asset Management,0.8361,0.5106,624,,,,,,,,
MFIC/VLT,Asset Management,0.8127,0.51061,624,,,,,,,,
CFFI/ZIONP,Banks - Regional,0.8612,0.51062,624,,,,,,,,
PNFP/TFSL,Banks - Regional,0.8828,0.51063,624,,,,,,,,
FFIN/MPB,Banks - Regional,0.881,0.51064,624,,,,,,,,
EFSC/WTFC,Banks - Regional,0.9338,0.51064,624,,,,,,,,
INDB/WABC,Banks - Regional,0.942,0.51065,624,,,,,,,,
SRCE/TFSL,Banks - Regional,0.8261,0.51065,624,,,,,,,,
FOF/PHK,Asset Management,0.8474,0.51065,624,,,,,,,,
ETD/SGI,"Furnishings, Fixtures & Appliances",0.8339,0.51066,624,,,,,,,,
DUK/NEE,Utilities - Regulated Electric,0.948,0.51067,624,,,,,,,,
EMD/FT,Asset Management,0.8457,0.51068,624,,,,,,,,
NUW/QQQX,Asset Management,0.8501,0.51069,624,,,,,,,,
SNV/THFF,Banks - Regional,0.9388,0.5107,624,,,,,,,,
HYT/IQI,Asset Management,0.8769,0.51071,624,,,,,,,,
PDP/PNQI,Unknown,0.9603,0.51071,624,,,,,,,,
DNP/PIM,Asset Management,0.9059,0.51071,624,,,,,,,,
GF/NUW,Asset Management,0.8088,0.51072,624,,,,,,,,
EOS/STK,Asset Management,0.9821,0.51073,624,,,,,,,,
FCT/NXJ,Asset Management,0.8898,0.51073,624,,,,,,,,
CNS/JQC,Asset Management,0.9174,0.51073,624,,,,,,,,
DHF/FHI,Asset Management,0.8591,0.51076,624,,,,,,,,
FYX/IUSV,Unknown,0.9765,0.51077,624,,,,,,,,
AWF/MUC,Asset Management,0.8037,0.51077,624,,,,,,,,
BPOP/UBCP,Banks - Regional,0.9045,0.51078,624,,,,,,,,
ISBA/PNC,Banks - Regional,0.8325,0.51078,624,,,,,,,,
CMU/JOF,Asset Management,0.8662,0.51079,624,,,,,,,,
AWF/WIW,Asset Management,0.8924,0.51079,624,,,,,,,,
AOD/NQP,Asset Management,0.8348,0.5108,624,,,,,,,,
HIX/PPT,Asset Management,0.8982,0.51082,624,,,,,,,,
CHW/EVF,Asset Management,0.9054,0.51082,624,,,,,,,,
FAB/FTC,Unknown,0.9707,0.51083,624,,,,,,,,
NXP/VTN,Asset Management,0.8842,0.51084,624,,,,,,,,
NEWT/PFIS,Banks - Regional,0.8083,0.51085,624,,,,,,,,
ACWX/PTH,Unknown,0.911,0.51085,624,,,,,,,,
ACNB/TSBK,Banks - Regional,0.9486,0.51086,624,,,,,,,,
ETO/MUJ,Asset Management,0.8871,0.51087,624,,,,,,,,
IAE/MCN,Asset Management,0.805,0.51088,624,,,,,,,,
BCPC/WLK,Specialty Chemicals,0.8826,0.51088,624,,,,,,,,
EFR/MCI,Asset Management,0.9422,0.51089,624,,,,,,,,
CHY/GRX,Asset Management,0.9487,0.51089,624,,,,,,,,
ETJ/JHI,Asset Management,0.9246,0.51089,624,,,,,,,,
NIE/RJF,Asset Management,0.9573,0.5109,624,,,,,,,,
BCML/PNFP,Banks - Regional,0.8619,0.51092,624,,,,,,,,
CTSH/G,Information Technology Services,0.8473,0.51092,624,,,,,,,,
BHRB/HBCP,Banks - Regional,0.8041,0.51092,624,,,,,,,,
HTD/MYD,Asset Management,0.8482,0.51093,624,,,,,,,,
UCB/WABC,Banks - Regional,0.8805,0.51094,624,,,,,,,,
DSU/FLC,Asset Management,0.849,0.51094,624,,,,,,,,
EFT/RNP,Asset Management,0.9416,0.51095,624,,,,,,,,
EVG/MCN,Asset Management,0.9335,0.51095,624,,,,,,,,
BHK/NQP,Asset Management,0.9789,0.51095,624,,,,,,,,
GCBC/TBBK,Banks - Regional,0.8,0.51095,624,,,,,,,,
HYT/VPV,Asset Management,0.8939,0.51096,624,,,,,,,,
CVBF/ZIONP,Banks - Regional,0.8415,0.51098,624,,,,,,,,
BLK/MMT,Asset Management,0.9531,0.511,624,,,,,,,,
CBU/UNTY,Banks - Regional,0.8412,0.511,624,,,,,,,,
AIA/DDT,Unknown,0.8146,0.511,624,,,,,,,,
BTA/CSQ,Asset Management,0.8768,0.51101,624,,,,,,,,
NUW/PCM,Asset Management,0.8752,0.51102,624,,,,,,,,
MCR/PFL,Asset Management,0.9795,0.51102,624,,,,,,,,
ADI/MCHP,Semiconductors,0.9556,0.51102,624,,,,,,,,
MPV/NXJ,Asset Management,0.8386,0.51102,624,,,,,,,,
CAF/MPA,Asset Management,0.8004,0.51103,624,,,,,,,,
HPS/TSI,Asset Management,0.9705,0.51104,624,,,,,,,,
MVF/VLT,Asset Management,0.8314,0.51105,624,,,,,,,,
BGY/IIF,Asset Management,0.9177,0.51106,624,,,,,,,,
IGD/PHK,Asset Management,0.85,0.51107,624,,,,,,,,
AWI/JCI,Building Products & Equipment,0.8896,0.51107,624,,,,,,,,
FLC/NTRS,Asset Management,0.9303,0.51107,624,,,,,,,,
ETO/VBF,Asset Management,0.9242,0.51107,624,,,,,,,,
ETW/PAI,Asset Management,0.9001,0.5111,624,,,,,,,,
IUSV/QQEW,Unknown,0.9808,0.51112,624,,,,,,,,
UBFO/WAFD,Banks - Regional,0.9282,0.51112,624,,,,,,,,
CZFS/EWBC,Banks - Regional,0.8349,0.51113,624,,,,,,,,
EVR/IBKR,Capital Markets,0.9576,0.51115,624,,,,,,,,
JEQ/VCV,Asset Management,0.8957,0.51115,624,,,,,,,,
BFK/HQL,Asset Management,0.8524,0.51115,624,,,,,,,,
CIF/EFR,Asset Management,0.847,0.51116,624,,,,,,,,
GTLS/WTS,Specialty Industrial Machinery,0.8223,0.51117,624,,,,,,,,
MCI/MCN,Asset Management,0.8894,0.51117,624,,,,,,,,
EFSC/VLY,Banks - Regional,0.8212,0.51119,624,,,,,,,,
BLK/EFR,Asset Management,0.9602,0.51119,624,,,,,,,,
FITB/HOMB,Banks - Regional,0.8935,0.51119,624,,,,,,,,
HPI/LGI,Asset Management,0.9146,0.5112,624,,,,,,,,
PSL/QQEW,Unknown,0.9764,0.51121,624,,,,,,,,
FFIC/TCBI,Banks - Regional,0.8442,0.51122,624,,,,,,,,
DSU/IAE,Asset Management,0.8493,0.51122,624,,,,,,,,
ARCC/EOS,Asset Management,0.9686,0.51122,624,,,,,,,,
COKE/PEP,Beverages - Non-Alcoholic,0.807,0.51123,624,,,,,,,,
LFUS/ROG,Electronic Components,0.8354,0.51123,624,,,,,,,,
NFJ/VBF,Asset Management,0.8869,0.51124,624,,,,,,,,
BCML/FRST,Banks - Regional,0.825,0.51124,624,,,,,,,,
MFIC/PHD,Asset Management,0.8763,0.51125,624,,,,,,,,
FFA/JMM,Asset Management,0.9066,0.51129,624,,,,,,,,
CGO/GAIN,Asset Management,0.9009,0.5113,624,,,,,,,,
LARK/TCBK,Banks - Regional,0.8792,0.5113,624,,,,,,,,
JFR/VBF,Asset Management,0.8509,0.51131,624,,,,,,,,
DDT/PHO,Unknown,0.9562,0.51131,624,,,,,,,,
ETV/MYD,Asset Management,0.8294,0.51132,624,,,,,,,,
FORTY/GIB,Information Technology Services,0.8922,0.51134,624,,,,,,,,
EOI/FCT,Asset Management,0.9588,0.51134,624,,,,,,,,
CHW/NFJ,Asset Management,0.9468,0.51135,624,,,,,,,,
HOMB/PNC,Banks - Regional,0.8984,0.51136,624,,,,,,,,
IUSV/PDP,Unknown,0.9729,0.51137,624,,,,,,,,
MYD/WIA,Asset Management,0.8146,0.51138,624,,,,,,,,
EOI/GAB,Asset Management,0.9551,0.5114,624,,,,,,,,
ONEQ/PPH,Unknown,0.9248,0.51141,624,,,,,,,,
HOMB/OSBC,Banks - Regional,0.9133,0.51143,624,,,,,,,,
AWF/MFM,Asset Management,0.8565,0.51143,624,,,,,,,,
FNWD/WABC,Banks - Regional,0.8761,0.51143,624,,,,,,,,
BOH/OZK,Banks - Regional,0.8125,0.51144,624,,,,,,,,
FCBC/SRCE,Banks - Regional,0.9686,0.51144,624,,,,,,,,
ADUS/SEM,Medical Care Facilities,0.9002,0.51146,624,,,,,,,,
ETW/FHI,Asset Management,0.9089,0.51146,624,,,,,,,,
ASG/FLC,Asset Management,0.9369,0.51146,624,,,,,,,,
GOF/IGD,Asset Management,0.9543,0.51146,624,,,,,,,,
JRS/MCN,Asset Management,0.8727,0.51149,624,,,,,,,,
PRFZ/QABA,Unknown,0.9235,0.5115,624,,,,,,,,
BLW/MYN,Asset Management,0.827,0.5115,624,,,,,,,,
MCN/PDT,Asset Management,0.8613,0.5115,624,,,,,,,,
PFBC/SBSI,Banks - Regional,0.9188,0.51152,624,,,,,,,,
BTZ/NMT,Asset Management,0.9068,0.51152,624,,,,,,,,
JEQ/NAN,Asset Management,0.8968,0.51154,624,,,,,,,,
IGR/USA,Asset Management,0.9091,0.51155,624,,,,,,,,
AUB/OZK,Banks - Regional,0.8678,0.51156,624,,,,,,,,
IGSB/QQQ,Unknown,0.9563,0.51157,624,,,,,,,,
GUT/OIA,Asset Management,0.8025,0.51157,624,,,,,,,,
PNNT/SOR,Asset Management,0.8936,0.51158,624,,,,,,,,
PNC/TSBK,Banks - Regional,0.9306,0.51159,624,,,,,,,,
GSBC/ZIONP,Banks - Regional,0.8937,0.5116,624,,,,,,,,
ETJ/NVG,Asset Management,0.8834,0.51161,624,,,,,,,,
GCV/PFG,Asset Management,0.8201,0.51162,624,,,,,,,,
EFSC/FMAO,Banks - Regional,0.898,0.51163,624,,,,,,,,
EVF/GRX,Asset Management,0.8845,0.51163,624,,,,,,,,
AWP/FFC,Asset Management,0.9307,0.51163,624,,,,,,,,
JEQ/NXP,Asset Management,0.9167,0.51163,624,,,,,,,,
AWF/VPV,Asset Management,0.887,0.51166,624,,,,,,,,
DHIL/IFN,Asset Management,0.8224,0.51167,624,,,,,,,,
FUND/TSI,Asset Management,0.8929,0.51167,624,,,,,,,,
NTRS/PHK,Asset Management,0.8303,0.51167,624,,,,,,,,
BYM/EVG,Asset Management,0.8233,0.51167,624,,,,,,,,
GIS/HRL,Packaged Foods,0.8031,0.51169,624,,,,,,,,
BPOP/FFIN,Banks - Regional,0.8753,0.5117,624,,,,,,,,
BGY/MIN,Asset Management,0.8477,0.5117,624,,,,,,,,
BFC/HOMB,Banks - Regional,0.8464,0.51172,624,,,,,,,,
AIA/PSL,Unknown,0.8914,0.51172,624,,,,,,,,
EHI/GOF,Asset Management,0.9461,0.51172,624,,,,,,,,
CXH/PNI,Asset Management,0.8712,0.51173,624,,,,,,,,
NEA/PZC,Asset Management,0.8781,0.51173,624,,,,,,,,
BLW/STT,Asset Management,0.8467,0.51174,624,,,,,,,,
GEN/MSFT,Software - Infrastructure,0.9201,0.51174,624,,,,,,,,
HPF/PFN,Asset Management,0.9781,0.51175,624,,,,,,,,
JEQ/STK,Asset Management,0.8596,0.51176,624,,,,,,,,
PIZ/SHV,Unknown,0.8432,0.51177,624,,,,,,,,
AWP/MHN,Asset Management,0.8487,0.51178,624,,,,,,,,
BPOP/FCCO,Banks - Regional,0.8097,0.51179,624,,,,,,,,
CASH/OVLY,Banks - Regional,0.9165,0.51179,624,,,,,,,,
OZK/UVSP,Banks - Regional,0.8497,0.5118,624,,,,,,,,
ASG/HYT,Asset Management,0.9517,0.5118,624,,,,,,,,
GIB/LDOS,Information Technology Services,0.9425,0.51181,624,,,,,,,,
FT/NAD,Asset Management,0.8924,0.51182,624,,,,,,,,
ABCB/HFWA,Banks - Regional,0.8866,0.51182,624,,,,,,,,
FSFG/RVSB,Banks - Regional,0.876,0.51183,624,,,,,,,,
PG/UL,Household & Personal Products,0.8752,0.51183,624,,,,,,,,
KEY/WAFD,Banks - Regional,0.9293,0.51183,624,,,,,,,,
CFR/SYBT,Banks - Regional,0.958,0.51183,624,,,,,,,,
AIA/TVE,Unknown,0.8764,0.51183,624,,,,,,,,
JRS/PCF,Asset Management,0.9375,0.51184,624,,,,,,,,
HYT/VKQ,Asset Management,0.8703,0.51184,624,,,,,,,,
BN/NAD,Asset Management,0.8673,0.51185,624,,,,,,,,
HFBL/WSFS,Banks - Regional,0.8709,0.51186,624,,,,,,,,
IMOS/VSH,Semiconductors,0.8257,0.51187,624,,,,,,,,
CLX/KMB,Household & Personal Products,0.9375,0.51187,624,,,,,,,,
EFT/SAR,Asset Management,0.9418,0.51188,624,,,,,,,,
PCM/PDT,Asset Management,0.9479,0.51188,624,,,,,,,,
JQC/MPA,Asset Management,0.8528,0.51189,624,,,,,,,,
BDJ/OCSL,Asset Management,0.8045,0.5119,624,,,,,,,,
ALRS/PEBO,Banks - Regional,0.8801,0.51191,624,,,,,,,,
AX/TSBK,Banks - Regional,0.8966,0.51192,624,,,,,,,,
FCF/TFSL,Banks - Regional,0.8458,0.51194,624,,,,,,,,
MSEX/YORW,Utilities - Regulated Water,0.9433,0.51196,624,,,,,,,,
IEI/JSM,Unknown,0.882,0.51197,624,,,,,,,,
EEA/PCF,Asset Management,0.9507,0.51198,624,,,,,,,,
EXG/JHI,Asset Management,0.9295,0.51198,624,,,,,,,,
CSWC/PSEC,Asset Management,0.8678,0.51199,624,,,,,,,,
DVY/FTC,Unknown,0.9714,0.51199,624,,,,,,,,
FHN/UMBF,Banks - Regional,0.8724,0.512,624,,,,,,,,
FMAO/FXNC,Banks - Regional,0.8397,0.512,624,,,,,,,,
IGR/TROW,Asset Management,0.8997,0.51204,624,,,,,,,,
ASGN/G,Information Technology Services,0.9039,0.51204,624,,,,,,,,
AGD/FFC,Asset Management,0.8225,0.51205,624,,,,,,,,
IMCV/PRFZ,Unknown,0.993,0.51207,624,,,,,,,,
ETV/FFC,Asset Management,0.9274,0.51208,624,,,,,,,,
MBWM/TRST,Banks - Regional,0.8707,0.51209,624,,,,,,,,
FSFG/MGYR,Banks - Regional,0.9108,0.51209,624,,,,,,,,
MNSB/TOWN,Banks - Regional,0.8771,0.51209,624,,,,,,,,
NTRS/WEA,Asset Management,0.8956,0.51212,624,,,,,,,,
ABCB/WTFC,Banks - Regional,0.9544,0.51212,624,,,,,,,,
RCS/RMT,Asset Management,0.8021,0.51212,624,,,,,,,,
AVAV/LMT,Aerospace & Defense,0.8656,0.51213,624,,,,,,,,
CXE/JLS,Asset Management,0.8806,0.51214,624,,,,,,,,
ETG/PFG,Asset Management,0.9388,0.51214,624,,,,,,,,
FIZZ/KDP,Beverages - Non-Alcoholic,0.869,0.51215,624,,,,,,,,
IGF/PSL,Unknown,0.9701,0.51215,624,,,,,,,,
AIA/VGIT,Unknown,0.8527,0.51216,624,,,,,,,,
JRS/PHD,Asset Management,0.9162,0.51217,624,,,,,,,,
GBCI/SSB,Banks - Regional,0.8805,0.51218,624,,,,,,,,
BPOPM/PIZ,Unknown,0.8935,0.51219,624,,,,,,,,
AFB/PML,Asset Management,0.9352,0.5122,624,,,,,,,,
AB/PDT,Asset Management,0.8907,0.5122,624,,,,,,,,
OFG/SFBC,Banks - Regional,0.8034,0.51221,624,,,,,,,,
ETG/WEA,Asset Management,0.9209,0.51223,624,,,,,,,,
BXMX/VLT,Asset Management,0.9586,0.51224,624,,,,,,,,
CHW/MIY,Asset Management,0.9172,0.51224,624,,,,,,,,
PFBC/THFF,Banks - Regional,0.9472,0.51224,624,,,,,,,,
FMY/HTGC,Asset Management,0.8825,0.51225,624,,,,,,,,
CVLG/XPO,Trucking,0.8619,0.51226,624,,,,,,,,
IGA/QQQX,Asset Management,0.961,0.51227,624,,,,,,,,
PCF/PMO,Asset Management,0.9041,0.51228,624,,,,,,,,
BCBP/PLBC,Banks - Regional,0.8147,0.51229,624,,,,,,,,
CW/GD,Aerospace & Defense,0.9254,0.5123,624,,,,,,,,
GLAD/OCSL,Asset Management,0.8381,0.5123,624,,,,,,,,
MHF/NFJ,Asset Management,0.8847,0.51234,624,,,,,,,,
CFR/FHN,Banks - Regional,0.9072,0.51234,624,,,,,,,,
CII/PNNT,Asset Management,0.8993,0.51235,624,,,,,,,,
CIVB/TSBK,Banks - Regional,0.95,0.51235,624,,,,,,,,
BME/NAC,Asset Management,0.857,0.51237,624,,,,,,,,
CB/ORI,Insurance - Property & Casualty,0.9827,0.51237,624,,,,,,,,
SMBK/UBFO,Banks - Regional,0.925,0.51239,624,,,,,,,,
JLS/RNP,Asset Management,0.9068,0.51241,624,,,,,,,,
BN/NEA,Asset Management,0.8614,0.51241,624,,,,,,,,
CNOB/LKFN,Banks - Regional,0.8783,0.51242,624,,,,,,,,
TSBK/UBCP,Banks - Regional,0.9228,0.51242,624,,,,,,,,
HFWA/NBTB,Banks - Regional,0.8863,0.51242,624,,,,,,,,
NPV/PAI,Asset Management,0.8847,0.51242,624,,,,,,,,
EFT/RQI,Asset Management,0.9241,0.51243,624,,,,,,,,
BOE/VPV,Asset Management,0.811,0.51244,624,,,,,,,,
EFR/OIA,Asset Management,0.8422,0.51244,624,,,,,,,,
BN/NQP,Asset Management,0.8803,0.51244,624,,,,,,,,
AVK/VLT,Asset Management,0.8071,0.51245,624,,,,,,,,
MAIN/NZF,Asset Management,0.8091,0.51245,624,,,,,,,,
GAIN/TWN,Asset Management,0.9475,0.51247,624,,,,,,,,
CHI/PHD,Asset Management,0.9466,0.51247,624,,,,,,,,
CBU/FITB,Banks - Regional,0.8786,0.51248,624,,,,,,,,
BMI/COHR,Scientific & Technical Instruments,0.8051,0.51249,624,,,,,,,,
SIMO/VSH,Semiconductors,0.8329,0.51249,624,,,,,,,,
HTD/PMO,Asset Management,0.9201,0.51252,624,,,,,,,,
FT/NCA,Asset Management,0.8498,0.51252,624,,,,,,,,
CIVB/EWBC,Banks - Regional,0.8701,0.51252,624,,,,,,,,
BHRB/RF,Banks - Regional,0.8011,0.51256,624,,,,,,,,
BFZ/FFC,Asset Management,0.9228,0.51256,624,,,,,,,,
EWBC/ISBA,Banks - Regional,0.8637,0.51257,624,,,,,,,,
ETW/NZF,Asset Management,0.9105,0.51257,624,,,,,,,,
CVBF/WABC,Banks - Regional,0.9088,0.51257,624,,,,,,,,
DDT/QTEC,Unknown,0.9431,0.51258,624,,,,,,,,
EVG/MQT,Asset Management,0.8146,0.51259,624,,,,,,,,
IGR/VCV,Asset Management,0.8719,0.51259,624,,,,,,,,
EHI/PIM,Asset Management,0.9357,0.51259,624,,,,,,,,
ARCC/PPT,Asset Management,0.8418,0.5126,624,,,,,,,,
IJT/WOOD,Unknown,0.9724,0.5126,624,,,,,,,,
BTZ/IQI,Asset Management,0.9492,0.51261,624,,,,,,,,
BKN/HQH,Asset Management,0.8649,0.51261,624,,,,,,,,
MUA/WIA,Asset Management,0.8335,0.51262,624,,,,,,,,
ETG/SBI,Asset Management,0.8124,0.51262,624,,,,,,,,
KTH/PID,Unknown,0.8545,0.51263,624,,,,,,,,
MHF/RQI,Asset Management,0.9369,0.51264,624,,,,,,,,
UNB/WAFD,Banks - Regional,0.8023,0.51265,624,,,,,,,,
GDV/PAI,Asset Management,0.875,0.51266,624,,,,,,,,
EXG/IGD,Asset Management,0.9624,0.51266,624,,,,,,,,
CGO/NMI,Asset Management,0.8284,0.51267,624,,,,,,,,
EVG/PMO,Asset Management,0.8635,0.51267,624,,,,,,,,
FTC/PIO,Unknown,0.9848,0.51268,624,,,,,,,,
AOD/IAE,Asset Management,0.8799,0.51268,624,,,,,,,,
BLK/JHI,Asset Management,0.9242,0.51269,624,,,,,,,,
HIFS/SYBT,Banks - Regional,0.9108,0.51269,624,,,,,,,,
AOD/MUJ,Asset Management,0.8183,0.51269,624,,,,,,,,
IAE/RQI,Asset Management,0.8081,0.51271,624,,,,,,,,
FCT/NXP,Asset Management,0.8918,0.51271,624,,,,,,,,
CGO/FCT,Asset Management,0.9241,0.51273,624,,,,,,,,
AIA/PRFZ,Unknown,0.8788,0.51274,624,,,,,,,,
HPI/USA,Asset Management,0.9144,0.51274,624,,,,,,,,
FCT/HTD,Asset Management,0.9382,0.51275,624,,,,,,,,
EEA/HIO,Asset Management,0.9358,0.51277,624,,,,,,,,
ABG/SAH,Auto & Truck Dealerships,0.9715,0.51277,624,,,,,,,,
CSQ/SAR,Asset Management,0.9672,0.51278,624,,,,,,,,
FCCO/WABC,Banks - Regional,0.855,0.51278,624,,,,,,,,
CHW/HIX,Asset Management,0.96,0.51278,624,,,,,,,,
PEBK/SYBT,Banks - Regional,0.8655,0.51279,624,,,,,,,,
CXH/MAV,Asset Management,0.8085,0.5128,624,,,,,,,,
BME/IIM,Asset Management,0.891,0.5128,624,,,,,,,,
FCT/NUW,Asset Management,0.8092,0.5128,624,,,,,,,,
FFIN/PNFP,Banks - Regional,0.8944,0.51281,624,,,,,,,,
PFS/WABC,Banks - Regional,0.8451,0.51282,624,,,,,,,,
HIO/SAR,Asset Management,0.9272,0.51282,624,,,,,,,,
BCML/CTBI,Banks - Regional,0.9225,0.51282,624,,,,,,,,
BME/NMZ,Asset Management,0.925,0.51283,624,,,,,,,,
NICE/PTC,Software - Application,0.8554,0.51285,624,,,,,,,,
BSRR/HDB,Banks - Regional,0.8691,0.51289,624,,,,,,,,
AB/CHW,Asset Management,0.9278,0.51289,624,,,,,,,,
BHRB/FCF,Banks - Regional,0.8172,0.51291,624,,,,,,,,
ETJ/SPXX,Asset Management,0.96,0.51293,624,,,,,,,,
FMY/IGD,Asset Management,0.8665,0.51293,624,,,,,,,,
CADE/CBSH,Banks - Regional,0.9046,0.51294,624,,,,,,,,
BCML/GABC,Banks - Regional,0.8864,0.51296,624,,,,,,,,
BUSE/CFR,Banks - Regional,0.8713,0.51297,624,,,,,,,,
AME/PNR,Specialty Industrial Machinery,0.9235,0.51297,624,,,,,,,,
RNP/VTN,Asset Management,0.8283,0.51297,624,,,,,,,,
IBN/QCRH,Banks - Regional,0.8578,0.51297,624,,,,,,,,
BNY/JMM,Asset Management,0.8523,0.51298,624,,,,,,,,
BCML/MBCN,Banks - Regional,0.8935,0.51299,624,,,,,,,,
ALRS/NFBK,Banks - Regional,0.8067,0.51301,624,,,,,,,,
IBB/PRN,Unknown,0.8108,0.51305,624,,,,,,,,
GCBC/NECB,Banks - Regional,0.8868,0.51307,624,,,,,,,,
GF/NAD,Asset Management,0.869,0.51307,624,,,,,,,,
BANF/PEBO,Banks - Regional,0.8853,0.51309,624,,,,,,,,
GD/HEI,Aerospace & Defense,0.9166,0.5131,624,,,,,,,,
NWBI/ONB,Banks - Regional,0.9212,0.5131,624,,,,,,,,
CASH/UBFO,Banks - Regional,0.8595,0.5131,624,,,,,,,,
AWP/BHK,Asset Management,0.9155,0.51312,624,,,,,,,,
BLW/NXJ,Asset Management,0.9303,0.51312,624,,,,,,,,
WSFS/ZIONP,Banks - Regional,0.9082,0.51312,624,,,,,,,,
ALRS/COFS,Banks - Regional,0.8393,0.51314,624,,,,,,,,
OZK/SYBT,Banks - Regional,0.8087,0.51314,624,,,,,,,,
POR/SO,Utilities - Regulated Electric,0.8558,0.51316,624,,,,,,,,
EBMT/NWFL,Banks - Regional,0.8161,0.51318,624,,,,,,,,
GLAD/IAE,Asset Management,0.8515,0.51318,624,,,,,,,,
EVT/STT,Asset Management,0.8518,0.51318,624,,,,,,,,
EWBC/SBCF,Banks - Regional,0.8869,0.51318,624,,,,,,,,
MNSB/THFF,Banks - Regional,0.8769,0.51321,624,,,,,,,,
BPOP/VABK,Banks - Regional,0.8374,0.51322,624,,,,,,,,
RNP/SAR,Asset Management,0.9632,0.51323,624,,,,,,,,
EOD/FUND,Asset Management,0.9519,0.51323,624,,,,,,,,
CHMG/EBMT,Banks - Regional,0.8249,0.51323,624,,,,,,,,
ETW/PHK,Asset Management,0.8609,0.51324,624,,,,,,,,
JCI/TREX,Building Products & Equipment,0.8343,0.51324,624,,,,,,,,
FTA/FTC,Unknown,0.974,0.51324,624,,,,,,,,
BOE/NAN,Asset Management,0.8042,0.51325,624,,,,,,,,
CNOB/WTFC,Banks - Regional,0.8592,0.51325,624,,,,,,,,
BOE/NQP,Asset Management,0.8401,0.51325,624,,,,,,,,
CNP/TXNM,Utilities - Regulated Electric,0.9098,0.51326,624,,,,,,,,
IGA/NIE,Asset Management,0.9588,0.51326,624,,,,,,,,
BTZ/PTY,Asset Management,0.968,0.51327,624,,,,,,,,
BFZ/DHF,Asset Management,0.834,0.51327,624,,,,,,,,
CHY/WEA,Asset Management,0.9197,0.51328,624,,,,,,,,
INBK/PNC,Banks - Regional,0.8065,0.51329,624,,,,,,,,
EVN/JEQ,Asset Management,0.8992,0.5133,624,,,,,,,,
PNC/WTFC,Banks - Regional,0.937,0.5133,624,,,,,,,,
CBAN/FRAF,Banks - Regional,0.939,0.51331,624,,,,,,,,
EVF/OCSL,Asset Management,0.821,0.51331,624,,,,,,,,
CXH/PCQ,Asset Management,0.8473,0.51332,624,,,,,,,,
USB/ZION,Banks - Regional,0.926,0.51333,624,,,,,,,,
AWP/MUC,Asset Management,0.8518,0.51334,624,,,,,,,,
BME/VCV,Asset Management,0.8714,0.51335,624,,,,,,,,
BLW/ETY,Asset Management,0.9752,0.51335,624,,,,,,,,
BFC/IBN,Banks - Regional,0.9118,0.51335,624,,,,,,,,
BTZ/NIE,Asset Management,0.9446,0.51335,624,,,,,,,,
JEQ/RJF,Asset Management,0.8105,0.51336,624,,,,,,,,
IBN/MBWM,Banks - Regional,0.843,0.51337,624,,,,,,,,
CHW/NQP,Asset Management,0.9241,0.51338,624,,,,,,,,
KTH/SCZ,Unknown,0.943,0.51338,624,,,,,,,,
EOI/LGI,Asset Management,0.9778,0.51339,624,,,,,,,,
FTA/IUSV,Unknown,0.9921,0.5134,624,,,,,,,,
ADX/EOI,Asset Management,0.9931,0.51342,624,,,,,,,,
EXG/WEA,Asset Management,0.9158,0.51342,624,,,,,,,,
OZK/PFS,Banks - Regional,0.8229,0.51343,624,,,,,,,,
HPS/JHI,Asset Management,0.9394,0.51343,624,,,,,,,,
CORT/VRTX,Biotechnology,0.8824,0.51343,624,,,,,,,,
CNX/CRK,Oil & Gas E&P,0.8112,0.51343,624,,,,,,,,
EFT/OIA,Asset Management,0.8393,0.51346,624,,,,,,,,
GSBC/SRCE,Banks - Regional,0.9622,0.51346,624,,,,,,,,
ISBA/UCB,Banks - Regional,0.8006,0.51348,624,,,,,,,,
OHI/WELL,REIT - Healthcare Facilities,0.9318,0.51348,624,,,,,,,,
FFA/JLS,Asset Management,0.877,0.51349,624,,,,,,,,
CDNS/CRM,Software - Application,0.9011,0.51349,624,,,,,,,,
PNC/TCBK,Banks - Regional,0.9512,0.5135,624,,,,,,,,
BXMX/NXN,Asset Management,0.8807,0.5135,624,,,,,,,,
AWF/ETW,Asset Management,0.9552,0.51352,624,,,,,,,,
NBN/RF,Banks - Regional,0.8559,0.51352,624,,,,,,,,
MCR/QQQX,Asset Management,0.969,0.51353,624,,,,,,,,
EFSC/HOMB,Banks - Regional,0.9278,0.51354,624,,,,,,,,
CIF/GAIN,Asset Management,0.827,0.51354,624,,,,,,,,
CGO/NMT,Asset Management,0.8369,0.51354,624,,,,,,,,
GUT/NMZ,Asset Management,0.8205,0.51354,624,,,,,,,,
CXH/WIW,Asset Management,0.8396,0.51355,624,,,,,,,,
ETO/SBI,Asset Management,0.8329,0.51355,624,,,,,,,,
BDJ/SEIC,Asset Management,0.9053,0.51356,624,,,,,,,,
CHW/NAD,Asset Management,0.9271,0.51357,624,,,,,,,,
HOPE/WSBC,Banks - Regional,0.8808,0.51358,624,,,,,,,,
GYRE/MRKR,Biotechnology,0.8288,0.51359,624,,,,,,,,
HYT/NMZ,Asset Management,0.9023,0.5136,624,,,,,,,,
TWN/VRTS,Asset Management,0.8214,0.5136,624,,,,,,,,
CCBG/PB,Banks - Regional,0.8979,0.5136,624,,,,,,,,
HOMB/WSBC,Banks - Regional,0.896,0.5136,624,,,,,,,,
ETV/HTD,Asset Management,0.9753,0.5136,624,,,,,,,,
NEWT/VABK,Banks - Regional,0.8219,0.51361,624,,,,,,,,
JOF/OIA,Asset Management,0.918,0.51361,624,,,,,,,,
CMA/UCB,Banks - Regional,0.9043,0.51363,624,,,,,,,,
DUK/EXC,Utilities - Regulated Electric,0.9201,0.51363,624,,,,,,,,
NTRS/VKQ,Asset Management,0.8706,0.51364,624,,,,,,,,
HYT/NZF,Asset Management,0.9064,0.51364,624,,,,,,,,
CMS/CNP,Utilities - Regulated Electric,0.9084,0.51365,624,,,,,,,,
CCBG/WAFD,Banks - Regional,0.9022,0.51365,624,,,,,,,,
BTO/NFJ,Asset Management,0.9189,0.51367,624,,,,,,,,
GYRE/TENX,Biotechnology,0.8421,0.51368,624,,,,,,,,
PFN/STT,Asset Management,0.849,0.51368,624,,,,,,,,
IFN/JRS,Asset Management,0.8624,0.51368,624,,,,,,,,
PKBK/SYBT,Banks - Regional,0.9217,0.51369,624,,,,,,,,
AFB/PCQ,Asset Management,0.867,0.5137,624,,,,,,,,
DDT/PRFZ,Unknown,0.9751,0.5137,624,,,,,,,,
BFC/THFF,Banks - Regional,0.8786,0.51372,624,,,,,,,,
CPRT/RBA,Specialty Business Services,0.9706,0.51373,624,,,,,,,,
DNP/ETO,Asset Management,0.9363,0.51373,624,,,,,,,,
HTBK/ZION,Banks - Regional,0.8662,0.51374,624,,,,,,,,
IEI/PDP,Unknown,0.8416,0.51374,624,,,,,,,,
AWP/VMO,Asset Management,0.8686,0.51375,624,,,,,,,,
BME/NIM,Asset Management,0.9238,0.51375,624,,,,,,,,
SLGN/SON,Packaging & Containers,0.8619,0.51377,624,,,,,,,,
PFBC/UBFO,Banks - Regional,0.9206,0.51378,624,,,,,,,,
BME/NKX,Asset Management,0.8963,0.51378,624,,,,,,,,
GAB/NVG,Asset Management,0.8241,0.51379,624,,,,,,,,
AWP/EXG,Asset Management,0.922,0.51379,624,,,,,,,,
ABCB/FITB,Banks - Regional,0.929,0.5138,624,,,,,,,,
CGO/SPXX,Asset Management,0.9354,0.5138,624,,,,,,,,
MPB/UBFO,Banks - Regional,0.9309,0.5138,624,,,,,,,,
FFIC/PROV,Banks - Regional,0.8196,0.51381,624,,,,,,,,
SRCE/SYBT,Banks - Regional,0.9216,0.51382,624,,,,,,,,
ASG/GAIN,Asset Management,0.8944,0.51382,624,,,,,,,,
FMBH/FRAF,Banks - Regional,0.9133,0.51383,624,,,,,,,,
BGT/PHK,Asset Management,0.8034,0.51383,624,,,,,,,,
MANH/SPNS,Software - Application,0.9034,0.51384,624,,,,,,,,
BME/JHI,Asset Management,0.9011,0.51384,624,,,,,,,,
PHK/VPV,Asset Management,0.8253,0.51384,624,,,,,,,,
GOVI/VCIT,Unknown,0.8735,0.51385,624,,,,,,,,
CCNE/UBSI,Banks - Regional,0.8729,0.51385,624,,,,,,,,
AIV/AVB,REIT - Residential,0.9205,0.51385,624,,,,,,,,
FCBC/OFG,Banks - Regional,0.8617,0.51386,624,,,,,,,,
RMT/STEW,Asset Management,0.9716,0.51386,624,,,,,,,,
CXH/PIM,Asset Management,0.8824,0.51387,624,,,,,,,,
CHW/VPV,Asset Management,0.9061,0.51387,624,,,,,,,,
JRS/MSD,Asset Management,0.8789,0.51389,624,,,,,,,,
BKN/CHW,Asset Management,0.8979,0.51391,624,,,,,,,,
AROW/BCBP,Banks - Regional,0.854,0.51391,624,,,,,,,,
JRS/MHF,Asset Management,0.9251,0.51392,624,,,,,,,,
BLE/PPT,Asset Management,0.8224,0.51393,624,,,,,,,,
CHCO/ZIONP,Banks - Regional,0.8601,0.51393,624,,,,,,,,
IIM/JEQ,Asset Management,0.8914,0.51393,624,,,,,,,,
FXNC/KEY,Banks - Regional,0.8457,0.51393,624,,,,,,,,
MPV/PFL,Asset Management,0.8992,0.51394,624,,,,,,,,
BTO/JMM,Asset Management,0.9252,0.51395,624,,,,,,,,
PFG/UTF,Asset Management,0.9201,0.51396,624,,,,,,,,
FTA/PSL,Unknown,0.9777,0.51396,624,,,,,,,,
BCML/HBNC,Banks - Regional,0.8912,0.51397,624,,,,,,,,
ASG/JHS,Asset Management,0.9188,0.51397,624,,,,,,,,
LARK/PFIS,Banks - Regional,0.869,0.514,624,,,,,,,,
PTY/VBF,Asset Management,0.9452,0.51401,624,,,,,,,,
JQC/TROW,Asset Management,0.8051,0.51401,624,,,,,,,,
PFN/TROW,Asset Management,0.9044,0.51402,624,,,,,,,,
HQL/PFG,Asset Management,0.8283,0.51405,624,,,,,,,,
FMN/HYT,Asset Management,0.8232,0.51407,624,,,,,,,,
AGO/ITIC,Insurance - Specialty,0.92,0.51408,624,,,,,,,,
HFWA/HOMB,Banks - Regional,0.8095,0.51409,624,,,,,,,,
AWP/EVN,Asset Management,0.8816,0.5141,624,,,,,,,,
MGF/MHI,Asset Management,0.8475,0.5141,624,,,,,,,,
STBA/TRST,Banks - Regional,0.9375,0.5141,624,,,,,,,,
CVLG/ODFL,Trucking,0.8176,0.5141,624,,,,,,,,
FEX/FTC,Unknown,0.9938,0.51411,624,,,,,,,,
FRST/LCNB,Banks - Regional,0.865,0.51412,624,,,,,,,,
FLC/HPS,Asset Management,0.9531,0.51412,624,,,,,,,,
PMO/TROW,Asset Management,0.9138,0.51413,624,,,,,,,,
FAB/FAD,Unknown,0.9726,0.51413,624,,,,,,,,
GRX/VTN,Asset Management,0.8509,0.51413,624,,,,,,,,
PIZ/SCZ,Unknown,0.9623,0.51414,624,,,,,,,,
JRS/OXSQ,Asset Management,0.8155,0.51415,624,,,,,,,,
COLB/HOPE,Banks - Regional,0.8352,0.51416,624,,,,,,,,
DSU/MHF,Asset Management,0.8907,0.51416,624,,,,,,,,
NUW/PFL,Asset Management,0.8867,0.51418,624,,,,,,,,
AGD/HIX,Asset Management,0.8763,0.51419,624,,,,,,,,
NXC/UTF,Asset Management,0.886,0.51419,624,,,,,,,,
CHCO/GSBC,Banks - Regional,0.9277,0.51419,624,,,,,,,,
PSEC/TROW,Asset Management,0.8447,0.5142,624,,,,,,,,
FFC/HPF,Asset Management,0.9477,0.5142,624,,,,,,,,
RICK/SBUX,Restaurants,0.834,0.51422,624,,,,,,,,
BPOP/CASH,Banks - Regional,0.9525,0.51422,624,,,,,,,,
CSWC/DHIL,Asset Management,0.81,0.51422,624,,,,,,,,
EWBC/PFS,Banks - Regional,0.8263,0.51424,624,,,,,,,,
ALRS/HTBK,Banks - Regional,0.8354,0.51424,624,,,,,,,,
OPBK/TCBK,Banks - Regional,0.9254,0.51424,624,,,,,,,,
BGT/CHW,Asset Management,0.8721,0.51424,624,,,,,,,,
AOD/NVG,Asset Management,0.8407,0.51425,624,,,,,,,,
CBAN/CTBI,Banks - Regional,0.8924,0.51427,624,,,,,,,,
HFWA/PEBO,Banks - Regional,0.8986,0.51427,624,,,,,,,,
FAB/PIO,Unknown,0.9617,0.51428,624,,,,,,,,
CBAN/CNOB,Banks - Regional,0.9036,0.51429,624,,,,,,,,
BME/PFD,Asset Management,0.8929,0.51429,624,,,,,,,,
DTF/TSI,Asset Management,0.8038,0.51431,624,,,,,,,,
BLW/NUV,Asset Management,0.8893,0.51432,624,,,,,,,,
NGG/OGE,Utilities - Regulated Electric,0.8703,0.51433,624,,,,,,,,
NUV/PIM,Asset Management,0.9053,0.51434,624,,,,,,,,
BME/GDO,Asset Management,0.9423,0.51434,624,,,,,,,,
GDL/MHF,Asset Management,0.9198,0.51435,624,,,,,,,,
CHW/GDV,Asset Management,0.9554,0.51436,624,,,,,,,,
ETJ/PFG,Asset Management,0.8863,0.51436,624,,,,,,,,
BHK/HTD,Asset Management,0.8976,0.51436,624,,,,,,,,
LKQ/MGA,Auto Parts,0.84,0.51438,624,,,,,,,,
FMY/GAM,Asset Management,0.9096,0.51438,624,,,,,,,,
NAZ/NQP,Asset Management,0.943,0.51439,624,,,,,,,,
CHW/MUC,Asset Management,0.8507,0.51439,624,,,,,,,,
MUJ/PZC,Asset Management,0.89,0.51439,624,,,,,,,,
BGY/NTRS,Asset Management,0.8281,0.5144,624,,,,,,,,
IGD/PTY,Asset Management,0.9246,0.51441,624,,,,,,,,
MHN/WIW,Asset Management,0.8301,0.51443,624,,,,,,,,
CIM/NYMT,REIT - Mortgage,0.9268,0.51443,624,,,,,,,,
ISRG/MMSI,Medical Instruments & Supplies,0.9529,0.51445,624,,,,,,,,
ETG/VVR,Asset Management,0.9527,0.51446,624,,,,,,,,
FLEX/TEL,Electronic Components,0.8134,0.51447,624,,,,,,,,
ACNB/HOMB,Banks - Regional,0.8891,0.51448,624,,,,,,,,
CSGS/WEX,Software - Infrastructure,0.8244,0.51449,624,,,,,,,,
BLW/FMN,Asset Management,0.8151,0.51449,624,,,,,,,,
B/CDE,Gold,0.8437,0.51449,624,,,,,,,,
IBN/LKFN,Banks - Regional,0.8456,0.5145,624,,,,,,,,
IBB/PRFZ,Unknown,0.8823,0.51451,624,,,,,,,,
PMX/TROW,Asset Management,0.8172,0.51452,624,,,,,,,,
CNOB/UNTY,Banks - Regional,0.8096,0.51452,624,,,,,,,,
CHY/EOI,Asset Management,0.9626,0.51452,624,,,,,,,,
GAM/RQI,Asset Management,0.9308,0.51452,624,,,,,,,,
GNTX/LEA,Auto Parts,0.8004,0.51454,624,,,,,,,,
CVBF/TFSL,Banks - Regional,0.8439,0.51454,624,,,,,,,,
SYBT/UCB,Banks - Regional,0.9044,0.51454,624,,,,,,,,
JOF/PCN,Asset Management,0.9288,0.51454,624,,,,,,,,
EVT/MUA,Asset Management,0.8379,0.51455,624,,,,,,,,
TFSL/ZION,Banks - Regional,0.8351,0.51455,624,,,,,,,,
ABCB/CNOB,Banks - Regional,0.9241,0.51455,624,,,,,,,,
CII/MCI,Asset Management,0.9282,0.51455,624,,,,,,,,
HOPE/OZK,Banks - Regional,0.8371,0.51456,624,,,,,,,,
BANF/GABC,Banks - Regional,0.8848,0.51457,624,,,,,,,,
GSBC/WSBC,Banks - Regional,0.9018,0.51458,624,,,,,,,,
FMAO/SMBK,Banks - Regional,0.85,0.51459,624,,,,,,,,
FUND/SCD,Asset Management,0.9401,0.51462,624,,,,,,,,
BTZ/EVG,Asset Management,0.9367,0.51462,624,,,,,,,,
AX/CAC,Banks - Regional,0.8769,0.51463,624,,,,,,,,
BME/VVR,Asset Management,0.8756,0.51465,624,,,,,,,,
NVG/PNI,Asset Management,0.8143,0.51466,624,,,,,,,,
HRI/MGRC,Rental & Leasing Services,0.8234,0.51467,624,,,,,,,,
GF/NXP,Asset Management,0.8314,0.51467,624,,,,,,,,
ASG/PTY,Asset Management,0.9485,0.5147,624,,,,,,,,
ETW/FOF,Asset Management,0.969,0.5147,624,,,,,,,,
FULT/OZK,Banks - Regional,0.874,0.51471,624,,,,,,,,
QQQX/SAR,Asset Management,0.964,0.51471,624,,,,,,,,
DUK/SO,Utilities - Regulated Electric,0.975,0.51472,624,,,,,,,,
PCM/VTN,Asset Management,0.8191,0.51473,624,,,,,,,,
ARCB/ODFL,Trucking,0.9461,0.51474,624,,,,,,,,
SCD/WEA,Asset Management,0.8549,0.51477,624,,,,,,,,
MNSB/OPBK,Banks - Regional,0.8452,0.51477,624,,,,,,,,
BYD/MGM,Resorts & Casinos,0.9068,0.51478,624,,,,,,,,
EVF/JEQ,Asset Management,0.8634,0.51479,624,,,,,,,,
AAXJ/FAD,Unknown,0.8857,0.51479,624,,,,,,,,
FNX/IUSV,Unknown,0.9919,0.5148,624,,,,,,,,
BMRC/TRST,Banks - Regional,0.8285,0.5148,624,,,,,,,,
BANF/HDB,Banks - Regional,0.8588,0.5148,624,,,,,,,,
FUND/QQQX,Asset Management,0.9536,0.51481,624,,,,,,,,
PAI/PCN,Asset Management,0.9471,0.51482,624,,,,,,,,
FXNC/MGYR,Banks - Regional,0.8355,0.51484,624,,,,,,,,
MMT/STT,Asset Management,0.8214,0.51484,624,,,,,,,,
NZF/WIW,Asset Management,0.901,0.51485,624,,,,,,,,
RUSHB/SAH,Auto & Truck Dealerships,0.9418,0.51485,624,,,,,,,,
CRUS/STM,Semiconductors,0.8433,0.51485,624,,,,,,,,
PFN/VCV,Asset Management,0.902,0.51485,624,,,,,,,,
DDT/PEZ,Unknown,0.9369,0.51487,624,,,,,,,,
ETV/NMT,Asset Management,0.8134,0.51488,624,,,,,,,,
FT/NUW,Asset Management,0.8451,0.51488,624,,,,,,,,
PHD/VCV,Asset Management,0.8184,0.51489,624,,,,,,,,
BTO/PCN,Asset Management,0.9331,0.51489,624,,,,,,,,
JFR/WIW,Asset Management,0.8437,0.5149,624,,,,,,,,
ACNB/BANR,Banks - Regional,0.9185,0.5149,624,,,,,,,,
BGY/PIM,Asset Management,0.8584,0.51491,624,,,,,,,,
EVT/VPV,Asset Management,0.8683,0.51491,624,,,,,,,,
JPC/PCM,Asset Management,0.9297,0.51492,624,,,,,,,,
AVB/CPT,REIT - Residential,0.9551,0.51492,624,,,,,,,,
IMCV/JSM,Unknown,0.9249,0.51492,624,,,,,,,,
HIO/NTRS,Asset Management,0.8885,0.51494,624,,,,,,,,
FT/NXJ,Asset Management,0.9278,0.51494,624,,,,,,,,
STBA/WAL,Banks - Regional,0.809,0.51494,624,,,,,,,,
BGT/BME,Asset Management,0.8763,0.51495,624,,,,,,,,
GAIN/HYT,Asset Management,0.9575,0.51495,624,,,,,,,,
FDBC/FITB,Banks - Regional,0.8079,0.51496,624,,,,,,,,
KTN/QABA,Unknown,0.903,0.51497,624,,,,,,,,
RMT/WIA,Asset Management,0.8802,0.51498,624,,,,,,,,
GSBC/PNC,Banks - Regional,0.9449,0.51499,624,,,,,,,,
NZF/PCN,Asset Management,0.9479,0.51499,624,,,,,,,,
EOT/GOF,Asset Management,0.8387,0.515,624,,,,,,,,
INBK/LCNB,Banks - Regional,0.8502,0.51501,624,,,,,,,,
BND/IGSB,Unknown,0.9136,0.51502,624,,,,,,,,
BXMX/NCA,Asset Management,0.8384,0.51502,624,,,,,,,,
ES/SO,Utilities - Regulated Electric,0.8032,0.51502,624,,,,,,,,
ETG/JQC,Asset Management,0.9613,0.51502,624,,,,,,,,
AMD/MRVL,Semiconductors,0.9383,0.51503,624,,,,,,,,
DHF/HTD,Asset Management,0.9282,0.51503,624,,,,,,,,
NATH/YUM,Restaurants,0.8741,0.51503,624,,,,,,,,
HIX/JRS,Asset Management,0.908,0.51503,624,,,,,,,,
ISBA/PEBK,Banks - Regional,0.8724,0.51506,624,,,,,,,,
LARK/SRCE,Banks - Regional,0.875,0.51506,624,,,,,,,,
MYN/RFI,Asset Management,0.8548,0.51506,624,,,,,,,,
BN/MUA,Asset Management,0.8105,0.51506,624,,,,,,,,
BLK/CII,Asset Management,0.9808,0.51507,624,,,,,,,,
MVT/TSI,Asset Management,0.8067,0.51509,624,,,,,,,,
CBU/PNC,Banks - Regional,0.927,0.5151,624,,,,,,,,
FNX/PFM,Unknown,0.9905,0.51511,624,,,,,,,,
BDN/BXP,REIT - Office,0.9067,0.51511,624,,,,,,,,
RNP/VKQ,Asset Management,0.8783,0.51512,624,,,,,,,,
DSU/ETW,Asset Management,0.9361,0.51512,624,,,,,,,,
FCT/VGM,Asset Management,0.8127,0.51513,624,,,,,,,,
AGD/RQI,Asset Management,0.9286,0.51513,624,,,,,,,,
QQQX/SPE,Asset Management,0.9584,0.51514,624,,,,,,,,
EHI/STK,Asset Management,0.8854,0.51515,624,,,,,,,,
CGO/NNY,Asset Management,0.8469,0.51515,624,,,,,,,,
ETG/PSEC,Asset Management,0.884,0.51515,624,,,,,,,,
BRW/NFJ,Asset Management,0.9236,0.51516,624,,,,,,,,
BOE/NVG,Asset Management,0.8339,0.51516,624,,,,,,,,
IGIB/PUI,Unknown,0.9239,0.51516,624,,,,,,,,
RBCAA/SYBT,Banks - Regional,0.9277,0.51516,624,,,,,,,,
ETY/IGA,Asset Management,0.9807,0.51516,624,,,,,,,,
AWF/TROW,Asset Management,0.8386,0.51516,624,,,,,,,,
CMS/SO,Utilities - Regulated Electric,0.9386,0.51517,624,,,,,,,,
LGI/SAR,Asset Management,0.9615,0.51518,624,,,,,,,,
IGSB/QQEW,Unknown,0.9693,0.51518,624,,,,,,,,
BME/MYN,Asset Management,0.8428,0.51518,624,,,,,,,,
GUT/RFI,Asset Management,0.8493,0.51519,624,,,,,,,,
FLC/HQL,Asset Management,0.9222,0.51521,624,,,,,,,,
CMS/ED,Utilities - Regulated Electric,0.9663,0.51521,624,,,,,,,,
CII/SPE,Asset Management,0.9736,0.51522,624,,,,,,,,
CIF/RCS,Asset Management,0.812,0.51522,624,,,,,,,,
AIR/LMT,Aerospace & Defense,0.8631,0.51522,624,,,,,,,,
CHY/JEQ,Asset Management,0.9114,0.51523,624,,,,,,,,
BDJ/HQL,Asset Management,0.8617,0.51525,624,,,,,,,,
AWF/CII,Asset Management,0.9548,0.51526,624,,,,,,,,
FYX/PHO,Unknown,0.9679,0.51526,624,,,,,,,,
ACNB/UBCP,Banks - Regional,0.8895,0.51527,624,,,,,,,,
CHW/VMO,Asset Management,0.8821,0.51527,624,,,,,,,,
HDB/PEBO,Banks - Regional,0.9034,0.51528,624,,,,,,,,
BCBP/HWBK,Banks - Regional,0.8076,0.51529,624,,,,,,,,
ASG/MYI,Asset Management,0.8674,0.51529,624,,,,,,,,
BLW/IQI,Asset Management,0.87,0.51531,624,,,,,,,,
ETV/VPV,Asset Management,0.885,0.51531,624,,,,,,,,
BND/USIG,Unknown,0.9907,0.51532,624,,,,,,,,
CII/JFR,Asset Management,0.9414,0.51533,624,,,,,,,,
ASG/EHI,Asset Management,0.9511,0.51533,624,,,,,,,,
IMOS/SWKS,Semiconductors,0.8525,0.51533,624,,,,,,,,
ETY/FRA,Asset Management,0.9731,0.51536,624,,,,,,,,
HTGC/IGD,Asset Management,0.9376,0.51537,624,,,,,,,,
HIFS/TSBK,Banks - Regional,0.8982,0.51537,624,,,,,,,,
AWP/CSQ,Asset Management,0.8887,0.51538,624,,,,,,,,
IBB/SWZ,Unknown,0.8874,0.51538,624,,,,,,,,
PHK/SPXX,Asset Management,0.8362,0.51539,624,,,,,,,,
FFA/FRA,Asset Management,0.9677,0.5154,624,,,,,,,,
ATS/ITW,Specialty Industrial Machinery,0.8781,0.5154,624,,,,,,,,
OPBK/UBFO,Banks - Regional,0.9115,0.5154,624,,,,,,,,
AME/TNC,Specialty Industrial Machinery,0.8663,0.51541,624,,,,,,,,
AWF/PPT,Asset Management,0.9148,0.51541,624,,,,,,,,
BTO/MCR,Asset Management,0.9162,0.51542,624,,,,,,,,
JEQ/NCA,Asset Management,0.8881,0.51542,624,,,,,,,,
PEBO/WAFD,Banks - Regional,0.9518,0.51544,624,,,,,,,,
ACNB/CIVB,Banks - Regional,0.882,0.51545,624,,,,,,,,
IGR/NRK,Asset Management,0.8834,0.51546,624,,,,,,,,
FMBH/OCFC,Banks - Regional,0.8614,0.51546,624,,,,,,,,
MAIN/PFO,Asset Management,0.8056,0.51546,624,,,,,,,,
SBI/TSI,Asset Management,0.8901,0.51546,624,,,,,,,,
BXMX/RCS,Asset Management,0.84,0.51548,624,,,,,,,,
BTZ/EMD,Asset Management,0.9021,0.51548,624,,,,,,,,
EFSC/FHN,Banks - Regional,0.8729,0.5155,624,,,,,,,,
AOD/TROW,Asset Management,0.8643,0.51551,624,,,,,,,,
NEA/VTN,Asset Management,0.9368,0.51551,624,,,,,,,,
HTD/IIM,Asset Management,0.89,0.51551,624,,,,,,,,
CGO/EOT,Asset Management,0.8458,0.51551,624,,,,,,,,
FRME/HWC,Banks - Regional,0.8629,0.51551,624,,,,,,,,
BXMX/CNS,Asset Management,0.937,0.51553,624,,,,,,,,
ALRS/CIVB,Banks - Regional,0.8892,0.51553,624,,,,,,,,
BTA/QQQX,Asset Management,0.9207,0.51554,624,,,,,,,,
NBN/UMBF,Banks - Regional,0.8308,0.51554,624,,,,,,,,
ASB/INBK,Banks - Regional,0.8453,0.51554,624,,,,,,,,
FTA/RTH,Unknown,0.9714,0.51554,624,,,,,,,,
BGY/PFL,Asset Management,0.9068,0.51554,624,,,,,,,,
HIFS/THFF,Banks - Regional,0.8994,0.51554,624,,,,,,,,
AOD/NXP,Asset Management,0.902,0.51555,624,,,,,,,,
CASH/HBNC,Banks - Regional,0.8125,0.51556,624,,,,,,,,
ACWX/PKW,Unknown,0.9603,0.51556,624,,,,,,,,
ARCC/JMM,Asset Management,0.8557,0.51557,624,,,,,,,,
FMAO/MGYR,Banks - Regional,0.8224,0.51558,624,,,,,,,,
AWF/HQH,Asset Management,0.8707,0.51558,624,,,,,,,,
ASG/MUE,Asset Management,0.8435,0.51559,624,,,,,,,,
OPBK/QCRH,Banks - Regional,0.9322,0.51559,624,,,,,,,,
TSBK/UCB,Banks - Regional,0.9221,0.51559,624,,,,,,,,
PDT/WEA,Asset Management,0.9429,0.51559,624,,,,,,,,
SCD/STK,Asset Management,0.9542,0.5156,624,,,,,,,,
BOKF/OFG,Banks - Regional,0.8024,0.51561,624,,,,,,,,
OPBK/WAFD,Banks - Regional,0.9088,0.51561,624,,,,,,,,
BXMX/MFIC,Asset Management,0.8508,0.51561,624,,,,,,,,
EWBC/PPBI,Banks - Regional,0.8248,0.51562,624,,,,,,,,
DSU/HIO,Asset Management,0.9547,0.51562,624,,,,,,,,
TSBK/WAL,Banks - Regional,0.8759,0.51563,624,,,,,,,,
HYT/JQC,Asset Management,0.9697,0.51563,624,,,,,,,,
HPS/WIA,Asset Management,0.8743,0.51563,624,,,,,,,,
DHIL/FOF,Asset Management,0.8367,0.51563,624,,,,,,,,
FMAO/SFNC,Banks - Regional,0.8182,0.51564,624,,,,,,,,
JBK/PRFZ,Unknown,0.9388,0.51564,624,,,,,,,,
PROV/WSBC,Banks - Regional,0.8704,0.51565,624,,,,,,,,
EQIX/LAMR,REIT - Specialty,0.9515,0.51566,624,,,,,,,,
EEA/FRA,Asset Management,0.9193,0.51566,624,,,,,,,,
HPF/PCN,Asset Management,0.9762,0.51567,624,,,,,,,,
JRS/PTY,Asset Management,0.9135,0.51568,624,,,,,,,,
ACNB/FMNB,Banks - Regional,0.9149,0.51568,624,,,,,,,,
MPA/PML,Asset Management,0.9063,0.51568,624,,,,,,,,
GDL/HPI,Asset Management,0.9478,0.5157,624,,,,,,,,
CASH/EFSC,Banks - Regional,0.8983,0.51571,624,,,,,,,,
CGO/PHK,Asset Management,0.8048,0.51572,624,,,,,,,,
FCT/IQI,Asset Management,0.8266,0.51572,624,,,,,,,,
IBN/SMBC,Banks - Regional,0.8673,0.51574,624,,,,,,,,
IDA/PNW,Utilities - Regulated Electric,0.9629,0.51574,624,,,,,,,,
EMR/ITW,Specialty Industrial Machinery,0.9506,0.51575,624,,,,,,,,
EXAS/ILMN,Diagnostics & Research,0.8346,0.51575,624,,,,,,,,
FCT/NIM,Asset Management,0.8486,0.51575,624,,,,,,,,
OCSL/SPE,Asset Management,0.8074,0.51575,624,,,,,,,,
RDNT/TMO,Diagnostics & Research,0.8146,0.51576,624,,,,,,,,
BTZ/CHW,Asset Management,0.9726,0.51577,624,,,,,,,,
AWF/JOF,Asset Management,0.8755,0.51577,624,,,,,,,,
GJO/TVE,Unknown,0.8141,0.51577,624,,,,,,,,
ETJ/PFO,Asset Management,0.8783,0.51578,624,,,,,,,,
BIO/DXCM,Medical Devices,0.8639,0.51579,624,,,,,,,,
ETW/WEA,Asset Management,0.9327,0.51579,624,,,,,,,,
LKFN/TOWN,Banks - Regional,0.9241,0.5158,624,,,,,,,,
GEN/ORCL,Software - Infrastructure,0.865,0.51583,624,,,,,,,,
EVT/MCI,Asset Management,0.8995,0.51583,624,,,,,,,,
CASH/ZION,Banks - Regional,0.8762,0.51583,624,,,,,,,,
NXN/SPXX,Asset Management,0.8676,0.51586,624,,,,,,,,
BDJ/EFT,Asset Management,0.9457,0.51586,624,,,,,,,,
ETJ/NXC,Asset Management,0.8428,0.51587,624,,,,,,,,
HYT/NPV,Asset Management,0.8339,0.51587,624,,,,,,,,
TSBK/WSBF,Banks - Regional,0.9075,0.51588,624,,,,,,,,
BCML/QCRH,Banks - Regional,0.8963,0.51589,624,,,,,,,,
NAC/NZF,Asset Management,0.9612,0.5159,624,,,,,,,,
JOF/WEA,Asset Management,0.8952,0.5159,624,,,,,,,,
FEX/PSL,Unknown,0.9841,0.5159,624,,,,,,,,
VCV/WIW,Asset Management,0.8437,0.5159,624,,,,,,,,
BOE/MCR,Asset Management,0.9257,0.5159,624,,,,,,,,
DVY/RTH,Unknown,0.9715,0.51592,624,,,,,,,,
JQC/VGM,Asset Management,0.8236,0.51592,624,,,,,,,,
EOI/JLS,Asset Management,0.8751,0.51593,624,,,,,,,,
RJF/WEA,Asset Management,0.8176,0.51594,624,,,,,,,,
IGR/MCN,Asset Management,0.8598,0.51595,624,,,,,,,,
NMI/PTY,Asset Management,0.8568,0.51596,624,,,,,,,,
GBCI/TRST,Banks - Regional,0.8664,0.51596,624,,,,,,,,
CNS/NXN,Asset Management,0.8436,0.51597,624,,,,,,,,
AWF/PMM,Asset Management,0.8935,0.51597,624,,,,,,,,
PFG/RVT,Asset Management,0.9335,0.51598,624,,,,,,,,
BLK/BTO,Asset Management,0.9305,0.516,624,,,,,,,,
PRFZ/PTH,Unknown,0.9082,0.516,624,,,,,,,,
GBCI/ONB,Banks - Regional,0.9296,0.51601,624,,,,,,,,
FBNC/HDB,Banks - Regional,0.9365,0.51602,624,,,,,,,,
AMP/RMT,Asset Management,0.9233,0.51603,624,,,,,,,,
MMT/WIW,Asset Management,0.9457,0.51603,624,,,,,,,,
BTZ/NAC,Asset Management,0.9162,0.51605,624,,,,,,,,
FFIN/PNC,Banks - Regional,0.9519,0.51607,624,,,,,,,,
ETO/VVR,Asset Management,0.9349,0.51608,624,,,,,,,,
HPI/PCF,Asset Management,0.9471,0.51609,624,,,,,,,,
BIO/CNMD,Medical Devices,0.9194,0.51609,624,,,,,,,,
HTBK/PNC,Banks - Regional,0.8176,0.51609,624,,,,,,,,
ETJ/MMT,Asset Management,0.9588,0.51609,624,,,,,,,,
CSQ/LGI,Asset Management,0.991,0.51609,624,,,,,,,,
FSFG/PFIS,Banks - Regional,0.8889,0.5161,624,,,,,,,,
ETY/JFR,Asset Management,0.9515,0.5161,624,,,,,,,,
OPBK/TRST,Banks - Regional,0.8661,0.5161,624,,,,,,,,
ACNB/LKFN,Banks - Regional,0.9012,0.5161,624,,,,,,,,
NBN/ONB,Banks - Regional,0.8276,0.51611,624,,,,,,,,
EOI/ETB,Asset Management,0.9648,0.51611,624,,,,,,,,
NOC/TDG,Aerospace & Defense,0.8815,0.51611,624,,,,,,,,
SFNC/STBA,Banks - Regional,0.8496,0.51611,624,,,,,,,,
DSM/EHI,Asset Management,0.8569,0.51612,624,,,,,,,,
EVT/FMY,Asset Management,0.9116,0.51612,624,,,,,,,,
BOE/GDO,Asset Management,0.8843,0.51612,624,,,,,,,,
HOMB/TFSL,Banks - Regional,0.8555,0.51613,624,,,,,,,,
DOV/SXI,Specialty Industrial Machinery,0.8608,0.51613,624,,,,,,,,
GRID/PIO,Unknown,0.9682,0.51613,624,,,,,,,,
CGO/ETY,Asset Management,0.9318,0.51614,624,,,,,,,,
AMP/EOD,Asset Management,0.9607,0.51615,624,,,,,,,,
JHI/JRS,Asset Management,0.9266,0.51616,624,,,,,,,,
ETB/RMT,Asset Management,0.9645,0.5162,624,,,,,,,,
FCBC/FFIN,Banks - Regional,0.8514,0.5162,624,,,,,,,,
FCT/NQP,Asset Management,0.8677,0.51621,624,,,,,,,,
FRAF/PPBI,Banks - Regional,0.8693,0.51621,624,,,,,,,,
EXG/VVR,Asset Management,0.9415,0.51623,624,,,,,,,,
CHY/FCT,Asset Management,0.9433,0.51624,624,,,,,,,,
BPOP/MPB,Banks - Regional,0.8088,0.51625,624,,,,,,,,
KAI/RRX,Specialty Industrial Machinery,0.928,0.51625,624,,,,,,,,
VCLT/VCSH,Unknown,0.9175,0.51626,624,,,,,,,,
AOD/FHI,Asset Management,0.915,0.51628,624,,,,,,,,
DDT/PYT,Unknown,0.9422,0.51628,624,,,,,,,,
HTGC/IGR,Asset Management,0.8189,0.51629,624,,,,,,,,
BN/SBI,Asset Management,0.8113,0.51631,624,,,,,,,,
CBU/MOFG,Banks - Regional,0.8352,0.51631,624,,,,,,,,
ETG/IGI,Asset Management,0.8342,0.51633,624,,,,,,,,
AROW/HDB,Banks - Regional,0.8915,0.51633,624,,,,,,,,
ETW/PFL,Asset Management,0.9731,0.51634,624,,,,,,,,
PCM/PML,Asset Management,0.8282,0.51634,624,,,,,,,,
VCV/WIA,Asset Management,0.8515,0.51635,624,,,,,,,,
BFZ/PCN,Asset Management,0.8437,0.51635,624,,,,,,,,
GF/NMT,Asset Management,0.8358,0.51635,624,,,,,,,,
AIA/INDY,Unknown,0.8213,0.51635,624,,,,,,,,
VABK/WSBF,Banks - Regional,0.8851,0.51636,624,,,,,,,,
AWP/BLW,Asset Management,0.916,0.51636,624,,,,,,,,
CBU/OPBK,Banks - Regional,0.8711,0.51636,624,,,,,,,,
RCS/SPXX,Asset Management,0.8399,0.51636,624,,,,,,,,
BKN/HQL,Asset Management,0.8793,0.51637,624,,,,,,,,
CZFS/HDB,Banks - Regional,0.8801,0.51639,624,,,,,,,,
AWF/EEA,Asset Management,0.9444,0.51639,624,,,,,,,,
SSBI/TFSL,Banks - Regional,0.8184,0.51639,624,,,,,,,,
NRK/WIA,Asset Management,0.8999,0.51641,624,,,,,,,,
AWF/NXJ,Asset Management,0.9237,0.51644,624,,,,,,,,
GJO/PPH,Unknown,0.9228,0.51645,624,,,,,,,,
GF/MHF,Asset Management,0.8023,0.51647,624,,,,,,,,
AX/BCML,Banks - Regional,0.8588,0.51648,624,,,,,,,,
AX/PFBC,Banks - Regional,0.9546,0.51648,624,,,,,,,,
MBWM/WABC,Banks - Regional,0.8133,0.51649,624,,,,,,,,
HIX/UTF,Asset Management,0.9328,0.51649,624,,,,,,,,
BXMX/TROW,Asset Management,0.8457,0.5165,624,,,,,,,,
EOS/RMT,Asset Management,0.9748,0.5165,624,,,,,,,,
USB/WABC,Banks - Regional,0.8648,0.5165,624,,,,,,,,
AWP/RVT,Asset Management,0.9287,0.51651,624,,,,,,,,
FFIV/FTNT,Software - Infrastructure,0.8239,0.51651,624,,,,,,,,
AIA/FTC,Unknown,0.8847,0.51651,624,,,,,,,,
J/STN,Engineering & Construction,0.9081,0.51653,624,,,,,,,,
IIM/NTRS,Asset Management,0.8707,0.51653,624,,,,,,,,
CNOB/INBK,Banks - Regional,0.91,0.51654,624,,,,,,,,
FFA/OIA,Asset Management,0.8705,0.51654,624,,,,,,,,
CNMD/IART,Medical Devices,0.8071,0.51654,624,,,,,,,,
EXG/MPV,Asset Management,0.9168,0.51655,624,,,,,,,,
PFG/STT,Asset Management,0.8721,0.51656,624,,,,,,,,
BLW/NNY,Asset Management,0.8662,0.51656,624,,,,,,,,
MCR/PTY,Asset Management,0.9737,0.51657,624,,,,,,,,
FMBH/SSB,Banks - Regional,0.8799,0.51658,624,,,,,,,,
WTBA/ZIONP,Banks - Regional,0.8928,0.51659,624,,,,,,,,
CGO/EHI,Asset Management,0.9499,0.51662,624,,,,,,,,
PNFP/ZION,Banks - Regional,0.9261,0.51662,624,,,,,,,,
CNS/MCI,Asset Management,0.8842,0.51664,624,,,,,,,,
FFC/JEQ,Asset Management,0.9411,0.51666,624,,,,,,,,
FMY/HTD,Asset Management,0.9017,0.51666,624,,,,,,,,
CCBG/UMBF,Banks - Regional,0.8803,0.51666,624,,,,,,,,
BLW/HQL,Asset Management,0.8795,0.51667,624,,,,,,,,
CMU/GF,Asset Management,0.8347,0.51669,624,,,,,,,,
NUV/NXJ,Asset Management,0.9779,0.51669,624,,,,,,,,
BN/TWN,Asset Management,0.9433,0.51671,624,,,,,,,,
RF/TFSL,Banks - Regional,0.8299,0.51671,624,,,,,,,,
DTF/HPF,Asset Management,0.8155,0.51671,624,,,,,,,,
CB/CINF,Insurance - Property & Casualty,0.9604,0.51671,624,,,,,,,,
FMN/GF,Asset Management,0.8439,0.51671,624,,,,,,,,
BN/MPV,Asset Management,0.9299,0.51674,624,,,,,,,,
HCI/MCY,Insurance - Property & Casualty,0.82,0.51674,624,,,,,,,,
EOD/QQQX,Asset Management,0.9262,0.51674,624,,,,,,,,
NIE/TROW,Asset Management,0.8748,0.51675,624,,,,,,,,
FOF/HQL,Asset Management,0.8738,0.51675,624,,,,,,,,
CBSH/FITB,Banks - Regional,0.9325,0.51676,624,,,,,,,,
GF/HQH,Asset Management,0.819,0.51677,624,,,,,,,,
BLK/PFO,Asset Management,0.8591,0.51678,624,,,,,,,,
MMT/PML,Asset Management,0.8144,0.51678,624,,,,,,,,
BTA/PCM,Asset Management,0.9414,0.5168,624,,,,,,,,
HFBL/WSBF,Banks - Regional,0.9358,0.51682,624,,,,,,,,
ETW/MUJ,Asset Management,0.8967,0.51684,624,,,,,,,,
FCT/NEA,Asset Management,0.8317,0.51686,624,,,,,,,,
IUSV/PFI,Unknown,0.9713,0.51687,624,,,,,,,,
IGR/MVF,Asset Management,0.8374,0.51687,624,,,,,,,,
AVK/HIO,Asset Management,0.811,0.51687,624,,,,,,,,
IGR/NMT,Asset Management,0.8374,0.51689,624,,,,,,,,
DSU/MIN,Asset Management,0.8879,0.51689,624,,,,,,,,
JEQ/MUE,Asset Management,0.8815,0.5169,624,,,,,,,,
HBAN/IBN,Banks - Regional,0.8134,0.51691,624,,,,,,,,
BHE/PLXS,Electronic Components,0.8695,0.51693,624,,,,,,,,
NTRS/NUW,Asset Management,0.861,0.51694,624,,,,,,,,
CFFI/LARK,Banks - Regional,0.8229,0.51694,624,,,,,,,,
GJS/IPB,Unknown,0.9299,0.51696,624,,,,,,,,
UBFO/UMBF,Banks - Regional,0.8461,0.51697,624,,,,,,,,
CBAN/RVSB,Banks - Regional,0.9034,0.51698,624,,,,,,,,
FCBC/WSBF,Banks - Regional,0.8342,0.51698,624,,,,,,,,
JLS/LGI,Asset Management,0.8748,0.51698,624,,,,,,,,
OSBC/PNFP,Banks - Regional,0.908,0.51698,624,,,,,,,,
HIX/NIE,Asset Management,0.9061,0.51698,624,,,,,,,,
LAD/SAH,Auto & Truck Dealerships,0.9378,0.51699,624,,,,,,,,
QTEC/RTH,Unknown,0.9869,0.51699,624,,,,,,,,
CHI/SPXX,Asset Management,0.9588,0.51699,624,,,,,,,,
ETV/VGM,Asset Management,0.8613,0.51699,624,,,,,,,,
PPBI/WAFD,Banks - Regional,0.9195,0.517,624,,,,,,,,
FUND/RNP,Asset Management,0.9525,0.517,624,,,,,,,,
EOI/SWKH,Asset Management,0.8271,0.51702,624,,,,,,,,
IUSG/QQXT,Unknown,0.9841,0.51702,624,,,,,,,,
NECB/OFG,Banks - Regional,0.9511,0.51704,624,,,,,,,,
FTC/PSL,Unknown,0.9794,0.51704,624,,,,,,,,
FCT/NVG,Asset Management,0.8371,0.51704,624,,,,,,,,
PEBO/TFSL,Banks - Regional,0.8462,0.51706,624,,,,,,,,
FLC/GRX,Asset Management,0.9561,0.51707,624,,,,,,,,
HOMB/THFF,Banks - Regional,0.9161,0.51708,624,,,,,,,,
AMP/STK,Asset Management,0.9648,0.51708,624,,,,,,,,
CBAN/OVBC,Banks - Regional,0.8513,0.51708,624,,,,,,,,
EVG/FT,Asset Management,0.9749,0.51709,624,,,,,,,,
CGO/PMO,Asset Management,0.8979,0.51709,624,,,,,,,,
BPOP/CAC,Banks - Regional,0.8412,0.5171,624,,,,,,,,
CBU/HTBK,Banks - Regional,0.8629,0.5171,624,,,,,,,,
BKT/JMM,Asset Management,0.8992,0.51711,624,,,,,,,,
JFR/PHK,Asset Management,0.8638,0.51712,624,,,,,,,,
BXMX/JEQ,Asset Management,0.9041,0.51714,624,,,,,,,,
ASB/NWBI,Banks - Regional,0.9419,0.51716,624,,,,,,,,
JLS/SPXX,Asset Management,0.9129,0.51717,624,,,,,,,,
CNS/EFR,Asset Management,0.9281,0.51718,624,,,,,,,,
BCBP/FCCO,Banks - Regional,0.8248,0.51719,624,,,,,,,,
CNQ/TPL,Oil & Gas E&P,0.8258,0.51719,624,,,,,,,,
BME/JRS,Asset Management,0.9104,0.5172,624,,,,,,,,
CBU/FBNC,Banks - Regional,0.945,0.51721,624,,,,,,,,
GDV/VBF,Asset Management,0.9093,0.51721,624,,,,,,,,
MGRC/UHAL,Rental & Leasing Services,0.889,0.51721,624,,,,,,,,
FT/MUA,Asset Management,0.8373,0.51722,624,,,,,,,,
HTD/VLT,Asset Management,0.956,0.51724,624,,,,,,,,
HIX/PHK,Asset Management,0.8249,0.51725,624,,,,,,,,
ARCC/QQQX,Asset Management,0.9486,0.51729,624,,,,,,,,
EVT/JEQ,Asset Management,0.9133,0.51729,624,,,,,,,,
CB/RLI,Insurance - Property & Casualty,0.9717,0.51729,624,,,,,,,,
MPV/VLT,Asset Management,0.9204,0.51731,624,,,,,,,,
ADX/PFN,Asset Management,0.9461,0.51731,624,,,,,,,,
CII/TROW,Asset Management,0.8498,0.51731,624,,,,,,,,
CHI/DHF,Asset Management,0.9436,0.51732,624,,,,,,,,
GRX/MQY,Asset Management,0.9058,0.51732,624,,,,,,,,
IGSB/JBK,Unknown,0.9673,0.51733,624,,,,,,,,
AWF/NNY,Asset Management,0.8674,0.51733,624,,,,,,,,
CHW/NZF,Asset Management,0.9385,0.51736,624,,,,,,,,
HPF/HTGC,Asset Management,0.8596,0.51737,624,,,,,,,,
MCN/MIN,Asset Management,0.8281,0.51738,624,,,,,,,,
DHIL/TSI,Asset Management,0.8444,0.51739,624,,,,,,,,
BCML/FRME,Banks - Regional,0.9171,0.51741,624,,,,,,,,
BN/JEQ,Asset Management,0.8888,0.51741,624,,,,,,,,
SCZ/SOXX,Unknown,0.8587,0.51745,624,,,,,,,,
HPI/SPXX,Asset Management,0.9372,0.51745,624,,,,,,,,
PRIM/PWR,Engineering & Construction,0.8576,0.51747,624,,,,,,,,
EEA/USA,Asset Management,0.9546,0.51747,624,,,,,,,,
EEA/EVN,Asset Management,0.8034,0.51747,624,,,,,,,,
JCE/VRTS,Asset Management,0.8016,0.51748,624,,,,,,,,
MFIC/OCSL,Asset Management,0.8391,0.51748,624,,,,,,,,
CHW/VGM,Asset Management,0.8972,0.51749,624,,,,,,,,
BCML/UBSI,Banks - Regional,0.8486,0.5175,624,,,,,,,,
BDJ/STT,Asset Management,0.8545,0.5175,624,,,,,,,,
BRW/JPC,Asset Management,0.9032,0.51752,624,,,,,,,,
ASRT/PRGO,Drug Manufacturers - Specialty & Generic,0.8069,0.51753,624,,,,,,,,
SOR/WIA,Asset Management,0.8294,0.51753,624,,,,,,,,
CVBF/PROV,Banks - Regional,0.8029,0.51754,624,,,,,,,,
FRME/UBFO,Banks - Regional,0.9334,0.51754,624,,,,,,,,
CMU/IGR,Asset Management,0.8247,0.51755,624,,,,,,,,
NEWT/SHBI,Banks - Regional,0.8381,0.51755,624,,,,,,,,
CHW/VKQ,Asset Management,0.9045,0.51755,624,,,,,,,,
CZFS/EFSC,Banks - Regional,0.8913,0.51757,624,,,,,,,,
NMI/TY,Asset Management,0.8633,0.51758,624,,,,,,,,
MAIN/WIW,Asset Management,0.8195,0.51758,624,,,,,,,,
NWBI/RNST,Banks - Regional,0.9245,0.51758,624,,,,,,,,
CIVB/FFIN,Banks - Regional,0.8939,0.51758,624,,,,,,,,
SMBC/UBSI,Banks - Regional,0.919,0.51758,624,,,,,,,,
HIO/USA,Asset Management,0.9613,0.5176,624,,,,,,,,
ETV/FMN,Asset Management,0.8258,0.5176,624,,,,,,,,
AX/CZWI,Banks - Regional,0.8961,0.5176,624,,,,,,,,
FCT/PIM,Asset Management,0.8709,0.51761,624,,,,,,,,
BOE/NRK,Asset Management,0.8108,0.51762,624,,,,,,,,
CHW/NAN,Asset Management,0.8972,0.51763,624,,,,,,,,
OFG/PLBC,Banks - Regional,0.875,0.51764,624,,,,,,,,
GBCI/WTFC,Banks - Regional,0.8714,0.51765,624,,,,,,,,
DRI/SBUX,Restaurants,0.9177,0.51765,624,,,,,,,,
CZFS/LKFN,Banks - Regional,0.8875,0.51766,624,,,,,,,,
CGO/SEIC,Asset Management,0.8601,0.51767,624,,,,,,,,
BCBP/WBS,Banks - Regional,0.8516,0.51768,624,,,,,,,,
BNY/EHI,Asset Management,0.8057,0.51769,624,,,,,,,,
BLE/JEQ,Asset Management,0.8454,0.51769,624,,,,,,,,
AOS/NDSN,Specialty Industrial Machinery,0.9384,0.5177,624,,,,,,,,
HPS/MMT,Asset Management,0.968,0.51771,624,,,,,,,,
IMOS/STM,Semiconductors,0.9166,0.51772,624,,,,,,,,
HQH/IGD,Asset Management,0.8294,0.51772,624,,,,,,,,
SOR/VVR,Asset Management,0.9628,0.51774,624,,,,,,,,
MLCO/WYNN,Resorts & Casinos,0.8588,0.51774,624,,,,,,,,
IUSV/PFM,Unknown,0.9963,0.51774,624,,,,,,,,
KLAC/NVMI,Semiconductor Equipment & Materials,0.9882,0.51775,624,,,,,,,,
CZNC/TFSL,Banks - Regional,0.8627,0.51777,624,,,,,,,,
ACNB/CATY,Banks - Regional,0.9405,0.51778,624,,,,,,,,
CGO/HTGC,Asset Management,0.8673,0.51778,624,,,,,,,,
BTZ/VGM,Asset Management,0.9371,0.51778,624,,,,,,,,
CBAN/STBA,Banks - Regional,0.8884,0.51779,624,,,,,,,,
JQC/MYI,Asset Management,0.8605,0.51779,624,,,,,,,,
FRAF/HOMB,Banks - Regional,0.8859,0.5178,624,,,,,,,,
GBCI/SRCE,Banks - Regional,0.9116,0.5178,624,,,,,,,,
SYBT/WAL,Banks - Regional,0.9073,0.5178,624,,,,,,,,
CIF/NXP,Asset Management,0.9269,0.5178,624,,,,,,,,
JBK/WOOD,Unknown,0.9222,0.5178,624,,,,,,,,
BLK/EFT,Asset Management,0.9539,0.51782,624,,,,,,,,
UTF/VRTS,Asset Management,0.802,0.51783,624,,,,,,,,
PFF/SCZ,Unknown,0.9689,0.51784,624,,,,,,,,
MNST/PEP,Beverages - Non-Alcoholic,0.9696,0.51784,624,,,,,,,,
CII/ETW,Asset Management,0.953,0.51786,624,,,,,,,,
QCRH/WAFD,Banks - Regional,0.9271,0.51787,624,,,,,,,,
DSU/NXN,Asset Management,0.8469,0.51787,624,,,,,,,,
GF/NNY,Asset Management,0.8306,0.51787,624,,,,,,,,
MYI/TROW,Asset Management,0.8581,0.51788,624,,,,,,,,
BPOP/OPBK,Banks - Regional,0.874,0.51788,624,,,,,,,,
PFBC/WSBF,Banks - Regional,0.8846,0.51789,624,,,,,,,,
FOF/SWKH,Asset Management,0.8119,0.51791,624,,,,,,,,
ABCB/OPBK,Banks - Regional,0.9315,0.51792,624,,,,,,,,
RQI/SEIC,Asset Management,0.8923,0.51792,624,,,,,,,,
EOI/TROW,Asset Management,0.8282,0.51792,624,,,,,,,,
AWF/ETG,Asset Management,0.9714,0.51792,624,,,,,,,,
EBMT/HBCP,Banks - Regional,0.8465,0.51793,624,,,,,,,,
GJS/IEUS,Unknown,0.9072,0.51793,624,,,,,,,,
IBCP/OBT,Banks - Regional,0.8872,0.51794,624,,,,,,,,
SOXX/VGSH,Unknown,0.9067,0.51795,624,,,,,,,,
PHK/RQI,Asset Management,0.8484,0.51795,624,,,,,,,,
BCML/UVSP,Banks - Regional,0.8992,0.51795,624,,,,,,,,
PNFP/SYBT,Banks - Regional,0.9384,0.51796,624,,,,,,,,
SXI/TAYD,Specialty Industrial Machinery,0.8564,0.51796,624,,,,,,,,
BTO/FLC,Asset Management,0.9066,0.51796,624,,,,,,,,
JEQ/MVF,Asset Management,0.8508,0.51797,624,,,,,,,,
HOMB/UCB,Banks - Regional,0.8859,0.51797,624,,,,,,,,
BYM/CHW,Asset Management,0.9002,0.51797,624,,,,,,,,
HTD/JPC,Asset Management,0.9663,0.51797,624,,,,,,,,
RNST/UBFO,Banks - Regional,0.859,0.51799,624,,,,,,,,
GJH/IMCV,Unknown,0.9593,0.518,624,,,,,,,,
AMP/OCSL,Asset Management,0.8672,0.518,624,,,,,,,,
FNWD/PROV,Banks - Regional,0.8513,0.51801,624,,,,,,,,
HYT/MYN,Asset Management,0.8349,0.51802,624,,,,,,,,
HTGC/PPT,Asset Management,0.8018,0.51802,624,,,,,,,,
AIA/PEZ,Unknown,0.8938,0.51802,624,,,,,,,,
GRMN/TDY,Scientific & Technical Instruments,0.9188,0.51803,624,,,,,,,,
ETV/MFM,Asset Management,0.8608,0.51804,624,,,,,,,,
ETV/MUC,Asset Management,0.8126,0.51805,624,,,,,,,,
AX/NWFL,Banks - Regional,0.814,0.51806,624,,,,,,,,
CSQ/ETB,Asset Management,0.9625,0.51807,624,,,,,,,,
FFIC/INBK,Banks - Regional,0.8509,0.51807,624,,,,,,,,
ETW/PTY,Asset Management,0.9582,0.51807,624,,,,,,,,
NIE/SPXX,Asset Management,0.9738,0.51811,624,,,,,,,,
FUND/TY,Asset Management,0.9453,0.51812,624,,,,,,,,
GLAD/MHF,Asset Management,0.8368,0.51812,624,,,,,,,,
ETW/MUA,Asset Management,0.8755,0.51812,624,,,,,,,,
MNSB/WAL,Banks - Regional,0.8373,0.51812,624,,,,,,,,
AIA/SOXX,Unknown,0.8149,0.51813,624,,,,,,,,
ETV/NMI,Asset Management,0.8621,0.51814,624,,,,,,,,
FRME/SBSI,Banks - Regional,0.9609,0.51814,624,,,,,,,,
GJS/PTH,Unknown,0.8651,0.51815,624,,,,,,,,
FIX/STN,Engineering & Construction,0.9177,0.51815,624,,,,,,,,
NFJ/NXN,Asset Management,0.8499,0.51816,624,,,,,,,,
ADX/JLS,Asset Management,0.883,0.51816,624,,,,,,,,
HIX/MSD,Asset Management,0.8859,0.51816,624,,,,,,,,
STBA/TFC,Banks - Regional,0.8325,0.51817,624,,,,,,,,
DNP/PCN,Asset Management,0.95,0.5182,624,,,,,,,,
BTZ/NVG,Asset Management,0.9626,0.51821,624,,,,,,,,
NIE/PCF,Asset Management,0.9675,0.51821,624,,,,,,,,
GF/MHN,Asset Management,0.8351,0.51823,624,,,,,,,,
PAI/PIM,Asset Management,0.9374,0.51823,624,,,,,,,,
IGR/NKX,Asset Management,0.8784,0.51824,624,,,,,,,,
ETV/PDT,Asset Management,0.959,0.51824,624,,,,,,,,
DHIL/FCT,Asset Management,0.8466,0.51826,624,,,,,,,,
EOD/VRTS,Asset Management,0.8243,0.51826,624,,,,,,,,
HIX/PIM,Asset Management,0.894,0.51826,624,,,,,,,,
ETJ/FOF,Asset Management,0.9742,0.51827,624,,,,,,,,
ASG/NIM,Asset Management,0.9091,0.51828,624,,,,,,,,
BLX/FBIZ,Banks - Regional,0.8451,0.5183,624,,,,,,,,
JOF/NIE,Asset Management,0.8567,0.51831,624,,,,,,,,
BFZ/HPF,Asset Management,0.8843,0.51831,624,,,,,,,,
ETJ/MCN,Asset Management,0.9374,0.51834,624,,,,,,,,
BME/NEA,Asset Management,0.9044,0.51834,624,,,,,,,,
ETW/EVT,Asset Management,0.9765,0.51836,624,,,,,,,,
AGD/IGA,Asset Management,0.9423,0.51836,624,,,,,,,,
NUW/SOR,Asset Management,0.8239,0.51838,624,,,,,,,,
CMA/HAFC,Banks - Regional,0.8111,0.5184,624,,,,,,,,
PHD/VGM,Asset Management,0.8071,0.5184,624,,,,,,,,
BN/EVN,Asset Management,0.8318,0.5184,624,,,,,,,,
FFIN/SFNC,Banks - Regional,0.803,0.51841,624,,,,,,,,
BKN/CGO,Asset Management,0.8656,0.51841,624,,,,,,,,
AWP/NMI,Asset Management,0.8516,0.51842,624,,,,,,,,
EME/STN,Engineering & Construction,0.9244,0.51844,624,,,,,,,,
ASGN/LDOS,Information Technology Services,0.8341,0.51844,624,,,,,,,,
AOD/MCI,Asset Management,0.8944,0.51847,624,,,,,,,,
AWF/NAD,Asset Management,0.8846,0.51847,624,,,,,,,,
FCT/NAD,Asset Management,0.8513,0.51851,624,,,,,,,,
ARCC/ETW,Asset Management,0.9143,0.51851,624,,,,,,,,
BKT/HPF,Asset Management,0.8534,0.51851,624,,,,,,,,
AWP/PMO,Asset Management,0.908,0.51851,624,,,,,,,,
CIF/CSQ,Asset Management,0.8713,0.51852,624,,,,,,,,
ASG/MHF,Asset Management,0.8961,0.51852,624,,,,,,,,
FYX/PFF,Unknown,0.9365,0.51853,624,,,,,,,,
GEOS/NOV,Oil & Gas Equipment & Services,0.802,0.51854,624,,,,,,,,
HTD/PCN,Asset Management,0.9625,0.51854,624,,,,,,,,
BXMX/NXC,Asset Management,0.8579,0.51855,624,,,,,,,,
TFII/XPO,Trucking,0.8728,0.51856,624,,,,,,,,
CHW/IFN,Asset Management,0.8868,0.51857,624,,,,,,,,
AX/FUNC,Banks - Regional,0.9199,0.51857,624,,,,,,,,
FMY/GDV,Asset Management,0.9076,0.51858,624,,,,,,,,
GOF/PFG,Asset Management,0.9269,0.51859,624,,,,,,,,
EOD/IGA,Asset Management,0.9566,0.51859,624,,,,,,,,
TFSL/THFF,Banks - Regional,0.8273,0.51859,624,,,,,,,,
BANR/BOH,Banks - Regional,0.9139,0.5186,624,,,,,,,,
FCBC/PKBK,Banks - Regional,0.9263,0.51861,624,,,,,,,,
GF/NRK,Asset Management,0.8426,0.51861,624,,,,,,,,
MGF/PZC,Asset Management,0.8244,0.51861,624,,,,,,,,
FNWD/SSBI,Banks - Regional,0.8066,0.51862,624,,,,,,,,
JOF/NXC,Asset Management,0.8535,0.51862,624,,,,,,,,
MYD/TROW,Asset Management,0.8281,0.51862,624,,,,,,,,
FYX/QABA,Unknown,0.9194,0.51862,624,,,,,,,,
AIZ/WRB,Insurance - Property & Casualty,0.9561,0.51864,624,,,,,,,,
PCM/VBF,Asset Management,0.9364,0.51864,624,,,,,,,,
IMCV/USIG,Unknown,0.857,0.51865,624,,,,,,,,
ECL/FUL,Specialty Chemicals,0.8459,0.51865,624,,,,,,,,
EFSC/KEY,Banks - Regional,0.9193,0.51866,624,,,,,,,,
AX/BANR,Banks - Regional,0.9183,0.51866,624,,,,,,,,
FCT/VPV,Asset Management,0.847,0.51868,624,,,,,,,,
EHI/RNP,Asset Management,0.9468,0.51868,624,,,,,,,,
ISBA/TSBK,Banks - Regional,0.8416,0.5187,624,,,,,,,,
BOKF/CBSH,Banks - Regional,0.9123,0.51872,624,,,,,,,,
LIN/ODC,Specialty Chemicals,0.8372,0.51872,624,,,,,,,,
ASB/BPOP,Banks - Regional,0.8208,0.51872,624,,,,,,,,
BCML/PFIS,Banks - Regional,0.8635,0.51874,624,,,,,,,,
CGO/VLT,Asset Management,0.9585,0.51874,624,,,,,,,,
FNX/PFI,Unknown,0.9839,0.51875,624,,,,,,,,
AIR/LHX,Aerospace & Defense,0.8076,0.51876,624,,,,,,,,
DTE/PNW,Utilities - Regulated Electric,0.944,0.51876,624,,,,,,,,
ROP/SPNS,Software - Application,0.9508,0.51877,624,,,,,,,,
CBAN/NWBI,Banks - Regional,0.9208,0.5188,624,,,,,,,,
FCT/VCV,Asset Management,0.8226,0.51881,624,,,,,,,,
LKFN/RNST,Banks - Regional,0.8111,0.51881,624,,,,,,,,
BOH/HDB,Banks - Regional,0.8668,0.51882,624,,,,,,,,
EOT/NTRS,Asset Management,0.8896,0.51882,624,,,,,,,,
AMP/IFN,Asset Management,0.9408,0.51884,624,,,,,,,,
CII/STT,Asset Management,0.8286,0.51885,624,,,,,,,,
GCV/UTF,Asset Management,0.9404,0.51886,624,,,,,,,,
NKE/RCKY,Footwear & Accessories,0.8762,0.51886,624,,,,,,,,
HYT/UTF,Asset Management,0.9801,0.51888,624,,,,,,,,
ARCC/HPS,Asset Management,0.9165,0.51888,624,,,,,,,,
ETV/PMO,Asset Management,0.9205,0.51888,624,,,,,,,,
FHN/HWC,Banks - Regional,0.8918,0.5189,624,,,,,,,,
QCRH/ZIONP,Banks - Regional,0.903,0.51891,624,,,,,,,,
CFFI/GBCI,Banks - Regional,0.8348,0.51891,624,,,,,,,,
CSQ/JFR,Asset Management,0.9426,0.51892,624,,,,,,,,
FYX/GRID,Unknown,0.9523,0.51892,624,,,,,,,,
ACNB/NECB,Banks - Regional,0.8714,0.51894,624,,,,,,,,
AWF/NRK,Asset Management,0.8754,0.51894,624,,,,,,,,
RVT/SWKH,Asset Management,0.835,0.51894,624,,,,,,,,
ACWX/IUSG,Unknown,0.9562,0.51895,624,,,,,,,,
MA/SLM,Credit Services,0.8912,0.51897,624,,,,,,,,
CWBC/INBK,Banks - Regional,0.8019,0.51898,624,,,,,,,,
SCZ/VCSH,Unknown,0.9416,0.51898,624,,,,,,,,
EEFT/WEX,Software - Infrastructure,0.9027,0.51898,624,,,,,,,,
CASH/THFF,Banks - Regional,0.8804,0.51898,624,,,,,,,,
GRX/MPV,Asset Management,0.8421,0.51898,624,,,,,,,,
HTGC/JMM,Asset Management,0.8204,0.51899,624,,,,,,,,
OIA/SEIC,Asset Management,0.9068,0.51901,624,,,,,,,,
MAIN/TY,Asset Management,0.9449,0.51906,624,,,,,,,,
NDAQ/VALU,Financial Data & Stock Exchanges,0.8867,0.51906,624,,,,,,,,
AIT/MSM,Industrial Distribution,0.8379,0.51906,624,,,,,,,,
AKAM/PRGS,Software - Infrastructure,0.801,0.51906,624,,,,,,,,
TDG/TXT,Aerospace & Defense,0.8524,0.51907,624,,,,,,,,
BN/DHIL,Asset Management,0.8186,0.51907,624,,,,,,,,
INBK/TFC,Banks - Regional,0.8535,0.51907,624,,,,,,,,
ACWI/PTH,Unknown,0.9121,0.51907,624,,,,,,,,
ACNB/SRCE,Banks - Regional,0.9611,0.51908,624,,,,,,,,
IIM/PPT,Asset Management,0.8571,0.51908,624,,,,,,,,
ALRS/FNLC,Banks - Regional,0.8888,0.51909,624,,,,,,,,
EOS/FMY,Asset Management,0.9328,0.5191,624,,,,,,,,
HDB/MTB,Banks - Regional,0.845,0.51912,624,,,,,,,,
EVT/SWKH,Asset Management,0.8369,0.51912,624,,,,,,,,
BME/BTA,Asset Management,0.9324,0.51913,624,,,,,,,,
LAMR/SBAC,REIT - Specialty,0.8224,0.51913,624,,,,,,,,
HTBK/NWBI,Banks - Regional,0.9443,0.51914,624,,,,,,,,
NCA/PTY,Asset Management,0.8631,0.51914,624,,,,,,,,
FXNC/GABC,Banks - Regional,0.8818,0.51915,624,,,,,,,,
EOI/EVT,Asset Management,0.9755,0.51916,624,,,,,,,,
HPI/STT,Asset Management,0.8197,0.51918,624,,,,,,,,
FT/PHK,Asset Management,0.8425,0.51918,624,,,,,,,,
ACNB/OBT,Banks - Regional,0.8981,0.51919,624,,,,,,,,
CHCO/HDB,Banks - Regional,0.8834,0.5192,624,,,,,,,,
EWBC/GBCI,Banks - Regional,0.9176,0.5192,624,,,,,,,,
JLS/NCA,Asset Management,0.8902,0.51921,624,,,,,,,,
JMM/SAR,Asset Management,0.8905,0.51921,624,,,,,,,,
BTZ/ETV,Asset Management,0.9614,0.51923,624,,,,,,,,
FHN/FUNC,Banks - Regional,0.8068,0.51923,624,,,,,,,,
HDB/RF,Banks - Regional,0.9097,0.51928,624,,,,,,,,
ETV/MQT,Asset Management,0.8744,0.51928,624,,,,,,,,
GF/IIM,Asset Management,0.8405,0.51929,624,,,,,,,,
NAZ/PZC,Asset Management,0.8867,0.5193,624,,,,,,,,
ETW/MCR,Asset Management,0.9506,0.51931,624,,,,,,,,
ALRS/ZIONP,Banks - Regional,0.8688,0.51931,624,,,,,,,,
FMBH/PFIS,Banks - Regional,0.8587,0.51933,624,,,,,,,,
BFC/CZFS,Banks - Regional,0.8646,0.51934,624,,,,,,,,
CIF/MGF,Asset Management,0.883,0.51934,624,,,,,,,,
AWP/FT,Asset Management,0.9255,0.51935,624,,,,,,,,
CATY/FFIN,Banks - Regional,0.8885,0.51936,624,,,,,,,,
PKBK/TFSL,Banks - Regional,0.8809,0.51936,624,,,,,,,,
ED/WEC,Utilities - Regulated Electric,0.9521,0.51939,624,,,,,,,,
IEI/PSL,Unknown,0.8336,0.5194,624,,,,,,,,
FUND/IGR,Asset Management,0.8844,0.51941,624,,,,,,,,
HBCP/HOMB,Banks - Regional,0.9292,0.51941,624,,,,,,,,
JPC/WIW,Asset Management,0.8668,0.51942,624,,,,,,,,
MPV/TY,Asset Management,0.918,0.51943,624,,,,,,,,
BME/NZF,Asset Management,0.9116,0.51943,624,,,,,,,,
MNSB/ZION,Banks - Regional,0.8746,0.51944,624,,,,,,,,
DHIL/RVT,Asset Management,0.8613,0.51945,624,,,,,,,,
BX/GRX,Asset Management,0.8478,0.51945,624,,,,,,,,
HPI/QQQX,Asset Management,0.9448,0.51946,624,,,,,,,,
CSWC/PNNT,Asset Management,0.9348,0.51947,624,,,,,,,,
GGG/RRX,Specialty Industrial Machinery,0.9333,0.51951,624,,,,,,,,
HTD/RJF,Asset Management,0.9059,0.51951,624,,,,,,,,
AVAV/LHX,Aerospace & Defense,0.8409,0.51952,624,,,,,,,,
SPXX/USA,Asset Management,0.9786,0.51952,624,,,,,,,,
SBCF/WAFD,Banks - Regional,0.9429,0.51952,624,,,,,,,,
NQP/PNI,Asset Management,0.8032,0.51953,624,,,,,,,,
ADX/WIA,Asset Management,0.8613,0.51953,624,,,,,,,,
CBAN/FDBC,Banks - Regional,0.8957,0.51954,624,,,,,,,,
IUSV/PTF,Unknown,0.9589,0.51955,624,,,,,,,,
MPA/RNP,Asset Management,0.901,0.51957,624,,,,,,,,
ASG/MQY,Asset Management,0.8738,0.51957,624,,,,,,,,
AWF/BME,Asset Management,0.9307,0.51959,624,,,,,,,,
CPT/EQR,REIT - Residential,0.9509,0.51959,624,,,,,,,,
JHS/TROW,Asset Management,0.9175,0.51959,624,,,,,,,,
ARCC/WEA,Asset Management,0.8584,0.51959,624,,,,,,,,
BANR/FITB,Banks - Regional,0.9144,0.51959,624,,,,,,,,
BFZ/NVG,Asset Management,0.9049,0.5196,624,,,,,,,,
CNOB/TCBI,Banks - Regional,0.8092,0.5196,624,,,,,,,,
RMT/SPXX,Asset Management,0.9768,0.51963,624,,,,,,,,
ACNB/HFWA,Banks - Regional,0.848,0.51965,624,,,,,,,,
PRFZ/SCZ,Unknown,0.9553,0.51965,624,,,,,,,,
PFD/VTN,Asset Management,0.9076,0.51966,624,,,,,,,,
BFZ/CIF,Asset Management,0.8553,0.51966,624,,,,,,,,
BLK/BXMX,Asset Management,0.969,0.51966,624,,,,,,,,
RNP/SBI,Asset Management,0.8599,0.51967,624,,,,,,,,
HIX/NFJ,Asset Management,0.933,0.51968,624,,,,,,,,
FEX/FYX,Unknown,0.9884,0.51968,624,,,,,,,,
HPS/LGI,Asset Management,0.9453,0.51969,624,,,,,,,,
AWP/NAN,Asset Management,0.8919,0.5197,624,,,,,,,,
AWK/HTO,Utilities - Regulated Water,0.9411,0.5197,624,,,,,,,,
HYT/MQT,Asset Management,0.8652,0.5197,624,,,,,,,,
CGO/NAC,Asset Management,0.8223,0.51971,624,,,,,,,,
EXG/WIW,Asset Management,0.9054,0.51971,624,,,,,,,,
GJH/PRFZ,Unknown,0.9576,0.51971,624,,,,,,,,
CMA/FRST,Banks - Regional,0.8884,0.51973,624,,,,,,,,
HYT/NMT,Asset Management,0.8167,0.51973,624,,,,,,,,
BME/GUT,Asset Management,0.8331,0.51973,624,,,,,,,,
APD/IOSP,Specialty Chemicals,0.935,0.51973,624,,,,,,,,
GDV/MAIN,Asset Management,0.9606,0.51974,624,,,,,,,,
EEA/IIM,Asset Management,0.8053,0.51974,624,,,,,,,,
BKN/RQI,Asset Management,0.871,0.51975,624,,,,,,,,
HIX/MAIN,Asset Management,0.8366,0.51976,624,,,,,,,,
BGY/CSQ,Asset Management,0.9672,0.51976,624,,,,,,,,
EEA/PPT,Asset Management,0.8862,0.51977,624,,,,,,,,
ASML/FORM,Semiconductor Equipment & Materials,0.9377,0.51978,624,,,,,,,,
BOE/PMM,Asset Management,0.8403,0.51978,624,,,,,,,,
CARE/PEBO,Banks - Regional,0.8371,0.51979,624,,,,,,,,
BN/NCA,Asset Management,0.8079,0.5198,624,,,,,,,,
NIM/SOR,Asset Management,0.8662,0.5198,624,,,,,,,,
BLW/CGO,Asset Management,0.9519,0.51983,624,,,,,,,,
CBAN/ISBA,Banks - Regional,0.8257,0.51983,624,,,,,,,,
RMT/TSI,Asset Management,0.9334,0.51984,624,,,,,,,,
MQT/MSD,Asset Management,0.8509,0.51984,624,,,,,,,,
PML/VMO,Asset Management,0.926,0.51984,624,,,,,,,,
IGR/VGM,Asset Management,0.8766,0.51986,624,,,,,,,,
DTE/PPL,Utilities - Regulated Electric,0.9053,0.51986,624,,,,,,,,
FMN/HPS,Asset Management,0.8772,0.51987,624,,,,,,,,
SHV/VCSH,Unknown,0.8478,0.51989,624,,,,,,,,
GOVI/IGIB,Unknown,0.8538,0.5199,624,,,,,,,,
HPS/TY,Asset Management,0.9796,0.51991,624,,,,,,,,
HTBK/KEY,Banks - Regional,0.8941,0.51992,624,,,,,,,,
NNY/TROW,Asset Management,0.8461,0.51992,624,,,,,,,,
CMU/HIX,Asset Management,0.8517,0.51992,624,,,,,,,,
CNP/ED,Utilities - Regulated Electric,0.9468,0.51992,624,,,,,,,,
FICO/MANH,Software - Application,0.9054,0.51992,624,,,,,,,,
CXT/ROK,Specialty Industrial Machinery,0.8717,0.51992,624,,,,,,,,
MCI/RCS,Asset Management,0.8386,0.51995,624,,,,,,,,
IEF/JSM,Unknown,0.8101,0.51995,624,,,,,,,,
CHI/GLAD,Asset Management,0.9378,0.51996,624,,,,,,,,
BOKF/CBU,Banks - Regional,0.8659,0.51996,624,,,,,,,,
EXG/NXN,Asset Management,0.8697,0.51997,624,,,,,,,,
GDL/NZF,Asset Management,0.8788,0.51998,624,,,,,,,,
LCNB/TFSL,Banks - Regional,0.8071,0.51998,624,,,,,,,,
SLMBP/V,Credit Services,0.8402,0.51999,624,,,,,,,,
IIM/VLT,Asset Management,0.8865,0.52001,624,,,,,,,,
BME/DHF,Asset Management,0.9027,0.52002,624,,,,,,,,
EMD/TY,Asset Management,0.8487,0.52002,624,,,,,,,,
DSU/PNNT,Asset Management,0.924,0.52002,624,,,,,,,,
ADX/ETY,Asset Management,0.9922,0.52003,624,,,,,,,,
ETV/MQY,Asset Management,0.8679,0.52007,624,,,,,,,,
WAL/WSBC,Banks - Regional,0.8335,0.52007,624,,,,,,,,
ETV/GDO,Asset Management,0.9366,0.52008,624,,,,,,,,
AWF/MPA,Asset Management,0.8791,0.52008,624,,,,,,,,
CZWI/MNSB,Banks - Regional,0.8487,0.52008,624,,,,,,,,
AWF/MYD,Asset Management,0.8245,0.52009,624,,,,,,,,
JOF/RMT,Asset Management,0.8671,0.52011,624,,,,,,,,
BRKL/GSBC,Banks - Regional,0.8658,0.52011,624,,,,,,,,
BLK/STEW,Asset Management,0.9758,0.52011,624,,,,,,,,
JMM/RMT,Asset Management,0.9144,0.52013,624,,,,,,,,
AOD/MIN,Asset Management,0.8768,0.52013,624,,,,,,,,
AFB/CIF,Asset Management,0.9278,0.52013,624,,,,,,,,
DTF/MHI,Asset Management,0.9284,0.52014,624,,,,,,,,
AX/FMBH,Banks - Regional,0.8829,0.52015,624,,,,,,,,
CIF/HPS,Asset Management,0.9302,0.52015,624,,,,,,,,
CVCO/GRBK,Residential Construction,0.8093,0.52015,624,,,,,,,,
IGIB/IGSB,Unknown,0.9735,0.52015,624,,,,,,,,
AWF/PHK,Asset Management,0.8755,0.52016,624,,,,,,,,
CNS/GDL,Asset Management,0.9006,0.52017,624,,,,,,,,
INDB/TFSL,Banks - Regional,0.8723,0.52018,624,,,,,,,,
JMM/MPV,Asset Management,0.8655,0.52018,624,,,,,,,,
ABCB/BRKL,Banks - Regional,0.8662,0.52019,624,,,,,,,,
ATR/AZTA,Medical Instruments & Supplies,0.8155,0.52019,624,,,,,,,,
ON/VSH,Semiconductors,0.8239,0.5202,624,,,,,,,,
HRB/SCI,Personal Services,0.8266,0.52021,624,,,,,,,,
PFBC/TFSL,Banks - Regional,0.8403,0.52022,624,,,,,,,,
BLW/VGM,Asset Management,0.8544,0.52026,624,,,,,,,,
CNS/GAIN,Asset Management,0.9515,0.52026,624,,,,,,,,
NWBI/WSBF,Banks - Regional,0.8936,0.52027,624,,,,,,,,
FCT/NRK,Asset Management,0.8335,0.52028,624,,,,,,,,
AB/IGR,Asset Management,0.9139,0.52028,624,,,,,,,,
MBWM/SBCF,Banks - Regional,0.8756,0.52028,624,,,,,,,,
AAXJ/QQXT,Unknown,0.8689,0.52028,624,,,,,,,,
GDO/MCN,Asset Management,0.8331,0.52029,624,,,,,,,,
SNV/TFC,Banks - Regional,0.9112,0.52029,624,,,,,,,,
AWP/VGM,Asset Management,0.8887,0.52029,624,,,,,,,,
IIF/MAIN,Asset Management,0.9392,0.5203,624,,,,,,,,
EMN/SXT,Specialty Chemicals,0.9011,0.5203,624,,,,,,,,
AEP/D,Utilities - Regulated Electric,0.8105,0.5203,624,,,,,,,,
HFBL/SFBC,Banks - Regional,0.8801,0.52031,624,,,,,,,,
AUB/BPOP,Banks - Regional,0.8423,0.52031,624,,,,,,,,
FRA/HIO,Asset Management,0.9199,0.52032,624,,,,,,,,
AROW/OSBC,Banks - Regional,0.8899,0.52032,624,,,,,,,,
GSBC/SBCF,Banks - Regional,0.946,0.52033,624,,,,,,,,
MLM/USLM,Building Materials,0.8328,0.52034,624,,,,,,,,
JHI/MCN,Asset Management,0.8649,0.52035,624,,,,,,,,
BLW/VCV,Asset Management,0.8615,0.52038,624,,,,,,,,
GD/LHX,Aerospace & Defense,0.9098,0.52039,624,,,,,,,,
BANF/WAL,Banks - Regional,0.8237,0.5204,624,,,,,,,,
CGO/FT,Asset Management,0.9426,0.5204,624,,,,,,,,
HIFS/PEBO,Banks - Regional,0.8792,0.52042,624,,,,,,,,
AME/CMI,Specialty Industrial Machinery,0.972,0.52042,624,,,,,,,,
DSU/PIM,Asset Management,0.8823,0.52044,624,,,,,,,,
BGY/BTZ,Asset Management,0.889,0.52044,624,,,,,,,,
JOF/PPT,Asset Management,0.9374,0.52045,624,,,,,,,,
HTGC/MIN,Asset Management,0.8219,0.52045,624,,,,,,,,
EXG/FUND,Asset Management,0.9705,0.52047,624,,,,,,,,
MHD/PPT,Asset Management,0.8216,0.52047,624,,,,,,,,
CARE/PPBI,Banks - Regional,0.8069,0.52048,624,,,,,,,,
FISI/INBK,Banks - Regional,0.8741,0.52048,624,,,,,,,,
IEUS/PSL,Unknown,0.9474,0.52048,624,,,,,,,,
PTY/RQI,Asset Management,0.9545,0.52048,624,,,,,,,,
IMCV/VCIT,Unknown,0.8768,0.5205,624,,,,,,,,
EEA/NVG,Asset Management,0.8287,0.52051,624,,,,,,,,
KTH/QABA,Unknown,0.8887,0.52051,624,,,,,,,,
ARCC/JLS,Asset Management,0.8434,0.52051,624,,,,,,,,
BFC/FRAF,Banks - Regional,0.9085,0.52053,624,,,,,,,,
IIF/NIE,Asset Management,0.9105,0.52053,624,,,,,,,,
CMA/HWC,Banks - Regional,0.8855,0.52056,624,,,,,,,,
FMY/RQI,Asset Management,0.9133,0.52056,624,,,,,,,,
SRCE/UMBF,Banks - Regional,0.9226,0.52057,624,,,,,,,,
ARCC/ETG,Asset Management,0.9716,0.52059,624,,,,,,,,
FTA/PKW,Unknown,0.9917,0.52062,624,,,,,,,,
DPZ/DRI,Restaurants,0.9234,0.52063,624,,,,,,,,
DOX/GEN,Software - Infrastructure,0.8894,0.52063,624,,,,,,,,
PAI/PPT,Asset Management,0.939,0.52063,624,,,,,,,,
BYM/MHI,Asset Management,0.896,0.52064,624,,,,,,,,
BDJ/BHK,Asset Management,0.8651,0.52065,624,,,,,,,,
FTC/PNQI,Unknown,0.9378,0.52065,624,,,,,,,,
CCBG/SYBT,Banks - Regional,0.9492,0.52065,624,,,,,,,,
MYN/WIW,Asset Management,0.8454,0.52067,624,,,,,,,,
CFR/WSBF,Banks - Regional,0.8791,0.52067,624,,,,,,,,
DHIL/TY,Asset Management,0.8732,0.52071,624,,,,,,,,
GLAD/JRS,Asset Management,0.8719,0.52071,624,,,,,,,,
EHI/GUT,Asset Management,0.8384,0.52073,624,,,,,,,,
AWP/MHF,Asset Management,0.9039,0.52074,624,,,,,,,,
RNP/USA,Asset Management,0.9791,0.52077,624,,,,,,,,
FBNC/TRMK,Banks - Regional,0.9483,0.52078,624,,,,,,,,
HPI/JCE,Asset Management,0.9227,0.52081,624,,,,,,,,
FHN/RNST,Banks - Regional,0.8068,0.52082,624,,,,,,,,
PRFZ/PSL,Unknown,0.9806,0.52083,624,,,,,,,,
ETV/WEA,Asset Management,0.9366,0.52084,624,,,,,,,,
ETJ/EVN,Asset Management,0.8348,0.52084,624,,,,,,,,
AWP/MUE,Asset Management,0.8763,0.52085,624,,,,,,,,
RMT/SOR,Asset Management,0.9752,0.52086,624,,,,,,,,
EMN/PPG,Specialty Chemicals,0.9232,0.52086,624,,,,,,,,
RGEN/STAA,Medical Instruments & Supplies,0.8757,0.52087,624,,,,,,,,
PIE/PKW,Unknown,0.8075,0.52087,624,,,,,,,,
GAB/NXN,Asset Management,0.8334,0.52088,624,,,,,,,,
BLK/FRA,Asset Management,0.9512,0.52089,624,,,,,,,,
CNOB/FBNC,Banks - Regional,0.9047,0.52089,624,,,,,,,,
FNX/IBB,Unknown,0.8659,0.52089,624,,,,,,,,
CASH/TRMK,Banks - Regional,0.8742,0.5209,624,,,,,,,,
BPOP/FITB,Banks - Regional,0.9577,0.5209,624,,,,,,,,
BTO/JHI,Asset Management,0.9024,0.52091,624,,,,,,,,
DSM/MHI,Asset Management,0.9122,0.52091,624,,,,,,,,
NXC/USA,Asset Management,0.8257,0.52092,624,,,,,,,,
KEY/WTFC,Banks - Regional,0.8737,0.52092,624,,,,,,,,
ETY/RNP,Asset Management,0.9714,0.52093,624,,,,,,,,
EVF/RCS,Asset Management,0.8392,0.52093,624,,,,,,,,
GRX/MCN,Asset Management,0.9092,0.52094,624,,,,,,,,
FMAO/IBCP,Banks - Regional,0.8042,0.52094,624,,,,,,,,
SMH/VGSH,Unknown,0.8933,0.52094,624,,,,,,,,
MCR/RQI,Asset Management,0.9563,0.52098,624,,,,,,,,
NUW/TY,Asset Management,0.8695,0.52098,624,,,,,,,,
AFG/DGICA,Insurance - Property & Casualty,0.8834,0.521,624,,,,,,,,
CHI/SOR,Asset Management,0.957,0.521,624,,,,,,,,
BFIN/MOFG,Banks - Regional,0.8223,0.52101,624,,,,,,,,
RCS/SBI,Asset Management,0.8134,0.52103,624,,,,,,,,
WSBF/WTFC,Banks - Regional,0.8111,0.52103,624,,,,,,,,
CSWC/EVF,Asset Management,0.9721,0.52103,624,,,,,,,,
ETW/NXC,Asset Management,0.8908,0.52104,624,,,,,,,,
CXE/GF,Asset Management,0.8457,0.52104,624,,,,,,,,
MIN/MUJ,Asset Management,0.9261,0.52104,624,,,,,,,,
CASH/MBCN,Banks - Regional,0.9081,0.52107,624,,,,,,,,
FCAP/FDBC,Banks - Regional,0.8356,0.52109,624,,,,,,,,
FIX/J,Engineering & Construction,0.8074,0.52109,624,,,,,,,,
CHY/JMM,Asset Management,0.9093,0.52111,624,,,,,,,,
AEP/NGG,Utilities - Regulated Electric,0.9003,0.52111,624,,,,,,,,
HPS/WEA,Asset Management,0.9589,0.52113,624,,,,,,,,
CENT/JBSS,Packaged Foods,0.9024,0.52114,624,,,,,,,,
FMN/WIA,Asset Management,0.8374,0.52114,624,,,,,,,,
MMT/UTF,Asset Management,0.9688,0.52118,624,,,,,,,,
FMN/RFI,Asset Management,0.8364,0.52118,624,,,,,,,,
EFT/IAE,Asset Management,0.8716,0.52121,624,,,,,,,,
NRK/PFD,Asset Management,0.9607,0.52122,624,,,,,,,,
IBN/PFBC,Banks - Regional,0.87,0.52124,624,,,,,,,,
MGF/MSD,Asset Management,0.8402,0.52124,624,,,,,,,,
PCN/PMX,Asset Management,0.8051,0.52125,624,,,,,,,,
IMCV/IUSV,Unknown,0.9893,0.52125,624,,,,,,,,
SEIC/VVR,Asset Management,0.8513,0.52127,624,,,,,,,,
HTD/IFN,Asset Management,0.8957,0.52128,624,,,,,,,,
ABCB/AX,Banks - Regional,0.9379,0.52128,624,,,,,,,,
AWP/MYN,Asset Management,0.8702,0.52129,624,,,,,,,,
AB/QQQX,Asset Management,0.9468,0.5213,624,,,,,,,,
JEQ/PMM,Asset Management,0.9126,0.5213,624,,,,,,,,
GAB/GDO,Asset Management,0.8845,0.52131,624,,,,,,,,
BLW/MQT,Asset Management,0.8548,0.52131,624,,,,,,,,
FMAO/UVSP,Banks - Regional,0.8481,0.52131,624,,,,,,,,
BTO/OIA,Asset Management,0.9099,0.52133,624,,,,,,,,
ADP/PAR,Software - Application,0.8621,0.52133,624,,,,,,,,
ETJ/HPF,Asset Management,0.9185,0.52133,624,,,,,,,,
GAM/JHI,Asset Management,0.8794,0.52133,624,,,,,,,,
HXL/TXT,Aerospace & Defense,0.8351,0.52134,624,,,,,,,,
BLK/PFL,Asset Management,0.9463,0.52134,624,,,,,,,,
EIG/FNF,Insurance - Specialty,0.9409,0.52136,624,,,,,,,,
DNP/NIM,Asset Management,0.893,0.52136,624,,,,,,,,
JQC/PFG,Asset Management,0.912,0.52139,624,,,,,,,,
EOI/OIA,Asset Management,0.8517,0.52139,624,,,,,,,,
HDB/WSBC,Banks - Regional,0.8016,0.52139,624,,,,,,,,
GDV/HPS,Asset Management,0.9684,0.52139,624,,,,,,,,
BXC/FAST,Industrial Distribution,0.8545,0.52139,624,,,,,,,,
HFBL/UBSI,Banks - Regional,0.8411,0.5214,624,,,,,,,,
FXNC/HWC,Banks - Regional,0.8402,0.52141,624,,,,,,,,
FMN/HQL,Asset Management,0.8757,0.52143,624,,,,,,,,
ACNB/CAC,Banks - Regional,0.9007,0.52144,624,,,,,,,,
FDBC/FMBH,Banks - Regional,0.8729,0.52146,624,,,,,,,,
BXMX/PFO,Asset Management,0.8696,0.52147,624,,,,,,,,
IGR/MYN,Asset Management,0.8641,0.52147,624,,,,,,,,
EEA/JHI,Asset Management,0.9047,0.52147,624,,,,,,,,
CHY/SCD,Asset Management,0.9206,0.52149,624,,,,,,,,
EOI/SPE,Asset Management,0.9866,0.52149,624,,,,,,,,
BGY/PFN,Asset Management,0.9014,0.52149,624,,,,,,,,
EOT/EXG,Asset Management,0.8134,0.52149,624,,,,,,,,
PIE/PRFZ,Unknown,0.8358,0.5215,624,,,,,,,,
MFM/PIM,Asset Management,0.8825,0.52151,624,,,,,,,,
FT/FUND,Asset Management,0.9593,0.52152,624,,,,,,,,
BOKF/THFF,Banks - Regional,0.9373,0.52152,624,,,,,,,,
QTEC/VCSH,Unknown,0.9404,0.52153,624,,,,,,,,
QCLN/QQEW,Unknown,0.8089,0.52155,624,,,,,,,,
ADC/GTY,REIT - Retail,0.9623,0.52155,624,,,,,,,,
AOD/GDL,Asset Management,0.9259,0.52156,624,,,,,,,,
IFN/PPT,Asset Management,0.8511,0.52156,624,,,,,,,,
MHN/WIA,Asset Management,0.8472,0.52157,624,,,,,,,,
BPOP/UNTY,Banks - Regional,0.9438,0.52157,624,,,,,,,,
FITB/ZIONP,Banks - Regional,0.8767,0.52158,624,,,,,,,,
MGA/THRM,Auto Parts,0.9314,0.52159,624,,,,,,,,
BOKF/GSBC,Banks - Regional,0.9351,0.5216,624,,,,,,,,
FLC/MSD,Asset Management,0.8999,0.5216,624,,,,,,,,
GTY/NNN,REIT - Retail,0.8877,0.52162,624,,,,,,,,
IFN/PIM,Asset Management,0.855,0.52162,624,,,,,,,,
CHN/WEA,Asset Management,0.8054,0.52163,624,,,,,,,,
BGY/MSD,Asset Management,0.8395,0.52166,624,,,,,,,,
HPF/NPV,Asset Management,0.8383,0.52166,624,,,,,,,,
AWF/PNNT,Asset Management,0.8794,0.52167,624,,,,,,,,
ARCC/DNP,Asset Management,0.9051,0.52167,624,,,,,,,,
FTCS/PUI,Unknown,0.9737,0.52168,624,,,,,,,,
EWBC/TFC,Banks - Regional,0.8748,0.52168,624,,,,,,,,
CMU/HQL,Asset Management,0.8459,0.52168,624,,,,,,,,
AX/FDBC,Banks - Regional,0.8047,0.52168,624,,,,,,,,
OVBC/TOWN,Banks - Regional,0.8011,0.5217,624,,,,,,,,
AWP/IAE,Asset Management,0.836,0.52171,624,,,,,,,,
PNC/TOWN,Banks - Regional,0.9406,0.52172,624,,,,,,,,
ADX/CSQ,Asset Management,0.9924,0.52174,624,,,,,,,,
ETO/NUW,Asset Management,0.8411,0.52174,624,,,,,,,,
HFWA/VLY,Banks - Regional,0.8061,0.52174,624,,,,,,,,
DSGX/PTC,Software - Application,0.9687,0.52175,624,,,,,,,,
FORTY/HCKT,Information Technology Services,0.8317,0.52175,624,,,,,,,,
BMI/ESE,Scientific & Technical Instruments,0.9277,0.52175,624,,,,,,,,
FMBH/THFF,Banks - Regional,0.9392,0.52176,624,,,,,,,,
DSU/JRS,Asset Management,0.8947,0.52176,624,,,,,,,,
OPBK/RBCAA,Banks - Regional,0.912,0.52177,624,,,,,,,,
JRS/NAZ,Asset Management,0.8644,0.52177,624,,,,,,,,
FITB/WAFD,Banks - Regional,0.9,0.52177,624,,,,,,,,
BGY/EOI,Asset Management,0.9635,0.52178,624,,,,,,,,
FCT/JOF,Asset Management,0.8443,0.52178,624,,,,,,,,
IGSB/SHV,Unknown,0.8925,0.52178,624,,,,,,,,
MQY/WIW,Asset Management,0.8553,0.52179,624,,,,,,,,
MRVL/TXN,Semiconductors,0.9032,0.52179,624,,,,,,,,
EVF/SEIC,Asset Management,0.8637,0.5218,624,,,,,,,,
BCML/OSBC,Banks - Regional,0.9447,0.52181,624,,,,,,,,
HDB/UVSP,Banks - Regional,0.8497,0.52182,624,,,,,,,,
RNST/TFC,Banks - Regional,0.8848,0.52184,624,,,,,,,,
ADC/NNN,REIT - Retail,0.9365,0.52184,624,,,,,,,,
GDL/PFO,Asset Management,0.891,0.52184,624,,,,,,,,
CINF/ORI,Insurance - Property & Casualty,0.9462,0.52185,624,,,,,,,,
DHF/MCI,Asset Management,0.8777,0.52186,624,,,,,,,,
CHI/CSWC,Asset Management,0.9545,0.5219,624,,,,,,,,
ACNB/FBIZ,Banks - Regional,0.9112,0.52192,624,,,,,,,,
BRKL/WAFD,Banks - Regional,0.8997,0.52192,624,,,,,,,,
IEUS/IGIB,Unknown,0.9175,0.52192,624,,,,,,,,
COP/TPL,Oil & Gas E&P,0.8148,0.52192,624,,,,,,,,
ETJ/NPV,Asset Management,0.8345,0.52192,624,,,,,,,,
HPI/RMT,Asset Management,0.9087,0.52193,624,,,,,,,,
ASG/PFG,Asset Management,0.8199,0.52193,624,,,,,,,,
AWP/MGF,Asset Management,0.8145,0.52194,624,,,,,,,,
MAS/SPXC,Building Products & Equipment,0.8775,0.52194,624,,,,,,,,
CII/RFI,Asset Management,0.9578,0.52198,624,,,,,,,,
FTC/IJT,Unknown,0.9786,0.52199,624,,,,,,,,
EVT/EXG,Asset Management,0.9916,0.522,624,,,,,,,,
BKH/CPK,Utilities - Regulated Gas,0.9148,0.522,624,,,,,,,,
HDB/TRMK,Banks - Regional,0.8608,0.52201,624,,,,,,,,
EFR/OCSL,Asset Management,0.8192,0.52201,624,,,,,,,,
GLAD/WIW,Asset Management,0.8425,0.52201,624,,,,,,,,
HFWA/PNFP,Banks - Regional,0.8157,0.52203,624,,,,,,,,
MSD/PPT,Asset Management,0.9126,0.52203,624,,,,,,,,
HDB/PB,Banks - Regional,0.8858,0.52205,624,,,,,,,,
JEQ/SPXX,Asset Management,0.9047,0.52206,624,,,,,,,,
FTCS/INDY,Unknown,0.957,0.52206,624,,,,,,,,
CHW/SOR,Asset Management,0.9261,0.52206,624,,,,,,,,
NRIM/SYBT,Banks - Regional,0.906,0.52206,624,,,,,,,,
FCF/IBN,Banks - Regional,0.8272,0.52206,624,,,,,,,,
BANF/PB,Banks - Regional,0.8723,0.52206,624,,,,,,,,
ONEQ/PFI,Unknown,0.9718,0.52206,624,,,,,,,,
CNS/IFN,Asset Management,0.9178,0.52206,624,,,,,,,,
BANF/NBN,Banks - Regional,0.9216,0.52207,624,,,,,,,,
CFR/SNV,Banks - Regional,0.9205,0.52207,624,,,,,,,,
CSQ/ETO,Asset Management,0.9842,0.52207,624,,,,,,,,
ETY/RMT,Asset Management,0.9723,0.52207,624,,,,,,,,
ABCB/FCF,Banks - Regional,0.9703,0.52208,624,,,,,,,,
MAIN/MSD,Asset Management,0.8894,0.5221,624,,,,,,,,
AB/JRS,Asset Management,0.899,0.5221,624,,,,,,,,
FOF/IGI,Asset Management,0.8509,0.5221,624,,,,,,,,
ONEQ/VCSH,Unknown,0.9414,0.52212,624,,,,,,,,
HIO/RQI,Asset Management,0.9544,0.52212,624,,,,,,,,
EFR/PHK,Asset Management,0.8206,0.52213,624,,,,,,,,
GAM/TY,Asset Management,0.9509,0.52213,624,,,,,,,,
AIV/UDR,REIT - Residential,0.9003,0.52214,624,,,,,,,,
EOI/FOF,Asset Management,0.9856,0.52214,624,,,,,,,,
AWF/VCV,Asset Management,0.8635,0.52214,624,,,,,,,,
KEY/RBCAA,Banks - Regional,0.8338,0.52216,624,,,,,,,,
GS/IBKR,Capital Markets,0.9548,0.52216,624,,,,,,,,
TSI/WIW,Asset Management,0.8724,0.52217,624,,,,,,,,
BOE/RNP,Asset Management,0.9657,0.52218,624,,,,,,,,
BFK/RQI,Asset Management,0.8071,0.52219,624,,,,,,,,
AWP/MYI,Asset Management,0.8856,0.52219,624,,,,,,,,
HDB/UMBF,Banks - Regional,0.8362,0.52221,624,,,,,,,,
TLT/USIG,Unknown,0.8133,0.52221,624,,,,,,,,
EMD/JQC,Asset Management,0.8846,0.52221,624,,,,,,,,
JQC/MYN,Asset Management,0.8063,0.52222,624,,,,,,,,
PNC/ZIONP,Banks - Regional,0.9005,0.52222,624,,,,,,,,
ETW/GAM,Asset Management,0.9345,0.52223,624,,,,,,,,
HIO/JFR,Asset Management,0.9328,0.52224,624,,,,,,,,
FTCS/PRFZ,Unknown,0.9833,0.52225,624,,,,,,,,
CXH/RQI,Asset Management,0.871,0.52225,624,,,,,,,,
SOR/VRTS,Asset Management,0.8001,0.52226,624,,,,,,,,
CSWC/ETV,Asset Management,0.94,0.52228,624,,,,,,,,
IIF/TY,Asset Management,0.8948,0.52229,624,,,,,,,,
BME/EFR,Asset Management,0.8993,0.52229,624,,,,,,,,
SCD/SOR,Asset Management,0.9658,0.52229,624,,,,,,,,
BXMX/CHW,Asset Management,0.9275,0.5223,624,,,,,,,,
CHW/JHS,Asset Management,0.9341,0.5223,624,,,,,,,,
FFA/VVR,Asset Management,0.961,0.52231,624,,,,,,,,
ABCB/NWFL,Banks - Regional,0.8626,0.52232,624,,,,,,,,
ADBE/OTEX,Software - Application,0.879,0.52232,624,,,,,,,,
CHW/MQT,Asset Management,0.8977,0.52233,624,,,,,,,,
MFM/TSI,Asset Management,0.8951,0.52235,624,,,,,,,,
GJR/IGF,Unknown,0.9375,0.52236,624,,,,,,,,
NPV/TSI,Asset Management,0.8078,0.52237,624,,,,,,,,
CNS/RJF,Asset Management,0.9276,0.52238,624,,,,,,,,
DVY/QQXT,Unknown,0.9744,0.52238,624,,,,,,,,
BGY/GRX,Asset Management,0.8877,0.52238,624,,,,,,,,
IGSB/PTF,Unknown,0.9486,0.52239,624,,,,,,,,
EOD/JEQ,Asset Management,0.8416,0.52239,624,,,,,,,,
PML/PPT,Asset Management,0.8299,0.5224,624,,,,,,,,
QQQ/QQXT,Unknown,0.9783,0.52241,624,,,,,,,,
ALL/HCI,Insurance - Property & Casualty,0.9167,0.52242,624,,,,,,,,
TY/WIA,Asset Management,0.8879,0.52242,624,,,,,,,,
CINF/THG,Insurance - Property & Casualty,0.9755,0.52243,624,,,,,,,,
PEZ/RTH,Unknown,0.9625,0.52243,624,,,,,,,,
EOD/ETJ,Asset Management,0.9404,0.52244,624,,,,,,,,
BTA/GUT,Asset Management,0.8437,0.52245,624,,,,,,,,
FMAO/FMBH,Banks - Regional,0.8817,0.52245,624,,,,,,,,
TDW/TTI,Oil & Gas Equipment & Services,0.8928,0.52245,624,,,,,,,,
HTGC/PIM,Asset Management,0.8087,0.52245,624,,,,,,,,
ETV/MHN,Asset Management,0.8131,0.52245,624,,,,,,,,
BLW/PSEC,Asset Management,0.8551,0.52245,624,,,,,,,,
FEX/PTH,Unknown,0.9083,0.52245,624,,,,,,,,
BCBP/CIVB,Banks - Regional,0.8737,0.52246,624,,,,,,,,
FT/SWKH,Asset Management,0.8297,0.52247,624,,,,,,,,
PNNT/RQI,Asset Management,0.8353,0.52247,624,,,,,,,,
FTCS/PFF,Unknown,0.9424,0.52249,624,,,,,,,,
ALV/GPC,Auto Parts,0.848,0.5225,624,,,,,,,,
IQI/TROW,Asset Management,0.8808,0.52251,624,,,,,,,,
GDV/MPV,Asset Management,0.9246,0.52252,624,,,,,,,,
FCT/PMM,Asset Management,0.8537,0.52253,624,,,,,,,,
NXJ/WIA,Asset Management,0.9176,0.52254,624,,,,,,,,
FAD/QTEC,Unknown,0.9879,0.52255,624,,,,,,,,
R/WLFC,Rental & Leasing Services,0.8182,0.52255,624,,,,,,,,
COO/PDEX,Medical Instruments & Supplies,0.8084,0.52255,624,,,,,,,,
ETW/NUW,Asset Management,0.8674,0.52255,624,,,,,,,,
HCI/PGR,Insurance - Property & Casualty,0.8886,0.52255,624,,,,,,,,
EOT/GDL,Asset Management,0.8497,0.52257,624,,,,,,,,
ETG/NXN,Asset Management,0.8679,0.52259,624,,,,,,,,
CASH/FRME,Banks - Regional,0.8559,0.52259,624,,,,,,,,
GDO/PCM,Asset Management,0.957,0.5226,624,,,,,,,,
EOD/MIN,Asset Management,0.8457,0.52261,624,,,,,,,,
ETY/OIA,Asset Management,0.8605,0.52261,624,,,,,,,,
EMD/EOS,Asset Management,0.8249,0.52264,624,,,,,,,,
FFC/NTRS,Asset Management,0.9241,0.52264,624,,,,,,,,
BBY/HZO,Specialty Retail,0.8396,0.52265,624,,,,,,,,
BCML/CWBC,Banks - Regional,0.9057,0.52267,624,,,,,,,,
AX/FBNC,Banks - Regional,0.9057,0.52267,624,,,,,,,,
BTO/DHF,Asset Management,0.9204,0.52269,624,,,,,,,,
JEQ/WIW,Asset Management,0.8711,0.52269,624,,,,,,,,
LAD/RUSHB,Auto & Truck Dealerships,0.8844,0.5227,624,,,,,,,,
SOXX/SWZ,Unknown,0.9272,0.5227,624,,,,,,,,
FT/NNY,Asset Management,0.8669,0.5227,624,,,,,,,,
GJH/PSL,Unknown,0.9748,0.5227,624,,,,,,,,
PNQI/QABA,Unknown,0.8383,0.52271,624,,,,,,,,
DNP/RJF,Asset Management,0.8795,0.52272,624,,,,,,,,
CHW/PMM,Asset Management,0.9328,0.52273,624,,,,,,,,
ALRS/ASB,Banks - Regional,0.8322,0.52274,624,,,,,,,,
FEX/PYZ,Unknown,0.9706,0.52275,624,,,,,,,,
ISRG/RGEN,Medical Instruments & Supplies,0.8209,0.52276,624,,,,,,,,
BGT/HQH,Asset Management,0.801,0.52276,624,,,,,,,,
EOD/HPF,Asset Management,0.8814,0.52276,624,,,,,,,,
BLW/JRS,Asset Management,0.927,0.52278,624,,,,,,,,
NKX/PCQ,Asset Management,0.8372,0.5228,624,,,,,,,,
ETV/MIN,Asset Management,0.9034,0.5228,624,,,,,,,,
AX/PGC,Banks - Regional,0.8158,0.52281,624,,,,,,,,
JPC/PCF,Asset Management,0.9452,0.52281,624,,,,,,,,
HPF/PSEC,Asset Management,0.824,0.52281,624,,,,,,,,
HYT/VMO,Asset Management,0.8482,0.52281,624,,,,,,,,
DVY/PTH,Unknown,0.8812,0.52282,624,,,,,,,,
BMY/SNY,Drug Manufacturers - General,0.8048,0.52283,624,,,,,,,,
DNP/RCS,Asset Management,0.8057,0.52285,624,,,,,,,,
IQI/MSD,Asset Management,0.8893,0.52285,624,,,,,,,,
DNP/NTRS,Asset Management,0.9001,0.52285,624,,,,,,,,
PHD/VPV,Asset Management,0.8415,0.52286,624,,,,,,,,
CIVB/FDBC,Banks - Regional,0.8883,0.52288,624,,,,,,,,
HYT/MQY,Asset Management,0.869,0.5229,624,,,,,,,,
OSBC/WSBF,Banks - Regional,0.8878,0.5229,624,,,,,,,,
DHF/HPI,Asset Management,0.9408,0.5229,624,,,,,,,,
EOD/GRX,Asset Management,0.8851,0.52292,624,,,,,,,,
CSQ/VLT,Asset Management,0.9614,0.52292,624,,,,,,,,
JLS/STEW,Asset Management,0.8972,0.52293,624,,,,,,,,
BUSE/HOMB,Banks - Regional,0.916,0.52293,624,,,,,,,,
CACI/EXLS,Information Technology Services,0.933,0.52296,624,,,,,,,,
ALRS/MBCN,Banks - Regional,0.8498,0.52296,624,,,,,,,,
HCI/RLI,Insurance - Property & Casualty,0.8665,0.52298,624,,,,,,,,
BLW/VMO,Asset Management,0.8408,0.52298,624,,,,,,,,
IEI/VGLT,Unknown,0.8974,0.523,624,,,,,,,,
AOD/FRA,Asset Management,0.9397,0.52301,624,,,,,,,,
ETV/PNNT,Asset Management,0.8318,0.52301,624,,,,,,,,
ASX/CRUS,Semiconductors,0.8593,0.52305,624,,,,,,,,
CHCO/PEBO,Banks - Regional,0.9185,0.52305,624,,,,,,,,
AOD/NZF,Asset Management,0.8446,0.52306,624,,,,,,,,
TDG/WWD,Aerospace & Defense,0.9619,0.52306,624,,,,,,,,
CGO/FMY,Asset Management,0.9092,0.52307,624,,,,,,,,
AFG/CNA,Insurance - Property & Casualty,0.9546,0.52307,624,,,,,,,,
IGD/JHI,Asset Management,0.8732,0.52307,624,,,,,,,,
GDL/PFD,Asset Management,0.8443,0.52308,624,,,,,,,,
EVT/HTD,Asset Management,0.9753,0.52308,624,,,,,,,,
GAIN/GRX,Asset Management,0.8978,0.52309,624,,,,,,,,
PFL/VPV,Asset Management,0.9135,0.5231,624,,,,,,,,
HTGC/SEIC,Asset Management,0.826,0.52311,624,,,,,,,,
FRST/GBCI,Banks - Regional,0.8166,0.52311,624,,,,,,,,
JEQ/MHN,Asset Management,0.8565,0.52311,624,,,,,,,,
CBU/PFBC,Banks - Regional,0.8838,0.52311,624,,,,,,,,
CMU/HQH,Asset Management,0.8114,0.52312,624,,,,,,,,
BCML/BOH,Banks - Regional,0.8625,0.52314,624,,,,,,,,
HAFC/RNST,Banks - Regional,0.8696,0.52314,624,,,,,,,,
BGY/FFA,Asset Management,0.9671,0.52314,624,,,,,,,,
GCV/HQH,Asset Management,0.8626,0.52317,624,,,,,,,,
JQC/NXP,Asset Management,0.8942,0.52317,624,,,,,,,,
ETV/ETW,Asset Management,0.9836,0.52318,624,,,,,,,,
CMA/GBCI,Banks - Regional,0.8841,0.52318,624,,,,,,,,
AWP/BKT,Asset Management,0.8425,0.52319,624,,,,,,,,
GIS/K,Packaged Foods,0.8501,0.52321,624,,,,,,,,
EMD/PHD,Asset Management,0.8799,0.52321,624,,,,,,,,
HAFC/LCNB,Banks - Regional,0.8228,0.52322,624,,,,,,,,
IEI/PFI,Unknown,0.8126,0.52323,624,,,,,,,,
EOT/ETW,Asset Management,0.8754,0.52323,624,,,,,,,,
JEQ/NQP,Asset Management,0.8979,0.52323,624,,,,,,,,
CAT/TEX,Farm & Heavy Construction Machinery,0.8266,0.52324,624,,,,,,,,
ALRS/RVSB,Banks - Regional,0.8211,0.52326,624,,,,,,,,
DOV/ROK,Specialty Industrial Machinery,0.9628,0.52327,624,,,,,,,,
AIA/IUSV,Unknown,0.8339,0.52329,624,,,,,,,,
ETY/NFJ,Asset Management,0.9658,0.52329,624,,,,,,,,
HTBK/LCNB,Banks - Regional,0.9036,0.52331,624,,,,,,,,
FTA/IMCV,Unknown,0.9977,0.52331,624,,,,,,,,
COLB/PEBO,Banks - Regional,0.8197,0.52332,624,,,,,,,,
INDY/PTH,Unknown,0.8571,0.52334,624,,,,,,,,
CIF/EXG,Asset Management,0.8963,0.52335,624,,,,,,,,
CM/WFC,Banks - Diversified,0.8001,0.52336,624,,,,,,,,
JQC/PMO,Asset Management,0.8546,0.52337,624,,,,,,,,
ALE/AVA,Utilities - Diversified,0.9599,0.52338,624,,,,,,,,
BN/MCI,Asset Management,0.9289,0.52338,624,,,,,,,,
CHW/NIM,Asset Management,0.9196,0.52339,624,,,,,,,,
BX/GAB,Asset Management,0.9183,0.5234,624,,,,,,,,
AWF/EVT,Asset Management,0.9648,0.5234,624,,,,,,,,
AB/PPT,Asset Management,0.8384,0.52341,624,,,,,,,,
GJS/IBB,Unknown,0.8589,0.52344,624,,,,,,,,
FDBC/ZIONP,Banks - Regional,0.8326,0.52344,624,,,,,,,,
FXNC/UMBF,Banks - Regional,0.8269,0.52346,624,,,,,,,,
CBU/UCB,Banks - Regional,0.9039,0.52346,624,,,,,,,,
AWF/CXH,Asset Management,0.8601,0.52348,624,,,,,,,,
ETJ/MPA,Asset Management,0.8552,0.52348,624,,,,,,,,
DHIL/HQL,Asset Management,0.8865,0.52349,624,,,,,,,,
CCNE/HOMB,Banks - Regional,0.8496,0.52349,624,,,,,,,,
FFC/HPS,Asset Management,0.9462,0.52351,624,,,,,,,,
ACWX/VCIT,Unknown,0.8801,0.52351,624,,,,,,,,
HTGC/PFG,Asset Management,0.9285,0.52351,624,,,,,,,,
CSQ/MAIN,Asset Management,0.9602,0.52352,624,,,,,,,,
INBK/ISBA,Banks - Regional,0.818,0.52352,624,,,,,,,,
GDV/MHF,Asset Management,0.9184,0.52353,624,,,,,,,,
GUT/NXJ,Asset Management,0.8337,0.52354,624,,,,,,,,
PHM/SKY,Residential Construction,0.9006,0.52354,624,,,,,,,,
GF/WEA,Asset Management,0.8734,0.52355,624,,,,,,,,
GAIN/GDV,Asset Management,0.9521,0.52357,624,,,,,,,,
ASG/IGI,Asset Management,0.8835,0.52358,624,,,,,,,,
EMB/PUI,Unknown,0.8774,0.52359,624,,,,,,,,
EFSC/HWC,Banks - Regional,0.8913,0.52359,624,,,,,,,,
JEQ/PTY,Asset Management,0.9243,0.52359,624,,,,,,,,
BYM/PDT,Asset Management,0.9154,0.52359,624,,,,,,,,
EVG/SEIC,Asset Management,0.8803,0.52359,624,,,,,,,,
ACWI/BBH,Unknown,0.8817,0.5236,624,,,,,,,,
EXLS/LDOS,Information Technology Services,0.9085,0.52364,624,,,,,,,,
AAXJ/PYZ,Unknown,0.8545,0.52364,624,,,,,,,,
UNTY/WAFD,Banks - Regional,0.8795,0.52365,624,,,,,,,,
CNOB/VABK,Banks - Regional,0.8665,0.52366,624,,,,,,,,
SMBC/WABC,Banks - Regional,0.8244,0.52366,624,,,,,,,,
BLW/GAM,Asset Management,0.9668,0.52366,624,,,,,,,,
AMP/DSU,Asset Management,0.9574,0.52366,624,,,,,,,,
HPS/SPE,Asset Management,0.9369,0.52368,624,,,,,,,,
BDJ/MMT,Asset Management,0.9429,0.52368,624,,,,,,,,
HIX/STK,Asset Management,0.8641,0.52368,624,,,,,,,,
PNFP/TSBK,Banks - Regional,0.904,0.52369,624,,,,,,,,
NUV/TDF,Asset Management,0.8046,0.52369,624,,,,,,,,
MHF/PDT,Asset Management,0.9457,0.5237,624,,,,,,,,
STBA/UCB,Banks - Regional,0.8675,0.5237,624,,,,,,,,
FIZZ/MNST,Beverages - Non-Alcoholic,0.9038,0.52372,624,,,,,,,,
FMY/FRA,Asset Management,0.8999,0.52372,624,,,,,,,,
HTD/MHD,Asset Management,0.8217,0.52373,624,,,,,,,,
NZF/PCK,Asset Management,0.8218,0.52373,624,,,,,,,,
EOI/WIW,Asset Management,0.8697,0.52374,624,,,,,,,,
MBB/PYT,Unknown,0.8379,0.52374,624,,,,,,,,
BXMX/NMZ,Asset Management,0.8769,0.52377,624,,,,,,,,
BLE/TDF,Asset Management,0.8009,0.52377,624,,,,,,,,
CBU/WBS,Banks - Regional,0.9062,0.52378,624,,,,,,,,
FEX/SWZ,Unknown,0.9744,0.5238,624,,,,,,,,
ABCB/GBCI,Banks - Regional,0.9123,0.5238,624,,,,,,,,
HAFC/WSFS,Banks - Regional,0.8334,0.52381,624,,,,,,,,
IGA/LGI,Asset Management,0.9593,0.52381,624,,,,,,,,
FOF/MHF,Asset Management,0.9216,0.52382,624,,,,,,,,
BDJ/NZF,Asset Management,0.8669,0.52384,624,,,,,,,,
BFZ/PTY,Asset Management,0.8162,0.52384,624,,,,,,,,
IGR/MCR,Asset Management,0.9098,0.52385,624,,,,,,,,
LARK/STBA,Banks - Regional,0.8284,0.52386,624,,,,,,,,
BFZ/BME,Asset Management,0.8408,0.52386,624,,,,,,,,
CXH/ETV,Asset Management,0.8684,0.52387,624,,,,,,,,
AGNC/ARI,REIT - Mortgage,0.8711,0.52387,624,,,,,,,,
JQC/PPT,Asset Management,0.8954,0.52387,624,,,,,,,,
BLW/GAIN,Asset Management,0.9566,0.52389,624,,,,,,,,
HYT/PSEC,Asset Management,0.8636,0.52389,624,,,,,,,,
MORN/VALU,Financial Data & Stock Exchanges,0.8757,0.5239,624,,,,,,,,
PAR/SAP,Software - Application,0.8165,0.5239,624,,,,,,,,
FT/MYD,Asset Management,0.8034,0.52391,624,,,,,,,,
IFN/JLS,Asset Management,0.8331,0.52392,624,,,,,,,,
CMA/MNSB,Banks - Regional,0.8691,0.52394,624,,,,,,,,
GCBC/UMBF,Banks - Regional,0.8252,0.52395,624,,,,,,,,
MPV/UTF,Asset Management,0.91,0.52396,624,,,,,,,,
PTC/ROP,Software - Application,0.9659,0.52398,624,,,,,,,,
CZWI/STBA,Banks - Regional,0.9175,0.52398,624,,,,,,,,
PTH/VCSH,Unknown,0.9241,0.524,624,,,,,,,,
ETO/MMT,Asset Management,0.9684,0.52403,624,,,,,,,,
EFR/JOF,Asset Management,0.8409,0.52404,624,,,,,,,,
EXG/VLT,Asset Management,0.9644,0.52405,624,,,,,,,,
BANF/SSB,Banks - Regional,0.8496,0.52407,624,,,,,,,,
FUND/OIA,Asset Management,0.8246,0.52408,624,,,,,,,,
BME/EVN,Asset Management,0.8938,0.52409,624,,,,,,,,
BLK/GDO,Asset Management,0.8957,0.5241,624,,,,,,,,
IGD/PFN,Asset Management,0.925,0.52411,624,,,,,,,,
MNSB/QCRH,Banks - Regional,0.8331,0.52411,624,,,,,,,,
JQC/NAD,Asset Management,0.8586,0.52412,624,,,,,,,,
EEA/JLS,Asset Management,0.8666,0.52412,624,,,,,,,,
DNP/PDT,Asset Management,0.9615,0.52414,624,,,,,,,,
BN/CXH,Asset Management,0.8147,0.52414,624,,,,,,,,
QCRH/WSBF,Banks - Regional,0.8707,0.52414,624,,,,,,,,
MGF/PIM,Asset Management,0.8558,0.52418,624,,,,,,,,
PHO/SHY,Unknown,0.9128,0.52418,624,,,,,,,,
VVR/WEA,Asset Management,0.8458,0.52418,624,,,,,,,,
APD/EMN,Specialty Chemicals,0.8396,0.52418,624,,,,,,,,
OSBC/UMBF,Banks - Regional,0.8785,0.52419,624,,,,,,,,
CHW/GAIN,Asset Management,0.8936,0.52419,624,,,,,,,,
GGG/MIDD,Specialty Industrial Machinery,0.803,0.52419,624,,,,,,,,
MCN/VLT,Asset Management,0.9099,0.52421,624,,,,,,,,
IBB/PYZ,Unknown,0.8772,0.52421,624,,,,,,,,
IBKR/JEF,Capital Markets,0.8758,0.52421,624,,,,,,,,
MYN/WIA,Asset Management,0.858,0.52425,624,,,,,,,,
FAB/PSL,Unknown,0.9713,0.52425,624,,,,,,,,
AX/RBCAA,Banks - Regional,0.9439,0.52425,624,,,,,,,,
MVF/TSI,Asset Management,0.8531,0.52425,624,,,,,,,,
MUJ/PCQ,Asset Management,0.841,0.52425,624,,,,,,,,
GUT/RQI,Asset Management,0.8287,0.52426,624,,,,,,,,
AWP/DHIL,Asset Management,0.8001,0.52426,624,,,,,,,,
SEIC/TY,Asset Management,0.9308,0.52427,624,,,,,,,,
EGP/PSA,REIT - Industrial,0.9511,0.52428,624,,,,,,,,
PPH/PRFZ,Unknown,0.9471,0.52428,624,,,,,,,,
FNX/PID,Unknown,0.9583,0.5243,624,,,,,,,,
HYT/SBI,Asset Management,0.8472,0.5243,624,,,,,,,,
IBCP/UMBF,Banks - Regional,0.9277,0.52432,624,,,,,,,,
BTZ/MYD,Asset Management,0.9063,0.52432,624,,,,,,,,
GAB/NUV,Asset Management,0.8148,0.52432,624,,,,,,,,
EEA/GDL,Asset Management,0.9418,0.52433,624,,,,,,,,
FOF/NMI,Asset Management,0.8243,0.52433,624,,,,,,,,
EVF/IGR,Asset Management,0.8568,0.52434,624,,,,,,,,
IOSP/NEU,Specialty Chemicals,0.8095,0.52435,624,,,,,,,,
ETJ/GAM,Asset Management,0.9439,0.52437,624,,,,,,,,
CHY/HTGC,Asset Management,0.9222,0.52438,624,,,,,,,,
EMD/RFI,Asset Management,0.832,0.52442,624,,,,,,,,
EEA/NFJ,Asset Management,0.9657,0.52445,624,,,,,,,,
CMA/LARK,Banks - Regional,0.834,0.52446,624,,,,,,,,
GJR/SWZ,Unknown,0.9238,0.52447,624,,,,,,,,
GRVY/NTES,Electronic Gaming & Multimedia,0.8264,0.52447,624,,,,,,,,
ETW/MPA,Asset Management,0.8904,0.52448,624,,,,,,,,
JQC/NCA,Asset Management,0.841,0.52448,624,,,,,,,,
ASG/SBI,Asset Management,0.8147,0.52448,624,,,,,,,,
CGO/STK,Asset Management,0.9175,0.52449,624,,,,,,,,
JFR/RCS,Asset Management,0.8733,0.52451,624,,,,,,,,
FNWD/LCNB,Banks - Regional,0.8461,0.52452,624,,,,,,,,
FYX/PIO,Unknown,0.9721,0.52452,624,,,,,,,,
JFR/MIN,Asset Management,0.8446,0.52452,624,,,,,,,,
BN/PMO,Asset Management,0.8682,0.52452,624,,,,,,,,
MHN/PNF,Asset Management,0.9024,0.52452,624,,,,,,,,
EFT/WIA,Asset Management,0.8264,0.52454,624,,,,,,,,
BTO/PMM,Asset Management,0.879,0.52454,624,,,,,,,,
MHF/SOR,Asset Management,0.9104,0.52456,624,,,,,,,,
HYT/VGM,Asset Management,0.8606,0.52456,624,,,,,,,,
BTO/JHS,Asset Management,0.8533,0.52457,624,,,,,,,,
NXP/PTY,Asset Management,0.9579,0.52457,624,,,,,,,,
AAXJ/FNX,Unknown,0.8545,0.52459,624,,,,,,,,
BX/RJF,Asset Management,0.9664,0.52459,624,,,,,,,,
HPI/RVT,Asset Management,0.9237,0.52461,624,,,,,,,,
AMP/GLAD,Asset Management,0.9751,0.52462,624,,,,,,,,
IGD/PCF,Asset Management,0.9448,0.52463,624,,,,,,,,
BGT/MHF,Asset Management,0.8556,0.52464,624,,,,,,,,
EMD/ETJ,Asset Management,0.8038,0.52464,624,,,,,,,,
RBCAA/STBA,Banks - Regional,0.888,0.52465,624,,,,,,,,
NMI/PDT,Asset Management,0.8988,0.52465,624,,,,,,,,
EHI/PPT,Asset Management,0.9383,0.52465,624,,,,,,,,
GJO/GRID,Unknown,0.9351,0.52467,624,,,,,,,,
AVAV/ESLT,Aerospace & Defense,0.8178,0.52468,624,,,,,,,,
BSRR/SYBT,Banks - Regional,0.8639,0.52469,624,,,,,,,,
FT/NAN,Asset Management,0.8669,0.52469,624,,,,,,,,
TRMK/VLY,Banks - Regional,0.8126,0.52471,624,,,,,,,,
DHIL/LGI,Asset Management,0.8205,0.52471,624,,,,,,,,
FHN/FMBH,Banks - Regional,0.8235,0.52472,624,,,,,,,,
OPBK/TRMK,Banks - Regional,0.901,0.52473,624,,,,,,,,
ETV/MCI,Asset Management,0.8985,0.52473,624,,,,,,,,
PEZ/PIO,Unknown,0.9707,0.52473,624,,,,,,,,
COLB/UBSI,Banks - Regional,0.8058,0.52473,624,,,,,,,,
EWBC/VLY,Banks - Regional,0.8108,0.52474,624,,,,,,,,
BND/PFM,Unknown,0.807,0.52475,624,,,,,,,,
EOD/MMT,Asset Management,0.9011,0.52477,624,,,,,,,,
EEA/NQP,Asset Management,0.8367,0.52478,624,,,,,,,,
PCM/SBI,Asset Management,0.8394,0.52478,624,,,,,,,,
INBK/WSFS,Banks - Regional,0.858,0.52479,624,,,,,,,,
QCRH/THFF,Banks - Regional,0.9421,0.5248,624,,,,,,,,
NFJ/SWKH,Asset Management,0.8612,0.5248,624,,,,,,,,
PFI/PPH,Unknown,0.942,0.5248,624,,,,,,,,
JHS/PFN,Asset Management,0.9308,0.52481,624,,,,,,,,
BCBP/PNC,Banks - Regional,0.856,0.52481,624,,,,,,,,
UBCP/UBSI,Banks - Regional,0.8574,0.52481,624,,,,,,,,
FCT/HPF,Asset Management,0.9343,0.52482,624,,,,,,,,
CBSH/FHN,Banks - Regional,0.8609,0.52482,624,,,,,,,,
EMD/USA,Asset Management,0.8081,0.52484,624,,,,,,,,
MUA/TSI,Asset Management,0.8949,0.52485,624,,,,,,,,
BME/NRK,Asset Management,0.8827,0.52485,624,,,,,,,,
NMI/PFL,Asset Management,0.8794,0.52487,624,,,,,,,,
BDJ/HYT,Asset Management,0.969,0.52487,624,,,,,,,,
BGY/FRA,Asset Management,0.9451,0.52488,624,,,,,,,,
PCN/PML,Asset Management,0.8239,0.52488,624,,,,,,,,
GEOS/OII,Oil & Gas Equipment & Services,0.8327,0.52489,624,,,,,,,,
GAB/MIY,Asset Management,0.8222,0.52489,624,,,,,,,,
NWBI/UBSI,Banks - Regional,0.923,0.52491,624,,,,,,,,
FNX/QABA,Unknown,0.8938,0.52492,624,,,,,,,,
PFF/PKW,Unknown,0.9187,0.52492,624,,,,,,,,
PHD/PPT,Asset Management,0.8753,0.52493,624,,,,,,,,
EOD/JHI,Asset Management,0.8972,0.52493,624,,,,,,,,
JEQ/MYN,Asset Management,0.8697,0.52495,624,,,,,,,,
LSCC/TSM,Semiconductors,0.8297,0.52496,624,,,,,,,,
BKT/MMT,Asset Management,0.8802,0.52496,624,,,,,,,,
CHI/DSU,Asset Management,0.95,0.52496,624,,,,,,,,
ACWI/IBB,Unknown,0.8584,0.52497,624,,,,,,,,
FAST/GIC,Industrial Distribution,0.8695,0.52497,624,,,,,,,,
SBI/WIA,Asset Management,0.81,0.52498,624,,,,,,,,
BCML/WSFS,Banks - Regional,0.9121,0.52499,624,,,,,,,,
FCT/MIY,Asset Management,0.8446,0.52499,624,,,,,,,,
QQEW/RTH,Unknown,0.9942,0.52499,624,,,,,,,,
MMU/NTRS,Asset Management,0.8505,0.525,624,,,,,,,,
AMP/EEA,Asset Management,0.8951,0.52501,624,,,,,,,,
FRST/UCB,Banks - Regional,0.8313,0.52502,624,,,,,,,,
ASG/VMO,Asset Management,0.8565,0.52503,624,,,,,,,,
SXT/WLK,Specialty Chemicals,0.8011,0.52504,624,,,,,,,,
FDS/MORN,Financial Data & Stock Exchanges,0.9644,0.52504,624,,,,,,,,
HFBL/THFF,Banks - Regional,0.8698,0.52505,624,,,,,,,,
FCT/FFC,Asset Management,0.8712,0.52506,624,,,,,,,,
JEQ/PCF,Asset Management,0.9321,0.52507,624,,,,,,,,
MMT/QQQX,Asset Management,0.9698,0.52507,624,,,,,,,,
AB/PFG,Asset Management,0.8988,0.52508,624,,,,,,,,
AEP/OGE,Utilities - Regulated Electric,0.9457,0.52509,624,,,,,,,,
INBK/PGC,Banks - Regional,0.8355,0.52509,624,,,,,,,,
GSBC/RF,Banks - Regional,0.9369,0.52509,624,,,,,,,,
GDL/PDT,Asset Management,0.9403,0.52509,624,,,,,,,,
CHW/NEA,Asset Management,0.929,0.5251,624,,,,,,,,
HYT/NRK,Asset Management,0.8889,0.5251,624,,,,,,,,
BGT/MIN,Asset Management,0.845,0.52512,624,,,,,,,,
BFC/TSBK,Banks - Regional,0.928,0.52513,624,,,,,,,,
EXG/IAE,Asset Management,0.8545,0.52513,624,,,,,,,,
ADX/GDL,Asset Management,0.943,0.52513,624,,,,,,,,
BTZ/MIY,Asset Management,0.9538,0.52513,624,,,,,,,,
ADX/PCF,Asset Management,0.9592,0.52513,624,,,,,,,,
GF/VCV,Asset Management,0.833,0.52514,624,,,,,,,,
SCD/SPE,Asset Management,0.9809,0.52515,624,,,,,,,,
RGLD/WPM,Gold,0.8578,0.52515,624,,,,,,,,
EVG/FLC,Asset Management,0.8856,0.52516,624,,,,,,,,
ABCB/SBSI,Banks - Regional,0.922,0.52518,624,,,,,,,,
NNY/QQQX,Asset Management,0.8733,0.52521,624,,,,,,,,
HPS/SOR,Asset Management,0.9605,0.52522,624,,,,,,,,
SPXX/VBF,Asset Management,0.8951,0.52523,624,,,,,,,,
CW/ESLT,Aerospace & Defense,0.9146,0.52524,624,,,,,,,,
ACNB/HIFS,Banks - Regional,0.827,0.52524,624,,,,,,,,
CDNS/DJCO,Software - Application,0.8429,0.52524,624,,,,,,,,
RMT/WEA,Asset Management,0.9135,0.52525,624,,,,,,,,
NPV/WIW,Asset Management,0.9034,0.52525,624,,,,,,,,
FRA/IAE,Asset Management,0.8423,0.52525,624,,,,,,,,
GOF/VVR,Asset Management,0.9333,0.52527,624,,,,,,,,
GSBC/WSBF,Banks - Regional,0.9405,0.52528,624,,,,,,,,
SCZ/WOOD,Unknown,0.9683,0.52528,624,,,,,,,,
BYM/DHF,Asset Management,0.8685,0.52528,624,,,,,,,,
AOS/ATS,Specialty Industrial Machinery,0.814,0.52528,624,,,,,,,,
CNS/FCT,Asset Management,0.9307,0.52529,624,,,,,,,,
AWP/VKQ,Asset Management,0.8907,0.5253,624,,,,,,,,
GAB/HQL,Asset Management,0.8688,0.52531,624,,,,,,,,
CWBC/HDB,Banks - Regional,0.8964,0.52532,624,,,,,,,,
ABCB/TFC,Banks - Regional,0.8987,0.52532,624,,,,,,,,
UBSI/ZION,Banks - Regional,0.8551,0.52534,624,,,,,,,,
BANR/TRST,Banks - Regional,0.9161,0.52534,624,,,,,,,,
IJT/PPH,Unknown,0.9311,0.52535,624,,,,,,,,
IGR/NAZ,Asset Management,0.8588,0.52535,624,,,,,,,,
AWF/MIY,Asset Management,0.877,0.52536,624,,,,,,,,
GDO/HQH,Asset Management,0.888,0.52537,624,,,,,,,,
AWP/MHD,Asset Management,0.8456,0.52537,624,,,,,,,,
AWF/EXG,Asset Management,0.9635,0.52538,624,,,,,,,,
AMP/BGT,Asset Management,0.9649,0.52539,624,,,,,,,,
DSU/NIM,Asset Management,0.8315,0.5254,624,,,,,,,,
NAZ/PCK,Asset Management,0.8596,0.52541,624,,,,,,,,
HTGC/SWKH,Asset Management,0.8013,0.52541,624,,,,,,,,
FT/MUJ,Asset Management,0.8915,0.52541,624,,,,,,,,
EVF/JRS,Asset Management,0.8851,0.52541,624,,,,,,,,
HIFS/HOMB,Banks - Regional,0.8497,0.52542,624,,,,,,,,
FCT/IGD,Asset Management,0.9463,0.52542,624,,,,,,,,
CNS/VCV,Asset Management,0.8039,0.52543,624,,,,,,,,
EOS/MCR,Asset Management,0.9503,0.52543,624,,,,,,,,
PAI/SPXX,Asset Management,0.8569,0.52543,624,,,,,,,,
MHI/MQY,Asset Management,0.9033,0.52543,624,,,,,,,,
NNY/SOR,Asset Management,0.8365,0.52544,624,,,,,,,,
IAE/IGA,Asset Management,0.8378,0.52545,624,,,,,,,,
HEI/WWD,Aerospace & Defense,0.9675,0.52546,624,,,,,,,,
CHW/SPXX,Asset Management,0.9358,0.52546,624,,,,,,,,
CZWI/HFBL,Banks - Regional,0.8632,0.52547,624,,,,,,,,
IGD/RNP,Asset Management,0.9388,0.52548,624,,,,,,,,
PEBO/UBSI,Banks - Regional,0.9134,0.52548,624,,,,,,,,
CASH/CIVB,Banks - Regional,0.8313,0.52548,624,,,,,,,,
AWF/VGM,Asset Management,0.8518,0.52549,624,,,,,,,,
BJK/PTH,Unknown,0.8031,0.52551,624,,,,,,,,
BKT/HIX,Asset Management,0.876,0.52551,624,,,,,,,,
PHD/PMO,Asset Management,0.8358,0.52553,624,,,,,,,,
CSQ/GDV,Asset Management,0.9736,0.52553,624,,,,,,,,
BPT/TK,Oil & Gas Midstream,0.8041,0.52554,624,,,,,,,,
BN/MYI,Asset Management,0.8403,0.52554,624,,,,,,,,
OSIS/SANM,Electronic Components,0.8697,0.52554,624,,,,,,,,
BLK/PIM,Asset Management,0.8905,0.52555,624,,,,,,,,
CNP/NEE,Utilities - Regulated Electric,0.8419,0.52555,624,,,,,,,,
JPC/RCS,Asset Management,0.9036,0.52556,624,,,,,,,,
MCI/TY,Asset Management,0.8918,0.52557,624,,,,,,,,
INDY/QABA,Unknown,0.8337,0.5256,624,,,,,,,,
BCML/TRST,Banks - Regional,0.8978,0.52561,624,,,,,,,,
ETJ/GDL,Asset Management,0.9233,0.52561,624,,,,,,,,
CXE/HQL,Asset Management,0.8297,0.52562,624,,,,,,,,
MCI/PCN,Asset Management,0.8633,0.52563,624,,,,,,,,
EEA/PMM,Asset Management,0.8465,0.52563,624,,,,,,,,
BALL/CCK,Packaging & Containers,0.9039,0.52564,624,,,,,,,,
BCBP/EFSC,Banks - Regional,0.8566,0.52564,624,,,,,,,,
BTO/CHW,Asset Management,0.9308,0.52567,624,,,,,,,,
FORTY/IT,Information Technology Services,0.8133,0.52567,624,,,,,,,,
GAB/NMZ,Asset Management,0.8436,0.52569,624,,,,,,,,
NKX/TSI,Asset Management,0.9164,0.52569,624,,,,,,,,
INDY/PIZ,Unknown,0.9153,0.52569,624,,,,,,,,
ABCB/EFSC,Banks - Regional,0.9682,0.52569,624,,,,,,,,
DRS/HEI,Aerospace & Defense,0.8664,0.52569,624,,,,,,,,
BYM/JRS,Asset Management,0.8911,0.5257,624,,,,,,,,
COLB/MTB,Banks - Regional,0.8174,0.52571,624,,,,,,,,
HYT/NTRS,Asset Management,0.8929,0.52571,624,,,,,,,,
FCBC/LCNB,Banks - Regional,0.8255,0.52572,624,,,,,,,,
ASX/LSCC,Semiconductors,0.8116,0.52572,624,,,,,,,,
BDJ/WIA,Asset Management,0.862,0.52574,624,,,,,,,,
AXP/COF,Credit Services,0.9474,0.52575,624,,,,,,,,
AXON/TDG,Aerospace & Defense,0.9381,0.52575,624,,,,,,,,
HTGC/MSD,Asset Management,0.8289,0.52575,624,,,,,,,,
EOI/SEIC,Asset Management,0.8886,0.52576,624,,,,,,,,
CVBF/TRMK,Banks - Regional,0.918,0.52576,624,,,,,,,,
PCK/VPV,Asset Management,0.8269,0.52579,624,,,,,,,,
HTBK/TRST,Banks - Regional,0.9445,0.52579,624,,,,,,,,
EXAS/QGEN,Diagnostics & Research,0.8356,0.5258,624,,,,,,,,
IFN/JPC,Asset Management,0.8454,0.5258,624,,,,,,,,
BHE/OSIS,Electronic Components,0.825,0.52581,624,,,,,,,,
UBCP/UBFO,Banks - Regional,0.8479,0.52581,624,,,,,,,,
JEQ/MUC,Asset Management,0.8577,0.52581,624,,,,,,,,
EHI/EOS,Asset Management,0.9253,0.52582,624,,,,,,,,
BOE/RFI,Asset Management,0.9467,0.52584,624,,,,,,,,
AIR/GD,Aerospace & Defense,0.9202,0.52584,624,,,,,,,,
UNTY/WSBF,Banks - Regional,0.8095,0.52584,624,,,,,,,,
JHI/JQC,Asset Management,0.9243,0.52587,624,,,,,,,,
AWF/BYM,Asset Management,0.8565,0.52587,624,,,,,,,,
EEA/RJF,Asset Management,0.9024,0.52588,624,,,,,,,,
MHI/MIY,Asset Management,0.8691,0.52588,624,,,,,,,,
ETO/GDO,Asset Management,0.931,0.52588,624,,,,,,,,
HYT/NXJ,Asset Management,0.936,0.52588,624,,,,,,,,
CPRX/CYTK,Biotechnology,0.839,0.52591,624,,,,,,,,
AWF/IAE,Asset Management,0.85,0.52592,624,,,,,,,,
BCML/TSBK,Banks - Regional,0.9333,0.52592,624,,,,,,,,
BRO/CRVL,Insurance Brokers,0.9827,0.52593,624,,,,,,,,
PFL/VCV,Asset Management,0.895,0.52593,624,,,,,,,,
EVG/PPT,Asset Management,0.9028,0.52594,624,,,,,,,,
CNOB/INDB,Banks - Regional,0.8956,0.52594,624,,,,,,,,
NXC/RMT,Asset Management,0.8358,0.52594,624,,,,,,,,
ACWX/PYZ,Unknown,0.9523,0.52595,624,,,,,,,,
BCBP/FSFG,Banks - Regional,0.8505,0.52595,624,,,,,,,,
EWBC/TFSL,Banks - Regional,0.8131,0.52597,624,,,,,,,,
PFI/PYZ,Unknown,0.9624,0.52598,624,,,,,,,,
GJO/IGF,Unknown,0.9565,0.52598,624,,,,,,,,
BTA/HQL,Asset Management,0.8958,0.52599,624,,,,,,,,
HFBL/RNST,Banks - Regional,0.8249,0.526,624,,,,,,,,
BPOP/TOWN,Banks - Regional,0.8694,0.526,624,,,,,,,,
FFA/MAIN,Asset Management,0.9691,0.526,624,,,,,,,,
ABCB/CFFI,Banks - Regional,0.9009,0.52602,624,,,,,,,,
MA/SLMBP,Credit Services,0.8376,0.52602,624,,,,,,,,
DNP/JCE,Asset Management,0.9268,0.52605,624,,,,,,,,
IGR/MYI,Asset Management,0.8862,0.52605,624,,,,,,,,
ARCC/BLW,Asset Management,0.9602,0.52605,624,,,,,,,,
CBU/FRME,Banks - Regional,0.9511,0.52606,624,,,,,,,,
AGO/AMSF,Insurance - Specialty,0.8424,0.52608,624,,,,,,,,
PMM/UTF,Asset Management,0.9143,0.52611,624,,,,,,,,
MMT/NAZ,Asset Management,0.8677,0.52612,624,,,,,,,,
ADX/EFT,Asset Management,0.9663,0.52613,624,,,,,,,,
AWK/AWR,Utilities - Regulated Water,0.9774,0.52613,624,,,,,,,,
SHBI/SYBT,Banks - Regional,0.8381,0.52614,624,,,,,,,,
EVG/VVR,Asset Management,0.958,0.52615,624,,,,,,,,
AOD/PSEC,Asset Management,0.8594,0.52616,624,,,,,,,,
BLW/MYD,Asset Management,0.8143,0.52617,624,,,,,,,,
IGR/NAN,Asset Management,0.8805,0.52619,624,,,,,,,,
ASG/HIX,Asset Management,0.9501,0.52619,624,,,,,,,,
NFBK/SFNC,Banks - Regional,0.9342,0.52619,624,,,,,,,,
HBNC/WABC,Banks - Regional,0.8772,0.5262,624,,,,,,,,
IEI/TLT,Unknown,0.8781,0.5262,624,,,,,,,,
BLK/VLT,Asset Management,0.9544,0.52621,624,,,,,,,,
FHN/VABK,Banks - Regional,0.8147,0.52621,624,,,,,,,,
HYT/MCN,Asset Management,0.9389,0.52622,624,,,,,,,,
DOX/WEX,Software - Infrastructure,0.8489,0.52623,624,,,,,,,,
BRW/HPS,Asset Management,0.914,0.52623,624,,,,,,,,
ANSS/CCRD,Software - Application,0.8248,0.52623,624,,,,,,,,
RMT/WIW,Asset Management,0.9039,0.52623,624,,,,,,,,
BGT/HPS,Asset Management,0.9122,0.52624,624,,,,,,,,
BOE/IGD,Asset Management,0.9719,0.52625,624,,,,,,,,
CHW/STK,Asset Management,0.9084,0.52625,624,,,,,,,,
CNS/CSWC,Asset Management,0.9396,0.52625,624,,,,,,,,
ADX/EVF,Asset Management,0.9728,0.52625,624,,,,,,,,
PFM/USIG,Unknown,0.8687,0.52627,624,,,,,,,,
FBNC/UMBF,Banks - Regional,0.9176,0.52627,624,,,,,,,,
GRX/PHK,Asset Management,0.8435,0.52628,624,,,,,,,,
CDNS/PAYX,Software - Application,0.945,0.52628,624,,,,,,,,
RPM/WLK,Specialty Chemicals,0.8784,0.52628,624,,,,,,,,
CSWC/GLAD,Asset Management,0.9644,0.52629,624,,,,,,,,
PKW/PSL,Unknown,0.9779,0.52629,624,,,,,,,,
SNV/UBFO,Banks - Regional,0.9098,0.5263,624,,,,,,,,
BFZ/PNF,Asset Management,0.8486,0.52631,624,,,,,,,,
CSL/LII,Building Products & Equipment,0.9403,0.52631,624,,,,,,,,
AMP/ETJ,Asset Management,0.9118,0.52631,624,,,,,,,,
GAIN/OCSL,Asset Management,0.8557,0.52632,624,,,,,,,,
PFBC/WAFD,Banks - Regional,0.9382,0.52632,624,,,,,,,,
EGP/LXP,REIT - Industrial,0.9086,0.52632,624,,,,,,,,
BHLB/CMA,Banks - Regional,0.8256,0.52633,624,,,,,,,,
DSU/OCSL,Asset Management,0.8099,0.52633,624,,,,,,,,
CBU/FFBC,Banks - Regional,0.8632,0.52634,624,,,,,,,,
BDJ/FCT,Asset Management,0.9546,0.52635,624,,,,,,,,
CIF/EFT,Asset Management,0.8441,0.52635,624,,,,,,,,
BLW/VTN,Asset Management,0.8188,0.52635,624,,,,,,,,
BLW/IFN,Asset Management,0.9376,0.52636,624,,,,,,,,
NIM/VLT,Asset Management,0.9173,0.52637,624,,,,,,,,
CHY/JLS,Asset Management,0.8439,0.52639,624,,,,,,,,
ABCB/UCB,Banks - Regional,0.9218,0.5264,624,,,,,,,,
HQH/SCD,Asset Management,0.8202,0.5264,624,,,,,,,,
BLW/MUA,Asset Management,0.8448,0.52642,624,,,,,,,,
EFR/IGA,Asset Management,0.9647,0.52642,624,,,,,,,,
ALRS/BRKL,Banks - Regional,0.8401,0.52642,624,,,,,,,,
FFIN/KEY,Banks - Regional,0.9151,0.52643,624,,,,,,,,
ETO/MCI,Asset Management,0.9036,0.52644,624,,,,,,,,
MPV/WEA,Asset Management,0.8611,0.52645,624,,,,,,,,
BME/DSU,Asset Management,0.9165,0.52645,624,,,,,,,,
PGC/PWOD,Banks - Regional,0.8056,0.52645,624,,,,,,,,
EVT/USA,Asset Management,0.9871,0.52645,624,,,,,,,,
FUND/MCI,Asset Management,0.8829,0.52646,624,,,,,,,,
CNS/PFN,Asset Management,0.9226,0.52647,624,,,,,,,,
EWBC/PEBO,Banks - Regional,0.9315,0.52649,624,,,,,,,,
FCBC/FFBC,Banks - Regional,0.9384,0.52649,624,,,,,,,,
JFR/MCR,Asset Management,0.8957,0.52652,624,,,,,,,,
CHN/MCR,Asset Management,0.8206,0.52653,624,,,,,,,,
CZFS/FFIN,Banks - Regional,0.8461,0.52654,624,,,,,,,,
BPOP/ZION,Banks - Regional,0.8659,0.52655,624,,,,,,,,
EVN/GF,Asset Management,0.836,0.52656,624,,,,,,,,
AOD/BHK,Asset Management,0.8524,0.52656,624,,,,,,,,
CASY/DKS,Specialty Retail,0.9127,0.52658,624,,,,,,,,
HAFC/HBNC,Banks - Regional,0.8152,0.52658,624,,,,,,,,
NPV/NRK,Asset Management,0.9359,0.5266,624,,,,,,,,
EMN/NTIC,Specialty Chemicals,0.8022,0.5266,624,,,,,,,,
ETY/FHI,Asset Management,0.9399,0.5266,624,,,,,,,,
GDL/MFM,Asset Management,0.8499,0.52661,624,,,,,,,,
CSL/TT,Building Products & Equipment,0.97,0.52661,624,,,,,,,,
INDY/SCZ,Unknown,0.8874,0.52661,624,,,,,,,,
IMCV/QQEW,Unknown,0.9672,0.52661,624,,,,,,,,
AX/BOH,Banks - Regional,0.8231,0.52662,624,,,,,,,,
DNP/JOF,Asset Management,0.8622,0.52662,624,,,,,,,,
BCML/CAC,Banks - Regional,0.9074,0.52663,624,,,,,,,,
FFIN/SHBI,Banks - Regional,0.8543,0.52663,624,,,,,,,,
GF/NKX,Asset Management,0.8233,0.52664,624,,,,,,,,
FFIN/FXNC,Banks - Regional,0.8694,0.52664,624,,,,,,,,
DHF/GCV,Asset Management,0.8855,0.52666,624,,,,,,,,
AX/FRME,Banks - Regional,0.8902,0.52666,624,,,,,,,,
KO/MNST,Beverages - Non-Alcoholic,0.954,0.52668,624,,,,,,,,
BCML/RNST,Banks - Regional,0.8348,0.52669,624,,,,,,,,
IEX/TNC,Specialty Industrial Machinery,0.8423,0.52669,624,,,,,,,,
ALGN/COO,Medical Instruments & Supplies,0.855,0.52669,624,,,,,,,,
MHO/SKY,Residential Construction,0.8819,0.5267,624,,,,,,,,
PH/TAYD,Specialty Industrial Machinery,0.8451,0.52671,624,,,,,,,,
ARI/STWD,REIT - Mortgage,0.9309,0.52671,624,,,,,,,,
AWF/VKQ,Asset Management,0.8576,0.52671,624,,,,,,,,
MTB/PROV,Banks - Regional,0.8033,0.52672,624,,,,,,,,
SNV/TCBI,Banks - Regional,0.8015,0.52673,624,,,,,,,,
ETO/IGD,Asset Management,0.9548,0.52677,624,,,,,,,,
AWF/MYN,Asset Management,0.8284,0.52677,624,,,,,,,,
MSD/RNP,Asset Management,0.8907,0.52677,624,,,,,,,,
HPI/UTF,Asset Management,0.9531,0.52677,624,,,,,,,,
JKHY/MGIC,Information Technology Services,0.875,0.52679,624,,,,,,,,
PATK/SGI,"Furnishings, Fixtures & Appliances",0.8858,0.52679,624,,,,,,,,
CIF/EVT,Asset Management,0.9059,0.5268,624,,,,,,,,
NPV/WEA,Asset Management,0.8723,0.52681,624,,,,,,,,
HPS/JQC,Asset Management,0.9574,0.52682,624,,,,,,,,
JOF/NNY,Asset Management,0.8685,0.52683,624,,,,,,,,
ASG/DHF,Asset Management,0.9247,0.52684,624,,,,,,,,
MUJ/TSI,Asset Management,0.914,0.52685,624,,,,,,,,
HTD/PMM,Asset Management,0.9168,0.52686,624,,,,,,,,
HPS/PSEC,Asset Management,0.845,0.52686,624,,,,,,,,
BLW/VPV,Asset Management,0.8876,0.52687,624,,,,,,,,
EFT/JRS,Asset Management,0.8958,0.52689,624,,,,,,,,
AWP/EEA,Asset Management,0.9023,0.5269,624,,,,,,,,
BGY/CIF,Asset Management,0.8248,0.5269,624,,,,,,,,
EOS/PCF,Asset Management,0.9685,0.5269,624,,,,,,,,
CBAN/QCRH,Banks - Regional,0.8868,0.52694,624,,,,,,,,
CHY/EVT,Asset Management,0.9744,0.52695,624,,,,,,,,
IIM/JRS,Asset Management,0.9037,0.52696,624,,,,,,,,
BDJ/PFG,Asset Management,0.9545,0.52696,624,,,,,,,,
CHI/JMM,Asset Management,0.9019,0.52698,624,,,,,,,,
FI/HCKT,Information Technology Services,0.9287,0.52699,624,,,,,,,,
BTZ/MGF,Asset Management,0.9148,0.527,624,,,,,,,,
CIF/USA,Asset Management,0.8881,0.527,624,,,,,,,,
EEA/TY,Asset Management,0.9554,0.527,624,,,,,,,,
PMO/VLT,Asset Management,0.9146,0.52701,624,,,,,,,,
CNOB/FCF,Banks - Regional,0.9059,0.52702,624,,,,,,,,
AMP/MCI,Asset Management,0.953,0.52702,624,,,,,,,,
EEA/FUND,Asset Management,0.9426,0.52704,624,,,,,,,,
ACNB/WTBA,Banks - Regional,0.8457,0.52704,624,,,,,,,,
IGIB/PFM,Unknown,0.8959,0.52704,624,,,,,,,,
EFR/EHI,Asset Management,0.9049,0.52705,624,,,,,,,,
GDV/HIO,Asset Management,0.9596,0.52705,624,,,,,,,,
FRT/NNN,REIT - Retail,0.8284,0.52706,624,,,,,,,,
PNNT/USA,Asset Management,0.8848,0.52707,624,,,,,,,,
EEA/PIM,Asset Management,0.8864,0.52707,624,,,,,,,,
ADX/JMM,Asset Management,0.9036,0.52709,624,,,,,,,,
GAIN/NFJ,Asset Management,0.9474,0.5271,624,,,,,,,,
FCT/MQY,Asset Management,0.8185,0.5271,624,,,,,,,,
BGY/CHW,Asset Management,0.9123,0.52711,624,,,,,,,,
EMN/SCL,Specialty Chemicals,0.8108,0.52712,624,,,,,,,,
CNS/MAIN,Asset Management,0.9167,0.52713,624,,,,,,,,
CGO/NIE,Asset Management,0.9508,0.52714,624,,,,,,,,
PFD/UTF,Asset Management,0.8804,0.52715,624,,,,,,,,
HPS/TWN,Asset Management,0.8532,0.52715,624,,,,,,,,
FFIN/TFC,Banks - Regional,0.9357,0.52716,624,,,,,,,,
JOF/NMI,Asset Management,0.8554,0.52717,624,,,,,,,,
BLW/NPV,Asset Management,0.8186,0.52718,624,,,,,,,,
CMCSA/SHEN,Telecom Services,0.8651,0.52718,624,,,,,,,,
CMA/INBK,Banks - Regional,0.8465,0.52719,624,,,,,,,,
AWF/NUV,Asset Management,0.8774,0.52719,624,,,,,,,,
CASH/PEBO,Banks - Regional,0.8994,0.52719,624,,,,,,,,
GOF/HQH,Asset Management,0.8743,0.5272,624,,,,,,,,
IBCP/ISBA,Banks - Regional,0.8511,0.5272,624,,,,,,,,
MNSB/ONB,Banks - Regional,0.8349,0.52721,624,,,,,,,,
PFL/RQI,Asset Management,0.9636,0.52721,624,,,,,,,,
AMP/VVR,Asset Management,0.9647,0.52724,624,,,,,,,,
AWF/CMU,Asset Management,0.8211,0.52724,624,,,,,,,,
GDL/NXC,Asset Management,0.8754,0.52725,624,,,,,,,,
FCAP/WABC,Banks - Regional,0.8093,0.52725,624,,,,,,,,
EFT/EOD,Asset Management,0.9514,0.52725,624,,,,,,,,
CHN/PMO,Asset Management,0.8409,0.52727,624,,,,,,,,
DOV/MWA,Specialty Industrial Machinery,0.8912,0.52728,624,,,,,,,,
GLAD/HPI,Asset Management,0.8597,0.52729,624,,,,,,,,
AX/MBCN,Banks - Regional,0.9046,0.5273,624,,,,,,,,
EFT/JOF,Asset Management,0.8375,0.5273,624,,,,,,,,
FITB/OSBC,Banks - Regional,0.8938,0.5273,624,,,,,,,,
CII/OIA,Asset Management,0.8659,0.52731,624,,,,,,,,
ADI/QCOM,Semiconductors,0.9419,0.52731,624,,,,,,,,
BN/NUV,Asset Management,0.8479,0.52732,624,,,,,,,,
ENTG/UCTT,Semiconductor Equipment & Materials,0.9409,0.52732,624,,,,,,,,
AOD/NUV,Asset Management,0.8215,0.52732,624,,,,,,,,
AWP/BFK,Asset Management,0.8452,0.52732,624,,,,,,,,
BANF/PFBC,Banks - Regional,0.9524,0.52732,624,,,,,,,,
EEA/JHS,Asset Management,0.8378,0.52733,624,,,,,,,,
AB/VRTS,Asset Management,0.8268,0.52733,624,,,,,,,,
BFZ/ETV,Asset Management,0.8325,0.52733,624,,,,,,,,
JOF/USA,Asset Management,0.8504,0.52734,624,,,,,,,,
CSWC/JFR,Asset Management,0.9388,0.52734,624,,,,,,,,
TDY/TRMB,Scientific & Technical Instruments,0.9038,0.52735,624,,,,,,,,
DSU/HIX,Asset Management,0.8805,0.52735,624,,,,,,,,
AWP/MYD,Asset Management,0.869,0.52735,624,,,,,,,,
ASB/CBSH,Banks - Regional,0.8812,0.52735,624,,,,,,,,
FITB/NWBI,Banks - Regional,0.8517,0.52735,624,,,,,,,,
CINF/HIG,Insurance - Property & Casualty,0.9384,0.52736,624,,,,,,,,
CBAN/SHBI,Banks - Regional,0.9132,0.52737,624,,,,,,,,
DHIL/QQQX,Asset Management,0.8692,0.52737,624,,,,,,,,
RWT/TWO,REIT - Mortgage,0.8342,0.52739,624,,,,,,,,
EEA/IIF,Asset Management,0.8928,0.52739,624,,,,,,,,
BLE/TROW,Asset Management,0.82,0.5274,624,,,,,,,,
GF/LEO,Asset Management,0.8482,0.5274,624,,,,,,,,
CSQ/SPE,Asset Management,0.9828,0.52741,624,,,,,,,,
BYM/CHN,Asset Management,0.8204,0.52742,624,,,,,,,,
GRID/QQQ,Unknown,0.9848,0.52743,624,,,,,,,,
BOE/MCN,Asset Management,0.9577,0.52744,624,,,,,,,,
FNX/GRID,Unknown,0.971,0.52744,624,,,,,,,,
BFC/UBCP,Banks - Regional,0.9327,0.52745,624,,,,,,,,
EXG/WIA,Asset Management,0.8828,0.52748,624,,,,,,,,
AMD/POWI,Semiconductors,0.8868,0.52749,624,,,,,,,,
JCI/SPXC,Building Products & Equipment,0.8782,0.5275,624,,,,,,,,
BTO/JLS,Asset Management,0.9086,0.5275,624,,,,,,,,
ADX/WEA,Asset Management,0.9103,0.5275,624,,,,,,,,
ETY/PSEC,Asset Management,0.8472,0.52751,624,,,,,,,,
BME/CXH,Asset Management,0.8681,0.52751,624,,,,,,,,
AGD/EEA,Asset Management,0.9356,0.52751,624,,,,,,,,
FYX/USIG,Unknown,0.8645,0.52752,624,,,,,,,,
GJO/INDY,Unknown,0.9414,0.52754,624,,,,,,,,
AMKR/TER,Semiconductor Equipment & Materials,0.9092,0.52755,624,,,,,,,,
AX/CZFS,Banks - Regional,0.8242,0.52756,624,,,,,,,,
CCEP/KO,Beverages - Non-Alcoholic,0.9668,0.52756,624,,,,,,,,
ETJ/NFJ,Asset Management,0.9564,0.52756,624,,,,,,,,
SOR/TY,Asset Management,0.9807,0.52758,624,,,,,,,,
CGO/EFR,Asset Management,0.9169,0.52759,624,,,,,,,,
COLB/NWBI,Banks - Regional,0.8732,0.52759,624,,,,,,,,
HTD/VPV,Asset Management,0.8951,0.52759,624,,,,,,,,
CHMG/TFSL,Banks - Regional,0.8064,0.52759,624,,,,,,,,
MNSB/OVBC,Banks - Regional,0.8242,0.52763,624,,,,,,,,
EVG/IGR,Asset Management,0.898,0.52763,624,,,,,,,,
FUND/USA,Asset Management,0.9723,0.52763,624,,,,,,,,
BN/IQI,Asset Management,0.8339,0.52763,624,,,,,,,,
ALRS/FCCO,Banks - Regional,0.8585,0.52763,624,,,,,,,,
EOI/WIA,Asset Management,0.8421,0.52763,624,,,,,,,,
MCD/RICK,Restaurants,0.8607,0.52764,624,,,,,,,,
CBAN/WAFD,Banks - Regional,0.9307,0.52765,624,,,,,,,,
EHI/JPC,Asset Management,0.9443,0.52765,624,,,,,,,,
CHW/FMN,Asset Management,0.8624,0.52766,624,,,,,,,,
IMCV/PPH,Unknown,0.9571,0.52767,624,,,,,,,,
BTA/TY,Asset Management,0.9346,0.52767,624,,,,,,,,
FCBC/PFIS,Banks - Regional,0.8924,0.52767,624,,,,,,,,
BN/MPA,Asset Management,0.8529,0.52767,624,,,,,,,,
SBCF/WABC,Banks - Regional,0.917,0.52767,624,,,,,,,,
BLW/IIF,Asset Management,0.9,0.52768,624,,,,,,,,
CZFS/THFF,Banks - Regional,0.8584,0.52768,624,,,,,,,,
FRA/TY,Asset Management,0.931,0.5277,624,,,,,,,,
AMAT/ASML,Semiconductor Equipment & Materials,0.984,0.52773,624,,,,,,,,
ALRS/CBAN,Banks - Regional,0.8952,0.52773,624,,,,,,,,
HYT/NCA,Asset Management,0.8574,0.52773,624,,,,,,,,
IGR/SEIC,Asset Management,0.8217,0.52774,624,,,,,,,,
MHF/NIE,Asset Management,0.9017,0.52774,624,,,,,,,,
FRA/JEQ,Asset Management,0.8388,0.52775,624,,,,,,,,
ABCB/INBK,Banks - Regional,0.8499,0.52775,624,,,,,,,,
AWP/VCV,Asset Management,0.8825,0.52776,624,,,,,,,,
FAB/ONEQ,Unknown,0.9592,0.52776,624,,,,,,,,
BHK/VLT,Asset Management,0.9294,0.52777,624,,,,,,,,
IQI/JEQ,Asset Management,0.9026,0.52777,624,,,,,,,,
JQC/NUV,Asset Management,0.8457,0.52778,624,,,,,,,,
FUND/GDL,Asset Management,0.9207,0.52778,624,,,,,,,,
CIF/EOS,Asset Management,0.8774,0.52779,624,,,,,,,,
FMAO/PEBO,Banks - Regional,0.8664,0.5278,624,,,,,,,,
CB/THG,Insurance - Property & Casualty,0.9318,0.5278,624,,,,,,,,
FT/PMM,Asset Management,0.9008,0.5278,624,,,,,,,,
FT/TROW,Asset Management,0.8648,0.5278,624,,,,,,,,
FRME/WAFD,Banks - Regional,0.9641,0.52781,624,,,,,,,,
BANF/MNSB,Banks - Regional,0.8145,0.52782,624,,,,,,,,
PTY/VCV,Asset Management,0.8703,0.52783,624,,,,,,,,
MCI/MIN,Asset Management,0.8122,0.52784,624,,,,,,,,
CHW/NUW,Asset Management,0.86,0.52784,624,,,,,,,,
CHN/JHS,Asset Management,0.8719,0.52785,624,,,,,,,,
IGF/WOOD,Unknown,0.9189,0.52785,624,,,,,,,,
JLS/MHF,Asset Management,0.9267,0.52786,624,,,,,,,,
GDV/MCR,Asset Management,0.9473,0.52787,624,,,,,,,,
EVG/MPV,Asset Management,0.9507,0.52787,624,,,,,,,,
AWP/HQL,Asset Management,0.8876,0.52791,624,,,,,,,,
HFWA/TOWN,Banks - Regional,0.8982,0.52792,624,,,,,,,,
MFM/TROW,Asset Management,0.8469,0.52793,624,,,,,,,,
CINF/TRV,Insurance - Property & Casualty,0.9635,0.52794,624,,,,,,,,
FDBC/QCRH,Banks - Regional,0.8099,0.52794,624,,,,,,,,
MVF/PCN,Asset Management,0.8379,0.52795,624,,,,,,,,
UTF/VCV,Asset Management,0.8566,0.52795,624,,,,,,,,
FNX/PRN,Unknown,0.9807,0.52797,624,,,,,,,,
OPBK/WAL,Banks - Regional,0.8911,0.52797,624,,,,,,,,
EHI/ETJ,Asset Management,0.9243,0.52797,624,,,,,,,,
BKH/SR,Utilities - Regulated Gas,0.9532,0.52798,624,,,,,,,,
ESLT/GD,Aerospace & Defense,0.9112,0.52799,624,,,,,,,,
CNOB/HBCP,Banks - Regional,0.9023,0.52799,624,,,,,,,,
OSBC/TFC,Banks - Regional,0.8622,0.52799,624,,,,,,,,
CHW/MHN,Asset Management,0.8526,0.52799,624,,,,,,,,
AWP/TY,Asset Management,0.9416,0.528,624,,,,,,,,
BLW/SAR,Asset Management,0.9555,0.52801,624,,,,,,,,
NWBI/STBA,Banks - Regional,0.9547,0.52802,624,,,,,,,,
AWF/VTN,Asset Management,0.8368,0.52803,624,,,,,,,,
IQI/RQI,Asset Management,0.8913,0.52803,624,,,,,,,,
IBCP/OFG,Banks - Regional,0.821,0.52805,624,,,,,,,,
NXN/RMT,Asset Management,0.8588,0.52806,624,,,,,,,,
JRS/VTN,Asset Management,0.8679,0.52806,624,,,,,,,,
FMAO/QCRH,Banks - Regional,0.815,0.52807,624,,,,,,,,
CGO/MFM,Asset Management,0.853,0.52808,624,,,,,,,,
GAM/WEA,Asset Management,0.8773,0.52809,624,,,,,,,,
PFF/QQXT,Unknown,0.9396,0.52809,624,,,,,,,,
ETJ/GDO,Asset Management,0.9103,0.52809,624,,,,,,,,
GRX/JLS,Asset Management,0.8936,0.5281,624,,,,,,,,
CPT/ESS,REIT - Residential,0.9444,0.52811,624,,,,,,,,
BX/ETJ,Asset Management,0.9362,0.52813,624,,,,,,,,
PKW/PNQI,Unknown,0.8977,0.52815,624,,,,,,,,
PPBI/PROV,Banks - Regional,0.8271,0.52815,624,,,,,,,,
BOH/UBSI,Banks - Regional,0.9034,0.52816,624,,,,,,,,
ACN/FORTY,Information Technology Services,0.9451,0.52817,624,,,,,,,,
CII/FT,Asset Management,0.9754,0.52818,624,,,,,,,,
HDB/WABC,Banks - Regional,0.858,0.52819,624,,,,,,,,
CVCO/LEN,Residential Construction,0.9206,0.5282,624,,,,,,,,
IBKR/SCHW,Capital Markets,0.8403,0.52821,624,,,,,,,,
FTA/ONEQ,Unknown,0.9621,0.52822,624,,,,,,,,
FAB/PEZ,Unknown,0.9605,0.52824,624,,,,,,,,
CHY/GDL,Asset Management,0.9192,0.52824,624,,,,,,,,
CNS/MFIC,Asset Management,0.8043,0.52824,624,,,,,,,,
MCI/PFN,Asset Management,0.8666,0.52825,624,,,,,,,,
HTD/SCD,Asset Management,0.9108,0.52825,624,,,,,,,,
FFA/JQC,Asset Management,0.9541,0.52828,624,,,,,,,,
MMT/PIM,Asset Management,0.9459,0.52828,624,,,,,,,,
FXNC/UCB,Banks - Regional,0.8877,0.52829,624,,,,,,,,
IGD/VBF,Asset Management,0.8263,0.52829,624,,,,,,,,
ADX/EFR,Asset Management,0.9694,0.5283,624,,,,,,,,
EOD/PFG,Asset Management,0.9239,0.5283,624,,,,,,,,
FMNB/NWBI,Banks - Regional,0.9344,0.52831,624,,,,,,,,
CASH/FXNC,Banks - Regional,0.8715,0.52833,624,,,,,,,,
OIA/PHK,Asset Management,0.84,0.52833,624,,,,,,,,
GBCI/NKSH,Banks - Regional,0.8218,0.52834,624,,,,,,,,
CFR/PNC,Banks - Regional,0.9597,0.52835,624,,,,,,,,
FCNCA/SYBT,Banks - Regional,0.8227,0.52835,624,,,,,,,,
JEQ/NEA,Asset Management,0.9106,0.52836,624,,,,,,,,
FTCS/PEY,Unknown,0.9836,0.52837,624,,,,,,,,
BGT/JHI,Asset Management,0.8781,0.52837,624,,,,,,,,
QCRH/SBSI,Banks - Regional,0.9032,0.52837,624,,,,,,,,
PPH/USIG,Unknown,0.8305,0.52838,624,,,,,,,,
AOD/ASG,Asset Management,0.9312,0.52839,624,,,,,,,,
AME/EMR,Specialty Industrial Machinery,0.9767,0.5284,624,,,,,,,,
SCD/TSI,Asset Management,0.8993,0.52841,624,,,,,,,,
MCI/RMT,Asset Management,0.884,0.52841,624,,,,,,,,
PCM/PFD,Asset Management,0.8965,0.52841,624,,,,,,,,
FFA/FT,Asset Management,0.9818,0.52841,624,,,,,,,,
IFN/VLT,Asset Management,0.9114,0.52842,624,,,,,,,,
HQL/MAIN,Asset Management,0.821,0.52842,624,,,,,,,,
EWBC/UBFO,Banks - Regional,0.8754,0.52843,624,,,,,,,,
CBAN/LKFN,Banks - Regional,0.8834,0.52844,624,,,,,,,,
PFN/SOR,Asset Management,0.9533,0.52844,624,,,,,,,,
HIO/SPE,Asset Management,0.9515,0.52846,624,,,,,,,,
ALL/SIGI,Insurance - Property & Casualty,0.9271,0.52846,624,,,,,,,,
ETO/IIM,Asset Management,0.8634,0.52847,624,,,,,,,,
JRS/SBI,Asset Management,0.8906,0.52848,624,,,,,,,,
BN/PNNT,Asset Management,0.8813,0.52848,624,,,,,,,,
JLS/JRS,Asset Management,0.9068,0.52849,624,,,,,,,,
PNFP/RF,Banks - Regional,0.9465,0.5285,624,,,,,,,,
LKFN/PEBO,Banks - Regional,0.9172,0.5285,624,,,,,,,,
FUNC/UBSI,Banks - Regional,0.8509,0.5285,624,,,,,,,,
EEA/IQI,Asset Management,0.8034,0.52851,624,,,,,,,,
FTC/PPH,Unknown,0.9379,0.52851,624,,,,,,,,
HFWA/TRMK,Banks - Regional,0.9215,0.52852,624,,,,,,,,
CHCO/HWC,Banks - Regional,0.8679,0.52853,624,,,,,,,,
OZK/SFNC,Banks - Regional,0.8426,0.52854,624,,,,,,,,
PHK/SOR,Asset Management,0.8391,0.52854,624,,,,,,,,
UVSP/ZIONP,Banks - Regional,0.8764,0.52855,624,,,,,,,,
FOF/VBF,Asset Management,0.9181,0.52855,624,,,,,,,,
EFR/JEQ,Asset Management,0.8712,0.52855,624,,,,,,,,
BXMX/HPS,Asset Management,0.9667,0.52856,624,,,,,,,,
JEQ/MYD,Asset Management,0.8665,0.52857,624,,,,,,,,
GDL/NXP,Asset Management,0.9013,0.52858,624,,,,,,,,
DVY/INDY,Unknown,0.9485,0.52858,624,,,,,,,,
SGU/VLO,Oil & Gas Refining & Marketing,0.9065,0.52858,624,,,,,,,,
HFBL/PNFP,Banks - Regional,0.8337,0.52861,624,,,,,,,,
CAF/MUJ,Asset Management,0.8089,0.52861,624,,,,,,,,
ATGE/LRN,Education & Training Services,0.8164,0.52862,624,,,,,,,,
PNFP/SRCE,Banks - Regional,0.9438,0.52862,624,,,,,,,,
FCBC/NBTB,Banks - Regional,0.974,0.52863,624,,,,,,,,
DDT/PYZ,Unknown,0.9573,0.52863,624,,,,,,,,
AFB/HPF,Asset Management,0.9059,0.52867,624,,,,,,,,
LARK/NWBI,Banks - Regional,0.8654,0.52868,624,,,,,,,,
TOWN/WSBC,Banks - Regional,0.898,0.52868,624,,,,,,,,
SPXX/WEA,Asset Management,0.91,0.52869,624,,,,,,,,
GRID/QQXT,Unknown,0.9641,0.52869,624,,,,,,,,
HTD/UTF,Asset Management,0.9781,0.5287,624,,,,,,,,
PNC/ZION,Banks - Regional,0.9585,0.52872,624,,,,,,,,
AGD/MCN,Asset Management,0.9414,0.52873,624,,,,,,,,
JLS/NMI,Asset Management,0.8966,0.52873,624,,,,,,,,
HPI/SPE,Asset Management,0.9068,0.52874,624,,,,,,,,
FCT/PFD,Asset Management,0.818,0.52875,624,,,,,,,,
MFM/PTY,Asset Management,0.8716,0.52878,624,,,,,,,,
BLW/RQI,Asset Management,0.9646,0.52879,624,,,,,,,,
BOH/MTB,Banks - Regional,0.9117,0.52879,624,,,,,,,,
LGI/RFI,Asset Management,0.9654,0.5288,624,,,,,,,,
PMM/PTY,Asset Management,0.9199,0.5288,624,,,,,,,,
CBAN/CBFV,Banks - Regional,0.8864,0.52881,624,,,,,,,,
PAI/TY,Asset Management,0.9137,0.52882,624,,,,,,,,
FTCS/IGIB,Unknown,0.9148,0.52883,624,,,,,,,,
PPBI/TFSL,Banks - Regional,0.8511,0.52883,624,,,,,,,,
GAIN/JMM,Asset Management,0.8656,0.52883,624,,,,,,,,
CHW/PAI,Asset Management,0.9195,0.52884,624,,,,,,,,
JQC/NIM,Asset Management,0.8603,0.52884,624,,,,,,,,
DUK/ETR,Utilities - Regulated Electric,0.9309,0.52886,624,,,,,,,,
FCT/NAN,Asset Management,0.837,0.52886,624,,,,,,,,
NUV/WIA,Asset Management,0.893,0.52887,624,,,,,,,,
CASH/NECB,Banks - Regional,0.9205,0.52888,624,,,,,,,,
DHIL/JRS,Asset Management,0.8708,0.52889,624,,,,,,,,
FMY/SEIC,Asset Management,0.8336,0.52889,624,,,,,,,,
OPBK/PFS,Banks - Regional,0.8524,0.52889,624,,,,,,,,
BTO/CSQ,Asset Management,0.9216,0.5289,624,,,,,,,,
GDV/RNP,Asset Management,0.9789,0.5289,624,,,,,,,,
IDXX/RVTY,Diagnostics & Research,0.9448,0.52892,624,,,,,,,,
PFG/STEW,Asset Management,0.9514,0.52893,624,,,,,,,,
DHF/NAC,Asset Management,0.8347,0.52893,624,,,,,,,,
CMU/TROW,Asset Management,0.8183,0.52894,624,,,,,,,,
BTZ/NUW,Asset Management,0.92,0.52894,624,,,,,,,,
ETJ/NMI,Asset Management,0.8031,0.52896,624,,,,,,,,
BANF/OBT,Banks - Regional,0.9473,0.52898,624,,,,,,,,
NVS/SNY,Drug Manufacturers - General,0.9502,0.52899,624,,,,,,,,
EEA/GAB,Asset Management,0.9589,0.52899,624,,,,,,,,
GAB/MYI,Asset Management,0.8063,0.529,624,,,,,,,,
EXG/PHK,Asset Management,0.8223,0.52902,624,,,,,,,,
BTO/CGO,Asset Management,0.926,0.52902,624,,,,,,,,
AMP/RVT,Asset Management,0.9222,0.52902,624,,,,,,,,
FAB/QQQ,Unknown,0.954,0.52903,624,,,,,,,,
AUB/STBA,Banks - Regional,0.9285,0.52903,624,,,,,,,,
CNO/GL,Insurance - Life,0.8738,0.52903,624,,,,,,,,
AOD/GAM,Asset Management,0.9509,0.52905,624,,,,,,,,
ETJ/IIF,Asset Management,0.8847,0.52906,624,,,,,,,,
EOS/PHD,Asset Management,0.9619,0.52906,624,,,,,,,,
BKT/EHI,Asset Management,0.8871,0.52907,624,,,,,,,,
DSU/NMZ,Asset Management,0.8237,0.5291,624,,,,,,,,
GLAD/JHI,Asset Management,0.8727,0.5291,624,,,,,,,,
GJS/WOOD,Unknown,0.9182,0.52911,624,,,,,,,,
IT/LDOS,Information Technology Services,0.9169,0.52912,624,,,,,,,,
BFC/QCRH,Banks - Regional,0.9208,0.52912,624,,,,,,,,
FOF/HIO,Asset Management,0.974,0.52913,624,,,,,,,,
SSB/TRST,Banks - Regional,0.9064,0.52914,624,,,,,,,,
BX/SCD,Asset Management,0.9583,0.52914,624,,,,,,,,
DHIL/JQC,Asset Management,0.8295,0.52916,624,,,,,,,,
FOF/NZF,Asset Management,0.8888,0.52918,624,,,,,,,,
CMA/PFBC,Banks - Regional,0.8561,0.52919,624,,,,,,,,
AEE/EXC,Utilities - Regulated Electric,0.9244,0.52919,624,,,,,,,,
COO/UTMD,Medical Instruments & Supplies,0.877,0.5292,624,,,,,,,,
PEZ/PIZ,Unknown,0.9694,0.52923,624,,,,,,,,
ETY/FT,Asset Management,0.9754,0.52923,624,,,,,,,,
FCF/HDB,Banks - Regional,0.9015,0.52924,624,,,,,,,,
HTD/MHF,Asset Management,0.9359,0.52924,624,,,,,,,,
JHX/SMID,Building Materials,0.8743,0.52926,624,,,,,,,,
GAIN/JRS,Asset Management,0.8876,0.52926,624,,,,,,,,
MHN/PML,Asset Management,0.9294,0.52927,624,,,,,,,,
FULT/UBSI,Banks - Regional,0.9365,0.52927,624,,,,,,,,
JCE/MHF,Asset Management,0.8968,0.52929,624,,,,,,,,
NSP/RHI,Staffing & Employment Services,0.865,0.5293,624,,,,,,,,
BTA/FFA,Asset Management,0.8764,0.52932,624,,,,,,,,
JLS/KTF,Asset Management,0.8297,0.52933,624,,,,,,,,
NIE/UTF,Asset Management,0.9721,0.52934,624,,,,,,,,
BTA/CAF,Asset Management,0.8126,0.52935,624,,,,,,,,
IGD/RFI,Asset Management,0.9129,0.52936,624,,,,,,,,
GAM/HPS,Asset Management,0.9268,0.52936,624,,,,,,,,
NECB/SMBC,Banks - Regional,0.8724,0.52937,624,,,,,,,,
PEZ/QQQ,Unknown,0.9595,0.52937,624,,,,,,,,
MUJ/RQI,Asset Management,0.9211,0.52937,624,,,,,,,,
BME/CIF,Asset Management,0.8965,0.52938,624,,,,,,,,
IGD/QQQX,Asset Management,0.9407,0.52938,624,,,,,,,,
ADX/ASG,Asset Management,0.9255,0.52939,624,,,,,,,,
FRME/OSBC,Banks - Regional,0.9457,0.52943,624,,,,,,,,
PDT/WIA,Asset Management,0.8681,0.52945,624,,,,,,,,
PCN/PHK,Asset Management,0.8641,0.52946,624,,,,,,,,
EEA/NZF,Asset Management,0.8368,0.52946,624,,,,,,,,
FYX/IGIB,Unknown,0.8843,0.52948,624,,,,,,,,
PEZ/QQXT,Unknown,0.9671,0.52952,624,,,,,,,,
NCA/TROW,Asset Management,0.8222,0.52952,624,,,,,,,,
JEQ/NAC,Asset Management,0.8759,0.52953,624,,,,,,,,
ALL/MCY,Insurance - Property & Casualty,0.8243,0.52957,624,,,,,,,,
NWBI/WTBA,Banks - Regional,0.9069,0.52957,624,,,,,,,,
BOKF/HOMB,Banks - Regional,0.9154,0.52957,624,,,,,,,,
CIF/HPI,Asset Management,0.9311,0.52959,624,,,,,,,,
BLW/BME,Asset Management,0.948,0.5296,624,,,,,,,,
CHY/DSU,Asset Management,0.9459,0.5296,624,,,,,,,,
GAB/MCI,Asset Management,0.8778,0.5296,624,,,,,,,,
CGO/CSQ,Asset Management,0.9503,0.5296,624,,,,,,,,
KTF/PDT,Asset Management,0.8196,0.52961,624,,,,,,,,
CHY/EOD,Asset Management,0.9455,0.52962,624,,,,,,,,
ETW/PSEC,Asset Management,0.8603,0.52964,624,,,,,,,,
GCBC/TOWN,Banks - Regional,0.847,0.52964,624,,,,,,,,
USLM/VMC,Building Materials,0.8181,0.52965,624,,,,,,,,
AGYS/SAP,Software - Application,0.8406,0.52966,624,,,,,,,,
ASG/NMZ,Asset Management,0.9099,0.52967,624,,,,,,,,
FRME/ISBA,Banks - Regional,0.8785,0.5297,624,,,,,,,,
MNDO/PTC,Software - Application,0.8888,0.5297,624,,,,,,,,
CASH/PKBK,Banks - Regional,0.893,0.52971,624,,,,,,,,
MMT/RQI,Asset Management,0.9609,0.52971,624,,,,,,,,
RCS/VTN,Asset Management,0.841,0.52972,624,,,,,,,,
BLW/NEA,Asset Management,0.8851,0.52972,624,,,,,,,,
BOE/MIY,Asset Management,0.817,0.52972,624,,,,,,,,
CBAN/NKSH,Banks - Regional,0.8535,0.52974,624,,,,,,,,
EOI/JFR,Asset Management,0.9478,0.52974,624,,,,,,,,
EOD/HQH,Asset Management,0.8123,0.52974,624,,,,,,,,
PPH/PRN,Unknown,0.933,0.52975,624,,,,,,,,
IIF/JQC,Asset Management,0.8976,0.52976,624,,,,,,,,
GJH/INDY,Unknown,0.9045,0.52981,624,,,,,,,,
HFWA/KEY,Banks - Regional,0.8988,0.52981,624,,,,,,,,
FHI/HPI,Asset Management,0.8543,0.52981,624,,,,,,,,
BDJ/NVG,Asset Management,0.8594,0.52982,624,,,,,,,,
PTY/SBI,Asset Management,0.8353,0.52983,624,,,,,,,,
FMBH/TFSL,Banks - Regional,0.8468,0.52984,624,,,,,,,,
BX/MAIN,Asset Management,0.9332,0.52984,624,,,,,,,,
PEZ/QTEC,Unknown,0.9639,0.52984,624,,,,,,,,
FT/MIY,Asset Management,0.8886,0.52985,624,,,,,,,,
SRCE/ZIONP,Banks - Regional,0.9021,0.52987,624,,,,,,,,
EWBC/MOFG,Banks - Regional,0.8197,0.52988,624,,,,,,,,
RF/ZIONP,Banks - Regional,0.859,0.52989,624,,,,,,,,
DNP/PFD,Asset Management,0.8548,0.5299,624,,,,,,,,
CII/CSQ,Asset Management,0.9926,0.52991,624,,,,,,,,
BJK/IJT,Unknown,0.8294,0.52991,624,,,,,,,,
JLS/JOF,Asset Management,0.9308,0.52992,624,,,,,,,,
AWF/GAB,Asset Management,0.954,0.52993,624,,,,,,,,
MHI/MPA,Asset Management,0.8736,0.52993,624,,,,,,,,
AWF/JEQ,Asset Management,0.9063,0.52993,624,,,,,,,,
GAB/PAI,Asset Management,0.8179,0.52998,624,,,,,,,,
BANC/TRST,Banks - Regional,0.8086,0.53,624,,,,,,,,
MAIN/PPT,Asset Management,0.8708,0.53002,624,,,,,,,,
JCE/RCS,Asset Management,0.8311,0.53003,624,,,,,,,,
DNP/SPXX,Asset Management,0.9499,0.53003,624,,,,,,,,
ETO/SCD,Asset Management,0.9444,0.53005,624,,,,,,,,
PNFP/UBFO,Banks - Regional,0.8748,0.53005,624,,,,,,,,
CRUS/MCHP,Semiconductors,0.9105,0.53007,624,,,,,,,,
ETO/MYI,Asset Management,0.8685,0.53008,624,,,,,,,,
ADX/GRX,Asset Management,0.9232,0.5301,624,,,,,,,,
GAM/SEIC,Asset Management,0.897,0.53011,624,,,,,,,,
ACNB/FRAF,Banks - Regional,0.9448,0.53012,624,,,,,,,,
BTA/FOF,Asset Management,0.9026,0.53012,624,,,,,,,,
AIA/FTCS,Unknown,0.8784,0.53012,624,,,,,,,,
JEQ/SPE,Asset Management,0.8816,0.53013,624,,,,,,,,
GRID/RTH,Unknown,0.9729,0.53013,624,,,,,,,,
GAB/VBF,Asset Management,0.8644,0.53014,624,,,,,,,,
BCBP/SSBI,Banks - Regional,0.8852,0.53014,624,,,,,,,,
CBU/HFWA,Banks - Regional,0.9116,0.53016,624,,,,,,,,
ACNB/CVBF,Banks - Regional,0.8769,0.53016,624,,,,,,,,
EOS/GDL,Asset Management,0.9435,0.53018,624,,,,,,,,
JCE/OIA,Asset Management,0.8709,0.53021,624,,,,,,,,
NMZ/PCN,Asset Management,0.9375,0.53023,624,,,,,,,,
AGD/OCSL,Asset Management,0.8141,0.53024,624,,,,,,,,
BANF/FHN,Banks - Regional,0.8375,0.53025,624,,,,,,,,
EVT/PFO,Asset Management,0.8951,0.53026,624,,,,,,,,
CBSH/PNC,Banks - Regional,0.9634,0.53026,624,,,,,,,,
ECL/IOSP,Specialty Chemicals,0.9242,0.53026,624,,,,,,,,
GCBC/HWC,Banks - Regional,0.8473,0.53027,624,,,,,,,,
CCEP/PEP,Beverages - Non-Alcoholic,0.9164,0.53027,624,,,,,,,,
JLS/MMU,Asset Management,0.8917,0.53028,624,,,,,,,,
MYD/PTY,Asset Management,0.8352,0.53028,624,,,,,,,,
FRAF/UBCP,Banks - Regional,0.9025,0.53028,624,,,,,,,,
JEQ/MFM,Asset Management,0.8813,0.5303,624,,,,,,,,
EFR/MSD,Asset Management,0.8926,0.5303,624,,,,,,,,
CGO/PFD,Asset Management,0.8982,0.53032,624,,,,,,,,
FI/LDOS,Information Technology Services,0.9678,0.53034,624,,,,,,,,
HIO/MPV,Asset Management,0.8995,0.53035,624,,,,,,,,
GJO/IGIB,Unknown,0.9,0.53035,624,,,,,,,,
JHI/PFG,Asset Management,0.817,0.53036,624,,,,,,,,
HON/VMI,Conglomerates,0.8625,0.53037,624,,,,,,,,
NRK/WIW,Asset Management,0.8882,0.53037,624,,,,,,,,
EVT/PMM,Asset Management,0.8994,0.53038,624,,,,,,,,
EWBC/FNLC,Banks - Regional,0.9217,0.53039,624,,,,,,,,
EWBC/PB,Banks - Regional,0.9284,0.53039,624,,,,,,,,
PFL/TWN,Asset Management,0.8579,0.5304,624,,,,,,,,
NEA/WIW,Asset Management,0.9032,0.53041,624,,,,,,,,
JLS/NFJ,Asset Management,0.8622,0.53041,624,,,,,,,,
AVAV/NOC,Aerospace & Defense,0.8415,0.53045,624,,,,,,,,
CHN/NEA,Asset Management,0.853,0.53047,624,,,,,,,,
CSWC/DSU,Asset Management,0.9735,0.53047,624,,,,,,,,
BME/FT,Asset Management,0.9564,0.53048,624,,,,,,,,
BTA/PPT,Asset Management,0.9125,0.53049,624,,,,,,,,
HTD/STK,Asset Management,0.9079,0.53049,624,,,,,,,,
BYM/EOS,Asset Management,0.8182,0.5305,624,,,,,,,,
GF/HIX,Asset Management,0.8955,0.5305,624,,,,,,,,
FFIN/RBCAA,Banks - Regional,0.8609,0.53051,624,,,,,,,,
FSFG/TRMK,Banks - Regional,0.9385,0.53051,624,,,,,,,,
ACNB/MPB,Banks - Regional,0.9027,0.53054,624,,,,,,,,
MUFG/SMFG,Banks - Diversified,0.9571,0.53056,624,,,,,,,,
BTO/IAE,Asset Management,0.8044,0.53059,624,,,,,,,,
HBNC/PROV,Banks - Regional,0.8573,0.53059,624,,,,,,,,
ADM/BG,Farm Products,0.8823,0.53059,624,,,,,,,,
PRN/PSL,Unknown,0.954,0.53061,624,,,,,,,,
ETG/NMI,Asset Management,0.8092,0.53061,624,,,,,,,,
IBN/PNFP,Banks - Regional,0.8251,0.53061,624,,,,,,,,
HOMB/PFIS,Banks - Regional,0.9071,0.53062,624,,,,,,,,
JQC/MIY,Asset Management,0.8479,0.53062,624,,,,,,,,
AWP/HPI,Asset Management,0.9329,0.53063,624,,,,,,,,
MNSB/PPBI,Banks - Regional,0.8822,0.53064,624,,,,,,,,
MTZ/PRIM,Engineering & Construction,0.8152,0.53064,624,,,,,,,,
AOD/VPV,Asset Management,0.8007,0.53065,624,,,,,,,,
DHIL/DSU,Asset Management,0.817,0.53065,624,,,,,,,,
BXMX/PFG,Asset Management,0.9588,0.53066,624,,,,,,,,
FMY/MCI,Asset Management,0.898,0.53066,624,,,,,,,,
JFR/JHS,Asset Management,0.8034,0.53067,624,,,,,,,,
CNP/XEL,Utilities - Regulated Electric,0.8773,0.53069,624,,,,,,,,
FFC/HQL,Asset Management,0.9297,0.53069,624,,,,,,,,
OSBC/PPBI,Banks - Regional,0.8595,0.53069,624,,,,,,,,
CHI/FUND,Asset Management,0.9666,0.5307,624,,,,,,,,
BFC/OBT,Banks - Regional,0.9159,0.5307,624,,,,,,,,
BLK/NFJ,Asset Management,0.9724,0.5307,624,,,,,,,,
ETV/NPV,Asset Management,0.8137,0.53072,624,,,,,,,,
HBAN/ZIONP,Banks - Regional,0.9166,0.53073,624,,,,,,,,
ALRS/TCBK,Banks - Regional,0.8876,0.53073,624,,,,,,,,
BTO/SBI,Asset Management,0.829,0.53075,624,,,,,,,,
FXNC/TCBK,Banks - Regional,0.8738,0.53076,624,,,,,,,,
MORN/SPGI,Financial Data & Stock Exchanges,0.9751,0.53076,624,,,,,,,,
FT/SOR,Asset Management,0.9775,0.53076,624,,,,,,,,
ASG/MIY,Asset Management,0.9001,0.53077,624,,,,,,,,
IBN/RBCAA,Banks - Regional,0.8959,0.53077,624,,,,,,,,
EOD/JLS,Asset Management,0.8282,0.53078,624,,,,,,,,
ETV/JFR,Asset Management,0.9376,0.53078,624,,,,,,,,
NXC/PCM,Asset Management,0.8948,0.53079,624,,,,,,,,
ACNB/WTFC,Banks - Regional,0.9299,0.5308,624,,,,,,,,
CMU/HYT,Asset Management,0.8088,0.5308,624,,,,,,,,
ASG/JCE,Asset Management,0.9083,0.53081,624,,,,,,,,
NWBI/USB,Banks - Regional,0.9223,0.53081,624,,,,,,,,
CXE/RCS,Asset Management,0.8206,0.53083,624,,,,,,,,
NWBI/PNFP,Banks - Regional,0.8888,0.53084,624,,,,,,,,
EOS/HQL,Asset Management,0.8621,0.53085,624,,,,,,,,
JEQ/MQY,Asset Management,0.896,0.53085,624,,,,,,,,
PFI/QABA,Unknown,0.9074,0.53085,624,,,,,,,,
FTA/IJT,Unknown,0.9799,0.53085,624,,,,,,,,
HAFC/HOMB,Banks - Regional,0.8366,0.53086,624,,,,,,,,
AWF/NIM,Asset Management,0.8903,0.53086,624,,,,,,,,
FAD/PIO,Unknown,0.9865,0.53088,624,,,,,,,,
PEZ/PUI,Unknown,0.9143,0.53088,624,,,,,,,,
MBB/VCIT,Unknown,0.9551,0.5309,624,,,,,,,,
GJO/PIO,Unknown,0.9498,0.53091,624,,,,,,,,
CHW/NMI,Asset Management,0.859,0.53092,624,,,,,,,,
EVF/MHF,Asset Management,0.8708,0.53092,624,,,,,,,,
PAR/PTC,Software - Application,0.8905,0.53093,624,,,,,,,,
IEUS/QABA,Unknown,0.9194,0.53093,624,,,,,,,,
GSBC/UVSP,Banks - Regional,0.9269,0.53096,624,,,,,,,,
EHI/PHK,Asset Management,0.8417,0.53096,624,,,,,,,,
ASH/IOSP,Specialty Chemicals,0.9237,0.53096,624,,,,,,,,
CBAN/HWC,Banks - Regional,0.8207,0.53096,624,,,,,,,,
CHI/STK,Asset Management,0.9711,0.53097,624,,,,,,,,
ETV/LEO,Asset Management,0.8082,0.53097,624,,,,,,,,
MMT/USA,Asset Management,0.9572,0.53099,624,,,,,,,,
GJS/PIO,Unknown,0.9419,0.53099,624,,,,,,,,
FFIN/WASH,Banks - Regional,0.8372,0.53101,624,,,,,,,,
AMP/FOF,Asset Management,0.9347,0.53101,624,,,,,,,,
LARK/OPBK,Banks - Regional,0.8554,0.53102,624,,,,,,,,
HTBK/UBFO,Banks - Regional,0.8748,0.53103,624,,,,,,,,
EGBN/MOFG,Banks - Regional,0.8246,0.53103,624,,,,,,,,
BTA/USA,Asset Management,0.8858,0.53106,624,,,,,,,,
INBK/WSBF,Banks - Regional,0.8309,0.53107,624,,,,,,,,
ABCB/CCNE,Banks - Regional,0.9213,0.53109,624,,,,,,,,
ETO/MFM,Asset Management,0.8385,0.5311,624,,,,,,,,
CNOB/WSBC,Banks - Regional,0.9257,0.5311,624,,,,,,,,
EVT/NXN,Asset Management,0.8907,0.5311,624,,,,,,,,
FCT/PPT,Asset Management,0.8713,0.53111,624,,,,,,,,
HIX/RVT,Asset Management,0.9272,0.53111,624,,,,,,,,
BLDR/LPX,Building Products & Equipment,0.9234,0.53112,624,,,,,,,,
ETV/NXP,Asset Management,0.9425,0.53113,624,,,,,,,,
FFC/IGR,Asset Management,0.9145,0.53116,624,,,,,,,,
CXH/DHF,Asset Management,0.8733,0.53116,624,,,,,,,,
LGI/VLT,Asset Management,0.9686,0.5312,624,,,,,,,,
MSFT/SNPS,Software - Infrastructure,0.9863,0.5312,624,,,,,,,,
GSBC/TCBK,Banks - Regional,0.9693,0.5312,624,,,,,,,,
SNV/TCBK,Banks - Regional,0.9245,0.53121,624,,,,,,,,
EVG/EVN,Asset Management,0.8209,0.53121,624,,,,,,,,
GF/NQP,Asset Management,0.8368,0.53121,624,,,,,,,,
JOF/NUV,Asset Management,0.8788,0.53121,624,,,,,,,,
HFWA/QCRH,Banks - Regional,0.8251,0.53122,624,,,,,,,,
FRA/GDO,Asset Management,0.8216,0.53122,624,,,,,,,,
KTF/NPV,Asset Management,0.8168,0.53124,624,,,,,,,,
EFSC/ZION,Banks - Regional,0.9257,0.53124,624,,,,,,,,
GRID/QTEC,Unknown,0.9733,0.53124,624,,,,,,,,
EWBC/MBWM,Banks - Regional,0.9519,0.53128,624,,,,,,,,
NTRS/VTN,Asset Management,0.8154,0.53128,624,,,,,,,,
CHW/NXJ,Asset Management,0.9386,0.53128,624,,,,,,,,
BME/NAN,Asset Management,0.877,0.53129,624,,,,,,,,
FTA/USIG,Unknown,0.8493,0.5313,624,,,,,,,,
KTN/PID,Unknown,0.8369,0.53131,624,,,,,,,,
IBKR/SF,Capital Markets,0.9326,0.53132,624,,,,,,,,
SSB/UBSI,Banks - Regional,0.9535,0.53132,624,,,,,,,,
WAL/WTFC,Banks - Regional,0.8831,0.53132,624,,,,,,,,
SHW/WDFC,Specialty Chemicals,0.9536,0.53133,624,,,,,,,,
BKT/EMD,Asset Management,0.8638,0.53133,624,,,,,,,,
BCBP/BRKL,Banks - Regional,0.8232,0.53134,624,,,,,,,,
ADP/MANH,Software - Application,0.9332,0.53135,624,,,,,,,,
IGIB/PEY,Unknown,0.8829,0.53135,624,,,,,,,,
FMNB/UBSI,Banks - Regional,0.9009,0.53135,624,,,,,,,,
AB/FUND,Asset Management,0.9569,0.53135,624,,,,,,,,
DLX/MATW,Conglomerates,0.8221,0.53136,624,,,,,,,,
FFA/GCV,Asset Management,0.8905,0.53137,624,,,,,,,,
BTZ/MUA,Asset Management,0.9282,0.5314,624,,,,,,,,
CNS/FRA,Asset Management,0.9159,0.5314,624,,,,,,,,
ACIW/FFIV,Software - Infrastructure,0.8544,0.5314,624,,,,,,,,
CBSH/TRMK,Banks - Regional,0.9349,0.53142,624,,,,,,,,
EVT/NXJ,Asset Management,0.9203,0.53143,624,,,,,,,,
AWP/FMN,Asset Management,0.8564,0.53143,624,,,,,,,,
FAD/PRN,Unknown,0.9789,0.53144,624,,,,,,,,
ADX/CNS,Asset Management,0.9653,0.53146,624,,,,,,,,
AOD/PMM,Asset Management,0.8393,0.53146,624,,,,,,,,
NWBI/WAL,Banks - Regional,0.8465,0.53148,624,,,,,,,,
FCBC/WAFD,Banks - Regional,0.914,0.53148,624,,,,,,,,
RCS/SEIC,Asset Management,0.8665,0.53149,624,,,,,,,,
AUB/SYBT,Banks - Regional,0.881,0.5315,624,,,,,,,,
MPV/PCM,Asset Management,0.8392,0.53152,624,,,,,,,,
BXMX/WEA,Asset Management,0.9107,0.53154,624,,,,,,,,
FYX/PFM,Unknown,0.9762,0.53154,624,,,,,,,,
FXNC/WSFS,Banks - Regional,0.8592,0.53155,624,,,,,,,,
HDB/PFS,Banks - Regional,0.8306,0.53156,624,,,,,,,,
EOS/EXG,Asset Management,0.9847,0.53157,624,,,,,,,,
AOD/VLT,Asset Management,0.9376,0.53158,624,,,,,,,,
IGD/MIN,Asset Management,0.809,0.5316,624,,,,,,,,
CFR/PPBI,Banks - Regional,0.8293,0.5316,624,,,,,,,,
EOI/MCI,Asset Management,0.9498,0.5316,624,,,,,,,,
GLAD/VBF,Asset Management,0.8117,0.53162,624,,,,,,,,
BHK/BLK,Asset Management,0.8829,0.53163,624,,,,,,,,
PMX/TDF,Asset Management,0.8345,0.53163,624,,,,,,,,
TDG/VSEC,Aerospace & Defense,0.909,0.53164,624,,,,,,,,
FAB/PFI,Unknown,0.9726,0.53164,624,,,,,,,,
ACNB/USB,Banks - Regional,0.8333,0.53166,624,,,,,,,,
PFL/STT,Asset Management,0.8509,0.53167,624,,,,,,,,
BX/FT,Asset Management,0.9253,0.53169,624,,,,,,,,
FMY/STEW,Asset Management,0.9121,0.53169,624,,,,,,,,
EVRG/OGE,Utilities - Regulated Electric,0.9205,0.5317,624,,,,,,,,
FTC/JSM,Unknown,0.9228,0.5317,624,,,,,,,,
SXI/TNC,Specialty Industrial Machinery,0.8911,0.53171,624,,,,,,,,
CASH/NBN,Banks - Regional,0.9041,0.53173,624,,,,,,,,
EXG/PSEC,Asset Management,0.8907,0.53173,624,,,,,,,,
GAIN/LGI,Asset Management,0.9664,0.53173,624,,,,,,,,
HIFS/PGC,Banks - Regional,0.8997,0.53174,624,,,,,,,,
EOT/PCF,Asset Management,0.8511,0.53176,624,,,,,,,,
C/CM,Banks - Diversified,0.8046,0.53178,624,,,,,,,,
EMB/PFI,Unknown,0.8522,0.53179,624,,,,,,,,
FFA/WIA,Asset Management,0.8713,0.5318,624,,,,,,,,
PFM/PYZ,Unknown,0.9551,0.5318,624,,,,,,,,
NEA/RNP,Asset Management,0.9053,0.53181,624,,,,,,,,
ASG/MHN,Asset Management,0.8263,0.53182,624,,,,,,,,
EFT/GRX,Asset Management,0.8854,0.53183,624,,,,,,,,
EOT/ETG,Asset Management,0.8054,0.53183,624,,,,,,,,
CGO/EMF,Asset Management,0.8562,0.53185,624,,,,,,,,
CHN/MQY,Asset Management,0.8161,0.53185,624,,,,,,,,
JEQ/JPC,Asset Management,0.9394,0.53186,624,,,,,,,,
BLW/MHN,Asset Management,0.8043,0.53186,624,,,,,,,,
CHT/T,Telecom Services,0.8057,0.53187,624,,,,,,,,
RNP/TY,Asset Management,0.9841,0.53188,624,,,,,,,,
CTBI/TFSL,Banks - Regional,0.8126,0.5319,624,,,,,,,,
CCBG/FCBC,Banks - Regional,0.9563,0.5319,624,,,,,,,,
DSU/VBF,Asset Management,0.8763,0.53191,624,,,,,,,,
PID/PIE,Unknown,0.8107,0.53191,624,,,,,,,,
RCS/STEW,Asset Management,0.8292,0.53191,624,,,,,,,,
GAM/JPC,Asset Management,0.8898,0.53193,624,,,,,,,,
BTZ/VPV,Asset Management,0.9496,0.53194,624,,,,,,,,
ADX/FFA,Asset Management,0.9917,0.53195,624,,,,,,,,
SFNC/TRST,Banks - Regional,0.9005,0.53196,624,,,,,,,,
CNS/PHD,Asset Management,0.9301,0.53197,624,,,,,,,,
ETN/ROK,Specialty Industrial Machinery,0.8393,0.53201,624,,,,,,,,
NPO/TAYD,Specialty Industrial Machinery,0.8131,0.53201,624,,,,,,,,
BSRR/TRST,Banks - Regional,0.9301,0.53202,624,,,,,,,,
SOR/WIW,Asset Management,0.8585,0.53203,624,,,,,,,,
HAFC/WBS,Banks - Regional,0.8261,0.53203,624,,,,,,,,
AAXJ/IJT,Unknown,0.9004,0.53204,624,,,,,,,,
CHI/FCT,Asset Management,0.9462,0.53204,624,,,,,,,,
BX/NFJ,Asset Management,0.9379,0.53204,624,,,,,,,,
EHI/NFJ,Asset Management,0.9369,0.53206,624,,,,,,,,
DNP/NXC,Asset Management,0.8842,0.53207,624,,,,,,,,
BCML/WABC,Banks - Regional,0.836,0.5321,624,,,,,,,,
GDL/MMU,Asset Management,0.8284,0.53211,624,,,,,,,,
HYT/VRTS,Asset Management,0.8357,0.53211,624,,,,,,,,
GBCI/TOWN,Banks - Regional,0.9133,0.53212,624,,,,,,,,
BANF/UCB,Banks - Regional,0.8572,0.53214,624,,,,,,,,
TWN/VVR,Asset Management,0.9433,0.53215,624,,,,,,,,
BOE/NIM,Asset Management,0.8393,0.53216,624,,,,,,,,
GDV/MSD,Asset Management,0.8904,0.53217,624,,,,,,,,
PFN/RCS,Asset Management,0.8836,0.53217,624,,,,,,,,
CFR/RBCAA,Banks - Regional,0.9162,0.53221,624,,,,,,,,
BKT/GF,Asset Management,0.8805,0.53221,624,,,,,,,,
FMAO/OPBK,Banks - Regional,0.8299,0.53221,624,,,,,,,,
GBCI/SFNC,Banks - Regional,0.8552,0.53221,624,,,,,,,,
FOF/GRX,Asset Management,0.9448,0.53221,624,,,,,,,,
MNSB/OVLY,Banks - Regional,0.8578,0.53223,624,,,,,,,,
BME/JPC,Asset Management,0.9342,0.53223,624,,,,,,,,
AX/UVSP,Banks - Regional,0.891,0.53223,624,,,,,,,,
GF/PMX,Asset Management,0.8463,0.53224,624,,,,,,,,
EFT/FT,Asset Management,0.9508,0.53224,624,,,,,,,,
EBMT/PEBO,Banks - Regional,0.8451,0.53225,624,,,,,,,,
ETN/MWA,Specialty Industrial Machinery,0.887,0.53225,624,,,,,,,,
GJS/SCZ,Unknown,0.9207,0.53225,624,,,,,,,,
GBCI/MTB,Banks - Regional,0.9077,0.53226,624,,,,,,,,
EFR/IGD,Asset Management,0.9573,0.53226,624,,,,,,,,
EXG/MYI,Asset Management,0.8471,0.53226,624,,,,,,,,
BME/MPA,Asset Management,0.893,0.53231,624,,,,,,,,
ASG/PIM,Asset Management,0.9079,0.53231,624,,,,,,,,
CGO/JQC,Asset Management,0.9142,0.53233,624,,,,,,,,
STM/TXN,Semiconductors,0.9237,0.53233,624,,,,,,,,
JEQ/NKX,Asset Management,0.9034,0.53233,624,,,,,,,,
HPF/STK,Asset Management,0.89,0.53235,624,,,,,,,,
RTH/VCSH,Unknown,0.952,0.53235,624,,,,,,,,
BTA/GAIN,Asset Management,0.8391,0.53235,624,,,,,,,,
HPI/TWN,Asset Management,0.8038,0.53237,624,,,,,,,,
NAN/PFD,Asset Management,0.9594,0.53237,624,,,,,,,,
EFR/RCS,Asset Management,0.8367,0.53238,624,,,,,,,,
CGO/SCD,Asset Management,0.8819,0.53238,624,,,,,,,,
RQI/WIA,Asset Management,0.8954,0.53238,624,,,,,,,,
AMP/UTF,Asset Management,0.8954,0.53239,624,,,,,,,,
AXS/MTG,Insurance - Specialty,0.8892,0.5324,624,,,,,,,,
FUNC/IBN,Banks - Regional,0.8594,0.53241,624,,,,,,,,
BLK/EVF,Asset Management,0.9569,0.53242,624,,,,,,,,
BFC/FRME,Banks - Regional,0.8564,0.53242,624,,,,,,,,
ASG/NMT,Asset Management,0.8352,0.53242,624,,,,,,,,
ARR/IVR,REIT - Mortgage,0.8024,0.53243,624,,,,,,,,
ETO/NQP,Asset Management,0.8993,0.53243,624,,,,,,,,
HOMB/KEY,Banks - Regional,0.8752,0.53245,624,,,,,,,,
PLBC/ZIONP,Banks - Regional,0.8625,0.53245,624,,,,,,,,
ETJ/HTGC,Asset Management,0.9282,0.53245,624,,,,,,,,
BDJ/PDT,Asset Management,0.9416,0.53246,624,,,,,,,,
RNP/VRTS,Asset Management,0.8047,0.53247,624,,,,,,,,
SMH/SWZ,Unknown,0.9048,0.53248,624,,,,,,,,
CSQ/JQC,Asset Management,0.948,0.53248,624,,,,,,,,
ABCB/NBTB,Banks - Regional,0.9567,0.53248,624,,,,,,,,
EXC/PNW,Utilities - Regulated Electric,0.8007,0.53248,624,,,,,,,,
AOD/BXMX,Asset Management,0.9634,0.53249,624,,,,,,,,
IPB/WOOD,Unknown,0.9206,0.53251,624,,,,,,,,
FFIN/OSBC,Banks - Regional,0.8503,0.53254,624,,,,,,,,
AWP/VLT,Asset Management,0.9461,0.53254,624,,,,,,,,
NWBI/TOWN,Banks - Regional,0.9461,0.53255,624,,,,,,,,
JHI/PIM,Asset Management,0.9068,0.53256,624,,,,,,,,
MMU/TY,Asset Management,0.8267,0.53258,624,,,,,,,,
CGO/JLS,Asset Management,0.8813,0.53258,624,,,,,,,,
FCBC/SSB,Banks - Regional,0.8916,0.53258,624,,,,,,,,
HPF/NTRS,Asset Management,0.9277,0.53258,624,,,,,,,,
AOD/MMT,Asset Management,0.9349,0.53262,624,,,,,,,,
FLC/JEQ,Asset Management,0.9462,0.53262,624,,,,,,,,
INBK/SFST,Banks - Regional,0.8499,0.53262,624,,,,,,,,
BN/MUJ,Asset Management,0.8613,0.53263,624,,,,,,,,
SMBC/TFSL,Banks - Regional,0.851,0.53264,624,,,,,,,,
FUND/IGA,Asset Management,0.9473,0.53264,624,,,,,,,,
MCR/SOR,Asset Management,0.9381,0.53264,624,,,,,,,,
PCN/PMO,Asset Management,0.9366,0.53264,624,,,,,,,,
FFIN/HBNC,Banks - Regional,0.8829,0.53264,624,,,,,,,,
IGR/NCA,Asset Management,0.8398,0.53264,624,,,,,,,,
HFBL/ZION,Banks - Regional,0.8792,0.53264,624,,,,,,,,
SMBC/WSBF,Banks - Regional,0.8984,0.53264,624,,,,,,,,
BFK/HQH,Asset Management,0.8289,0.53265,624,,,,,,,,
BTZ/VCV,Asset Management,0.9354,0.53266,624,,,,,,,,
AWF/GDV,Asset Management,0.9769,0.53268,624,,,,,,,,
ASG/NAD,Asset Management,0.9113,0.53268,624,,,,,,,,
CII/DNP,Asset Management,0.9288,0.53268,624,,,,,,,,
SCD/SWKH,Asset Management,0.8058,0.53269,624,,,,,,,,
GGG/JBTM,Specialty Industrial Machinery,0.869,0.53271,624,,,,,,,,
GDV/NXN,Asset Management,0.8883,0.53273,624,,,,,,,,
IBN/UNTY,Banks - Regional,0.9004,0.53273,624,,,,,,,,
CXE/TROW,Asset Management,0.8266,0.53273,624,,,,,,,,
BDJ/NIM,Asset Management,0.8629,0.53274,624,,,,,,,,
BFK/CGO,Asset Management,0.8033,0.53274,624,,,,,,,,
FORTY/JKHY,Information Technology Services,0.9284,0.53276,624,,,,,,,,
CRM/SAP,Software - Application,0.9034,0.53277,624,,,,,,,,
ETV/MMU,Asset Management,0.8244,0.53277,624,,,,,,,,
DUK/OGE,Utilities - Regulated Electric,0.9462,0.53278,624,,,,,,,,
GDV/RCS,Asset Management,0.856,0.53279,624,,,,,,,,
BPOP/FBNC,Banks - Regional,0.8792,0.5328,624,,,,,,,,
ETW/NVG,Asset Management,0.9029,0.53283,624,,,,,,,,
PDT/VTN,Asset Management,0.8805,0.53285,624,,,,,,,,
ASGN/HCKT,Information Technology Services,0.8533,0.53286,624,,,,,,,,
FOF/VPV,Asset Management,0.8679,0.53287,624,,,,,,,,
LEA/THRM,Auto Parts,0.8156,0.53288,624,,,,,,,,
EEA/NXC,Asset Management,0.8288,0.53289,624,,,,,,,,
AWP/IQI,Asset Management,0.8952,0.53289,624,,,,,,,,
EEA/NTRS,Asset Management,0.8781,0.53289,624,,,,,,,,
CIF/PHK,Asset Management,0.8219,0.5329,624,,,,,,,,
ETW/VBF,Asset Management,0.9216,0.53291,624,,,,,,,,
FYX/VCIT,Unknown,0.8787,0.53292,624,,,,,,,,
HQL/RQI,Asset Management,0.8873,0.53293,624,,,,,,,,
QQQ/QTEC,Unknown,0.9929,0.53293,624,,,,,,,,
JFR/PAI,Asset Management,0.8226,0.53293,624,,,,,,,,
KEY/OZK,Banks - Regional,0.8287,0.53293,624,,,,,,,,
MAIN/NXP,Asset Management,0.867,0.53295,624,,,,,,,,
EEA/PMO,Asset Management,0.844,0.53295,624,,,,,,,,
ETW/JFR,Asset Management,0.9412,0.53296,624,,,,,,,,
GRID/PTF,Unknown,0.9823,0.53296,624,,,,,,,,
BTA/BXMX,Asset Management,0.8924,0.53296,624,,,,,,,,
FLC/VTN,Asset Management,0.9182,0.53296,624,,,,,,,,
BYM/GRX,Asset Management,0.9134,0.53297,624,,,,,,,,
ADX/NTRS,Asset Management,0.8609,0.53298,624,,,,,,,,
BTZ/SBI,Asset Management,0.9136,0.53299,624,,,,,,,,
CMA/GABC,Banks - Regional,0.8843,0.53299,624,,,,,,,,
BLW/NAN,Asset Management,0.876,0.53302,624,,,,,,,,
CFFI/HOMB,Banks - Regional,0.8897,0.53304,624,,,,,,,,
G/INFY,Information Technology Services,0.8738,0.53305,624,,,,,,,,
GDL/JHI,Asset Management,0.9055,0.53308,624,,,,,,,,
AOD/HIO,Asset Management,0.937,0.53308,624,,,,,,,,
BGY/SPE,Asset Management,0.9618,0.53309,624,,,,,,,,
BME/IQI,Asset Management,0.8866,0.53311,624,,,,,,,,
GD/WWD,Aerospace & Defense,0.915,0.53311,624,,,,,,,,
JMM/SPE,Asset Management,0.8942,0.53311,624,,,,,,,,
FUND/RQI,Asset Management,0.9419,0.53312,624,,,,,,,,
BTO/IIM,Asset Management,0.8467,0.53312,624,,,,,,,,
DOV/GGG,Specialty Industrial Machinery,0.979,0.53312,624,,,,,,,,
BCML/RF,Banks - Regional,0.8716,0.53313,624,,,,,,,,
AWP/CXH,Asset Management,0.8824,0.53313,624,,,,,,,,
EVT/QQQX,Asset Management,0.9871,0.53316,624,,,,,,,,
EFR/HQL,Asset Management,0.8239,0.53317,624,,,,,,,,
RJF/RQI,Asset Management,0.9149,0.53318,624,,,,,,,,
BKN/BLW,Asset Management,0.8316,0.53318,624,,,,,,,,
CII/SEIC,Asset Management,0.8868,0.53319,624,,,,,,,,
FRST/GSBC,Banks - Regional,0.8433,0.5332,624,,,,,,,,
FT/NMI,Asset Management,0.8402,0.5332,624,,,,,,,,
IIF/RFI,Asset Management,0.854,0.53321,624,,,,,,,,
RGA/RNR,Insurance - Reinsurance,0.9327,0.53323,624,,,,,,,,
ARCC/RVT,Asset Management,0.9585,0.53324,624,,,,,,,,
BFC/CHMG,Banks - Regional,0.9134,0.53324,624,,,,,,,,
CXH/HPS,Asset Management,0.915,0.53325,624,,,,,,,,
CIF/JCE,Asset Management,0.8528,0.53326,624,,,,,,,,
ETY/JLS,Asset Management,0.8841,0.53326,624,,,,,,,,
FT/PNNT,Asset Management,0.8688,0.53327,624,,,,,,,,
JEQ/PMO,Asset Management,0.9094,0.53328,624,,,,,,,,
AWF/NQP,Asset Management,0.9004,0.53328,624,,,,,,,,
MIY/TROW,Asset Management,0.8953,0.53329,624,,,,,,,,
GAM/OIA,Asset Management,0.8289,0.5333,624,,,,,,,,
GRX/HIO,Asset Management,0.9383,0.53331,624,,,,,,,,
FTA/VCIT,Unknown,0.869,0.53331,624,,,,,,,,
CHN/NXP,Asset Management,0.8059,0.53332,624,,,,,,,,
MIY/RNP,Asset Management,0.9083,0.53334,624,,,,,,,,
IEF/VCIT,Unknown,0.9212,0.53336,624,,,,,,,,
ASG/PCN,Asset Management,0.9449,0.53336,624,,,,,,,,
OSBC/TOWN,Banks - Regional,0.9502,0.53337,624,,,,,,,,
BGY/MCI,Asset Management,0.8952,0.53338,624,,,,,,,,
AAXJ/PKW,Unknown,0.83,0.53341,624,,,,,,,,
BTO/MUJ,Asset Management,0.8755,0.53342,624,,,,,,,,
AMD/TSM,Semiconductors,0.9275,0.53343,624,,,,,,,,
AGX/EME,Engineering & Construction,0.8661,0.53343,624,,,,,,,,
ETV/NAC,Asset Management,0.8459,0.53343,624,,,,,,,,
JEQ/PCM,Asset Management,0.9106,0.53343,624,,,,,,,,
IIF/SAR,Asset Management,0.9089,0.53344,624,,,,,,,,
ADX/PFL,Asset Management,0.9461,0.53344,624,,,,,,,,
CHW/EMF,Asset Management,0.8463,0.53344,624,,,,,,,,
ASG/PMM,Asset Management,0.9231,0.53345,624,,,,,,,,
PDT/SBI,Asset Management,0.892,0.53346,624,,,,,,,,
MVF/PDT,Asset Management,0.875,0.53347,624,,,,,,,,
JLS/NTRS,Asset Management,0.9153,0.53347,624,,,,,,,,
DDT/FYX,Unknown,0.9684,0.53348,624,,,,,,,,
BRKL/CFFN,Banks - Regional,0.8032,0.53348,624,,,,,,,,
BLK/FLC,Asset Management,0.8867,0.53348,624,,,,,,,,
ETO/NMZ,Asset Management,0.9025,0.53349,624,,,,,,,,
QABA/SCZ,Unknown,0.9316,0.5335,624,,,,,,,,
BGY/PSEC,Asset Management,0.8349,0.53352,624,,,,,,,,
ATS/CMI,Specialty Industrial Machinery,0.8225,0.53352,624,,,,,,,,
HPS/HQH,Asset Management,0.8915,0.53353,624,,,,,,,,
CVBF/FCBC,Banks - Regional,0.8585,0.53353,624,,,,,,,,
OZK/PEBO,Banks - Regional,0.8574,0.53354,624,,,,,,,,
PEY/TVE,Unknown,0.8062,0.53357,624,,,,,,,,
CASH/PBHC,Banks - Regional,0.8394,0.53358,624,,,,,,,,
CNS/FUND,Asset Management,0.9404,0.53359,624,,,,,,,,
ITT/NDSN,Specialty Industrial Machinery,0.9147,0.53361,624,,,,,,,,
HQL/JQC,Asset Management,0.885,0.53362,624,,,,,,,,
HCI/MKL,Insurance - Property & Casualty,0.8547,0.53363,624,,,,,,,,
AMP/ETW,Asset Management,0.8663,0.53364,624,,,,,,,,
CHW/VCV,Asset Management,0.8891,0.53365,624,,,,,,,,
EVG/PIM,Asset Management,0.9059,0.53368,624,,,,,,,,
BOE/DNP,Asset Management,0.898,0.53368,624,,,,,,,,
GAB/MUJ,Asset Management,0.8306,0.53369,624,,,,,,,,
JOF/NIM,Asset Management,0.8517,0.5337,624,,,,,,,,
IJT/VCIT,Unknown,0.9171,0.5337,624,,,,,,,,
FLIC/SFNC,Banks - Regional,0.8893,0.53373,624,,,,,,,,
BCBP/HFWA,Banks - Regional,0.83,0.53374,624,,,,,,,,
GAM/MCN,Asset Management,0.943,0.53374,624,,,,,,,,
ALGN/ATRC,Medical Instruments & Supplies,0.9185,0.53375,624,,,,,,,,
FBNC/NBTB,Banks - Regional,0.9523,0.53375,624,,,,,,,,
AWP/NKX,Asset Management,0.8835,0.53376,624,,,,,,,,
GOF/JEQ,Asset Management,0.917,0.53376,624,,,,,,,,
FRA/MCR,Asset Management,0.8775,0.53377,624,,,,,,,,
ETO/JHS,Asset Management,0.8761,0.53378,624,,,,,,,,
PID/PRFZ,Unknown,0.9487,0.53379,624,,,,,,,,
DOV/PH,Specialty Industrial Machinery,0.934,0.53379,624,,,,,,,,
BLW/MCN,Asset Management,0.9405,0.5338,624,,,,,,,,
ARCC/OIA,Asset Management,0.8111,0.53382,624,,,,,,,,
AX/CTBI,Banks - Regional,0.9452,0.53383,624,,,,,,,,
ABT/BRKR,Medical Devices,0.9295,0.53383,624,,,,,,,,
BX/MCI,Asset Management,0.9259,0.53383,624,,,,,,,,
AWP/NIM,Asset Management,0.8954,0.53383,624,,,,,,,,
PEBO/WABC,Banks - Regional,0.8611,0.53384,624,,,,,,,,
BDJ/VPV,Asset Management,0.8337,0.53384,624,,,,,,,,
FTCS/IMCV,Unknown,0.9839,0.53385,624,,,,,,,,
FFA/GAM,Asset Management,0.9798,0.53386,624,,,,,,,,
FMY/VVR,Asset Management,0.8834,0.53387,624,,,,,,,,
CGO/JHS,Asset Management,0.9065,0.53387,624,,,,,,,,
SEIC/WEA,Asset Management,0.8769,0.53387,624,,,,,,,,
DVY/PID,Unknown,0.9437,0.53388,624,,,,,,,,
HIX/JLS,Asset Management,0.8641,0.53389,624,,,,,,,,
CHN/GDO,Asset Management,0.8506,0.53389,624,,,,,,,,
IEUS/TVE,Unknown,0.8565,0.53391,624,,,,,,,,
PGC/SYBT,Banks - Regional,0.8368,0.53391,624,,,,,,,,
CIF/TDF,Asset Management,0.8079,0.53392,624,,,,,,,,
EOS/EVF,Asset Management,0.9653,0.53392,624,,,,,,,,
ROK/RRX,Specialty Industrial Machinery,0.933,0.53393,624,,,,,,,,
ETW/JHS,Asset Management,0.8909,0.53394,624,,,,,,,,
MUA/PIM,Asset Management,0.8914,0.53394,624,,,,,,,,
BLK/MCN,Asset Management,0.9561,0.53396,624,,,,,,,,
AROW/INBK,Banks - Regional,0.8098,0.53396,624,,,,,,,,
BLE/HQL,Asset Management,0.8533,0.53398,624,,,,,,,,
ETY/JOF,Asset Management,0.8526,0.53399,624,,,,,,,,
FCBC/PFBC,Banks - Regional,0.9676,0.53401,624,,,,,,,,
ASG/AVK,Asset Management,0.8376,0.53401,624,,,,,,,,
ETV/JRS,Asset Management,0.9421,0.53401,624,,,,,,,,
BTO/PMO,Asset Management,0.8791,0.53401,624,,,,,,,,
DHF/NAZ,Asset Management,0.821,0.53405,624,,,,,,,,
ACNB/WBS,Banks - Regional,0.9026,0.53407,624,,,,,,,,
FMBH/WABC,Banks - Regional,0.8781,0.53408,624,,,,,,,,
DRD/WPM,Gold,0.9141,0.53409,624,,,,,,,,
CHI/JHI,Asset Management,0.9459,0.53409,624,,,,,,,,
ETG/NVG,Asset Management,0.8628,0.5341,624,,,,,,,,
PMX/PPT,Asset Management,0.8054,0.5341,624,,,,,,,,
EXG/HYT,Asset Management,0.9802,0.53411,624,,,,,,,,
AWK/WTRG,Utilities - Regulated Water,0.9764,0.53411,624,,,,,,,,
DNP/UTF,Asset Management,0.9672,0.53412,624,,,,,,,,
FTCS/PID,Unknown,0.9283,0.53412,624,,,,,,,,
JLS/MCN,Asset Management,0.8039,0.53413,624,,,,,,,,
ACNB/TOWN,Banks - Regional,0.9299,0.53415,624,,,,,,,,
PFBC/WSBC,Banks - Regional,0.8587,0.53416,624,,,,,,,,
ACNB/PFIS,Banks - Regional,0.9108,0.53417,624,,,,,,,,
GRID/PFI,Unknown,0.942,0.53419,624,,,,,,,,
IVR/TWO,REIT - Mortgage,0.8714,0.5342,624,,,,,,,,
GAB/MIN,Asset Management,0.8564,0.53421,624,,,,,,,,
BLW/EVN,Asset Management,0.8597,0.53422,624,,,,,,,,
SNV/WSBC,Banks - Regional,0.9141,0.53422,624,,,,,,,,
BFK/GRX,Asset Management,0.8524,0.53424,624,,,,,,,,
ACWX/FTA,Unknown,0.9589,0.53425,624,,,,,,,,
BFC/PKBK,Banks - Regional,0.9127,0.53425,624,,,,,,,,
GRX/VVR,Asset Management,0.8629,0.53425,624,,,,,,,,
ETV/NKX,Asset Management,0.8958,0.53426,624,,,,,,,,
CHW/EOT,Asset Management,0.8779,0.53429,624,,,,,,,,
CSQ/GDL,Asset Management,0.9399,0.5343,624,,,,,,,,
EVG/HIX,Asset Management,0.9106,0.5343,624,,,,,,,,
DNP/HIO,Asset Management,0.9151,0.53432,624,,,,,,,,
GSBC/UCB,Banks - Regional,0.935,0.53432,624,,,,,,,,
EPSN/TPL,Oil & Gas E&P,0.8352,0.53433,624,,,,,,,,
LKFN/ONB,Banks - Regional,0.9144,0.53434,624,,,,,,,,
IMCV/QQQ,Unknown,0.9507,0.53437,624,,,,,,,,
BKN/PFN,Asset Management,0.8796,0.53439,624,,,,,,,,
FMAO/KEY,Banks - Regional,0.8464,0.53441,624,,,,,,,,
AOD/HPS,Asset Management,0.9224,0.53441,624,,,,,,,,
UTF/VBF,Asset Management,0.9358,0.53442,624,,,,,,,,
ETV/PHK,Asset Management,0.8374,0.53443,624,,,,,,,,
BANF/BANR,Banks - Regional,0.8818,0.53444,624,,,,,,,,
FTA/IGIB,Unknown,0.8681,0.53445,624,,,,,,,,
FT/HTD,Asset Management,0.9748,0.53445,624,,,,,,,,
DHIL/PHD,Asset Management,0.8146,0.53445,624,,,,,,,,
CBU/HDB,Banks - Regional,0.9347,0.53445,624,,,,,,,,
BLW/NMT,Asset Management,0.8086,0.53446,624,,,,,,,,
OSIS/TEL,Electronic Components,0.8233,0.53446,624,,,,,,,,
AAXJ/FTC,Unknown,0.8655,0.53447,624,,,,,,,,
OZK/PB,Banks - Regional,0.8379,0.53448,624,,,,,,,,
EVF/MFIC,Asset Management,0.9091,0.53448,624,,,,,,,,
BTZ/VMO,Asset Management,0.9268,0.53449,624,,,,,,,,
EXC/TXNM,Utilities - Regulated Electric,0.8502,0.53449,624,,,,,,,,
AFG/ALL,Insurance - Property & Casualty,0.9517,0.5345,624,,,,,,,,
GLAD/HIX,Asset Management,0.8271,0.53451,624,,,,,,,,
EMD/JLS,Asset Management,0.8861,0.53451,624,,,,,,,,
GDL/MYD,Asset Management,0.8207,0.53451,624,,,,,,,,
EGBN/WSBC,Banks - Regional,0.8131,0.53454,624,,,,,,,,
ABT/ITGR,Medical Devices,0.9029,0.53455,624,,,,,,,,
ELS/EQR,REIT - Residential,0.9321,0.53455,624,,,,,,,,
SWKH/UTF,Asset Management,0.8389,0.53455,624,,,,,,,,
NOG/OVV,Oil & Gas E&P,0.8477,0.53455,624,,,,,,,,
AMP/PCF,Asset Management,0.8826,0.53455,624,,,,,,,,
EWBC/HOMB,Banks - Regional,0.9284,0.53456,624,,,,,,,,
ETW/NXN,Asset Management,0.9026,0.53457,624,,,,,,,,
RMT/SAR,Asset Management,0.9567,0.53457,624,,,,,,,,
DMLP/EPSN,Oil & Gas E&P,0.8734,0.53458,624,,,,,,,,
AFB/GF,Asset Management,0.8555,0.53458,624,,,,,,,,
MNSB/TFC,Banks - Regional,0.8711,0.53459,624,,,,,,,,
APD/PPG,Specialty Chemicals,0.8838,0.5346,624,,,,,,,,
PRFZ/VCIT,Unknown,0.8794,0.53461,624,,,,,,,,
PAMT/WERN,Trucking,0.8206,0.53462,624,,,,,,,,
CGO/MCR,Asset Management,0.9519,0.53463,624,,,,,,,,
ASX/MRVL,Semiconductors,0.8808,0.53464,624,,,,,,,,
EEA/NNY,Asset Management,0.8023,0.53464,624,,,,,,,,
NWBI/UMBF,Banks - Regional,0.8626,0.53467,624,,,,,,,,
APH/PLXS,Electronic Components,0.9643,0.53468,624,,,,,,,,
BSRR/UBSI,Banks - Regional,0.8896,0.53468,624,,,,,,,,
CM/JPM,Banks - Diversified,0.9463,0.53468,624,,,,,,,,
ETO/NNY,Asset Management,0.8588,0.53468,624,,,,,,,,
BDJ/PFD,Asset Management,0.8212,0.53469,624,,,,,,,,
JBK/USIG,Unknown,0.958,0.53469,624,,,,,,,,
HTGC/JRS,Asset Management,0.8467,0.53469,624,,,,,,,,
JRS/QQQX,Asset Management,0.9226,0.53469,624,,,,,,,,
ARCC/HIO,Asset Management,0.9247,0.53469,624,,,,,,,,
FHN/IBOC,Banks - Regional,0.8225,0.53469,624,,,,,,,,
BGT/PPT,Asset Management,0.8381,0.53469,624,,,,,,,,
EVT/WIA,Asset Management,0.8842,0.5347,624,,,,,,,,
ADX/IIF,Asset Management,0.9215,0.5347,624,,,,,,,,
SFST/TCBK,Banks - Regional,0.9019,0.5347,624,,,,,,,,
IGSB/QTEC,Unknown,0.9635,0.53471,624,,,,,,,,
PDT/VKQ,Asset Management,0.9176,0.53471,624,,,,,,,,
FRA/OIA,Asset Management,0.8092,0.53472,624,,,,,,,,
ETO/VCV,Asset Management,0.8526,0.53472,624,,,,,,,,
BTZ/EOT,Asset Management,0.9177,0.53473,624,,,,,,,,
ETW/NAN,Asset Management,0.8752,0.53474,624,,,,,,,,
IBN/UMBF,Banks - Regional,0.8298,0.53474,624,,,,,,,,
EFR/MHF,Asset Management,0.8713,0.53475,624,,,,,,,,
BTZ/PFL,Asset Management,0.9747,0.53476,624,,,,,,,,
PEZ/QQEW,Unknown,0.9694,0.53477,624,,,,,,,,
CHI/STEW,Asset Management,0.9582,0.53477,624,,,,,,,,
BTA/PFL,Asset Management,0.9474,0.53478,624,,,,,,,,
CHCO/UMBF,Banks - Regional,0.8952,0.53478,624,,,,,,,,
JQC/NEA,Asset Management,0.8369,0.53478,624,,,,,,,,
AOD/BGY,Asset Management,0.9681,0.53479,624,,,,,,,,
MFIC/TY,Asset Management,0.8034,0.53479,624,,,,,,,,
BKH/NI,Utilities - Regulated Gas,0.911,0.53483,624,,,,,,,,
EEA/MIY,Asset Management,0.8153,0.53484,624,,,,,,,,
EVF/HIX,Asset Management,0.8776,0.53484,624,,,,,,,,
JLS/OXSQ,Asset Management,0.8338,0.53486,624,,,,,,,,
EEA/PAI,Asset Management,0.8365,0.53486,624,,,,,,,,
LKFN/SSB,Banks - Regional,0.8752,0.53487,624,,,,,,,,
NNY/PTY,Asset Management,0.8888,0.53487,624,,,,,,,,
ETG/MCI,Asset Management,0.9207,0.53488,624,,,,,,,,
ASB/PWOD,Banks - Regional,0.836,0.53489,624,,,,,,,,
STM/SWKS,Semiconductors,0.8234,0.53489,624,,,,,,,,
EMR/RRX,Specialty Industrial Machinery,0.9396,0.5349,624,,,,,,,,
IGA/MCN,Asset Management,0.9363,0.5349,624,,,,,,,,
PDP/PUI,Unknown,0.9555,0.5349,624,,,,,,,,
EFT/MHF,Asset Management,0.8727,0.5349,624,,,,,,,,
PNC/RF,Banks - Regional,0.9786,0.5349,624,,,,,,,,
NECB/ORRF,Banks - Regional,0.8392,0.53493,624,,,,,,,,
FTCS/PPH,Unknown,0.9485,0.53493,624,,,,,,,,
PEY/QABA,Unknown,0.9332,0.53494,624,,,,,,,,
CBSH/MTB,Banks - Regional,0.9153,0.53494,624,,,,,,,,
HIG/WTM,Insurance - Property & Casualty,0.9631,0.53494,624,,,,,,,,
GRID/IGSB,Unknown,0.9136,0.53494,624,,,,,,,,
GRX/HTD,Asset Management,0.9563,0.53496,624,,,,,,,,
FMAO/RNST,Banks - Regional,0.823,0.53496,624,,,,,,,,
EFT/UTF,Asset Management,0.9286,0.53497,624,,,,,,,,
AWF/VMO,Asset Management,0.8373,0.53497,624,,,,,,,,
PFL/SPXX,Asset Management,0.9634,0.53498,624,,,,,,,,
HPS/PCF,Asset Management,0.9665,0.53498,624,,,,,,,,
BLK/GAIN,Asset Management,0.9598,0.53499,624,,,,,,,,
GOVI/USIG,Unknown,0.8897,0.535,624,,,,,,,,
NZF/PIM,Asset Management,0.9257,0.535,624,,,,,,,,
PFM/QQQ,Unknown,0.9844,0.53502,624,,,,,,,,
BLW/MUC,Asset Management,0.8006,0.53503,624,,,,,,,,
EFSC/SBSI,Banks - Regional,0.939,0.53503,624,,,,,,,,
FEX/QABA,Unknown,0.8918,0.53503,624,,,,,,,,
CIVB/OPBK,Banks - Regional,0.887,0.53503,624,,,,,,,,
GOF/WIA,Asset Management,0.88,0.53505,624,,,,,,,,
HFWA/SBSI,Banks - Regional,0.8903,0.53505,624,,,,,,,,
BKT/HIO,Asset Management,0.8386,0.53506,624,,,,,,,,
DNP/FHI,Asset Management,0.8951,0.53506,624,,,,,,,,
GOF/HQL,Asset Management,0.8854,0.53507,624,,,,,,,,
EFT/PFG,Asset Management,0.9181,0.53507,624,,,,,,,,
AWF/GRX,Asset Management,0.9345,0.53508,624,,,,,,,,
IGD/RCS,Asset Management,0.8512,0.5351,624,,,,,,,,
IBB/WOOD,Unknown,0.876,0.53511,624,,,,,,,,
INBK/PB,Banks - Regional,0.817,0.53515,624,,,,,,,,
EOI/ETG,Asset Management,0.9858,0.53515,624,,,,,,,,
CHN/WIW,Asset Management,0.8119,0.53515,624,,,,,,,,
FFIN/WSFS,Banks - Regional,0.8684,0.53515,624,,,,,,,,
BCBP/LCNB,Banks - Regional,0.8307,0.53516,624,,,,,,,,
BHK/BN,Asset Management,0.8794,0.53517,624,,,,,,,,
BDJ/PFO,Asset Management,0.8659,0.53518,624,,,,,,,,
IUSV/QQQ,Unknown,0.9792,0.53518,624,,,,,,,,
NVG/PCK,Asset Management,0.822,0.53521,624,,,,,,,,
FEX/GRID,Unknown,0.9709,0.53522,624,,,,,,,,
FUND/JQC,Asset Management,0.9136,0.53526,624,,,,,,,,
CHI/MHF,Asset Management,0.8839,0.53527,624,,,,,,,,
CII/GAM,Asset Management,0.972,0.53527,624,,,,,,,,
ETV/RMT,Asset Management,0.9715,0.53529,624,,,,,,,,
CXH/ETB,Asset Management,0.8578,0.5353,624,,,,,,,,
BPOP/CCBG,Banks - Regional,0.9271,0.5353,624,,,,,,,,
AWF/SBI,Asset Management,0.8567,0.5353,624,,,,,,,,
LSCC/MU,Semiconductors,0.8155,0.5353,624,,,,,,,,
CATY/TRMK,Banks - Regional,0.94,0.53531,624,,,,,,,,
AWP/QQQX,Asset Management,0.9186,0.53531,624,,,,,,,,
QCRH/USB,Banks - Regional,0.8657,0.53532,624,,,,,,,,
PFO/QQQX,Asset Management,0.9046,0.53532,624,,,,,,,,
MPV/RMT,Asset Management,0.8945,0.53535,624,,,,,,,,
HTGC/OCSL,Asset Management,0.8612,0.53536,624,,,,,,,,
EXG/HPF,Asset Management,0.9396,0.53536,624,,,,,,,,
JEQ/RMT,Asset Management,0.9199,0.53536,624,,,,,,,,
MHI/MUJ,Asset Management,0.8726,0.53538,624,,,,,,,,
NMZ/VLT,Asset Management,0.9188,0.5354,624,,,,,,,,
CZFS/UCB,Banks - Regional,0.8411,0.5354,624,,,,,,,,
HYT/STEW,Asset Management,0.9721,0.53541,624,,,,,,,,
CASH/EWBC,Banks - Regional,0.9568,0.53543,624,,,,,,,,
PEY/PFF,Unknown,0.9446,0.53545,624,,,,,,,,
CFFI/HDB,Banks - Regional,0.8169,0.53547,624,,,,,,,,
CBAN/VLY,Banks - Regional,0.8272,0.53547,624,,,,,,,,
ALRS/TRST,Banks - Regional,0.8223,0.53548,624,,,,,,,,
PCN/PFD,Asset Management,0.9104,0.53548,624,,,,,,,,
MCR/PPT,Asset Management,0.9488,0.53548,624,,,,,,,,
ARCC/GCV,Asset Management,0.8334,0.53551,624,,,,,,,,
FMN/PML,Asset Management,0.9261,0.53553,624,,,,,,,,
TWN/WEA,Asset Management,0.8147,0.53553,624,,,,,,,,
BCBP/LARK,Banks - Regional,0.8066,0.53553,624,,,,,,,,
FT/VKQ,Asset Management,0.8527,0.53553,624,,,,,,,,
BME/NQP,Asset Management,0.9138,0.53554,624,,,,,,,,
HEI/LMT,Aerospace & Defense,0.9484,0.53554,624,,,,,,,,
CTBI/SYBT,Banks - Regional,0.9207,0.53554,624,,,,,,,,
PRN/QABA,Unknown,0.8271,0.53554,624,,,,,,,,
EOD/MCN,Asset Management,0.9393,0.53557,624,,,,,,,,
APD/WLK,Specialty Chemicals,0.8197,0.53559,624,,,,,,,,
NIM/TY,Asset Management,0.9138,0.53559,624,,,,,,,,
CHI/EVG,Asset Management,0.9571,0.5356,624,,,,,,,,
CHW/GDO,Asset Management,0.9632,0.53562,624,,,,,,,,
IIF/RQI,Asset Management,0.873,0.53565,624,,,,,,,,
EOS/MHF,Asset Management,0.9108,0.53565,624,,,,,,,,
IGA/JEQ,Asset Management,0.884,0.53565,624,,,,,,,,
AEE/PPL,Utilities - Regulated Electric,0.8707,0.53565,624,,,,,,,,
CXE/PTY,Asset Management,0.8266,0.53566,624,,,,,,,,
NVG/PZC,Asset Management,0.8768,0.53567,624,,,,,,,,
BME/VKQ,Asset Management,0.8709,0.53568,624,,,,,,,,
FMAO/ZION,Banks - Regional,0.8613,0.53568,624,,,,,,,,
ARCC/BTZ,Asset Management,0.8799,0.53569,624,,,,,,,,
AX/BFC,Banks - Regional,0.9029,0.53569,624,,,,,,,,
CBU/CNOB,Banks - Regional,0.8899,0.53571,624,,,,,,,,
SCD/STT,Asset Management,0.8299,0.53572,624,,,,,,,,
ACNB/HTBK,Banks - Regional,0.828,0.53573,624,,,,,,,,
BLW/CII,Asset Management,0.9728,0.53574,624,,,,,,,,
GAB/SWKH,Asset Management,0.8585,0.53574,624,,,,,,,,
PHK/RFI,Asset Management,0.8263,0.53574,624,,,,,,,,
CMI/RRX,Specialty Industrial Machinery,0.9198,0.53575,624,,,,,,,,
ETW/NNY,Asset Management,0.8784,0.53575,624,,,,,,,,
EFT/EHI,Asset Management,0.904,0.53575,624,,,,,,,,
NFJ/VVR,Asset Management,0.9461,0.53575,624,,,,,,,,
AB/DSU,Asset Management,0.9099,0.53575,624,,,,,,,,
PFL/PMM,Asset Management,0.9399,0.53576,624,,,,,,,,
DNP/JHS,Asset Management,0.8663,0.53576,624,,,,,,,,
SOR/VBF,Asset Management,0.8962,0.53577,624,,,,,,,,
NWBI/WBS,Banks - Regional,0.9576,0.53577,624,,,,,,,,
CHY/ETG,Asset Management,0.9807,0.53578,624,,,,,,,,
BDJ/HQH,Asset Management,0.8584,0.53578,624,,,,,,,,
FCNCA/UMBF,Banks - Regional,0.806,0.5358,624,,,,,,,,
GAB/VPV,Asset Management,0.8147,0.5358,624,,,,,,,,
NMI/SOR,Asset Management,0.8234,0.5358,624,,,,,,,,
PIZ/PRN,Unknown,0.9471,0.53582,624,,,,,,,,
CSWC/GCV,Asset Management,0.8288,0.53582,624,,,,,,,,
EFSC/MTB,Banks - Regional,0.9538,0.53582,624,,,,,,,,
NUW/PCF,Asset Management,0.84,0.53583,624,,,,,,,,
BTO/VMO,Asset Management,0.823,0.53585,624,,,,,,,,
BTO/BTZ,Asset Management,0.9097,0.53585,624,,,,,,,,
GJS/PYT,Unknown,0.9595,0.53586,624,,,,,,,,
BFC/FULT,Banks - Regional,0.8729,0.53586,624,,,,,,,,
ADX/IFN,Asset Management,0.9565,0.53586,624,,,,,,,,
FFA/STT,Asset Management,0.8352,0.53588,624,,,,,,,,
BOH/STBA,Banks - Regional,0.8723,0.53589,624,,,,,,,,
BFC/ZIONP,Banks - Regional,0.8559,0.53589,624,,,,,,,,
BRKL/TRST,Banks - Regional,0.9087,0.5359,624,,,,,,,,
BOE/EHI,Asset Management,0.9116,0.53591,624,,,,,,,,
BXMX/SBI,Asset Management,0.8172,0.53591,624,,,,,,,,
HTD/MMT,Asset Management,0.9432,0.53593,624,,,,,,,,
IIF/QQQX,Asset Management,0.8955,0.53594,624,,,,,,,,
FTCS/VCIT,Unknown,0.9072,0.53596,624,,,,,,,,
MNSB/NEWT,Banks - Regional,0.8973,0.53596,624,,,,,,,,
HTBK/OZK,Banks - Regional,0.8503,0.53597,624,,,,,,,,
MCI/MMT,Asset Management,0.8542,0.53598,624,,,,,,,,
RJF/STT,Asset Management,0.8246,0.53598,624,,,,,,,,
HOMB/SFNC,Banks - Regional,0.8592,0.53598,624,,,,,,,,
JCE/WEA,Asset Management,0.8981,0.53599,624,,,,,,,,
CII/LGI,Asset Management,0.9829,0.53601,624,,,,,,,,
GJO/PYZ,Unknown,0.9184,0.53601,624,,,,,,,,
JCE/PFG,Asset Management,0.9534,0.53603,624,,,,,,,,
FMAO/GSBC,Banks - Regional,0.8552,0.53603,624,,,,,,,,
ACNB/WABC,Banks - Regional,0.8277,0.53603,624,,,,,,,,
BPOP/CBSH,Banks - Regional,0.8779,0.53604,624,,,,,,,,
JQC/NAN,Asset Management,0.8531,0.53605,624,,,,,,,,
JBK/PPH,Unknown,0.904,0.53605,624,,,,,,,,
TY/WIW,Asset Management,0.9041,0.53605,624,,,,,,,,
JOF/PAI,Asset Management,0.9066,0.53606,624,,,,,,,,
BTO/IGI,Asset Management,0.842,0.53606,624,,,,,,,,
NUW/UTF,Asset Management,0.8537,0.53608,624,,,,,,,,
GOVI/VCLT,Unknown,0.9395,0.53608,624,,,,,,,,
BGY/CNS,Asset Management,0.9345,0.53609,624,,,,,,,,
FCBC/SBCF,Banks - Regional,0.8648,0.53609,624,,,,,,,,
FHN/PEBO,Banks - Regional,0.8301,0.53609,624,,,,,,,,
ADI/UMC,Semiconductors,0.9055,0.5361,624,,,,,,,,
HOMB/SBSI,Banks - Regional,0.9116,0.5361,624,,,,,,,,
ALGT/LUV,Airlines,0.8186,0.53611,624,,,,,,,,
BDJ/FFC,Asset Management,0.8752,0.53612,624,,,,,,,,
EEA/PFO,Asset Management,0.8499,0.53614,624,,,,,,,,
GSBC/LKFN,Banks - Regional,0.9498,0.53614,624,,,,,,,,
CGO/GLAD,Asset Management,0.8925,0.53614,624,,,,,,,,
HDB/LCNB,Banks - Regional,0.822,0.53614,624,,,,,,,,
IEI/QQEW,Unknown,0.8111,0.53616,624,,,,,,,,
BHK/MUJ,Asset Management,0.9687,0.53616,624,,,,,,,,
HQL/STEW,Asset Management,0.8505,0.53617,624,,,,,,,,
BLK/IIF,Asset Management,0.9157,0.53618,624,,,,,,,,
FOF/PAI,Asset Management,0.8775,0.53619,624,,,,,,,,
BPOP/WTFC,Banks - Regional,0.9199,0.53619,624,,,,,,,,
HYT/MUC,Asset Management,0.8095,0.53619,624,,,,,,,,
DNP/GRX,Asset Management,0.9348,0.5362,624,,,,,,,,
NFJ/PMM,Asset Management,0.8548,0.5362,624,,,,,,,,
BTO/TY,Asset Management,0.9585,0.53621,624,,,,,,,,
AMP/FRA,Asset Management,0.9705,0.53621,624,,,,,,,,
KEY/OSBC,Banks - Regional,0.8785,0.53622,624,,,,,,,,
AGD/PDT,Asset Management,0.8775,0.53624,624,,,,,,,,
FAD/PTH,Unknown,0.9391,0.53625,624,,,,,,,,
BTA/ETW,Asset Management,0.9202,0.53625,624,,,,,,,,
FUND/HQL,Asset Management,0.8142,0.53626,624,,,,,,,,
FNWD/TRST,Banks - Regional,0.8866,0.53626,624,,,,,,,,
DHIL/HPS,Asset Management,0.8612,0.53628,624,,,,,,,,
CHI/HIX,Asset Management,0.9347,0.53628,624,,,,,,,,
FFIN/UBFO,Banks - Regional,0.83,0.53628,624,,,,,,,,
NIE/OIA,Asset Management,0.8722,0.53629,624,,,,,,,,
FTA/QQQ,Unknown,0.9569,0.53629,624,,,,,,,,
BGY/IFN,Asset Management,0.9506,0.5363,624,,,,,,,,
HIX/PFL,Asset Management,0.9504,0.5363,624,,,,,,,,
OXSQ/VLT,Asset Management,0.8011,0.5363,624,,,,,,,,
ALRS/HBCP,Banks - Regional,0.847,0.53631,624,,,,,,,,
IMCV/PTH,Unknown,0.8782,0.53631,624,,,,,,,,
NAD/TROW,Asset Management,0.9057,0.53631,624,,,,,,,,
EEA/MFIC,Asset Management,0.8375,0.53633,624,,,,,,,,
ACIW/GEN,Software - Infrastructure,0.8177,0.53633,624,,,,,,,,
BXMX/HQL,Asset Management,0.8844,0.53634,624,,,,,,,,
BN/NRK,Asset Management,0.846,0.53634,624,,,,,,,,
FAB/IUSG,Unknown,0.9642,0.53635,624,,,,,,,,
IBCP/QCRH,Banks - Regional,0.9676,0.53635,624,,,,,,,,
GDO/IFN,Asset Management,0.833,0.53635,624,,,,,,,,
IMCV/PHO,Unknown,0.9591,0.53636,624,,,,,,,,
DLR/SBAC,REIT - Specialty,0.8693,0.53636,624,,,,,,,,
BSX/STE,Medical Devices,0.8923,0.53636,624,,,,,,,,
MNSB/MPB,Banks - Regional,0.9218,0.53637,624,,,,,,,,
DHIL/MHF,Asset Management,0.8045,0.53637,624,,,,,,,,
CBU/UBFO,Banks - Regional,0.8859,0.53638,624,,,,,,,,
ADX/ETG,Asset Management,0.985,0.5364,624,,,,,,,,
EXG/NVG,Asset Management,0.8701,0.53643,624,,,,,,,,
PFG/PFN,Asset Management,0.8735,0.53644,624,,,,,,,,
AFB/HQL,Asset Management,0.8771,0.53646,624,,,,,,,,
BANR/SBSI,Banks - Regional,0.938,0.53647,624,,,,,,,,
CHW/PHK,Asset Management,0.8217,0.53647,624,,,,,,,,
CINF/SAFT,Insurance - Property & Casualty,0.9376,0.53649,624,,,,,,,,
FXNC/QCRH,Banks - Regional,0.8743,0.53649,624,,,,,,,,
IGSB/QQXT,Unknown,0.9654,0.5365,624,,,,,,,,
AOD/MCR,Asset Management,0.9256,0.53652,624,,,,,,,,
CASH/UNTY,Banks - Regional,0.9591,0.53653,624,,,,,,,,
BCBP/GCBC,Banks - Regional,0.807,0.53653,624,,,,,,,,
HIX/VVR,Asset Management,0.8304,0.53653,624,,,,,,,,
BN/MIN,Asset Management,0.903,0.53654,624,,,,,,,,
BFK/PIM,Asset Management,0.8131,0.53654,624,,,,,,,,
GRX/JQC,Asset Management,0.9255,0.53654,624,,,,,,,,
CRUS/MRVL,Semiconductors,0.8456,0.53655,624,,,,,,,,
BUSE/FFIN,Banks - Regional,0.8227,0.53656,624,,,,,,,,
MPV/PHD,Asset Management,0.9423,0.53657,624,,,,,,,,
HIFS/PFIS,Banks - Regional,0.8738,0.53658,624,,,,,,,,
SBCF/TFSL,Banks - Regional,0.8947,0.53659,624,,,,,,,,
IDA/SO,Utilities - Regulated Electric,0.906,0.53659,624,,,,,,,,
BFC/CIVB,Banks - Regional,0.8422,0.5366,624,,,,,,,,
NKX/WIA,Asset Management,0.8519,0.53661,624,,,,,,,,
EVG/FHI,Asset Management,0.9093,0.53661,624,,,,,,,,
FT/MGF,Asset Management,0.8036,0.53663,624,,,,,,,,
ETO/HPF,Asset Management,0.9553,0.53664,624,,,,,,,,
ASG/NQP,Asset Management,0.9076,0.53664,624,,,,,,,,
FRME/LCNB,Banks - Regional,0.927,0.53665,624,,,,,,,,
EOS/VBF,Asset Management,0.909,0.53666,624,,,,,,,,
MBWM/STBA,Banks - Regional,0.9299,0.53666,624,,,,,,,,
NZF/UTF,Asset Management,0.9091,0.53667,624,,,,,,,,
JEQ/MVT,Asset Management,0.8184,0.53668,624,,,,,,,,
HBNC/TCBI,Banks - Regional,0.8167,0.53669,624,,,,,,,,
OSBC/TFSL,Banks - Regional,0.8364,0.53669,624,,,,,,,,
GRID/PNQI,Unknown,0.865,0.5367,624,,,,,,,,
CXE/GRX,Asset Management,0.8366,0.5367,624,,,,,,,,
IGD/RQI,Asset Management,0.9294,0.53671,624,,,,,,,,
HTD/NEA,Asset Management,0.8938,0.53673,624,,,,,,,,
GLAD/NXP,Asset Management,0.8426,0.53674,624,,,,,,,,
EHI/STT,Asset Management,0.8069,0.53675,624,,,,,,,,
BHLB/TRST,Banks - Regional,0.8377,0.53675,624,,,,,,,,
ETO/NIM,Asset Management,0.8942,0.53676,624,,,,,,,,
ETN/TNC,Specialty Industrial Machinery,0.8128,0.53676,624,,,,,,,,
HPI/JQC,Asset Management,0.9388,0.53677,624,,,,,,,,
CNOB/FMBH,Banks - Regional,0.9123,0.53678,624,,,,,,,,
FCBC/FMBH,Banks - Regional,0.902,0.53679,624,,,,,,,,
BMI/GRMN,Scientific & Technical Instruments,0.9429,0.53679,624,,,,,,,,
SYBT/WTBA,Banks - Regional,0.8772,0.53682,624,,,,,,,,
ECL/EMN,Specialty Chemicals,0.8697,0.53684,624,,,,,,,,
EXG/NMI,Asset Management,0.8116,0.53684,624,,,,,,,,
CME/MORN,Financial Data & Stock Exchanges,0.9264,0.53685,624,,,,,,,,
EEA/MUJ,Asset Management,0.8252,0.53685,624,,,,,,,,
OZK/THFF,Banks - Regional,0.8334,0.53686,624,,,,,,,,
BANF/UBCP,Banks - Regional,0.9109,0.53687,624,,,,,,,,
NXN/SEIC,Asset Management,0.8675,0.53687,624,,,,,,,,
BTO/MUE,Asset Management,0.8294,0.53688,624,,,,,,,,
JQC/NXC,Asset Management,0.8539,0.53689,624,,,,,,,,
GDV/MIN,Asset Management,0.8825,0.53691,624,,,,,,,,
ITT/ROK,Specialty Industrial Machinery,0.9165,0.53691,624,,,,,,,,
DNP/WEA,Asset Management,0.9143,0.53694,624,,,,,,,,
BX/SOR,Asset Management,0.9297,0.53694,624,,,,,,,,
IGD/MCN,Asset Management,0.9294,0.53695,624,,,,,,,,
BCML/FULT,Banks - Regional,0.9197,0.53696,624,,,,,,,,
CHY/PNNT,Asset Management,0.8485,0.53696,624,,,,,,,,
FUND/GRX,Asset Management,0.9124,0.53697,624,,,,,,,,
FTA/WOOD,Unknown,0.9519,0.53698,624,,,,,,,,
BTA/NIE,Asset Management,0.8819,0.537,624,,,,,,,,
CHI/JEQ,Asset Management,0.9028,0.537,624,,,,,,,,
BME/IGR,Asset Management,0.8974,0.53701,624,,,,,,,,
COLB/WABC,Banks - Regional,0.854,0.53702,624,,,,,,,,
BDJ/FMY,Asset Management,0.8995,0.53704,624,,,,,,,,
AOD/FLC,Asset Management,0.8599,0.53704,624,,,,,,,,
AMP/GDL,Asset Management,0.8908,0.53704,624,,,,,,,,
CI/UNH,Healthcare Plans,0.956,0.53704,624,,,,,,,,
EMD/PHK,Asset Management,0.8232,0.53706,624,,,,,,,,
BLK/EEA,Asset Management,0.9559,0.53707,624,,,,,,,,
PDP/PIO,Unknown,0.9833,0.53708,624,,,,,,,,
BHK/ETV,Asset Management,0.9162,0.53709,624,,,,,,,,
CBAN/EWBC,Banks - Regional,0.8735,0.5371,624,,,,,,,,
IBN/SFBC,Banks - Regional,0.842,0.5371,624,,,,,,,,
DTF/HQL,Asset Management,0.8029,0.53712,624,,,,,,,,
BGY/MMT,Asset Management,0.9085,0.53712,624,,,,,,,,
FHN/HBAN,Banks - Regional,0.8829,0.53712,624,,,,,,,,
CHN/KF,Asset Management,0.8368,0.53712,624,,,,,,,,
GSBC/WABC,Banks - Regional,0.8785,0.53718,624,,,,,,,,
BCBP/GBCI,Banks - Regional,0.8786,0.53718,624,,,,,,,,
BLK/EHI,Asset Management,0.919,0.53718,624,,,,,,,,
FCBC/FNB,Banks - Regional,0.8792,0.53719,624,,,,,,,,
BTA/LGI,Asset Management,0.8894,0.53719,624,,,,,,,,
EEA/NAD,Asset Management,0.8343,0.53725,624,,,,,,,,
FITB/TRMK,Banks - Regional,0.9105,0.53726,624,,,,,,,,
IGR/LEO,Asset Management,0.833,0.53727,624,,,,,,,,
PFN/VKQ,Asset Management,0.9067,0.53727,624,,,,,,,,
EOS/STT,Asset Management,0.8278,0.53729,624,,,,,,,,
HPI/RJF,Asset Management,0.8465,0.53731,624,,,,,,,,
ALL/CINF,Insurance - Property & Casualty,0.9652,0.53732,624,,,,,,,,
AWF/MHN,Asset Management,0.8034,0.53733,624,,,,,,,,
IIF/JMM,Asset Management,0.8249,0.53734,624,,,,,,,,
FOF/NXP,Asset Management,0.9306,0.53734,624,,,,,,,,
CBU/TOWN,Banks - Regional,0.9037,0.53734,624,,,,,,,,
EOI/STT,Asset Management,0.8316,0.53735,624,,,,,,,,
BX/FOF,Asset Management,0.9371,0.53735,624,,,,,,,,
GOF/PNNT,Asset Management,0.8585,0.53735,624,,,,,,,,
MHI/SBI,Asset Management,0.8959,0.53736,624,,,,,,,,
AGD/EVT,Asset Management,0.9577,0.53736,624,,,,,,,,
SO/TXNM,Utilities - Regulated Electric,0.8775,0.53737,624,,,,,,,,
LSCC/SIMO,Semiconductors,0.8099,0.53738,624,,,,,,,,
HPI/NIE,Asset Management,0.9124,0.53738,624,,,,,,,,
CBAN/FITB,Banks - Regional,0.8802,0.53739,624,,,,,,,,
AVNT/RPM,Specialty Chemicals,0.81,0.53739,624,,,,,,,,
BLK/GRX,Asset Management,0.9361,0.53739,624,,,,,,,,
FCT/PDT,Asset Management,0.9054,0.53739,624,,,,,,,,
IBN/PNC,Banks - Regional,0.8558,0.5374,624,,,,,,,,
HIO/IIF,Asset Management,0.8452,0.53742,624,,,,,,,,
OPBK/RNST,Banks - Regional,0.8609,0.53742,624,,,,,,,,
FT/NRK,Asset Management,0.8705,0.53742,624,,,,,,,,
BOE/HIX,Asset Management,0.8931,0.53743,624,,,,,,,,
EVT/HQL,Asset Management,0.8849,0.53743,624,,,,,,,,
GAM/NIE,Asset Management,0.9702,0.53743,624,,,,,,,,
CMA/FCF,Banks - Regional,0.8926,0.53744,624,,,,,,,,
OZK/TSBK,Banks - Regional,0.8111,0.53745,624,,,,,,,,
QABA/SWZ,Unknown,0.8682,0.53746,624,,,,,,,,
CHI/EEA,Asset Management,0.9559,0.53749,624,,,,,,,,
BXMX/ETW,Asset Management,0.9757,0.5375,624,,,,,,,,
GRID/ONEQ,Unknown,0.9808,0.5375,624,,,,,,,,
ETJ/STK,Asset Management,0.969,0.53751,624,,,,,,,,
PIM/VVR,Asset Management,0.8194,0.53751,624,,,,,,,,
FRA/MIN,Asset Management,0.8406,0.53751,624,,,,,,,,
IEUS/PRN,Unknown,0.8875,0.53752,624,,,,,,,,
SFNC/ZIONP,Banks - Regional,0.807,0.53752,624,,,,,,,,
AWF/BTO,Asset Management,0.9291,0.53755,624,,,,,,,,
AMT/LAMR,REIT - Specialty,0.8772,0.53755,624,,,,,,,,
BOE/PNNT,Asset Management,0.9015,0.53755,624,,,,,,,,
ETG/IGD,Asset Management,0.962,0.53756,624,,,,,,,,
ABCB/BOKF,Banks - Regional,0.9553,0.53756,624,,,,,,,,
AIR/TDG,Aerospace & Defense,0.8792,0.53759,624,,,,,,,,
GDL/MYI,Asset Management,0.8753,0.5376,624,,,,,,,,
JEQ/VPV,Asset Management,0.8724,0.53761,624,,,,,,,,
IFN/MMT,Asset Management,0.8949,0.53762,624,,,,,,,,
ASG/EXG,Asset Management,0.9465,0.53762,624,,,,,,,,
EVF/SCD,Asset Management,0.9705,0.53762,624,,,,,,,,
ES/OGE,Utilities - Regulated Electric,0.8276,0.53762,624,,,,,,,,
EVF/HQL,Asset Management,0.8168,0.53763,624,,,,,,,,
EXG/MIN,Asset Management,0.8901,0.53763,624,,,,,,,,
FMN/PCQ,Asset Management,0.8577,0.53763,624,,,,,,,,
HAFC/OZK,Banks - Regional,0.8616,0.53764,624,,,,,,,,
GDL/MUJ,Asset Management,0.8711,0.53764,624,,,,,,,,
FAD/QABA,Unknown,0.8812,0.53765,624,,,,,,,,
MHN/PCQ,Asset Management,0.8646,0.53765,624,,,,,,,,
ETG/MPA,Asset Management,0.8557,0.53766,624,,,,,,,,
ETW/FMY,Asset Management,0.8864,0.53766,624,,,,,,,,
AMKR/FORM,Semiconductor Equipment & Materials,0.9078,0.53767,624,,,,,,,,
WINA/WSM,Specialty Retail,0.8743,0.53768,624,,,,,,,,
BLW/GDV,Asset Management,0.9787,0.53768,624,,,,,,,,
CNP/NWE,Utilities - Regulated Electric,0.8663,0.53768,624,,,,,,,,
HFBL/UMBF,Banks - Regional,0.8056,0.53768,624,,,,,,,,
HPI/TROW,Asset Management,0.8565,0.53768,624,,,,,,,,
CPK/SWX,Utilities - Regulated Gas,0.8759,0.53769,624,,,,,,,,
BFC/UVSP,Banks - Regional,0.8224,0.5377,624,,,,,,,,
FHN/WAL,Banks - Regional,0.8381,0.53772,624,,,,,,,,
BDJ/NFJ,Asset Management,0.9614,0.53772,624,,,,,,,,
BDJ/BTA,Asset Management,0.8853,0.53773,624,,,,,,,,
NWBI/PFBC,Banks - Regional,0.904,0.53774,624,,,,,,,,
ETJ/MIY,Asset Management,0.8633,0.53774,624,,,,,,,,
IGD/JMM,Asset Management,0.8831,0.53774,624,,,,,,,,
AFG/PGR,Insurance - Property & Casualty,0.9091,0.53775,624,,,,,,,,
FCBC/PGC,Banks - Regional,0.8286,0.53776,624,,,,,,,,
FYX/QCLN,Unknown,0.8048,0.53776,624,,,,,,,,
ETY/PNNT,Asset Management,0.906,0.53776,624,,,,,,,,
PFBC/TCBK,Banks - Regional,0.9543,0.53777,624,,,,,,,,
SEIC/VLT,Asset Management,0.8927,0.53777,624,,,,,,,,
JEQ/MQT,Asset Management,0.8945,0.53778,624,,,,,,,,
ASG/NEA,Asset Management,0.9164,0.53778,624,,,,,,,,
BLK/SAR,Asset Management,0.9513,0.53779,624,,,,,,,,
GDL/HIO,Asset Management,0.9425,0.53779,624,,,,,,,,
FMAO/PPBI,Banks - Regional,0.8503,0.5378,624,,,,,,,,
EWBC/UCB,Banks - Regional,0.9017,0.53781,624,,,,,,,,
ETO/PSEC,Asset Management,0.8854,0.53781,624,,,,,,,,
EVT/VRTS,Asset Management,0.8105,0.53786,624,,,,,,,,
BPOP/SMBK,Banks - Regional,0.8643,0.53788,624,,,,,,,,
BN/FHI,Asset Management,0.924,0.53789,624,,,,,,,,
HYT/MHN,Asset Management,0.8131,0.53789,624,,,,,,,,
EMD/TROW,Asset Management,0.8004,0.5379,624,,,,,,,,
DNP/JPC,Asset Management,0.9251,0.5379,624,,,,,,,,
ADP/ANSS,Software - Application,0.9121,0.53791,624,,,,,,,,
PCN/VVR,Asset Management,0.8859,0.53793,624,,,,,,,,
BANR/HDB,Banks - Regional,0.8723,0.53793,624,,,,,,,,
AEP/SO,Utilities - Regulated Electric,0.9492,0.53794,624,,,,,,,,
PKW/QABA,Unknown,0.8808,0.53794,624,,,,,,,,
BN/NKX,Asset Management,0.8466,0.53795,624,,,,,,,,
AGX/GVA,Engineering & Construction,0.8685,0.53795,624,,,,,,,,
GCV/IGA,Asset Management,0.8631,0.53796,624,,,,,,,,
MNSB/RF,Banks - Regional,0.8747,0.53797,624,,,,,,,,
ALRS/PGC,Banks - Regional,0.8475,0.53798,624,,,,,,,,
SPE/SWKH,Asset Management,0.8228,0.53799,624,,,,,,,,
CATY/HOMB,Banks - Regional,0.9573,0.53799,624,,,,,,,,
BDJ/MSD,Asset Management,0.8503,0.538,624,,,,,,,,
SEIC/VBF,Asset Management,0.8677,0.538,624,,,,,,,,
AIA/IJT,Unknown,0.9134,0.53801,624,,,,,,,,
BLW/HQH,Asset Management,0.8703,0.53801,624,,,,,,,,
BDJ/MUA,Asset Management,0.8033,0.53802,624,,,,,,,,
PHK/VVR,Asset Management,0.8064,0.53802,624,,,,,,,,
EMB/PEY,Unknown,0.832,0.53802,624,,,,,,,,
EXP/USLM,Building Materials,0.8856,0.53803,624,,,,,,,,
BLE/CHN,Asset Management,0.8059,0.53804,624,,,,,,,,
ASG/USA,Asset Management,0.9525,0.53805,624,,,,,,,,
EFR/PPT,Asset Management,0.8663,0.53805,624,,,,,,,,
AWP/ETY,Asset Management,0.8783,0.53806,624,,,,,,,,
EEA/NXJ,Asset Management,0.8575,0.53806,624,,,,,,,,
NIE/RMT,Asset Management,0.9802,0.53806,624,,,,,,,,
DINO/VLO,Oil & Gas Refining & Marketing,0.8069,0.53806,624,,,,,,,,
EMD/RMT,Asset Management,0.8116,0.53806,624,,,,,,,,
EVT/NIM,Asset Management,0.891,0.53807,624,,,,,,,,
ACLS/PLAB,Semiconductor Equipment & Materials,0.8698,0.53808,624,,,,,,,,
ABCB/FBIZ,Banks - Regional,0.8927,0.5381,624,,,,,,,,
MMT/VRTS,Asset Management,0.8094,0.5381,624,,,,,,,,
CZFS/LCNB,Banks - Regional,0.8503,0.53812,624,,,,,,,,
EHI/QQQX,Asset Management,0.945,0.53812,624,,,,,,,,
CMA/FRME,Banks - Regional,0.9259,0.53813,624,,,,,,,,
BPOP/NBN,Banks - Regional,0.9074,0.53813,624,,,,,,,,
JHS/JQC,Asset Management,0.8539,0.53814,624,,,,,,,,
MAIN/MHF,Asset Management,0.8813,0.53816,624,,,,,,,,
ACNB/BPOP,Banks - Regional,0.8927,0.53816,624,,,,,,,,
ABCB/UBFO,Banks - Regional,0.9232,0.53816,624,,,,,,,,
CGO/PAI,Asset Management,0.894,0.53816,624,,,,,,,,
ASG/PFN,Asset Management,0.947,0.53817,624,,,,,,,,
UTF/VTN,Asset Management,0.8005,0.53818,624,,,,,,,,
FT/NEA,Asset Management,0.8821,0.53818,624,,,,,,,,
CFR/OZK,Banks - Regional,0.8201,0.53819,624,,,,,,,,
BOKF/NBTB,Banks - Regional,0.946,0.53819,624,,,,,,,,
NAC/WIA,Asset Management,0.82,0.53822,624,,,,,,,,
BDJ/DHF,Asset Management,0.9289,0.53822,624,,,,,,,,
FTNT/SNPS,Software - Infrastructure,0.9459,0.53823,624,,,,,,,,
HPI/IGR,Asset Management,0.913,0.53824,624,,,,,,,,
EMD/GOF,Asset Management,0.8383,0.53824,624,,,,,,,,
BPOP/PFIS,Banks - Regional,0.8444,0.53824,624,,,,,,,,
EVRG/EXC,Utilities - Regulated Electric,0.868,0.53825,624,,,,,,,,
FFIN/TSBK,Banks - Regional,0.8872,0.53826,624,,,,,,,,
CHCO/LKFN,Banks - Regional,0.9211,0.53826,624,,,,,,,,
BDJ/GDO,Asset Management,0.8985,0.53827,624,,,,,,,,
BTZ/PIM,Asset Management,0.9456,0.53827,624,,,,,,,,
CNOB/UBFO,Banks - Regional,0.8506,0.53827,624,,,,,,,,
MAIN/NXN,Asset Management,0.8279,0.53827,624,,,,,,,,
DVY/IGF,Unknown,0.9832,0.53827,624,,,,,,,,
COP/EPSN,Oil & Gas E&P,0.8507,0.53829,624,,,,,,,,
EFT/IGR,Asset Management,0.8649,0.53829,624,,,,,,,,
BBH/IBB,Unknown,0.9949,0.5383,624,,,,,,,,
JEQ/NAD,Asset Management,0.9158,0.5383,624,,,,,,,,
EVF/VBF,Asset Management,0.86,0.5383,624,,,,,,,,
MUC/PCQ,Asset Management,0.8732,0.53831,624,,,,,,,,
DHIL/MCR,Asset Management,0.8162,0.53833,624,,,,,,,,
ASG/SPE,Asset Management,0.9039,0.53833,624,,,,,,,,
BANR/GBCI,Banks - Regional,0.9338,0.53834,624,,,,,,,,
CIF/FFA,Asset Management,0.868,0.53836,624,,,,,,,,
CHN/NVG,Asset Management,0.8574,0.53838,624,,,,,,,,
PIO/QQXT,Unknown,0.9852,0.53839,624,,,,,,,,
PFG/SCD,Asset Management,0.936,0.53839,624,,,,,,,,
AX/TCBK,Banks - Regional,0.9039,0.53843,624,,,,,,,,
ETY/MCN,Asset Management,0.9629,0.53843,624,,,,,,,,
NVG/UTF,Asset Management,0.905,0.53844,624,,,,,,,,
EHI/TROW,Asset Management,0.9204,0.53844,624,,,,,,,,
BME/FRA,Asset Management,0.8775,0.53844,624,,,,,,,,
PNC/STBA,Banks - Regional,0.8604,0.53845,624,,,,,,,,
BDJ/ETG,Asset Management,0.985,0.53845,624,,,,,,,,
JMM/PSEC,Asset Management,0.8017,0.53845,624,,,,,,,,
BTZ/NKX,Asset Management,0.9456,0.53846,624,,,,,,,,
TCBK/ZIONP,Banks - Regional,0.8606,0.53847,624,,,,,,,,
JQC/MQT,Asset Management,0.8237,0.53847,624,,,,,,,,
ETV/FRA,Asset Management,0.9293,0.53849,624,,,,,,,,
HDB/ZION,Banks - Regional,0.8707,0.5385,624,,,,,,,,
AOD/PFO,Asset Management,0.8327,0.53852,624,,,,,,,,
JLS/NUW,Asset Management,0.8927,0.53852,624,,,,,,,,
BBW/DKS,Specialty Retail,0.8862,0.53854,624,,,,,,,,
JHI/MAIN,Asset Management,0.8766,0.53854,624,,,,,,,,
HTD/IQI,Asset Management,0.8889,0.53854,624,,,,,,,,
CFR/PNFP,Banks - Regional,0.9348,0.53856,624,,,,,,,,
OZK/TCBK,Banks - Regional,0.8383,0.53856,624,,,,,,,,
MNSB/WTFC,Banks - Regional,0.8087,0.53857,624,,,,,,,,
BTA/ETY,Asset Management,0.8601,0.53857,624,,,,,,,,
EEA/MPV,Asset Management,0.8692,0.53857,624,,,,,,,,
ALRS/PB,Banks - Regional,0.8874,0.53858,624,,,,,,,,
CGO/NCA,Asset Management,0.822,0.5386,624,,,,,,,,
EVG/JEQ,Asset Management,0.8896,0.5386,624,,,,,,,,
CHW/NMT,Asset Management,0.8627,0.53863,624,,,,,,,,
AWF/MFIC,Asset Management,0.8452,0.53863,624,,,,,,,,
NBN/SYBT,Banks - Regional,0.8567,0.53863,624,,,,,,,,
EFSC/FCBC,Banks - Regional,0.9405,0.53864,624,,,,,,,,
JOF/NUW,Asset Management,0.8554,0.53865,624,,,,,,,,
QQQX/VLT,Asset Management,0.965,0.53865,624,,,,,,,,
INFY/LDOS,Information Technology Services,0.8948,0.53865,624,,,,,,,,
SEIC/UTF,Asset Management,0.8982,0.53865,624,,,,,,,,
GDL/NXJ,Asset Management,0.9005,0.53866,624,,,,,,,,
BDJ/CGO,Asset Management,0.9356,0.53867,624,,,,,,,,
IMCV/PRN,Unknown,0.9589,0.53868,624,,,,,,,,
FMAO/OSBC,Banks - Regional,0.8833,0.53873,624,,,,,,,,
CHW/VBF,Asset Management,0.9476,0.53874,624,,,,,,,,
MYD/PCN,Asset Management,0.8738,0.53874,624,,,,,,,,
FTA/SWZ,Unknown,0.9693,0.53878,624,,,,,,,,
BME/HIX,Asset Management,0.9069,0.53878,624,,,,,,,,
MHF/PCF,Asset Management,0.9219,0.53879,624,,,,,,,,
GBCI/HWC,Banks - Regional,0.8364,0.5388,624,,,,,,,,
BLE/BME,Asset Management,0.8034,0.53881,624,,,,,,,,
HIG/SAFT,Insurance - Property & Casualty,0.8401,0.53883,624,,,,,,,,
SYBT/WTFC,Banks - Regional,0.9181,0.53884,624,,,,,,,,
FLC/HQH,Asset Management,0.9049,0.53886,624,,,,,,,,
HYT/IAE,Asset Management,0.8633,0.53887,624,,,,,,,,
LTC/OHI,REIT - Healthcare Facilities,0.8793,0.53887,624,,,,,,,,
JBK/SWZ,Unknown,0.9384,0.53888,624,,,,,,,,
CHW/HIO,Asset Management,0.9663,0.53888,624,,,,,,,,
BLW/NCA,Asset Management,0.8535,0.5389,624,,,,,,,,
BXMX/EOD,Asset Management,0.9416,0.5389,624,,,,,,,,
FMY/IGA,Asset Management,0.8966,0.53891,624,,,,,,,,
HFWA/HWC,Banks - Regional,0.8145,0.53892,624,,,,,,,,
INBK/WBS,Banks - Regional,0.8485,0.53892,624,,,,,,,,
BHK/CAF,Asset Management,0.8163,0.53893,624,,,,,,,,
NVG/VTN,Asset Management,0.9299,0.53893,624,,,,,,,,
FMAO/WSBF,Banks - Regional,0.824,0.53897,624,,,,,,,,
AWF/DHIL,Asset Management,0.8349,0.53899,624,,,,,,,,
FTNT/GEN,Software - Infrastructure,0.8959,0.53899,624,,,,,,,,
FMAO/PGC,Banks - Regional,0.8772,0.53901,624,,,,,,,,
BOE/NMZ,Asset Management,0.8441,0.53902,624,,,,,,,,
GLAD/NXJ,Asset Management,0.8119,0.53902,624,,,,,,,,
RBCAA/TFSL,Banks - Regional,0.8088,0.53903,624,,,,,,,,
QABA/VCIT,Unknown,0.8451,0.53904,624,,,,,,,,
HTD/NUV,Asset Management,0.8958,0.53904,624,,,,,,,,
NXJ/WIW,Asset Management,0.9176,0.53904,624,,,,,,,,
BGY/EOD,Asset Management,0.9738,0.53906,624,,,,,,,,
CHY/GUT,Asset Management,0.8327,0.53907,624,,,,,,,,
BOE/HPF,Asset Management,0.9175,0.53907,624,,,,,,,,
EVR/PIPR,Capital Markets,0.9816,0.53907,624,,,,,,,,
FCT/NNY,Asset Management,0.8199,0.53908,624,,,,,,,,
IGIB/VCSH,Unknown,0.9816,0.5391,624,,,,,,,,
BTO/NVG,Asset Management,0.8763,0.5391,624,,,,,,,,
JOF/MMT,Asset Management,0.8957,0.53912,624,,,,,,,,
CZNC/PWOD,Banks - Regional,0.8244,0.53913,624,,,,,,,,
CASH/OZK,Banks - Regional,0.8148,0.53914,624,,,,,,,,
FT/MPA,Asset Management,0.8785,0.53915,624,,,,,,,,
AAON/GFF,Building Products & Equipment,0.9422,0.53916,624,,,,,,,,
AWP/OXSQ,Asset Management,0.8327,0.53917,624,,,,,,,,
FMY/PCM,Asset Management,0.8756,0.53917,624,,,,,,,,
EVT/SBI,Asset Management,0.8238,0.53919,624,,,,,,,,
GF/PAI,Asset Management,0.8685,0.5392,624,,,,,,,,
ACWI/IUSV,Unknown,0.9912,0.53921,624,,,,,,,,
ETO/PAI,Asset Management,0.8833,0.53921,624,,,,,,,,
GCV/GDL,Asset Management,0.8634,0.53922,624,,,,,,,,
EXLS/FORTY,Information Technology Services,0.8469,0.53922,624,,,,,,,,
BCBP/TOWN,Banks - Regional,0.8379,0.53922,624,,,,,,,,
FDBC/RF,Banks - Regional,0.8374,0.53923,624,,,,,,,,
PFM/RTH,Unknown,0.9933,0.53923,624,,,,,,,,
FTCS/GRID,Unknown,0.9599,0.53924,624,,,,,,,,
HIO/NFJ,Asset Management,0.9634,0.53924,624,,,,,,,,
AWP/MPV,Asset Management,0.8176,0.53926,624,,,,,,,,
CNA/STC,Insurance - Property & Casualty,0.9279,0.53927,624,,,,,,,,
EMD/JPC,Asset Management,0.8981,0.53928,624,,,,,,,,
HPS/HQL,Asset Management,0.9038,0.53928,624,,,,,,,,
FEX/IBB,Unknown,0.8687,0.53929,624,,,,,,,,
CIF/QQQX,Asset Management,0.9106,0.5393,624,,,,,,,,
NWBI/TFC,Banks - Regional,0.8911,0.53931,624,,,,,,,,
BYM/ETB,Asset Management,0.8645,0.53931,624,,,,,,,,
CFR/STBA,Banks - Regional,0.8533,0.53931,624,,,,,,,,
IGSB/PSL,Unknown,0.9617,0.53934,624,,,,,,,,
BTZ/MVF,Asset Management,0.8827,0.53934,624,,,,,,,,
ARCC/MCR,Asset Management,0.8917,0.53934,624,,,,,,,,
BXMX/GDO,Asset Management,0.9026,0.53936,624,,,,,,,,
GNTX/ORLY,Auto Parts,0.8202,0.53937,624,,,,,,,,
AOD/NRK,Asset Management,0.8078,0.53938,624,,,,,,,,
SCZ/TVE,Unknown,0.8656,0.53938,624,,,,,,,,
BXMX/CXH,Asset Management,0.8213,0.53941,624,,,,,,,,
JPC/RJF,Asset Management,0.8343,0.53942,624,,,,,,,,
PHK/SBI,Asset Management,0.8016,0.53943,624,,,,,,,,
CBAN/OPBK,Banks - Regional,0.8843,0.53943,624,,,,,,,,
HFBL/KEY,Banks - Regional,0.8897,0.53943,624,,,,,,,,
IMCV/PDP,Unknown,0.9631,0.53944,624,,,,,,,,
BGY/ETV,Asset Management,0.9203,0.53945,624,,,,,,,,
GUT/PFN,Asset Management,0.8044,0.53946,624,,,,,,,,
DOX/FTNT,Software - Infrastructure,0.8697,0.53948,624,,,,,,,,
BGY/JLS,Asset Management,0.8193,0.53948,624,,,,,,,,
BTO/JPC,Asset Management,0.9416,0.53949,624,,,,,,,,
UBFO/WAL,Banks - Regional,0.8315,0.53949,624,,,,,,,,
HBCP/ZIONP,Banks - Regional,0.8973,0.53951,624,,,,,,,,
HAFC/SFNC,Banks - Regional,0.8356,0.53951,624,,,,,,,,
PKW/RTH,Unknown,0.9876,0.53954,624,,,,,,,,
TSBK/WAFD,Banks - Regional,0.9509,0.53956,624,,,,,,,,
MMU/SEIC,Asset Management,0.8397,0.53956,624,,,,,,,,
PKW/PRN,Unknown,0.9847,0.53956,624,,,,,,,,
HDB/SYBT,Banks - Regional,0.8918,0.53956,624,,,,,,,,
LSCC/ON,Semiconductors,0.9523,0.53957,624,,,,,,,,
DRS/WWD,Aerospace & Defense,0.8396,0.53957,624,,,,,,,,
IMOS/SLAB,Semiconductors,0.8948,0.53957,624,,,,,,,,
ACNB/FHN,Banks - Regional,0.8121,0.53958,624,,,,,,,,
IEUS/PIO,Unknown,0.9444,0.53958,624,,,,,,,,
FT/NAC,Asset Management,0.8162,0.53959,624,,,,,,,,
EVT/NMZ,Asset Management,0.8985,0.53961,624,,,,,,,,
SYBT/TCBK,Banks - Regional,0.945,0.53966,624,,,,,,,,
FNX/PIO,Unknown,0.9801,0.53966,624,,,,,,,,
SO/WEC,Utilities - Regulated Electric,0.935,0.53967,624,,,,,,,,
NNY/UTF,Asset Management,0.8792,0.53967,624,,,,,,,,
GRID/QQEW,Unknown,0.972,0.53969,624,,,,,,,,
HPF/PTY,Asset Management,0.9634,0.53969,624,,,,,,,,
BTO/EVN,Asset Management,0.8452,0.5397,624,,,,,,,,
AMP/BXMX,Asset Management,0.9301,0.53973,624,,,,,,,,
KLAC/KLIC,Semiconductor Equipment & Materials,0.8415,0.53974,624,,,,,,,,
HYT/JFR,Asset Management,0.9515,0.53974,624,,,,,,,,
CHI/JLS,Asset Management,0.8396,0.53975,624,,,,,,,,
CNS/SEIC,Asset Management,0.8208,0.53976,624,,,,,,,,
CMA/KEY,Banks - Regional,0.9532,0.53977,624,,,,,,,,
NNY/PFN,Asset Management,0.9172,0.53977,624,,,,,,,,
BN/VKQ,Asset Management,0.8275,0.53978,624,,,,,,,,
GAB/NXJ,Asset Management,0.8622,0.53978,624,,,,,,,,
EVF/NMZ,Asset Management,0.8042,0.53979,624,,,,,,,,
ED/FE,Utilities - Regulated Electric,0.8792,0.5398,624,,,,,,,,
CHW/CXE,Asset Management,0.8472,0.5398,624,,,,,,,,
AWP/NAZ,Asset Management,0.8353,0.53981,624,,,,,,,,
FRST/PB,Banks - Regional,0.823,0.53981,624,,,,,,,,
LARK/OSBC,Banks - Regional,0.8551,0.53982,624,,,,,,,,
ABCB/TCBK,Banks - Regional,0.9419,0.53982,624,,,,,,,,
DHIL/HYT,Asset Management,0.8232,0.53985,624,,,,,,,,
CHE/SEM,Medical Care Facilities,0.8973,0.53987,624,,,,,,,,
PFG/PSEC,Asset Management,0.8771,0.53988,624,,,,,,,,
ADBE/CDNS,Software - Application,0.8685,0.53989,624,,,,,,,,
OPBK/PEBK,Banks - Regional,0.9198,0.5399,624,,,,,,,,
MPV/SPE,Asset Management,0.9476,0.5399,624,,,,,,,,
IBCP/NBN,Banks - Regional,0.8542,0.53991,624,,,,,,,,
AAXJ/RTH,Unknown,0.8434,0.53991,624,,,,,,,,
CBAN/EBMT,Banks - Regional,0.921,0.53991,624,,,,,,,,
CII/FHI,Asset Management,0.9409,0.53991,624,,,,,,,,
CSQ/TY,Asset Management,0.9741,0.53991,624,,,,,,,,
BHK/MUE,Asset Management,0.9506,0.53992,624,,,,,,,,
ARCC/FMY,Asset Management,0.901,0.53992,624,,,,,,,,
ETJ/NAD,Asset Management,0.8771,0.53993,624,,,,,,,,
FTCS/IBB,Unknown,0.8819,0.53993,624,,,,,,,,
CII/PPT,Asset Management,0.8779,0.53993,624,,,,,,,,
LMT/WWD,Aerospace & Defense,0.9184,0.53994,624,,,,,,,,
HIX/JOF,Asset Management,0.8364,0.53994,624,,,,,,,,
CCBG/TRST,Banks - Regional,0.8191,0.53995,624,,,,,,,,
NXP/PPT,Asset Management,0.9256,0.53996,624,,,,,,,,
NAD/RQI,Asset Management,0.917,0.53996,624,,,,,,,,
GAB/MSD,Asset Management,0.838,0.53996,624,,,,,,,,
IMCV/RTH,Unknown,0.9678,0.53996,624,,,,,,,,
EWBC/FBNC,Banks - Regional,0.9288,0.53997,624,,,,,,,,
BFK/CHW,Asset Management,0.8417,0.53999,624,,,,,,,,
JHI/SEIC,Asset Management,0.8197,0.53999,624,,,,,,,,
FFIN/INDB,Banks - Regional,0.9199,0.54,624,,,,,,,,
GRID/JBK,Unknown,0.8782,0.54,624,,,,,,,,
BDJ/MCR,Asset Management,0.9386,0.54001,624,,,,,,,,
FFA/MCI,Asset Management,0.9357,0.54002,624,,,,,,,,
HBCP/SYBT,Banks - Regional,0.9123,0.54002,624,,,,,,,,
HYT/MSD,Asset Management,0.9185,0.54004,624,,,,,,,,
IFN/SEIC,Asset Management,0.8588,0.54004,624,,,,,,,,
DHIL/PCM,Asset Management,0.8497,0.54006,624,,,,,,,,
EFT/PHK,Asset Management,0.8289,0.54006,624,,,,,,,,
ETJ/MIN,Asset Management,0.9151,0.54006,624,,,,,,,,
MUA/PFN,Asset Management,0.9063,0.54007,624,,,,,,,,
FUND/GAM,Asset Management,0.9439,0.54008,624,,,,,,,,
AOD/JPC,Asset Management,0.8795,0.54008,624,,,,,,,,
ADX/RJF,Asset Management,0.9559,0.54008,624,,,,,,,,
CNS/VRTS,Asset Management,0.8274,0.54008,624,,,,,,,,
BN/MIY,Asset Management,0.858,0.54009,624,,,,,,,,
AB/AWP,Asset Management,0.8881,0.54009,624,,,,,,,,
IUSG/PEY,Unknown,0.953,0.54009,624,,,,,,,,
IGF/PIO,Unknown,0.9413,0.54009,624,,,,,,,,
EFT/MFIC,Asset Management,0.9079,0.54011,624,,,,,,,,
BTZ/MCN,Asset Management,0.8758,0.54012,624,,,,,,,,
ASX/TSM,Semiconductors,0.9232,0.54012,624,,,,,,,,
CXE/PFL,Asset Management,0.8615,0.54012,624,,,,,,,,
BN/VCV,Asset Management,0.8319,0.54012,624,,,,,,,,
RLI/THG,Insurance - Property & Casualty,0.9412,0.54014,624,,,,,,,,
IEF/USIG,Unknown,0.9316,0.54014,624,,,,,,,,
ETJ/MYI,Asset Management,0.8392,0.54014,624,,,,,,,,
PNQI/SMH,Unknown,0.8418,0.54015,624,,,,,,,,
BNY/BTZ,Asset Management,0.8412,0.54015,624,,,,,,,,
MAIN/OIA,Asset Management,0.8416,0.54017,624,,,,,,,,
SCD/SEIC,Asset Management,0.8601,0.54018,624,,,,,,,,
HDB/NBTB,Banks - Regional,0.9003,0.54019,624,,,,,,,,
FCF/TRMK,Banks - Regional,0.9476,0.54019,624,,,,,,,,
MYD/PDT,Asset Management,0.8976,0.54019,624,,,,,,,,
AOD/EHI,Asset Management,0.8972,0.54019,624,,,,,,,,
AMP/IGD,Asset Management,0.9327,0.5402,624,,,,,,,,
ACWX/USIG,Unknown,0.8704,0.5402,624,,,,,,,,
CSQ/NFJ,Asset Management,0.9778,0.54021,624,,,,,,,,
NWBI/SBCF,Banks - Regional,0.9173,0.54021,624,,,,,,,,
DHI/TOL,Residential Construction,0.9484,0.54021,624,,,,,,,,
IBN/RF,Banks - Regional,0.8947,0.54024,624,,,,,,,,
NAN/WIA,Asset Management,0.8741,0.54024,624,,,,,,,,
AIR/ESLT,Aerospace & Defense,0.8483,0.54026,624,,,,,,,,
HTD/NXJ,Asset Management,0.9339,0.54027,624,,,,,,,,
BDJ/JOF,Asset Management,0.8675,0.54027,624,,,,,,,,
CNS/IGA,Asset Management,0.9217,0.54027,624,,,,,,,,
FBNC/WABC,Banks - Regional,0.9029,0.54029,624,,,,,,,,
FRA/MHF,Asset Management,0.8513,0.5403,624,,,,,,,,
OSBC/PWOD,Banks - Regional,0.8139,0.54031,624,,,,,,,,
EME/TTEK,Engineering & Construction,0.8555,0.54032,624,,,,,,,,
TSBK/UBSI,Banks - Regional,0.8868,0.54033,624,,,,,,,,
CHW/IQI,Asset Management,0.9065,0.54033,624,,,,,,,,
FMNB/HOMB,Banks - Regional,0.9055,0.54034,624,,,,,,,,
EVG/VMO,Asset Management,0.8097,0.54035,624,,,,,,,,
ADI/STM,Semiconductors,0.8961,0.54035,624,,,,,,,,
BTA/SOR,Asset Management,0.8811,0.54035,624,,,,,,,,
ETW/VLT,Asset Management,0.9609,0.54036,624,,,,,,,,
JPC/PPT,Asset Management,0.9473,0.54036,624,,,,,,,,
COO/ISRG,Medical Instruments & Supplies,0.8692,0.54038,624,,,,,,,,
AFB/JEQ,Asset Management,0.88,0.54038,624,,,,,,,,
NZF/TROW,Asset Management,0.912,0.54039,624,,,,,,,,
BXMX/NMI,Asset Management,0.8221,0.5404,624,,,,,,,,
BTO/EOT,Asset Management,0.851,0.5404,624,,,,,,,,
BN/NAN,Asset Management,0.8414,0.54041,624,,,,,,,,
CSQ/GLAD,Asset Management,0.9708,0.54042,624,,,,,,,,
EEA/LGI,Asset Management,0.9648,0.54045,624,,,,,,,,
EXG/MMT,Asset Management,0.9561,0.54046,624,,,,,,,,
EXG/MSD,Asset Management,0.8681,0.54046,624,,,,,,,,
COLB/GSBC,Banks - Regional,0.8152,0.54046,624,,,,,,,,
GRID/VGSH,Unknown,0.8908,0.54047,624,,,,,,,,
IMCV/PFI,Unknown,0.9753,0.54048,624,,,,,,,,
BXMX/FUND,Asset Management,0.9686,0.54051,624,,,,,,,,
BTO/NAC,Asset Management,0.8106,0.54051,624,,,,,,,,
EVF/PHK,Asset Management,0.8151,0.54051,624,,,,,,,,
GF/MMT,Asset Management,0.8619,0.54052,624,,,,,,,,
EVT/MFM,Asset Management,0.8341,0.54053,624,,,,,,,,
ASG/HTGC,Asset Management,0.8383,0.54054,624,,,,,,,,
BPOP/FMBH,Banks - Regional,0.8382,0.54055,624,,,,,,,,
ORI/RLI,Insurance - Property & Casualty,0.9626,0.54055,624,,,,,,,,
IGR/MQY,Asset Management,0.8659,0.54055,624,,,,,,,,
FT/IQI,Asset Management,0.8627,0.54055,624,,,,,,,,
JEQ/MPA,Asset Management,0.9001,0.54056,624,,,,,,,,
MVF/NTRS,Asset Management,0.8336,0.54057,624,,,,,,,,
AVAV/RTX,Aerospace & Defense,0.8635,0.54058,624,,,,,,,,
CDNS/SAP,Software - Application,0.8746,0.5406,624,,,,,,,,
BOKF/HDB,Banks - Regional,0.8701,0.54063,624,,,,,,,,
BKT/TSI,Asset Management,0.8559,0.54066,624,,,,,,,,
EOD/NIE,Asset Management,0.9571,0.54068,624,,,,,,,,
FAB/USIG,Unknown,0.836,0.54069,624,,,,,,,,
HDB/THFF,Banks - Regional,0.8745,0.54069,624,,,,,,,,
CASH/FBNC,Banks - Regional,0.9061,0.54073,624,,,,,,,,
BPOP/IBCP,Banks - Regional,0.9014,0.54077,624,,,,,,,,
AIA/QQEW,Unknown,0.8939,0.54079,624,,,,,,,,
GCV/GUT,Asset Management,0.88,0.54079,624,,,,,,,,
EMD/RCS,Asset Management,0.86,0.54079,624,,,,,,,,
BLK/PCM,Asset Management,0.9033,0.5408,624,,,,,,,,
EEA/NAN,Asset Management,0.8058,0.54082,624,,,,,,,,
AB/EEA,Asset Management,0.9184,0.54082,624,,,,,,,,
GCBC/GSBC,Banks - Regional,0.8777,0.54083,624,,,,,,,,
EVT/MUJ,Asset Management,0.8857,0.54083,624,,,,,,,,
DSU/MUJ,Asset Management,0.8158,0.54083,624,,,,,,,,
BIO/MDT,Medical Devices,0.8661,0.54084,624,,,,,,,,
CSQ/MMT,Asset Management,0.9552,0.54084,624,,,,,,,,
BOE/PFO,Asset Management,0.8429,0.54086,624,,,,,,,,
FUND/MCR,Asset Management,0.8921,0.54086,624,,,,,,,,
CHI/SAR,Asset Management,0.9469,0.54086,624,,,,,,,,
BGY/EHI,Asset Management,0.8854,0.54087,624,,,,,,,,
PEG/PNW,Utilities - Regulated Electric,0.9157,0.54087,624,,,,,,,,
AAXJ/PUI,Unknown,0.844,0.54088,624,,,,,,,,
ALRS/PKBK,Banks - Regional,0.8851,0.5409,624,,,,,,,,
AOD/MIY,Asset Management,0.8123,0.5409,624,,,,,,,,
KTH/WOOD,Unknown,0.9205,0.54091,624,,,,,,,,
BTO/MMU,Asset Management,0.8098,0.54093,624,,,,,,,,
NAZ/WIW,Asset Management,0.8296,0.54095,624,,,,,,,,
CZFS/WSFS,Banks - Regional,0.8477,0.54095,624,,,,,,,,
CHW/NRK,Asset Management,0.9111,0.54095,624,,,,,,,,
EFSC/PNFP,Banks - Regional,0.9319,0.54096,624,,,,,,,,
PH/RRX,Specialty Industrial Machinery,0.888,0.54096,624,,,,,,,,
CHW/NAZ,Asset Management,0.8542,0.54097,624,,,,,,,,
SBCF/TOWN,Banks - Regional,0.9229,0.54097,624,,,,,,,,
HEI/NOC,Aerospace & Defense,0.9382,0.54099,624,,,,,,,,
ETW/FMN,Asset Management,0.8346,0.54099,624,,,,,,,,
FFC/HPI,Asset Management,0.9517,0.541,624,,,,,,,,
BXMX/ETG,Asset Management,0.9845,0.541,624,,,,,,,,
NAZ/RFI,Asset Management,0.8476,0.541,624,,,,,,,,
BPOP/OVLY,Banks - Regional,0.885,0.54101,624,,,,,,,,
GRX/PPT,Asset Management,0.8968,0.54101,624,,,,,,,,
AOS/EMR,Specialty Industrial Machinery,0.8913,0.54101,624,,,,,,,,
ETG/PHK,Asset Management,0.8285,0.54101,624,,,,,,,,
CHW/VTN,Asset Management,0.8299,0.54102,624,,,,,,,,
PFBC/RBCAA,Banks - Regional,0.9592,0.54102,624,,,,,,,,
FUND/NIE,Asset Management,0.9614,0.54103,624,,,,,,,,
GBCI/ZIONP,Banks - Regional,0.8797,0.54103,624,,,,,,,,
CBAN/FMAO,Banks - Regional,0.8914,0.54103,624,,,,,,,,
AMP/SAR,Asset Management,0.9251,0.54104,624,,,,,,,,
ACNB/BANF,Banks - Regional,0.9344,0.54105,624,,,,,,,,
IGD/JRS,Asset Management,0.9102,0.54105,624,,,,,,,,
PUI/SWZ,Unknown,0.939,0.54105,624,,,,,,,,
EEA/HIX,Asset Management,0.9087,0.54106,624,,,,,,,,
ABCB/CZFS,Banks - Regional,0.8318,0.54106,624,,,,,,,,
ASG/VKQ,Asset Management,0.8802,0.54106,624,,,,,,,,
GOF/JHI,Asset Management,0.9406,0.54107,624,,,,,,,,
EFSC/PWOD,Banks - Regional,0.8418,0.54108,624,,,,,,,,
IBCP/WABC,Banks - Regional,0.8143,0.54109,624,,,,,,,,
BME/EVG,Asset Management,0.9161,0.5411,624,,,,,,,,
FOF/RQI,Asset Management,0.9733,0.54111,624,,,,,,,,
OZK/UCB,Banks - Regional,0.8204,0.54112,624,,,,,,,,
JBK/PIE,Unknown,0.8059,0.54113,624,,,,,,,,
HPI/HYT,Asset Management,0.9469,0.54113,624,,,,,,,,
CII/NFJ,Asset Management,0.9691,0.54116,624,,,,,,,,
PFBC/TSBK,Banks - Regional,0.9565,0.54117,624,,,,,,,,
NRK/RNP,Asset Management,0.8948,0.54118,624,,,,,,,,
SBAC/WY,REIT - Specialty,0.8023,0.54119,624,,,,,,,,
AGM/SLM,Credit Services,0.921,0.54119,624,,,,,,,,
MNSB/USB,Banks - Regional,0.86,0.54119,624,,,,,,,,
STBA/UBCP,Banks - Regional,0.8036,0.54119,624,,,,,,,,
JEQ/MMU,Asset Management,0.8518,0.5412,624,,,,,,,,
FDBC/TOWN,Banks - Regional,0.8317,0.5412,624,,,,,,,,
BRKL/TFSL,Banks - Regional,0.8161,0.54122,624,,,,,,,,
AEP/CNP,Utilities - Regulated Electric,0.9219,0.54122,624,,,,,,,,
BPOP/GABC,Banks - Regional,0.8661,0.54123,624,,,,,,,,
CSWC/NIE,Asset Management,0.9709,0.54123,624,,,,,,,,
GDV/SBI,Asset Management,0.8389,0.54125,624,,,,,,,,
MPWR/QCOM,Semiconductors,0.9509,0.54125,624,,,,,,,,
ALRS/UBCP,Banks - Regional,0.8604,0.54125,624,,,,,,,,
IGA/UTF,Asset Management,0.9614,0.54126,624,,,,,,,,
BLK/NXP,Asset Management,0.9183,0.54127,624,,,,,,,,
AWP/GDV,Asset Management,0.9335,0.54127,624,,,,,,,,
EXG/NZF,Asset Management,0.8765,0.54127,624,,,,,,,,
DSM/VLT,Asset Management,0.8242,0.54128,624,,,,,,,,
IIM/UTF,Asset Management,0.8723,0.54128,624,,,,,,,,
AWF/SCD,Asset Management,0.9554,0.5413,624,,,,,,,,
CHN/MUC,Asset Management,0.8011,0.54131,624,,,,,,,,
ETW/NMI,Asset Management,0.8621,0.54131,624,,,,,,,,
NVG/TROW,Asset Management,0.9188,0.54132,624,,,,,,,,
FFIN/IBCP,Banks - Regional,0.835,0.54134,624,,,,,,,,
J/MYRG,Engineering & Construction,0.9136,0.54134,624,,,,,,,,
DNP/FLC,Asset Management,0.9057,0.54135,624,,,,,,,,
PFL/VKQ,Asset Management,0.9028,0.54135,624,,,,,,,,
FAD/IBB,Unknown,0.8767,0.54137,624,,,,,,,,
DNP/FFC,Asset Management,0.9013,0.54138,624,,,,,,,,
GDO/KF,Asset Management,0.8119,0.54138,624,,,,,,,,
CNQ/COP,Oil & Gas E&P,0.9366,0.54138,624,,,,,,,,
DVN/MUR,Oil & Gas E&P,0.8804,0.54139,624,,,,,,,,
EOS/WEA,Asset Management,0.917,0.54139,624,,,,,,,,
GAIN/RMT,Asset Management,0.9546,0.54139,624,,,,,,,,
ESLT/WWD,Aerospace & Defense,0.9129,0.5414,624,,,,,,,,
EVT/MCR,Asset Management,0.9571,0.54141,624,,,,,,,,
FFIN/QCRH,Banks - Regional,0.8643,0.54141,624,,,,,,,,
AVY/CCK,Packaging & Containers,0.9253,0.54141,624,,,,,,,,
HTD/NUW,Asset Management,0.8897,0.54143,624,,,,,,,,
BLW/RJF,Asset Management,0.9355,0.54145,624,,,,,,,,
SAIA/XPO,Trucking,0.9342,0.54146,624,,,,,,,,
FRA/NXP,Asset Management,0.8461,0.54147,624,,,,,,,,
ASG/ETY,Asset Management,0.9137,0.54147,624,,,,,,,,
HPF/HQL,Asset Management,0.8962,0.54149,624,,,,,,,,
CRUS/IMOS,Semiconductors,0.8707,0.5415,624,,,,,,,,
CIF/ETG,Asset Management,0.8927,0.5415,624,,,,,,,,
PHD/VKQ,Asset Management,0.8133,0.5415,624,,,,,,,,
FFA/HYT,Asset Management,0.9839,0.5415,624,,,,,,,,
BTA/NTRS,Asset Management,0.9051,0.54151,624,,,,,,,,
BTO/MIY,Asset Management,0.8683,0.54151,624,,,,,,,,
HIX/IFN,Asset Management,0.8274,0.54152,624,,,,,,,,
STBA/USB,Banks - Regional,0.8723,0.54153,624,,,,,,,,
EHI/PML,Asset Management,0.8228,0.54153,624,,,,,,,,
FORTY/WNS,Information Technology Services,0.9145,0.54155,624,,,,,,,,
OZK/WSBC,Banks - Regional,0.8651,0.54155,624,,,,,,,,
BLE/HQH,Asset Management,0.8267,0.54156,624,,,,,,,,
CSQ/JHI,Asset Management,0.9325,0.54156,624,,,,,,,,
BTO/NAZ,Asset Management,0.8163,0.54156,624,,,,,,,,
HFBL/UBFO,Banks - Regional,0.8238,0.54159,624,,,,,,,,
GJH/PEZ,Unknown,0.9473,0.5416,624,,,,,,,,
BCML/CBU,Banks - Regional,0.8468,0.54161,624,,,,,,,,
PCF/PFD,Asset Management,0.874,0.54161,624,,,,,,,,
BME/VMO,Asset Management,0.8508,0.54162,624,,,,,,,,
BN/MSD,Asset Management,0.8874,0.54162,624,,,,,,,,
EHI/HQH,Asset Management,0.8656,0.54163,624,,,,,,,,
BCBP/GABC,Banks - Regional,0.8663,0.54163,624,,,,,,,,
BGY/FHI,Asset Management,0.9242,0.54163,624,,,,,,,,
FCBC/WSFS,Banks - Regional,0.911,0.54164,624,,,,,,,,
CBAN/LCNB,Banks - Regional,0.8559,0.54164,624,,,,,,,,
BTZ/MMU,Asset Management,0.8803,0.54167,624,,,,,,,,
BHK/BME,Asset Management,0.9273,0.54167,624,,,,,,,,
FT/VTN,Asset Management,0.8037,0.54169,624,,,,,,,,
NWBI/PEBO,Banks - Regional,0.946,0.54171,624,,,,,,,,
ETW/VCV,Asset Management,0.8759,0.54171,624,,,,,,,,
CHY/MFIC,Asset Management,0.814,0.54175,624,,,,,,,,
BGT/NXJ,Asset Management,0.8267,0.54175,624,,,,,,,,
CASH/CZNC,Banks - Regional,0.8174,0.54176,624,,,,,,,,
ETV/NIM,Asset Management,0.9105,0.54178,624,,,,,,,,
STBA/WSFS,Banks - Regional,0.9389,0.5418,624,,,,,,,,
BTO/NZF,Asset Management,0.8846,0.54181,624,,,,,,,,
TSI/VVR,Asset Management,0.8939,0.54183,624,,,,,,,,
BFC/NWBI,Banks - Regional,0.8224,0.54183,624,,,,,,,,
CHW/CXH,Asset Management,0.8866,0.54183,624,,,,,,,,
OZK/RNST,Banks - Regional,0.8998,0.54185,624,,,,,,,,
HTBK/STBA,Banks - Regional,0.9125,0.54186,624,,,,,,,,
ETO/MYD,Asset Management,0.8042,0.54186,624,,,,,,,,
FAD/IGIB,Unknown,0.9169,0.54188,624,,,,,,,,
FTC/SWZ,Unknown,0.9692,0.54188,624,,,,,,,,
JHS/PTY,Asset Management,0.9059,0.54189,624,,,,,,,,
NXN/PCF,Asset Management,0.8952,0.5419,624,,,,,,,,
EVT/IIM,Asset Management,0.857,0.5419,624,,,,,,,,
HPS/HTD,Asset Management,0.9828,0.5419,624,,,,,,,,
KWR/NTIC,Specialty Chemicals,0.8048,0.54191,624,,,,,,,,
GJS/PYZ,Unknown,0.9283,0.54191,624,,,,,,,,
ETG/MUJ,Asset Management,0.8618,0.54191,624,,,,,,,,
IESC/STRL,Engineering & Construction,0.9705,0.54191,624,,,,,,,,
EW/PODD,Medical Devices,0.9265,0.54192,624,,,,,,,,
FCBC/HBNC,Banks - Regional,0.852,0.54192,624,,,,,,,,
SIMO/STM,Semiconductors,0.8795,0.54193,624,,,,,,,,
AOD/NXJ,Asset Management,0.8654,0.54193,624,,,,,,,,
EXC/SO,Utilities - Regulated Electric,0.9338,0.54194,624,,,,,,,,
ITT/ITW,Specialty Industrial Machinery,0.949,0.54194,624,,,,,,,,
EEA/GAIN,Asset Management,0.9185,0.54196,624,,,,,,,,
ETW/VPV,Asset Management,0.8759,0.542,624,,,,,,,,
GRX/RMT,Asset Management,0.9522,0.54201,624,,,,,,,,
EFR/PIM,Asset Management,0.8679,0.54201,624,,,,,,,,
ETN/RRX,Specialty Industrial Machinery,0.8904,0.54202,624,,,,,,,,
BANF/CBSH,Banks - Regional,0.8734,0.54204,624,,,,,,,,
PLD/PSA,REIT - Industrial,0.9449,0.54204,624,,,,,,,,
IEUS/VCIT,Unknown,0.9181,0.54207,624,,,,,,,,
AAXJ/FEX,Unknown,0.8533,0.5421,624,,,,,,,,
CHW/NPV,Asset Management,0.8786,0.5421,624,,,,,,,,
FT/MYI,Asset Management,0.8705,0.54211,624,,,,,,,,
GCV/KF,Asset Management,0.8345,0.54211,624,,,,,,,,
GJS/KTN,Unknown,0.9354,0.54212,624,,,,,,,,
PFN/RMT,Asset Management,0.9539,0.54213,624,,,,,,,,
JPC/PHD,Asset Management,0.9159,0.54214,624,,,,,,,,
INBK/SFNC,Banks - Regional,0.868,0.54215,624,,,,,,,,
ETG/NZF,Asset Management,0.8706,0.54215,624,,,,,,,,
IEI/PTH,Unknown,0.8683,0.54216,624,,,,,,,,
BTO/CIF,Asset Management,0.9037,0.54216,624,,,,,,,,
CHY/IGA,Asset Management,0.9308,0.54217,624,,,,,,,,
IGR/MHN,Asset Management,0.8437,0.54217,624,,,,,,,,
NQP/WIW,Asset Management,0.9088,0.54219,624,,,,,,,,
BLW/ETG,Asset Management,0.9836,0.54219,624,,,,,,,,
NECB/SMBK,Banks - Regional,0.8162,0.5422,624,,,,,,,,
CATY/CBU,Banks - Regional,0.9038,0.5422,624,,,,,,,,
EMD/NIE,Asset Management,0.8166,0.5422,624,,,,,,,,
FFIN/FMNB,Banks - Regional,0.9348,0.54221,624,,,,,,,,
GOF/PFO,Asset Management,0.8979,0.54221,624,,,,,,,,
IEF/IGIB,Unknown,0.9043,0.54221,624,,,,,,,,
HOMB/TFC,Banks - Regional,0.842,0.54222,624,,,,,,,,
AMP/MPV,Asset Management,0.927,0.54222,624,,,,,,,,
FFC/HQH,Asset Management,0.9129,0.54225,624,,,,,,,,
BPOP/FHN,Banks - Regional,0.8007,0.54225,624,,,,,,,,
CGO/EVT,Asset Management,0.9498,0.54227,624,,,,,,,,
AX/TFSL,Banks - Regional,0.8356,0.54228,624,,,,,,,,
ACWX/FAB,Unknown,0.9589,0.54228,624,,,,,,,,
CNS/EFT,Asset Management,0.9208,0.54229,624,,,,,,,,
BTZ/CXE,Asset Management,0.8839,0.5423,624,,,,,,,,
CHW/EOS,Asset Management,0.9491,0.54231,624,,,,,,,,
FFIV/PRGS,Software - Infrastructure,0.8059,0.54231,624,,,,,,,,
BUSE/STBA,Banks - Regional,0.9482,0.54233,624,,,,,,,,
BME/VGM,Asset Management,0.863,0.54234,624,,,,,,,,
ABT/MASI,Medical Devices,0.8763,0.54234,624,,,,,,,,
BTZ/EVT,Asset Management,0.9496,0.54234,624,,,,,,,,
JMM/SEIC,Asset Management,0.919,0.54236,624,,,,,,,,
SPE/VRTS,Asset Management,0.8092,0.54237,624,,,,,,,,
FCF/ZIONP,Banks - Regional,0.8934,0.54237,624,,,,,,,,
BGY/RJF,Asset Management,0.9397,0.54237,624,,,,,,,,
GRX/JOF,Asset Management,0.8732,0.54237,624,,,,,,,,
JHS/TDF,Asset Management,0.8369,0.54239,624,,,,,,,,
DSU/NXC,Asset Management,0.8068,0.54239,624,,,,,,,,
HYT/STT,Asset Management,0.837,0.54239,624,,,,,,,,
BME/CXE,Asset Management,0.8048,0.54242,624,,,,,,,,
FULT/WABC,Banks - Regional,0.838,0.54242,624,,,,,,,,
HYT/SPE,Asset Management,0.9733,0.54243,624,,,,,,,,
GRID/IUSG,Unknown,0.9796,0.54243,624,,,,,,,,
MRVL/MU,Semiconductors,0.8989,0.54244,624,,,,,,,,
FCBC/WTFC,Banks - Regional,0.9576,0.54245,624,,,,,,,,
BLW/DNP,Asset Management,0.9227,0.54246,624,,,,,,,,
BME/HPF,Asset Management,0.944,0.54246,624,,,,,,,,
EVT/NRK,Asset Management,0.8622,0.54249,624,,,,,,,,
OSIS/PLXS,Electronic Components,0.8513,0.54249,624,,,,,,,,
ETO/MIN,Asset Management,0.9038,0.54251,624,,,,,,,,
MANH/MNDO,Software - Application,0.8397,0.54252,624,,,,,,,,
NTRS/NXN,Asset Management,0.8766,0.54253,624,,,,,,,,
CNP/PNW,Utilities - Regulated Electric,0.9153,0.54255,624,,,,,,,,
FOF/NXJ,Asset Management,0.9152,0.54257,624,,,,,,,,
HIFS/TRMK,Banks - Regional,0.876,0.54257,624,,,,,,,,
CBAN/WABC,Banks - Regional,0.9118,0.54257,624,,,,,,,,
FHN/TRST,Banks - Regional,0.82,0.54259,624,,,,,,,,
FCBC/MTB,Banks - Regional,0.9258,0.54261,624,,,,,,,,
EXG/MCR,Asset Management,0.9468,0.54261,624,,,,,,,,
IEUS/USIG,Unknown,0.9127,0.54262,624,,,,,,,,
MMU/RCS,Asset Management,0.835,0.54262,624,,,,,,,,
BDJ/NXC,Asset Management,0.8389,0.54263,624,,,,,,,,
ETJ/NZF,Asset Management,0.883,0.54265,624,,,,,,,,
GDL/PIM,Asset Management,0.9127,0.54265,624,,,,,,,,
ETO/JRS,Asset Management,0.9475,0.54267,624,,,,,,,,
HIO/RJF,Asset Management,0.8935,0.54267,624,,,,,,,,
AMP/IAE,Asset Management,0.8099,0.54268,624,,,,,,,,
ETG/HYT,Asset Management,0.9856,0.54268,624,,,,,,,,
IGD/MMT,Asset Management,0.8907,0.54268,624,,,,,,,,
AIA/IUSG,Unknown,0.8676,0.54268,624,,,,,,,,
JFR/MHF,Asset Management,0.878,0.5427,624,,,,,,,,
NATH/WEN,Restaurants,0.8515,0.54271,624,,,,,,,,
ETW/WIW,Asset Management,0.8831,0.54271,624,,,,,,,,
CHY/GF,Asset Management,0.8138,0.54271,624,,,,,,,,
CTBI/HDB,Banks - Regional,0.8575,0.54272,624,,,,,,,,
JHI/STEW,Asset Management,0.9025,0.54272,624,,,,,,,,
AWP/NUV,Asset Management,0.8965,0.54273,624,,,,,,,,
NFJ/NZF,Asset Management,0.8449,0.54274,624,,,,,,,,
GRID/PKW,Unknown,0.973,0.54275,624,,,,,,,,
IGA/RMT,Asset Management,0.9552,0.54275,624,,,,,,,,
AB/PNNT,Asset Management,0.8421,0.54276,624,,,,,,,,
MGYR/PROV,Banks - Regional,0.8021,0.54277,624,,,,,,,,
CFR/WAL,Banks - Regional,0.9151,0.54278,624,,,,,,,,
FTCS/PYZ,Unknown,0.9589,0.54278,624,,,,,,,,
ABCB/WAFD,Banks - Regional,0.9462,0.54278,624,,,,,,,,
CBAN/MPB,Banks - Regional,0.9347,0.54278,624,,,,,,,,
PDT/SOR,Asset Management,0.9207,0.54279,624,,,,,,,,
EWBC/THFF,Banks - Regional,0.9213,0.5428,624,,,,,,,,
CSWC/RJF,Asset Management,0.959,0.5428,624,,,,,,,,
FT/GDL,Asset Management,0.9631,0.54281,624,,,,,,,,
FAD/PEY,Unknown,0.9655,0.54281,624,,,,,,,,
IBKR/OPY,Capital Markets,0.8951,0.54282,624,,,,,,,,
IIM/PTY,Asset Management,0.8699,0.54282,624,,,,,,,,
CGO/HPS,Asset Management,0.9366,0.54283,624,,,,,,,,
EVG/HQL,Asset Management,0.8379,0.54287,624,,,,,,,,
GOF/IGR,Asset Management,0.9099,0.54288,624,,,,,,,,
ETY/VVR,Asset Management,0.961,0.54288,624,,,,,,,,
BME/NUW,Asset Management,0.8773,0.54288,624,,,,,,,,
FAB/IGIB,Unknown,0.8562,0.54288,624,,,,,,,,
SEM/USPH,Medical Care Facilities,0.8021,0.5429,624,,,,,,,,
AUB/TFSL,Banks - Regional,0.8806,0.54291,624,,,,,,,,
FFIN/WABC,Banks - Regional,0.8893,0.54292,624,,,,,,,,
GOF/MMT,Asset Management,0.9638,0.54292,624,,,,,,,,
ANSS/MNDO,Software - Application,0.9273,0.54294,624,,,,,,,,
AIA/ONEQ,Unknown,0.8746,0.54294,624,,,,,,,,
BGC/EVR,Capital Markets,0.8332,0.54294,624,,,,,,,,
EHI/RMT,Asset Management,0.9309,0.54294,624,,,,,,,,
BCBP/WAL,Banks - Regional,0.8495,0.54295,624,,,,,,,,
EVT/HPF,Asset Management,0.9583,0.54296,624,,,,,,,,
BTO/NMZ,Asset Management,0.8909,0.54296,624,,,,,,,,
AOD/EOD,Asset Management,0.9574,0.54297,624,,,,,,,,
GCBC/UBCP,Banks - Regional,0.8787,0.54299,624,,,,,,,,
ASG/FMN,Asset Management,0.8306,0.543,624,,,,,,,,
GRX/STEW,Asset Management,0.9258,0.54302,624,,,,,,,,
BOH/RF,Banks - Regional,0.8407,0.54302,624,,,,,,,,
EQIX/SBAC,REIT - Specialty,0.8992,0.54302,624,,,,,,,,
JRS/PIM,Asset Management,0.8727,0.54303,624,,,,,,,,
AWP/BOE,Asset Management,0.9015,0.54303,624,,,,,,,,
GDL/PPT,Asset Management,0.9149,0.54303,624,,,,,,,,
FTCS/PTH,Unknown,0.9246,0.54303,624,,,,,,,,
BFC/CWBC,Banks - Regional,0.8407,0.54304,624,,,,,,,,
FCT/PFG,Asset Management,0.922,0.54304,624,,,,,,,,
CHY/MPV,Asset Management,0.8684,0.54306,624,,,,,,,,
IEF/VCSH,Unknown,0.838,0.54306,624,,,,,,,,
AWP/PAI,Asset Management,0.9082,0.54306,624,,,,,,,,
PNNT/STK,Asset Management,0.9026,0.54307,624,,,,,,,,
HTD/PSEC,Asset Management,0.8568,0.54307,624,,,,,,,,
MFM/UTF,Asset Management,0.8473,0.54308,624,,,,,,,,
DXCM/PODD,Medical Devices,0.9326,0.54309,624,,,,,,,,
GF/TSI,Asset Management,0.8247,0.54312,624,,,,,,,,
CSQ/MCN,Asset Management,0.9669,0.54312,624,,,,,,,,
CBT/RPM,Specialty Chemicals,0.8859,0.54312,624,,,,,,,,
HIX/USA,Asset Management,0.9129,0.54313,624,,,,,,,,
HTD/MCR,Asset Management,0.9462,0.54313,624,,,,,,,,
BCBP/NWBI,Banks - Regional,0.8311,0.54314,624,,,,,,,,
FXNC/WAFD,Banks - Regional,0.8715,0.54314,624,,,,,,,,
CBU/CMA,Banks - Regional,0.8712,0.54315,624,,,,,,,,
ETY/SWKH,Asset Management,0.829,0.54315,624,,,,,,,,
FSFG/NBTB,Banks - Regional,0.9278,0.54315,624,,,,,,,,
HQL/SAR,Asset Management,0.809,0.54315,624,,,,,,,,
IBN/WTFC,Banks - Regional,0.8579,0.54315,624,,,,,,,,
BXMX/NXP,Asset Management,0.9163,0.54316,624,,,,,,,,
ARCC/LGI,Asset Management,0.9624,0.54316,624,,,,,,,,
FBNC/TFSL,Banks - Regional,0.8722,0.54317,624,,,,,,,,
MMSI/WST,Medical Instruments & Supplies,0.8516,0.54317,624,,,,,,,,
EEA/VPV,Asset Management,0.8087,0.54318,624,,,,,,,,
PNC/RBCAA,Banks - Regional,0.9446,0.54319,624,,,,,,,,
AGD/BXMX,Asset Management,0.9466,0.54322,624,,,,,,,,
BTO/FFC,Asset Management,0.8955,0.54322,624,,,,,,,,
EQNR/XOM,Oil & Gas Integrated,0.8647,0.54323,624,,,,,,,,
FMY/GAB,Asset Management,0.8757,0.54324,624,,,,,,,,
JHI/PPT,Asset Management,0.907,0.54325,624,,,,,,,,
MPV/NTRS,Asset Management,0.8157,0.54327,624,,,,,,,,
PFL/SOR,Asset Management,0.953,0.54327,624,,,,,,,,
CBU/CHMG,Banks - Regional,0.888,0.54329,624,,,,,,,,
HIX/HTD,Asset Management,0.8983,0.54331,624,,,,,,,,
BGT/HQL,Asset Management,0.8034,0.54331,624,,,,,,,,
BND/PEY,Unknown,0.8124,0.54331,624,,,,,,,,
HTD/VKQ,Asset Management,0.873,0.54331,624,,,,,,,,
FCT/PMO,Asset Management,0.8492,0.54332,624,,,,,,,,
ACWX/FTCS,Unknown,0.9575,0.54333,624,,,,,,,,
MHF/TWN,Asset Management,0.8068,0.54333,624,,,,,,,,
BOE/BRW,Asset Management,0.9314,0.54333,624,,,,,,,,
MBWM/TFSL,Banks - Regional,0.8323,0.54333,624,,,,,,,,
ETG/HPS,Asset Management,0.957,0.54335,624,,,,,,,,
BKH/SWX,Utilities - Regulated Gas,0.9417,0.54336,624,,,,,,,,
BLK/HTGC,Asset Management,0.9478,0.54336,624,,,,,,,,
EOT/SPXX,Asset Management,0.8163,0.54336,624,,,,,,,,
ABCB/OSBC,Banks - Regional,0.9458,0.54337,624,,,,,,,,
ETW/RQI,Asset Management,0.9634,0.54338,624,,,,,,,,
ETY/GRX,Asset Management,0.9251,0.54338,624,,,,,,,,
FOF/MUA,Asset Management,0.8313,0.54338,624,,,,,,,,
EOD/HTD,Asset Management,0.9038,0.5434,624,,,,,,,,
IEI/IJT,Unknown,0.8197,0.5434,624,,,,,,,,
ETJ/MPV,Asset Management,0.8904,0.5434,624,,,,,,,,
HQL/JRS,Asset Management,0.8899,0.54341,624,,,,,,,,
FOF/NVG,Asset Management,0.8798,0.54342,624,,,,,,,,
JEQ/NXJ,Asset Management,0.9072,0.54342,624,,,,,,,,
MHD/PCN,Asset Management,0.8393,0.54344,624,,,,,,,,
FSFG/WAFD,Banks - Regional,0.9333,0.54345,624,,,,,,,,
CSWC/UTF,Asset Management,0.9411,0.54346,624,,,,,,,,
HOMB/HWC,Banks - Regional,0.8323,0.54346,624,,,,,,,,
NFJ/NUV,Asset Management,0.8329,0.54347,624,,,,,,,,
EXC/POR,Utilities - Regulated Electric,0.8274,0.54349,624,,,,,,,,
EHI/JQC,Asset Management,0.9317,0.5435,624,,,,,,,,
BRKL/UBSI,Banks - Regional,0.8185,0.5435,624,,,,,,,,
NIE/VBF,Asset Management,0.9065,0.54351,624,,,,,,,,
CGO/FHI,Asset Management,0.8414,0.54351,624,,,,,,,,
BN/EHI,Asset Management,0.9105,0.54353,624,,,,,,,,
FFIN/SNV,Banks - Regional,0.848,0.54353,624,,,,,,,,
ETJ/VRTS,Asset Management,0.8063,0.54353,624,,,,,,,,
CIF/NIE,Asset Management,0.8734,0.54354,624,,,,,,,,
ADI/MU,Semiconductors,0.9476,0.54354,624,,,,,,,,
MYN/PML,Asset Management,0.9298,0.54355,624,,,,,,,,
BXMX/NRK,Asset Management,0.8362,0.54355,624,,,,,,,,
PDP/PFM,Unknown,0.9821,0.54358,624,,,,,,,,
GDL/MQT,Asset Management,0.8406,0.54361,624,,,,,,,,
EOS/RJF,Asset Management,0.9537,0.54361,624,,,,,,,,
JEQ/MGF,Asset Management,0.8317,0.54362,624,,,,,,,,
PRFZ/USIG,Unknown,0.8633,0.54362,624,,,,,,,,
HCI/ORI,Insurance - Property & Casualty,0.9103,0.54363,624,,,,,,,,
QQQX/STT,Asset Management,0.8641,0.54363,624,,,,,,,,
FRA/IGA,Asset Management,0.9668,0.54364,624,,,,,,,,
CII/OCSL,Asset Management,0.8415,0.54364,624,,,,,,,,
CXH/HQL,Asset Management,0.8831,0.54364,624,,,,,,,,
CIVB/FCBC,Banks - Regional,0.8757,0.54366,624,,,,,,,,
AFB/ASG,Asset Management,0.8656,0.54367,624,,,,,,,,
AB/HTD,Asset Management,0.9132,0.54368,624,,,,,,,,
ETG/VBF,Asset Management,0.9039,0.54368,624,,,,,,,,
GJH/GRID,Unknown,0.9046,0.5437,624,,,,,,,,
HTGC/PDT,Asset Management,0.8145,0.54371,624,,,,,,,,
FMY/NTRS,Asset Management,0.8188,0.54372,624,,,,,,,,
EXG/MPA,Asset Management,0.8582,0.54373,624,,,,,,,,
HTD/NCA,Asset Management,0.8854,0.54374,624,,,,,,,,
BJK/JSM,Unknown,0.8251,0.54375,624,,,,,,,,
FBNC/UBSI,Banks - Regional,0.8921,0.54376,624,,,,,,,,
HQL/IGD,Asset Management,0.8347,0.54376,624,,,,,,,,
FYX/IEUS,Unknown,0.9511,0.54377,624,,,,,,,,
ETW/MYI,Asset Management,0.8879,0.54378,624,,,,,,,,
CCOI/IRDM,Telecom Services,0.8113,0.54378,624,,,,,,,,
MANH/TYL,Software - Application,0.921,0.54379,624,,,,,,,,
AAXJ/ONEQ,Unknown,0.8527,0.54379,624,,,,,,,,
EVT/WEA,Asset Management,0.9285,0.54379,624,,,,,,,,
ETJ/IQI,Asset Management,0.8408,0.5438,624,,,,,,,,
JLS/PPT,Asset Management,0.9404,0.5438,624,,,,,,,,
ESS/MAA,REIT - Residential,0.9177,0.54382,624,,,,,,,,
AX/QCRH,Banks - Regional,0.9485,0.54383,624,,,,,,,,
EHI/VRTS,Asset Management,0.8213,0.54383,624,,,,,,,,
EVF/NXP,Asset Management,0.8799,0.54383,624,,,,,,,,
EOI/NFJ,Asset Management,0.965,0.54383,624,,,,,,,,
GAB/NAD,Asset Management,0.8292,0.54384,624,,,,,,,,
ASG/PMO,Asset Management,0.9226,0.54386,624,,,,,,,,
MUJ/TROW,Asset Management,0.8964,0.54387,624,,,,,,,,
PEBK/UBCP,Banks - Regional,0.8893,0.54387,624,,,,,,,,
HTD/MIY,Asset Management,0.9052,0.54388,624,,,,,,,,
JOF/PFN,Asset Management,0.9326,0.5439,624,,,,,,,,
AMP/BDJ,Asset Management,0.9297,0.54391,624,,,,,,,,
CRS/MLI,Metal Fabrication,0.8718,0.54391,624,,,,,,,,
CHW/MQY,Asset Management,0.893,0.54392,624,,,,,,,,
CHN/PMX,Asset Management,0.823,0.54393,624,,,,,,,,
VCIT/VMBS,Unknown,0.96,0.54393,624,,,,,,,,
BDJ/MHF,Asset Management,0.8958,0.54393,624,,,,,,,,
ETB/PHK,Asset Management,0.8423,0.54393,624,,,,,,,,
PDT/PSEC,Asset Management,0.8361,0.54394,624,,,,,,,,
MMU/UTF,Asset Management,0.8011,0.54395,624,,,,,,,,
FRST/STBA,Banks - Regional,0.8468,0.54396,624,,,,,,,,
BTZ/MVT,Asset Management,0.8434,0.54396,624,,,,,,,,
RNP/SCD,Asset Management,0.9371,0.54397,624,,,,,,,,
ETO/HIO,Asset Management,0.9655,0.54397,624,,,,,,,,
BLK/ETB,Asset Management,0.9591,0.54398,624,,,,,,,,
RCS/UTF,Asset Management,0.8205,0.54399,624,,,,,,,,
EEA/NUV,Asset Management,0.8355,0.544,624,,,,,,,,
HDB/PGC,Banks - Regional,0.8426,0.544,624,,,,,,,,
CFR/GSBC,Banks - Regional,0.9348,0.544,624,,,,,,,,
GF/NCA,Asset Management,0.8173,0.54401,624,,,,,,,,
EEA/MCR,Asset Management,0.9214,0.54402,624,,,,,,,,
CZFS/SBFG,Banks - Regional,0.8695,0.54403,624,,,,,,,,
NAD/PDT,Asset Management,0.9394,0.54404,624,,,,,,,,
BME/MMU,Asset Management,0.8268,0.54405,624,,,,,,,,
AOD/JFR,Asset Management,0.9193,0.54405,624,,,,,,,,
ALRS/BUSE,Banks - Regional,0.8557,0.54405,624,,,,,,,,
BFC/MBCN,Banks - Regional,0.937,0.54406,624,,,,,,,,
NXN/RVT,Asset Management,0.867,0.54406,624,,,,,,,,
EOI/PNNT,Asset Management,0.9063,0.54408,624,,,,,,,,
DNP/FOF,Asset Management,0.9328,0.54408,624,,,,,,,,
BGY/PPT,Asset Management,0.8497,0.54409,624,,,,,,,,
BCML/BHRB,Banks - Regional,0.8069,0.5441,624,,,,,,,,
BLW/MQY,Asset Management,0.8594,0.54411,624,,,,,,,,
JEQ/PPT,Asset Management,0.9143,0.54413,624,,,,,,,,
PEZ/VCIT,Unknown,0.8843,0.54413,624,,,,,,,,
PBHC/WABC,Banks - Regional,0.8152,0.54414,624,,,,,,,,
CIF/HPF,Asset Management,0.9353,0.54415,624,,,,,,,,
MTB/TFSL,Banks - Regional,0.8018,0.54415,624,,,,,,,,
CHY/NXC,Asset Management,0.8399,0.5442,624,,,,,,,,
GDL/MUE,Asset Management,0.8283,0.54421,624,,,,,,,,
FFA/SPXX,Asset Management,0.9829,0.54422,624,,,,,,,,
EEA/IFN,Asset Management,0.9318,0.54422,624,,,,,,,,
GSK/SNY,Drug Manufacturers - General,0.911,0.54422,624,,,,,,,,
ATS/ROK,Specialty Industrial Machinery,0.9074,0.54429,624,,,,,,,,
ETY/FMY,Asset Management,0.9168,0.54429,624,,,,,,,,
IGA/PPT,Asset Management,0.9022,0.54432,624,,,,,,,,
ETW/SWKH,Asset Management,0.8035,0.54433,624,,,,,,,,
FMNB/SYBT,Banks - Regional,0.9043,0.54435,624,,,,,,,,
BFZ/VLT,Asset Management,0.8515,0.54437,624,,,,,,,,
BFC/VABK,Banks - Regional,0.8964,0.54437,624,,,,,,,,
ASG/NZF,Asset Management,0.9179,0.54437,624,,,,,,,,
FCBC/UVSP,Banks - Regional,0.9019,0.54437,624,,,,,,,,
MHI/PNF,Asset Management,0.8539,0.54438,624,,,,,,,,
DNP/QQQX,Asset Management,0.9493,0.54441,624,,,,,,,,
FTA/IUSG,Unknown,0.9677,0.54441,624,,,,,,,,
EVF/JOF,Asset Management,0.8327,0.54443,624,,,,,,,,
IIM/QQQX,Asset Management,0.8651,0.54444,624,,,,,,,,
BHK/WIA,Asset Management,0.9287,0.54445,624,,,,,,,,
DTF/JPC,Asset Management,0.8522,0.54448,624,,,,,,,,
D/DTE,Utilities - Regulated Electric,0.8083,0.54448,624,,,,,,,,
BCBP/ESSA,Banks - Regional,0.8273,0.54448,624,,,,,,,,
SWZ/VCSH,Unknown,0.9434,0.54449,624,,,,,,,,
MBB/PUI,Unknown,0.8156,0.5445,624,,,,,,,,
RVT/SBI,Asset Management,0.8026,0.54451,624,,,,,,,,
IGSB/PFI,Unknown,0.955,0.54452,624,,,,,,,,
ASG/MCR,Asset Management,0.9621,0.54452,624,,,,,,,,
GF/MGF,Asset Management,0.8225,0.54453,624,,,,,,,,
EMD/RQI,Asset Management,0.8301,0.54455,624,,,,,,,,
IGR/JHI,Asset Management,0.9344,0.54457,624,,,,,,,,
EOS/IIF,Asset Management,0.9175,0.54457,624,,,,,,,,
MIN/RNP,Asset Management,0.9249,0.54458,624,,,,,,,,
UVSP/WABC,Banks - Regional,0.8452,0.54458,624,,,,,,,,
AX/CCNE,Banks - Regional,0.8264,0.54459,624,,,,,,,,
AWF/NEA,Asset Management,0.8697,0.54459,624,,,,,,,,
BTO/PTY,Asset Management,0.9196,0.54461,624,,,,,,,,
BTO/HPS,Asset Management,0.9464,0.54463,624,,,,,,,,
FTC/PDP,Unknown,0.9944,0.54463,624,,,,,,,,
MCN/NXN,Asset Management,0.8009,0.54463,624,,,,,,,,
GJH/PPH,Unknown,0.9237,0.54464,624,,,,,,,,
PEY/PYZ,Unknown,0.9706,0.54467,624,,,,,,,,
PEZ/SWZ,Unknown,0.956,0.54467,624,,,,,,,,
MHN/TROW,Asset Management,0.8439,0.54467,624,,,,,,,,
EXG/MFIC,Asset Management,0.8506,0.54468,624,,,,,,,,
BTO/VBF,Asset Management,0.8822,0.54468,624,,,,,,,,
IGR/VRTS,Asset Management,0.8363,0.54468,624,,,,,,,,
EFR/GDO,Asset Management,0.865,0.54471,624,,,,,,,,
BLK/MPV,Asset Management,0.9097,0.54473,624,,,,,,,,
CI/ELV,Healthcare Plans,0.9594,0.54476,624,,,,,,,,
GDV/NZF,Asset Management,0.8848,0.54476,624,,,,,,,,
BGY/NXJ,Asset Management,0.814,0.54476,624,,,,,,,,
GAB/MPA,Asset Management,0.8154,0.54477,624,,,,,,,,
CHI/FMY,Asset Management,0.903,0.54478,624,,,,,,,,
CIF/JQC,Asset Management,0.8764,0.54478,624,,,,,,,,
CINF/PGR,Insurance - Property & Casualty,0.8973,0.54478,624,,,,,,,,
MAIN/NMZ,Asset Management,0.8112,0.54479,624,,,,,,,,
ETG/NQP,Asset Management,0.877,0.54481,624,,,,,,,,
CFR/IBN,Banks - Regional,0.8569,0.54481,624,,,,,,,,
NRK/RQI,Asset Management,0.8959,0.54482,624,,,,,,,,
SSBI/WAFD,Banks - Regional,0.8417,0.54483,624,,,,,,,,
PGC/WABC,Banks - Regional,0.8327,0.54483,624,,,,,,,,
NVG/PIM,Asset Management,0.923,0.54485,624,,,,,,,,
AWP/MQY,Asset Management,0.8732,0.54485,624,,,,,,,,
INTC/SWKS,Semiconductors,0.831,0.54486,624,,,,,,,,
CHW/NUV,Asset Management,0.9213,0.54486,624,,,,,,,,
ADX/JHI,Asset Management,0.9159,0.54487,624,,,,,,,,
CRUS/SIMO,Semiconductors,0.8829,0.54487,624,,,,,,,,
NIM/USA,Asset Management,0.8661,0.54487,624,,,,,,,,
ASB/BANC,Banks - Regional,0.8319,0.54487,624,,,,,,,,
EVF/HQH,Asset Management,0.8083,0.54487,624,,,,,,,,
EXG/NQP,Asset Management,0.8767,0.54487,624,,,,,,,,
CNOB/QCRH,Banks - Regional,0.8693,0.54488,624,,,,,,,,
MUJ/PDT,Asset Management,0.9407,0.54488,624,,,,,,,,
EOI/PHD,Asset Management,0.9628,0.54489,624,,,,,,,,
AWF/NAN,Asset Management,0.8765,0.54489,624,,,,,,,,
ETO/FLC,Asset Management,0.92,0.5449,624,,,,,,,,
DSU/GDO,Asset Management,0.876,0.54491,624,,,,,,,,
CGO/MCN,Asset Management,0.8823,0.54491,624,,,,,,,,
MSD/NAZ,Asset Management,0.8166,0.54492,624,,,,,,,,
BTO/MUA,Asset Management,0.8455,0.54492,624,,,,,,,,
FFIN/WAFD,Banks - Regional,0.8903,0.54492,624,,,,,,,,
ETJ/VMO,Asset Management,0.8091,0.54492,624,,,,,,,,
CHW/GAB,Asset Management,0.9375,0.54493,624,,,,,,,,
FEX/IGIB,Unknown,0.893,0.54494,624,,,,,,,,
FAB/VCIT,Unknown,0.8561,0.54494,624,,,,,,,,
EHI/NIE,Asset Management,0.929,0.54494,624,,,,,,,,
CIGI/CSGP,Real Estate Services,0.9093,0.54495,624,,,,,,,,
TTGT/WNS,Information Technology Services,0.8428,0.54495,624,,,,,,,,
BDJ/WIW,Asset Management,0.8896,0.54496,624,,,,,,,,
BTZ/BXMX,Asset Management,0.9314,0.54497,624,,,,,,,,
BLK/RFI,Asset Management,0.9522,0.54497,624,,,,,,,,
PFD/PFN,Asset Management,0.913,0.54497,624,,,,,,,,
MYD/WIW,Asset Management,0.8021,0.54499,624,,,,,,,,
IBCP/PWOD,Banks - Regional,0.8461,0.54499,624,,,,,,,,
HYT/MUA,Asset Management,0.85,0.545,624,,,,,,,,
BTO/PAI,Asset Management,0.8634,0.545,624,,,,,,,,
ASG/HIO,Asset Management,0.9501,0.545,624,,,,,,,,
EVG/IQI,Asset Management,0.8371,0.545,624,,,,,,,,
FOF/IAE,Asset Management,0.8737,0.54501,624,,,,,,,,
NAN/TSI,Asset Management,0.913,0.54504,624,,,,,,,,
GAM/IGR,Asset Management,0.856,0.54504,624,,,,,,,,
ACNB/WAFD,Banks - Regional,0.9151,0.54504,624,,,,,,,,
BCBP/RVSB,Banks - Regional,0.8222,0.54505,624,,,,,,,,
PMO/STK,Asset Management,0.821,0.54505,624,,,,,,,,
BXMX/VCV,Asset Management,0.8277,0.54507,624,,,,,,,,
FMNB/STBA,Banks - Regional,0.8942,0.54507,624,,,,,,,,
PFF/WOOD,Unknown,0.9246,0.54507,624,,,,,,,,
FUND/HQH,Asset Management,0.8187,0.54509,624,,,,,,,,
ETG/VPV,Asset Management,0.8503,0.54509,624,,,,,,,,
BKN/BME,Asset Management,0.8771,0.5451,624,,,,,,,,
CNOB/IBCP,Banks - Regional,0.8585,0.54511,624,,,,,,,,
ACWI/PEZ,Unknown,0.9752,0.54512,624,,,,,,,,
BFK/PDT,Asset Management,0.8623,0.54512,624,,,,,,,,
HQH/IGR,Asset Management,0.8805,0.54512,624,,,,,,,,
BTO/HIO,Asset Management,0.9103,0.54513,624,,,,,,,,
ETW/NXJ,Asset Management,0.918,0.54513,624,,,,,,,,
STEW/TROW,Asset Management,0.8227,0.54513,624,,,,,,,,
HCI/TRV,Insurance - Property & Casualty,0.9016,0.54514,624,,,,,,,,
ABCB/HWC,Banks - Regional,0.9077,0.54514,624,,,,,,,,
IFN/JHI,Asset Management,0.8574,0.54516,624,,,,,,,,
AX/FNB,Banks - Regional,0.9098,0.54517,624,,,,,,,,
ADX/CGO,Asset Management,0.9411,0.54517,624,,,,,,,,
EVN/HYT,Asset Management,0.8679,0.54519,624,,,,,,,,
BKN/BN,Asset Management,0.8048,0.5452,624,,,,,,,,
GAIN/TROW,Asset Management,0.8142,0.5452,624,,,,,,,,
HPI/STEW,Asset Management,0.917,0.54523,624,,,,,,,,
IFN/PNNT,Asset Management,0.8974,0.54524,624,,,,,,,,
MUJ/PML,Asset Management,0.9119,0.54524,624,,,,,,,,
BPOP/SBCF,Banks - Regional,0.8158,0.54525,624,,,,,,,,
JEQ/LGI,Asset Management,0.9108,0.54526,624,,,,,,,,
BRW/HPI,Asset Management,0.894,0.54526,624,,,,,,,,
FOF/NMZ,Asset Management,0.8837,0.54526,624,,,,,,,,
SPXX/WIW,Asset Management,0.8769,0.54527,624,,,,,,,,
EVT/NNY,Asset Management,0.8585,0.54527,624,,,,,,,,
CMCSA/VZ,Telecom Services,0.9128,0.54528,624,,,,,,,,
FCT/IGA,Asset Management,0.9585,0.54528,624,,,,,,,,
GAB/NEA,Asset Management,0.8121,0.54529,624,,,,,,,,
BTA/JQC,Asset Management,0.8811,0.54531,624,,,,,,,,
NRK/PNI,Asset Management,0.8333,0.54532,624,,,,,,,,
NIM/PCM,Asset Management,0.908,0.54537,624,,,,,,,,
JEQ/PHD,Asset Management,0.8914,0.54538,624,,,,,,,,
CBSH/GSBC,Banks - Regional,0.951,0.54538,624,,,,,,,,
CGO/CII,Asset Management,0.9273,0.54539,624,,,,,,,,
HPF/SOR,Asset Management,0.9432,0.54539,624,,,,,,,,
BGT/JPC,Asset Management,0.8712,0.5454,624,,,,,,,,
IMOS/SIMO,Semiconductors,0.911,0.5454,624,,,,,,,,
PPBI/UCB,Banks - Regional,0.8898,0.5454,624,,,,,,,,
FRST/TFSL,Banks - Regional,0.8067,0.54542,624,,,,,,,,
AIA/RTH,Unknown,0.8672,0.54543,624,,,,,,,,
GAB/NIM,Asset Management,0.8362,0.54543,624,,,,,,,,
MCHP/SWKS,Semiconductors,0.8269,0.54544,624,,,,,,,,
DLB/TRI,Specialty Business Services,0.8172,0.54544,624,,,,,,,,
FMY/GOF,Asset Management,0.9268,0.54544,624,,,,,,,,
HIFS/RBCAA,Banks - Regional,0.8398,0.54544,624,,,,,,,,
EXG/MUA,Asset Management,0.8181,0.54545,624,,,,,,,,
FRME/GSBC,Banks - Regional,0.9637,0.54545,624,,,,,,,,
FSFG/FXNC,Banks - Regional,0.9085,0.54546,624,,,,,,,,
AOD/BGT,Asset Management,0.9346,0.54548,624,,,,,,,,
SPXX/WIA,Asset Management,0.8462,0.54548,624,,,,,,,,
FXNC/WABC,Banks - Regional,0.8671,0.54549,624,,,,,,,,
SEIC/VCV,Asset Management,0.8454,0.5455,624,,,,,,,,
ASG/IQI,Asset Management,0.8814,0.5455,624,,,,,,,,
ETY/PHD,Asset Management,0.9634,0.54551,624,,,,,,,,
CNS/PFG,Asset Management,0.8777,0.54551,624,,,,,,,,
BFC/CBAN,Banks - Regional,0.8414,0.54553,624,,,,,,,,
BCML/SYBT,Banks - Regional,0.8156,0.54554,624,,,,,,,,
FYX/PIZ,Unknown,0.9558,0.54557,624,,,,,,,,
ANSS/MITK,Software - Application,0.8088,0.54557,624,,,,,,,,
CIF/RQI,Asset Management,0.9198,0.54557,624,,,,,,,,
CNP/WEC,Utilities - Regulated Electric,0.8875,0.54558,624,,,,,,,,
BFC/TCBK,Banks - Regional,0.9159,0.54559,624,,,,,,,,
AIZ/PGR,Insurance - Property & Casualty,0.915,0.54559,624,,,,,,,,
BTA/DNP,Asset Management,0.9087,0.54561,624,,,,,,,,
AB/BGT,Asset Management,0.8887,0.54562,624,,,,,,,,
BKN/ETB,Asset Management,0.8431,0.54563,624,,,,,,,,
SNV/WAFD,Banks - Regional,0.9265,0.54563,624,,,,,,,,
FISI/ZIONP,Banks - Regional,0.8454,0.54564,624,,,,,,,,
EEA/NEA,Asset Management,0.8225,0.54565,624,,,,,,,,
CXH/HQH,Asset Management,0.856,0.54565,624,,,,,,,,
CMS/EXC,Utilities - Regulated Electric,0.8952,0.54566,624,,,,,,,,
HAFC/SNV,Banks - Regional,0.8525,0.54566,624,,,,,,,,
COP/HES,Oil & Gas E&P,0.9598,0.54567,624,,,,,,,,
MBB/VCSH,Unknown,0.8889,0.54567,624,,,,,,,,
FFC/MAIN,Asset Management,0.816,0.54568,624,,,,,,,,
CBAN/OPOF,Banks - Regional,0.8565,0.54568,624,,,,,,,,
MQT/PDT,Asset Management,0.9146,0.5457,624,,,,,,,,
PFN/SAR,Asset Management,0.9403,0.5457,624,,,,,,,,
PFO/PPT,Asset Management,0.9259,0.54571,624,,,,,,,,
DNP/HYT,Asset Management,0.925,0.54572,624,,,,,,,,
BDJ/CHW,Asset Management,0.9359,0.54572,624,,,,,,,,
ETJ/PAI,Asset Management,0.862,0.54573,624,,,,,,,,
ASG/MUJ,Asset Management,0.8989,0.54573,624,,,,,,,,
MNSB/UBSI,Banks - Regional,0.852,0.54573,624,,,,,,,,
ADX/MPV,Asset Management,0.9448,0.54574,624,,,,,,,,
EOS/EVG,Asset Management,0.9737,0.54574,624,,,,,,,,
BME/JQC,Asset Management,0.913,0.54576,624,,,,,,,,
FCBC/SNV,Banks - Regional,0.903,0.54577,624,,,,,,,,
BPOP/BSRR,Banks - Regional,0.8277,0.54577,624,,,,,,,,
CASH/TBBK,Banks - Regional,0.8508,0.54578,624,,,,,,,,
CFR/SSB,Banks - Regional,0.8798,0.54578,624,,,,,,,,
BXMX/MIN,Asset Management,0.8755,0.54578,624,,,,,,,,
GDV/VPV,Asset Management,0.8639,0.54579,624,,,,,,,,
PEZ/SMH,Unknown,0.9257,0.54579,624,,,,,,,,
AWP/NRK,Asset Management,0.8956,0.54581,624,,,,,,,,
BGY/HIX,Asset Management,0.8702,0.54581,624,,,,,,,,
GOF/HIX,Asset Management,0.9246,0.54582,624,,,,,,,,
GAIN/JPC,Asset Management,0.8636,0.54583,624,,,,,,,,
STK/VRTS,Asset Management,0.8024,0.54583,624,,,,,,,,
LANC/SJM,Packaged Foods,0.8902,0.54583,624,,,,,,,,
ALRS/SSB,Banks - Regional,0.8605,0.54584,624,,,,,,,,
FTCS/PSL,Unknown,0.9866,0.54584,624,,,,,,,,
EFT/GCV,Asset Management,0.82,0.54585,624,,,,,,,,
CGO/CXE,Asset Management,0.815,0.54585,624,,,,,,,,
EMB/QTEC,Unknown,0.8114,0.54586,624,,,,,,,,
ETW/NQP,Asset Management,0.8968,0.54586,624,,,,,,,,
HTGC/IGA,Asset Management,0.9461,0.54586,624,,,,,,,,
BCBP/SBCF,Banks - Regional,0.8963,0.54587,624,,,,,,,,
PFL/SCD,Asset Management,0.8969,0.54587,624,,,,,,,,
EOS/HIO,Asset Management,0.9628,0.54587,624,,,,,,,,
CHW/ETW,Asset Management,0.964,0.54588,624,,,,,,,,
FMY/UTF,Asset Management,0.9203,0.5459,624,,,,,,,,
CSWC/FRA,Asset Management,0.9631,0.54591,624,,,,,,,,
AOD/FFC,Asset Management,0.8415,0.54592,624,,,,,,,,
BNS/JPM,Banks - Diversified,0.8158,0.54592,624,,,,,,,,
CHW/ETG,Asset Management,0.9548,0.54593,624,,,,,,,,
TLT/VCLT,Unknown,0.8879,0.54593,624,,,,,,,,
EIX/OGE,Utilities - Regulated Electric,0.866,0.54593,624,,,,,,,,
FCNCA/WTFC,Banks - Regional,0.8608,0.54593,624,,,,,,,,
FT/JQC,Asset Management,0.9636,0.54594,624,,,,,,,,
BTZ/RFI,Asset Management,0.962,0.54595,624,,,,,,,,
BFK/DHF,Asset Management,0.8034,0.54596,624,,,,,,,,
HSY/TR,Confectioners,0.8275,0.54597,624,,,,,,,,
PTY/VMO,Asset Management,0.8499,0.54597,624,,,,,,,,
EMD/ETO,Asset Management,0.8316,0.54597,624,,,,,,,,
AGD/PFG,Asset Management,0.8976,0.54598,624,,,,,,,,
JEQ/PFG,Asset Management,0.8233,0.54599,624,,,,,,,,
CIF/ETV,Asset Management,0.9058,0.546,624,,,,,,,,
KRNY/RNST,Banks - Regional,0.8087,0.54601,624,,,,,,,,
DSM/TROW,Asset Management,0.8113,0.54602,624,,,,,,,,
IJT/USIG,Unknown,0.9058,0.54603,624,,,,,,,,
NXC/RVT,Asset Management,0.8426,0.54603,624,,,,,,,,
RNP/WIA,Asset Management,0.9006,0.54603,624,,,,,,,,
FT/SBI,Asset Management,0.8371,0.54603,624,,,,,,,,
BXMX/NAN,Asset Management,0.8333,0.54603,624,,,,,,,,
SFNC/SSB,Banks - Regional,0.8773,0.54604,624,,,,,,,,
BCBP/CBU,Banks - Regional,0.8429,0.54604,624,,,,,,,,
IGD/USA,Asset Management,0.9436,0.54604,624,,,,,,,,
PMM/STK,Asset Management,0.8177,0.54605,624,,,,,,,,
STBA/TCBK,Banks - Regional,0.8987,0.54605,624,,,,,,,,
FFC/WIW,Asset Management,0.8847,0.54605,624,,,,,,,,
BTO/NXC,Asset Management,0.8504,0.54606,624,,,,,,,,
BTZ/NAN,Asset Management,0.9487,0.54606,624,,,,,,,,
BLW/IGR,Asset Management,0.9103,0.54607,624,,,,,,,,
CBAN/SBSI,Banks - Regional,0.9272,0.54607,624,,,,,,,,
JLS/VPV,Asset Management,0.8958,0.54608,624,,,,,,,,
TFSL/UBCP,Banks - Regional,0.8528,0.54609,624,,,,,,,,
JRS/NIE,Asset Management,0.8975,0.5461,624,,,,,,,,
AIZ/HCI,Insurance - Property & Casualty,0.909,0.5461,624,,,,,,,,
KEY/TFSL,Banks - Regional,0.8631,0.54612,624,,,,,,,,
DNP/ETY,Asset Management,0.9182,0.54613,624,,,,,,,,
CSWC/TWN,Asset Management,0.9613,0.54613,624,,,,,,,,
GRX/PIM,Asset Management,0.8982,0.54614,624,,,,,,,,
FMAO/FRST,Banks - Regional,0.8445,0.54616,624,,,,,,,,
AIZ/THG,Insurance - Property & Casualty,0.9627,0.54617,624,,,,,,,,
MAIN/PMM,Asset Management,0.8055,0.54618,624,,,,,,,,
IIF/PDT,Asset Management,0.8287,0.54618,624,,,,,,,,
EVT/NXC,Asset Management,0.8683,0.54618,624,,,,,,,,
EFSC/LARK,Banks - Regional,0.9035,0.54621,624,,,,,,,,
BFK/JRS,Asset Management,0.8317,0.54621,624,,,,,,,,
DSU/JHS,Asset Management,0.8078,0.54622,624,,,,,,,,
BJK/PIZ,Unknown,0.85,0.54622,624,,,,,,,,
EVG/NEA,Asset Management,0.8528,0.54623,624,,,,,,,,
ASG/SWKH,Asset Management,0.8127,0.54623,624,,,,,,,,
LKFN/TFSL,Banks - Regional,0.8661,0.54624,624,,,,,,,,
QABA/WOOD,Unknown,0.9216,0.54626,624,,,,,,,,
FCBC/SHBI,Banks - Regional,0.8009,0.5463,624,,,,,,,,
FHN/SBSI,Banks - Regional,0.8535,0.5463,624,,,,,,,,
ETO/MCR,Asset Management,0.9598,0.5463,624,,,,,,,,
FULT/TRST,Banks - Regional,0.9023,0.5463,624,,,,,,,,
HPF/HQH,Asset Management,0.8809,0.5463,624,,,,,,,,
RMT/VLT,Asset Management,0.9605,0.54631,624,,,,,,,,
GOF/RQI,Asset Management,0.9681,0.54633,624,,,,,,,,
VCIT/VGIT,Unknown,0.9671,0.54633,624,,,,,,,,
CIVB/SYBT,Banks - Regional,0.8664,0.54633,624,,,,,,,,
FMBH/UCB,Banks - Regional,0.899,0.54634,624,,,,,,,,
CNOB/UBCP,Banks - Regional,0.8485,0.5464,624,,,,,,,,
AMD/AVGO,Semiconductors,0.8304,0.54641,624,,,,,,,,
BTO/PFO,Asset Management,0.8918,0.54642,624,,,,,,,,
GRX/PFG,Asset Management,0.8851,0.54643,624,,,,,,,,
CFR/FFBC,Banks - Regional,0.9083,0.54643,624,,,,,,,,
BN/IGD,Asset Management,0.9445,0.54644,624,,,,,,,,
FCBC/HFWA,Banks - Regional,0.8406,0.54644,624,,,,,,,,
ASG/VGM,Asset Management,0.8686,0.54644,624,,,,,,,,
PAI/USA,Asset Management,0.8453,0.54645,624,,,,,,,,
AX/HBCP,Banks - Regional,0.9187,0.54646,624,,,,,,,,
CINF/CNA,Insurance - Property & Casualty,0.9649,0.54647,624,,,,,,,,
SOR/SWKH,Asset Management,0.8305,0.54647,624,,,,,,,,
BXMX/CGO,Asset Management,0.9235,0.54647,624,,,,,,,,
FFIN/HOMB,Banks - Regional,0.822,0.54647,624,,,,,,,,
CHMG/SYBT,Banks - Regional,0.9008,0.54648,624,,,,,,,,
IGR/TY,Asset Management,0.9245,0.54649,624,,,,,,,,
CHW/FOF,Asset Management,0.9558,0.54649,624,,,,,,,,
STEW/STT,Asset Management,0.855,0.54649,624,,,,,,,,
CSGS/PRGS,Software - Infrastructure,0.8864,0.5465,624,,,,,,,,
MHF/RMT,Asset Management,0.8881,0.54651,624,,,,,,,,
IFN/VBF,Asset Management,0.8339,0.54651,624,,,,,,,,
BGY/JCE,Asset Management,0.9537,0.54651,624,,,,,,,,
HYT/NAZ,Asset Management,0.8185,0.54651,624,,,,,,,,
HIX/TY,Asset Management,0.9338,0.54652,624,,,,,,,,
CZFS/WSBF,Banks - Regional,0.886,0.54652,624,,,,,,,,
HPI/PPT,Asset Management,0.9463,0.54653,624,,,,,,,,
FMY/SCD,Asset Management,0.8965,0.54655,624,,,,,,,,
IGR/VMO,Asset Management,0.8657,0.54658,624,,,,,,,,
GF/MUA,Asset Management,0.8472,0.54658,624,,,,,,,,
ADX/ARCC,Asset Management,0.9749,0.54658,624,,,,,,,,
DVY/PFF,Unknown,0.936,0.54659,624,,,,,,,,
GDL/MQY,Asset Management,0.8391,0.54659,624,,,,,,,,
BLW/JOF,Asset Management,0.8775,0.5466,624,,,,,,,,
AMP/GAIN,Asset Management,0.9538,0.5466,624,,,,,,,,
PIZ/VCSH,Unknown,0.9373,0.5466,624,,,,,,,,
FRA/VBF,Asset Management,0.8216,0.54661,624,,,,,,,,
EVN/GRX,Asset Management,0.9208,0.54661,624,,,,,,,,
PNQI/PRN,Unknown,0.8978,0.54661,624,,,,,,,,
GUT/PCM,Asset Management,0.8441,0.54661,624,,,,,,,,
BANF/ZIONP,Banks - Regional,0.8075,0.54661,624,,,,,,,,
GAB/NQP,Asset Management,0.837,0.54662,624,,,,,,,,
JPC/QQQX,Asset Management,0.9383,0.54662,624,,,,,,,,
FLC/IGR,Asset Management,0.925,0.54664,624,,,,,,,,
SAR/SWKH,Asset Management,0.8041,0.54664,624,,,,,,,,
FISI/WABC,Banks - Regional,0.8156,0.54666,624,,,,,,,,
LMAT/PDEX,Medical Instruments & Supplies,0.8464,0.54666,624,,,,,,,,
ADX/FOF,Asset Management,0.9854,0.54669,624,,,,,,,,
BLW/CMU,Asset Management,0.8079,0.5467,624,,,,,,,,
FRME/INBK,Banks - Regional,0.8509,0.5467,624,,,,,,,,
ADX/AWF,Asset Management,0.9629,0.5467,624,,,,,,,,
GDL/VPV,Asset Management,0.8576,0.5467,624,,,,,,,,
EFR/VBF,Asset Management,0.857,0.54672,624,,,,,,,,
CHN/PMM,Asset Management,0.843,0.54675,624,,,,,,,,
CGO/IGI,Asset Management,0.8761,0.54676,624,,,,,,,,
FUL/PPG,Specialty Chemicals,0.9085,0.54677,624,,,,,,,,
EXG/NXC,Asset Management,0.8482,0.54677,624,,,,,,,,
HYT/PNNT,Asset Management,0.8615,0.54677,624,,,,,,,,
PFL/VGM,Asset Management,0.8948,0.54677,624,,,,,,,,
GDV/IGA,Asset Management,0.9781,0.5468,624,,,,,,,,
AGX/PRIM,Engineering & Construction,0.9086,0.54681,624,,,,,,,,
ETJ/JOF,Asset Management,0.8572,0.54682,624,,,,,,,,
ED/NEE,Utilities - Regulated Electric,0.9071,0.54684,624,,,,,,,,
ASG/PFL,Asset Management,0.9525,0.54684,624,,,,,,,,
AWF/DNP,Asset Management,0.9179,0.54685,624,,,,,,,,
CMU/PCM,Asset Management,0.8501,0.54686,624,,,,,,,,
IGA/JOF,Asset Management,0.877,0.54687,624,,,,,,,,
PKG/SLGN,Packaging & Containers,0.9434,0.54689,624,,,,,,,,
BTO/NKX,Asset Management,0.8581,0.54689,624,,,,,,,,
NEA/PDT,Asset Management,0.9323,0.54689,624,,,,,,,,
QCRH/SRCE,Banks - Regional,0.9702,0.5469,624,,,,,,,,
EWBC/HFBL,Banks - Regional,0.8061,0.5469,624,,,,,,,,
EFT/JEQ,Asset Management,0.8673,0.54691,624,,,,,,,,
AWF/NCA,Asset Management,0.8587,0.54691,624,,,,,,,,
BTA/PHD,Asset Management,0.8644,0.54691,624,,,,,,,,
CGO/CMU,Asset Management,0.822,0.54692,624,,,,,,,,
ETB/IGA,Asset Management,0.9674,0.54692,624,,,,,,,,
ETO/EVN,Asset Management,0.8579,0.54693,624,,,,,,,,
FDX/JBHT,Integrated Freight & Logistics,0.882,0.54693,624,,,,,,,,
HPS/STEW,Asset Management,0.9467,0.54694,624,,,,,,,,
GAB/NXP,Asset Management,0.8713,0.54695,624,,,,,,,,
STBA/WAFD,Banks - Regional,0.9238,0.54695,624,,,,,,,,
RCS/SCD,Asset Management,0.83,0.54695,624,,,,,,,,
EOD/GDO,Asset Management,0.8259,0.54696,624,,,,,,,,
AMAT/FORM,Semiconductor Equipment & Materials,0.9337,0.54696,624,,,,,,,,
JCE/PHK,Asset Management,0.826,0.54698,624,,,,,,,,
AB/SCD,Asset Management,0.9006,0.54699,624,,,,,,,,
GF/PCM,Asset Management,0.8569,0.54699,624,,,,,,,,
BPOP/ZIONP,Banks - Regional,0.8157,0.54701,624,,,,,,,,
EVF/NXN,Asset Management,0.8253,0.54701,624,,,,,,,,
HIX/JFR,Asset Management,0.8704,0.54701,624,,,,,,,,
DNP/GDO,Asset Management,0.9133,0.54703,624,,,,,,,,
MPB/RBCAA,Banks - Regional,0.8815,0.54704,624,,,,,,,,
ASG/BOE,Asset Management,0.9212,0.54705,624,,,,,,,,
AFB/TROW,Asset Management,0.8762,0.54706,624,,,,,,,,
BKN/JEQ,Asset Management,0.881,0.54708,624,,,,,,,,
JLS/RQI,Asset Management,0.9031,0.54709,624,,,,,,,,
CMU/GDL,Asset Management,0.819,0.54709,624,,,,,,,,
FOF/NXC,Asset Management,0.8509,0.5471,624,,,,,,,,
BFC/BSRR,Banks - Regional,0.8548,0.54711,624,,,,,,,,
ETV/STT,Asset Management,0.8667,0.54712,624,,,,,,,,
AOS/GGG,Specialty Industrial Machinery,0.9413,0.54712,624,,,,,,,,
IGSB/IMCV,Unknown,0.926,0.54713,624,,,,,,,,
DTF/PCQ,Asset Management,0.8794,0.54713,624,,,,,,,,
BFIN/TRST,Banks - Regional,0.858,0.54713,624,,,,,,,,
BLK/MYI,Asset Management,0.8343,0.54715,624,,,,,,,,
MVF/PIM,Asset Management,0.8056,0.54715,624,,,,,,,,
HPI/JOF,Asset Management,0.9039,0.54717,624,,,,,,,,
CGO/STEW,Asset Management,0.9237,0.54718,624,,,,,,,,
ETG/MYI,Asset Management,0.8461,0.54718,624,,,,,,,,
PTY/VTN,Asset Management,0.8208,0.54719,624,,,,,,,,
DHIL/PDT,Asset Management,0.8598,0.54719,624,,,,,,,,
GIS/JJSF,Packaged Foods,0.8121,0.5472,624,,,,,,,,
FFA/WIW,Asset Management,0.8984,0.5472,624,,,,,,,,
DNP/ETJ,Asset Management,0.9087,0.54721,624,,,,,,,,
EVT/FFC,Asset Management,0.9033,0.54725,624,,,,,,,,
FCBC/GABC,Banks - Regional,0.9239,0.54725,624,,,,,,,,
PNFP/UCB,Banks - Regional,0.9139,0.54726,624,,,,,,,,
AIZ/CINF,Insurance - Property & Casualty,0.9764,0.54727,624,,,,,,,,
GJO/VCIT,Unknown,0.8946,0.54728,624,,,,,,,,
FMAO/TCBK,Banks - Regional,0.8479,0.54729,624,,,,,,,,
LII/OC,Building Products & Equipment,0.9521,0.54729,624,,,,,,,,
BUSE/INBK,Banks - Regional,0.8349,0.54731,624,,,,,,,,
BGY/MCR,Asset Management,0.8882,0.54732,624,,,,,,,,
BLE/GRX,Asset Management,0.8389,0.54732,624,,,,,,,,
BX/FMY,Asset Management,0.868,0.54733,624,,,,,,,,
BLK/PAI,Asset Management,0.8438,0.54733,624,,,,,,,,
CHY/SWKH,Asset Management,0.8615,0.54734,624,,,,,,,,
AFB/CHW,Asset Management,0.8877,0.54734,624,,,,,,,,
IGIB/PDP,Unknown,0.9397,0.54734,624,,,,,,,,
FCBC/PB,Banks - Regional,0.9077,0.54735,624,,,,,,,,
IDXX/TMO,Diagnostics & Research,0.9677,0.54735,624,,,,,,,,
STBA/THFF,Banks - Regional,0.9291,0.54736,624,,,,,,,,
ETY/MHF,Asset Management,0.8932,0.54737,624,,,,,,,,
PFG/PTY,Asset Management,0.8757,0.54737,624,,,,,,,,
FLIC/USB,Banks - Regional,0.8228,0.54737,624,,,,,,,,
HTD/MUJ,Asset Management,0.9076,0.54737,624,,,,,,,,
FOF/NQP,Asset Management,0.8889,0.54738,624,,,,,,,,
MYI/PFN,Asset Management,0.9068,0.54738,624,,,,,,,,
CHN/IQI,Asset Management,0.8213,0.54739,624,,,,,,,,
FCT/HPI,Asset Management,0.9212,0.5474,624,,,,,,,,
DDT/IGIB,Unknown,0.8648,0.54741,624,,,,,,,,
BGY/VLT,Asset Management,0.9268,0.54741,624,,,,,,,,
BDJ/NMZ,Asset Management,0.8682,0.54742,624,,,,,,,,
BDJ/NXJ,Asset Management,0.8936,0.54742,624,,,,,,,,
EMR/ROK,Specialty Industrial Machinery,0.9342,0.54742,624,,,,,,,,
GF/PIM,Asset Management,0.843,0.54743,624,,,,,,,,
ATRC/WST,Medical Instruments & Supplies,0.8584,0.54745,624,,,,,,,,
EEA/JQC,Asset Management,0.929,0.54745,624,,,,,,,,
JHS/PFL,Asset Management,0.9293,0.54748,624,,,,,,,,
IGIB/JSM,Unknown,0.9496,0.54749,624,,,,,,,,
CIVB/NWBI,Banks - Regional,0.9481,0.54751,624,,,,,,,,
AOS/ETN,Specialty Industrial Machinery,0.8222,0.54751,624,,,,,,,,
PKG/SON,Packaging & Containers,0.8554,0.54751,624,,,,,,,,
SYBT/WBS,Banks - Regional,0.8657,0.54753,624,,,,,,,,
EOT/SEIC,Asset Management,0.8503,0.54757,624,,,,,,,,
CBU/PB,Banks - Regional,0.9303,0.54758,624,,,,,,,,
CHY/DHIL,Asset Management,0.8278,0.54758,624,,,,,,,,
PNFP/PWOD,Banks - Regional,0.8166,0.5476,624,,,,,,,,
JFR/JHI,Asset Management,0.9037,0.5476,624,,,,,,,,
FORTY/TTGT,Information Technology Services,0.8409,0.5476,624,,,,,,,,
AWF/IGR,Asset Management,0.9074,0.54761,624,,,,,,,,
TCBK/TFSL,Banks - Regional,0.8744,0.54762,624,,,,,,,,
GRX/VLT,Asset Management,0.9471,0.54765,624,,,,,,,,
EMB/PDP,Unknown,0.8624,0.54765,624,,,,,,,,
DNP/MCI,Asset Management,0.8429,0.54766,624,,,,,,,,
AX/FBIZ,Banks - Regional,0.9348,0.54767,624,,,,,,,,
PTF/SCZ,Unknown,0.8822,0.54768,624,,,,,,,,
ACWX/PUI,Unknown,0.9196,0.54768,624,,,,,,,,
GRID/VCSH,Unknown,0.8806,0.54768,624,,,,,,,,
EXG/HPI,Asset Management,0.9253,0.54769,624,,,,,,,,
DHIL/EVG,Asset Management,0.8038,0.5477,624,,,,,,,,
CXH/RNP,Asset Management,0.8661,0.5477,624,,,,,,,,
IUSV/VCIT,Unknown,0.8641,0.54772,624,,,,,,,,
AAXJ/QQQ,Unknown,0.828,0.54773,624,,,,,,,,
BPOP/IBOC,Banks - Regional,0.9471,0.54773,624,,,,,,,,
NMT/TSI,Asset Management,0.8392,0.54774,624,,,,,,,,
PFG/PFL,Asset Management,0.8758,0.54774,624,,,,,,,,
ETV/HIO,Asset Management,0.9556,0.54775,624,,,,,,,,
AWF/IQI,Asset Management,0.8672,0.54775,624,,,,,,,,
BTZ/DNP,Asset Management,0.919,0.54776,624,,,,,,,,
DNP/VPV,Asset Management,0.8604,0.54776,624,,,,,,,,
IUSV/QQXT,Unknown,0.9814,0.54777,624,,,,,,,,
EMD/GDL,Asset Management,0.8437,0.54778,624,,,,,,,,
GDL/MPA,Asset Management,0.8631,0.54778,624,,,,,,,,
CASH/PFIS,Banks - Regional,0.8655,0.54779,624,,,,,,,,
CII/EVG,Asset Management,0.9669,0.5478,624,,,,,,,,
CASH/ZIONP,Banks - Regional,0.8721,0.54782,624,,,,,,,,
CHY/GLAD,Asset Management,0.9293,0.54783,624,,,,,,,,
DHIL/VLT,Asset Management,0.816,0.54784,624,,,,,,,,
JFR/NXN,Asset Management,0.8388,0.54785,624,,,,,,,,
EVF/GDO,Asset Management,0.8643,0.54786,624,,,,,,,,
CGO/LEO,Asset Management,0.8087,0.54787,624,,,,,,,,
BLW/NTRS,Asset Management,0.888,0.54788,624,,,,,,,,
AOD/SEIC,Asset Management,0.8698,0.54789,624,,,,,,,,
AWP/WEA,Asset Management,0.9376,0.5479,624,,,,,,,,
PPH/WOOD,Unknown,0.8809,0.5479,624,,,,,,,,
EOI/RMT,Asset Management,0.9704,0.54791,624,,,,,,,,
EXG/RQI,Asset Management,0.9715,0.54791,624,,,,,,,,
CASH/TSBK,Banks - Regional,0.8965,0.54792,624,,,,,,,,
FNX/IGIB,Unknown,0.8816,0.54792,624,,,,,,,,
EOS/LGI,Asset Management,0.9837,0.54793,624,,,,,,,,
ACNB/CASH,Banks - Regional,0.8995,0.54793,624,,,,,,,,
BLFS/WST,Medical Instruments & Supplies,0.8373,0.54794,624,,,,,,,,
COO/LMAT,Medical Instruments & Supplies,0.8626,0.54795,624,,,,,,,,
IGA/RQI,Asset Management,0.9485,0.54796,624,,,,,,,,
BME/NXJ,Asset Management,0.9278,0.54797,624,,,,,,,,
IGD/NIE,Asset Management,0.9381,0.54798,624,,,,,,,,
NNY/NTRS,Asset Management,0.8703,0.54798,624,,,,,,,,
NAZ/NRK,Asset Management,0.9429,0.54799,624,,,,,,,,
DNP/NXP,Asset Management,0.9165,0.548,624,,,,,,,,
MCI/MCR,Asset Management,0.8403,0.548,624,,,,,,,,
RJF/VLT,Asset Management,0.9033,0.54801,624,,,,,,,,
IMOS/ON,Semiconductors,0.8371,0.54802,624,,,,,,,,
MIY/PZC,Asset Management,0.8857,0.54805,624,,,,,,,,
AMP/FFA,Asset Management,0.9574,0.54806,624,,,,,,,,
EVG/NKX,Asset Management,0.8388,0.54811,624,,,,,,,,
BLW/CHW,Asset Management,0.9545,0.54811,624,,,,,,,,
PFN/VMO,Asset Management,0.882,0.54812,624,,,,,,,,
CSQ/JCE,Asset Management,0.9862,0.54812,624,,,,,,,,
PHK/RNP,Asset Management,0.8368,0.54813,624,,,,,,,,
BLK/NXN,Asset Management,0.8524,0.54815,624,,,,,,,,
BRW/EEA,Asset Management,0.9072,0.54815,624,,,,,,,,
ALL/HMN,Insurance - Property & Casualty,0.837,0.54815,624,,,,,,,,
BND/FTCS,Unknown,0.8369,0.54815,624,,,,,,,,
OGE/PNW,Utilities - Regulated Electric,0.9235,0.54815,624,,,,,,,,
GSBC/PNFP,Banks - Regional,0.9366,0.54816,624,,,,,,,,
NUW/RCS,Asset Management,0.8243,0.54816,624,,,,,,,,
IEUS/PTH,Unknown,0.9292,0.54816,624,,,,,,,,
CHW/MMU,Asset Management,0.8221,0.54818,624,,,,,,,,
BPOP/GBCI,Banks - Regional,0.8718,0.54818,624,,,,,,,,
JQC/PFO,Asset Management,0.8727,0.54818,624,,,,,,,,
CGO/HPI,Asset Management,0.9196,0.54819,624,,,,,,,,
HPF/IGR,Asset Management,0.9274,0.5482,624,,,,,,,,
JOF/TY,Asset Management,0.917,0.5482,624,,,,,,,,
BND/JSM,Unknown,0.9121,0.54822,624,,,,,,,,
BCML/WAFD,Banks - Regional,0.9031,0.54822,624,,,,,,,,
GDL/NVG,Asset Management,0.8643,0.54823,624,,,,,,,,
APH/LYTS,Electronic Components,0.8144,0.54823,624,,,,,,,,
BGY/MAIN,Asset Management,0.9302,0.54824,624,,,,,,,,
FFA/SWKH,Asset Management,0.8443,0.54826,624,,,,,,,,
CZFS/RNST,Banks - Regional,0.8004,0.54827,624,,,,,,,,
IPB/QABA,Unknown,0.8932,0.54828,624,,,,,,,,
MAIN/STT,Asset Management,0.8417,0.54828,624,,,,,,,,
FFA/RNP,Asset Management,0.9786,0.54829,624,,,,,,,,
EOI/RNP,Asset Management,0.9675,0.5483,624,,,,,,,,
BOE/PFD,Asset Management,0.8037,0.5483,624,,,,,,,,
ETO/NXC,Asset Management,0.8677,0.54831,624,,,,,,,,
FCF/OFG,Banks - Regional,0.8037,0.54832,624,,,,,,,,
AUB/UBSI,Banks - Regional,0.9349,0.54832,624,,,,,,,,
JRS/TY,Asset Management,0.9433,0.54836,624,,,,,,,,
MFM/PFL,Asset Management,0.9012,0.54837,624,,,,,,,,
GF/MHI,Asset Management,0.8055,0.54838,624,,,,,,,,
FT/SAR,Asset Management,0.9655,0.54838,624,,,,,,,,
RCMT/VMI,Conglomerates,0.8007,0.54839,624,,,,,,,,
CBSH/HWC,Banks - Regional,0.8382,0.5484,624,,,,,,,,
EOI/WEA,Asset Management,0.8882,0.5484,624,,,,,,,,
EOD/NXJ,Asset Management,0.8266,0.5484,624,,,,,,,,
BTZ/HQH,Asset Management,0.9054,0.54841,624,,,,,,,,
CUBE/LXP,REIT - Industrial,0.8991,0.54841,624,,,,,,,,
BME/MVF,Asset Management,0.8103,0.54842,624,,,,,,,,
AB/PCN,Asset Management,0.9008,0.54842,624,,,,,,,,
NTRS/RCS,Asset Management,0.8232,0.54843,624,,,,,,,,
EOT/GDV,Asset Management,0.8389,0.54845,624,,,,,,,,
AWF/RVT,Asset Management,0.9649,0.54849,624,,,,,,,,
BLK/BTA,Asset Management,0.8766,0.5485,624,,,,,,,,
BGY/ETY,Asset Management,0.9633,0.54851,624,,,,,,,,
NCA/PFL,Asset Management,0.8867,0.54851,624,,,,,,,,
DNP/HPS,Asset Management,0.9519,0.54853,624,,,,,,,,
IEUS/PHO,Unknown,0.8949,0.54854,624,,,,,,,,
EMD/QQQX,Asset Management,0.8222,0.54855,624,,,,,,,,
MTB/WABC,Banks - Regional,0.842,0.54856,624,,,,,,,,
FOF/PFG,Asset Management,0.9297,0.54857,624,,,,,,,,
LEO/RQI,Asset Management,0.8228,0.54858,624,,,,,,,,
ABCB/PFIS,Banks - Regional,0.905,0.54858,624,,,,,,,,
FXNC/RF,Banks - Regional,0.8908,0.54858,624,,,,,,,,
AMP/PNNT,Asset Management,0.9446,0.54859,624,,,,,,,,
CSQ/FT,Asset Management,0.9779,0.54859,624,,,,,,,,
FEX/PFF,Unknown,0.932,0.54859,624,,,,,,,,
DNP/TY,Asset Management,0.9483,0.54859,624,,,,,,,,
CHN/EHI,Asset Management,0.8199,0.54859,624,,,,,,,,
WBS/ZIONP,Banks - Regional,0.877,0.5486,624,,,,,,,,
AX/PWOD,Banks - Regional,0.8055,0.54861,624,,,,,,,,
NAC/NXJ,Asset Management,0.9508,0.54862,624,,,,,,,,
FCBC/OPBK,Banks - Regional,0.9126,0.54864,624,,,,,,,,
IUSV/PRFZ,Unknown,0.9851,0.54865,624,,,,,,,,
IFN/WIW,Asset Management,0.8324,0.54865,624,,,,,,,,
CHI/GUT,Asset Management,0.8304,0.54867,624,,,,,,,,
BKN/QQQX,Asset Management,0.8402,0.54867,624,,,,,,,,
BVN/MUX,Other Precious Metals & Mining,0.8198,0.54868,624,,,,,,,,
EFR/HQH,Asset Management,0.8162,0.54869,624,,,,,,,,
GAM/JLS,Asset Management,0.8871,0.54869,624,,,,,,,,
BXMX/NXJ,Asset Management,0.8996,0.54871,624,,,,,,,,
HYT/RJF,Asset Management,0.9318,0.54871,624,,,,,,,,
PHO/PIO,Unknown,0.9853,0.54872,624,,,,,,,,
OSBC/UCB,Banks - Regional,0.9395,0.54872,624,,,,,,,,
ASG/CXH,Asset Management,0.8528,0.54873,624,,,,,,,,
JHS/PIM,Asset Management,0.9068,0.54873,624,,,,,,,,
HTD/PNNT,Asset Management,0.8163,0.54874,624,,,,,,,,
EVG/FUND,Asset Management,0.939,0.54874,624,,,,,,,,
GDL/VKQ,Asset Management,0.8384,0.54875,624,,,,,,,,
GABC/UBSI,Banks - Regional,0.9176,0.54877,624,,,,,,,,
EXG/JPC,Asset Management,0.9226,0.54877,624,,,,,,,,
SFBC/WABC,Banks - Regional,0.8397,0.54877,624,,,,,,,,
ACWI/GRID,Unknown,0.9761,0.54878,624,,,,,,,,
FLO/LANC,Packaged Foods,0.8816,0.54879,624,,,,,,,,
BJK/PEZ,Unknown,0.8168,0.54879,624,,,,,,,,
HYT/IIF,Asset Management,0.8893,0.54879,624,,,,,,,,
FOF/GCV,Asset Management,0.9025,0.5488,624,,,,,,,,
EOD/PNNT,Asset Management,0.9322,0.5488,624,,,,,,,,
HYT/NAN,Asset Management,0.8799,0.54881,624,,,,,,,,
DSU/NXP,Asset Management,0.896,0.54881,624,,,,,,,,
CSL/MAS,Building Products & Equipment,0.9193,0.54882,624,,,,,,,,
AAXJ/IUSG,Unknown,0.8459,0.54884,624,,,,,,,,
AWP/BLE,Asset Management,0.8338,0.54886,624,,,,,,,,
FMAO/STBA,Banks - Regional,0.8666,0.54888,624,,,,,,,,
MCR/SAR,Asset Management,0.9169,0.54888,624,,,,,,,,
BLW/ETW,Asset Management,0.9587,0.54888,624,,,,,,,,
FRA/JOF,Asset Management,0.8146,0.54889,624,,,,,,,,
GOF/JRS,Asset Management,0.9288,0.54889,624,,,,,,,,
AROW/CADE,Banks - Regional,0.8935,0.54892,624,,,,,,,,
BXMX/MMT,Asset Management,0.9431,0.54894,624,,,,,,,,
FOF/MSD,Asset Management,0.9088,0.54894,624,,,,,,,,
DNP/NXN,Asset Management,0.8982,0.54895,624,,,,,,,,
BHK/MAIN,Asset Management,0.8077,0.54897,624,,,,,,,,
BCBP/SNV,Banks - Regional,0.831,0.54897,624,,,,,,,,
ETV/NUW,Asset Management,0.8704,0.54897,624,,,,,,,,
KBH/SKY,Residential Construction,0.9048,0.54897,624,,,,,,,,
FMY/RJF,Asset Management,0.8663,0.54897,624,,,,,,,,
BHK/ETB,Asset Management,0.8968,0.54898,624,,,,,,,,
FAD/PDP,Unknown,0.9954,0.54898,624,,,,,,,,
JLS/PML,Asset Management,0.8086,0.54899,624,,,,,,,,
PFI/PID,Unknown,0.9295,0.549,624,,,,,,,,
CHN/VMO,Asset Management,0.8096,0.54901,624,,,,,,,,
PRN/PYZ,Unknown,0.9322,0.54902,624,,,,,,,,
BDJ/PMM,Asset Management,0.8704,0.54902,624,,,,,,,,
TWN/VLT,Asset Management,0.8942,0.54903,624,,,,,,,,
SBCF/ZIONP,Banks - Regional,0.8525,0.54904,624,,,,,,,,
BME/MUA,Asset Management,0.8709,0.54905,624,,,,,,,,
BTO/PFN,Asset Management,0.9436,0.54906,624,,,,,,,,
DHIL/FFC,Asset Management,0.8194,0.54907,624,,,,,,,,
NUV/TROW,Asset Management,0.9059,0.54907,624,,,,,,,,
BTO/MHF,Asset Management,0.891,0.54908,624,,,,,,,,
FMBH/TRST,Banks - Regional,0.878,0.54908,624,,,,,,,,
AB/MHF,Asset Management,0.8583,0.54909,624,,,,,,,,
ALRS/CTBI,Banks - Regional,0.8334,0.54909,624,,,,,,,,
FITB/IBN,Banks - Regional,0.8802,0.54909,624,,,,,,,,
BLK/RNP,Asset Management,0.969,0.5491,624,,,,,,,,
NFJ/SEIC,Asset Management,0.8609,0.54913,624,,,,,,,,
HYT/MPV,Asset Management,0.9251,0.54914,624,,,,,,,,
DTF/HPS,Asset Management,0.8011,0.54915,624,,,,,,,,
BRKR/MASI,Medical Devices,0.8185,0.54916,624,,,,,,,,
BOE/NAD,Asset Management,0.8311,0.54917,624,,,,,,,,
ALL/THG,Insurance - Property & Casualty,0.9541,0.54918,624,,,,,,,,
AIR/VSEC,Aerospace & Defense,0.8585,0.54919,624,,,,,,,,
ETG/PAI,Asset Management,0.8543,0.54919,624,,,,,,,,
BGY/BTO,Asset Management,0.8801,0.54921,624,,,,,,,,
PFG/WEA,Asset Management,0.8128,0.54922,624,,,,,,,,
GRX/NCA,Asset Management,0.9113,0.54922,624,,,,,,,,
MMT/PCF,Asset Management,0.9677,0.54922,624,,,,,,,,
AJG/WTW,Insurance Brokers,0.9473,0.54923,624,,,,,,,,
DHIL/PMO,Asset Management,0.8086,0.54923,624,,,,,,,,
FAD/FYX,Unknown,0.986,0.54925,624,,,,,,,,
CHN/MGF,Asset Management,0.8315,0.54926,624,,,,,,,,
CASH/FMBH,Banks - Regional,0.88,0.54926,624,,,,,,,,
BN/TROW,Asset Management,0.8572,0.54927,624,,,,,,,,
NUV/PDT,Asset Management,0.9274,0.54928,624,,,,,,,,
EEA/FLC,Asset Management,0.8776,0.54928,624,,,,,,,,
HCI/L,Insurance - Property & Casualty,0.8759,0.54928,624,,,,,,,,
RVT/VBF,Asset Management,0.9073,0.54929,624,,,,,,,,
GAIN/WEA,Asset Management,0.8682,0.5493,624,,,,,,,,
ETW/EVN,Asset Management,0.8793,0.5493,624,,,,,,,,
K/PPC,Packaged Foods,0.8844,0.54931,624,,,,,,,,
BRO/WTW,Insurance Brokers,0.9631,0.54932,624,,,,,,,,
ATRC/RMD,Medical Instruments & Supplies,0.8571,0.54932,624,,,,,,,,
GDL/VGM,Asset Management,0.8369,0.54934,624,,,,,,,,
HPF/PCF,Asset Management,0.9578,0.54934,624,,,,,,,,
CNOB/MOFG,Banks - Regional,0.9281,0.54934,624,,,,,,,,
CBAN/PFIS,Banks - Regional,0.8582,0.54934,624,,,,,,,,
PNFP/WAFD,Banks - Regional,0.915,0.54934,624,,,,,,,,
FFIN/SMBK,Banks - Regional,0.8588,0.54935,624,,,,,,,,
MPV/PCF,Asset Management,0.9046,0.54935,624,,,,,,,,
CASH/TOWN,Banks - Regional,0.9218,0.54937,624,,,,,,,,
AWP/PFD,Asset Management,0.9012,0.54937,624,,,,,,,,
TSCO/ULTA,Specialty Retail,0.876,0.54938,624,,,,,,,,
JBK/VMBS,Unknown,0.8788,0.54939,624,,,,,,,,
ABCB/BHLB,Banks - Regional,0.8012,0.5494,624,,,,,,,,
HDB/OPBK,Banks - Regional,0.8451,0.54941,624,,,,,,,,
DSM/JLS,Asset Management,0.8575,0.54941,624,,,,,,,,
QCRH/UCB,Banks - Regional,0.901,0.54941,624,,,,,,,,
CGO/IIF,Asset Management,0.8529,0.54942,624,,,,,,,,
AB/RMT,Asset Management,0.9578,0.54943,624,,,,,,,,
DSU/NZF,Asset Management,0.829,0.54944,624,,,,,,,,
AB/HPS,Asset Management,0.9065,0.54944,624,,,,,,,,
FT/PMO,Asset Management,0.9037,0.54945,624,,,,,,,,
PHO/PYZ,Unknown,0.94,0.54945,624,,,,,,,,
BTZ/CSQ,Asset Management,0.9378,0.54946,624,,,,,,,,
FYX/PRFZ,Unknown,0.9976,0.54947,624,,,,,,,,
AWP/CII,Asset Management,0.8763,0.54947,624,,,,,,,,
CBU/NKSH,Banks - Regional,0.8406,0.54948,624,,,,,,,,
ETW/FUND,Asset Management,0.9302,0.54949,624,,,,,,,,
BOE/NEA,Asset Management,0.8251,0.54951,624,,,,,,,,
IEUS/VCLT,Unknown,0.8741,0.54952,624,,,,,,,,
IUSV/USIG,Unknown,0.8438,0.54953,624,,,,,,,,
CNOB/HAFC,Banks - Regional,0.8464,0.54954,624,,,,,,,,
AWF/BDJ,Asset Management,0.9571,0.54954,624,,,,,,,,
CHY/EEA,Asset Management,0.955,0.54956,624,,,,,,,,
BXMX/IQI,Asset Management,0.8353,0.54956,624,,,,,,,,
IGR/PHK,Asset Management,0.84,0.54958,624,,,,,,,,
FRA/IGD,Asset Management,0.9601,0.54959,624,,,,,,,,
FCNCA/FNB,Banks - Regional,0.8019,0.54959,624,,,,,,,,
ARCC/JRS,Asset Management,0.8797,0.5496,624,,,,,,,,
AWF/MQY,Asset Management,0.8556,0.54963,624,,,,,,,,
NPV/PMX,Asset Management,0.8418,0.54966,624,,,,,,,,
GNTX/GPC,Auto Parts,0.8679,0.54966,624,,,,,,,,
BPOP/SNV,Banks - Regional,0.8514,0.54966,624,,,,,,,,
BCML/FHN,Banks - Regional,0.8037,0.54966,624,,,,,,,,
MYN/PCQ,Asset Management,0.8604,0.54967,624,,,,,,,,
FFIN/PKBK,Banks - Regional,0.9261,0.54968,624,,,,,,,,
AWF/PMO,Asset Management,0.8876,0.54968,624,,,,,,,,
ETJ/FLC,Asset Management,0.9027,0.54969,624,,,,,,,,
EOS/IGI,Asset Management,0.8333,0.5497,624,,,,,,,,
AOD/MAIN,Asset Management,0.9378,0.54971,624,,,,,,,,
ACWI/QABA,Unknown,0.8691,0.54971,624,,,,,,,,
MMT/TWN,Asset Management,0.8779,0.54972,624,,,,,,,,
IBCP/TFSL,Banks - Regional,0.8423,0.54973,624,,,,,,,,
PNFP/THFF,Banks - Regional,0.9291,0.54973,624,,,,,,,,
ADX/STK,Asset Management,0.981,0.54975,624,,,,,,,,
BFZ/ETB,Asset Management,0.8299,0.54976,624,,,,,,,,
CHW/JPC,Asset Management,0.9407,0.54977,624,,,,,,,,
AOD/VVR,Asset Management,0.9243,0.54977,624,,,,,,,,
MHD/PFN,Asset Management,0.8402,0.54978,624,,,,,,,,
FXNC/HDB,Banks - Regional,0.8874,0.54978,624,,,,,,,,
CZFS/PNFP,Banks - Regional,0.8288,0.54983,624,,,,,,,,
ED/EVRG,Utilities - Regulated Electric,0.9504,0.54984,624,,,,,,,,
ETW/NAC,Asset Management,0.8465,0.54985,624,,,,,,,,
MYN/PNF,Asset Management,0.8985,0.54985,624,,,,,,,,
NCA/NTRS,Asset Management,0.856,0.54985,624,,,,,,,,
ALRS/HDB,Banks - Regional,0.8912,0.54987,624,,,,,,,,
NZF/PFN,Asset Management,0.9478,0.54987,624,,,,,,,,
PNNT/RVT,Asset Management,0.8775,0.54989,624,,,,,,,,
ITW/ROK,Specialty Industrial Machinery,0.9818,0.54991,624,,,,,,,,
CSQ/FMY,Asset Management,0.928,0.54992,624,,,,,,,,
FUND/MMT,Asset Management,0.9025,0.54992,624,,,,,,,,
AWI/OC,Building Products & Equipment,0.8492,0.54992,624,,,,,,,,
DNP/JRS,Asset Management,0.9103,0.54992,624,,,,,,,,
EVG/MFIC,Asset Management,0.867,0.54993,624,,,,,,,,
AIA/PFM,Unknown,0.8527,0.54996,624,,,,,,,,
JPC/TROW,Asset Management,0.8621,0.54996,624,,,,,,,,
DRS/VSEC,Aerospace & Defense,0.8563,0.54998,624,,,,,,,,
GDL/NNY,Asset Management,0.8673,0.54998,624,,,,,,,,
ETO/FMN,Asset Management,0.8051,0.54999,624,,,,,,,,
AWI/SPXC,Building Products & Equipment,0.8912,0.55,624,,,,,,,,
EVT/VCV,Asset Management,0.8425,0.55,624,,,,,,,,
ADX/STT,Asset Management,0.8225,0.55001,624,,,,,,,,
EVT/NUW,Asset Management,0.839,0.55001,624,,,,,,,,
ASG/TY,Asset Management,0.9571,0.55002,624,,,,,,,,
BND/BPOPM,Unknown,0.9086,0.55002,624,,,,,,,,
APH/SANM,Electronic Components,0.9495,0.55002,624,,,,,,,,
BCML/EFSC,Banks - Regional,0.9384,0.55004,624,,,,,,,,
CHW/FCT,Asset Management,0.9241,0.55004,624,,,,,,,,
DSU/VPV,Asset Management,0.8209,0.55006,624,,,,,,,,
BCBP/CBSH,Banks - Regional,0.8701,0.55007,624,,,,,,,,
LSCC/SLAB,Semiconductors,0.873,0.55009,624,,,,,,,,
HTD/NAD,Asset Management,0.9074,0.55009,624,,,,,,,,
EEA/EOI,Asset Management,0.9411,0.5501,624,,,,,,,,
HWBK/ZIONP,Banks - Regional,0.8881,0.55011,624,,,,,,,,
IGSB/IUSV,Unknown,0.9424,0.55011,624,,,,,,,,
GF/NAZ,Asset Management,0.8082,0.55013,624,,,,,,,,
CHW/HYT,Asset Management,0.9645,0.55013,624,,,,,,,,
FDBC/ZION,Banks - Regional,0.8361,0.55014,624,,,,,,,,
IUSV/QABA,Unknown,0.874,0.55015,624,,,,,,,,
CBU/SSB,Banks - Regional,0.8579,0.55016,624,,,,,,,,
MCD/SBUX,Restaurants,0.9346,0.55017,624,,,,,,,,
BOE/FLC,Asset Management,0.8711,0.55017,624,,,,,,,,
FEX/PID,Unknown,0.9496,0.55017,624,,,,,,,,
IUSV/PNQI,Unknown,0.886,0.55019,624,,,,,,,,
BTO/GDO,Asset Management,0.899,0.55019,624,,,,,,,,
IEUS/SMH,Unknown,0.818,0.55019,624,,,,,,,,
SFNC/TCBK,Banks - Regional,0.8435,0.55021,624,,,,,,,,
AEE/SO,Utilities - Regulated Electric,0.9397,0.55023,624,,,,,,,,
JCI/MAS,Building Products & Equipment,0.9229,0.55023,624,,,,,,,,
FRST/UBSI,Banks - Regional,0.8313,0.55027,624,,,,,,,,
PKW/PPH,Unknown,0.9597,0.55027,624,,,,,,,,
GAIN/HPS,Asset Management,0.926,0.55028,624,,,,,,,,
CBU/HBCP,Banks - Regional,0.8964,0.55028,624,,,,,,,,
FFC/MSD,Asset Management,0.8892,0.55028,624,,,,,,,,
BTO/MYI,Asset Management,0.8546,0.55029,624,,,,,,,,
FTC/PRFZ,Unknown,0.9815,0.55029,624,,,,,,,,
NIM/NTRS,Asset Management,0.8723,0.5503,624,,,,,,,,
UCB/ZIONP,Banks - Regional,0.8036,0.55031,624,,,,,,,,
CMA/TRST,Banks - Regional,0.8908,0.55032,624,,,,,,,,
ECL/PPG,Specialty Chemicals,0.8915,0.55034,624,,,,,,,,
HIX/RJF,Asset Management,0.8118,0.55034,624,,,,,,,,
DHIL/FLC,Asset Management,0.8163,0.55036,624,,,,,,,,
CARE/CMA,Banks - Regional,0.8254,0.55037,624,,,,,,,,
EOS/GRX,Asset Management,0.9314,0.55037,624,,,,,,,,
GDV/MFIC,Asset Management,0.8418,0.55038,624,,,,,,,,
PPBI/RF,Banks - Regional,0.8196,0.55038,624,,,,,,,,
AX/ZIONP,Banks - Regional,0.8986,0.55039,624,,,,,,,,
EFT/MCI,Asset Management,0.9438,0.55041,624,,,,,,,,
BX/EOS,Asset Management,0.9512,0.55041,624,,,,,,,,
EMD/FOF,Asset Management,0.8551,0.55042,624,,,,,,,,
EVT/NMI,Asset Management,0.8259,0.55044,624,,,,,,,,
CBT/EMN,Specialty Chemicals,0.8005,0.55045,624,,,,,,,,
ACNB/MBCN,Banks - Regional,0.9486,0.55045,624,,,,,,,,
LTC/SBRA,REIT - Healthcare Facilities,0.8098,0.55047,624,,,,,,,,
CZWI/PROV,Banks - Regional,0.8318,0.55049,624,,,,,,,,
CHY/IGI,Asset Management,0.8347,0.55049,624,,,,,,,,
EMB/IBB,Unknown,0.8915,0.5505,624,,,,,,,,
EXG/NXJ,Asset Management,0.9016,0.55051,624,,,,,,,,
RQI/TY,Asset Management,0.975,0.55051,624,,,,,,,,
AWF/ETV,Asset Management,0.962,0.55053,624,,,,,,,,
CGO/EOI,Asset Management,0.9277,0.55054,624,,,,,,,,
EVF/MCI,Asset Management,0.9465,0.55054,624,,,,,,,,
COLB/TRMK,Banks - Regional,0.8326,0.55054,624,,,,,,,,
DHIL/MMT,Asset Management,0.8051,0.55054,624,,,,,,,,
EXG/VCV,Asset Management,0.829,0.55055,624,,,,,,,,
IIF/PFN,Asset Management,0.8625,0.55055,624,,,,,,,,
FULT/HDB,Banks - Regional,0.8504,0.55056,624,,,,,,,,
AX/SMBC,Banks - Regional,0.9452,0.55056,624,,,,,,,,
IJT/PIE,Unknown,0.8474,0.55057,624,,,,,,,,
JEQ/MSD,Asset Management,0.8817,0.55057,624,,,,,,,,
FFIV/MSFT,Software - Infrastructure,0.8078,0.55058,624,,,,,,,,
PFL/RCS,Asset Management,0.8725,0.55059,624,,,,,,,,
PTF/PUI,Unknown,0.9038,0.55059,624,,,,,,,,
MBWM/UBSI,Banks - Regional,0.9238,0.5506,624,,,,,,,,
ETW/FT,Asset Management,0.9606,0.5506,624,,,,,,,,
IGD/JPC,Asset Management,0.8981,0.55061,624,,,,,,,,
AB/PFO,Asset Management,0.8316,0.55061,624,,,,,,,,
TLK/TU,Telecom Services,0.8226,0.55062,624,,,,,,,,
SCZ/VCIT,Unknown,0.9314,0.55063,624,,,,,,,,
BGT/HTD,Asset Management,0.9005,0.55065,624,,,,,,,,
AME/CXT,Specialty Industrial Machinery,0.9351,0.55065,624,,,,,,,,
NPV/OIA,Asset Management,0.8593,0.55066,624,,,,,,,,
NWBI/OZK,Banks - Regional,0.8236,0.55066,624,,,,,,,,
HFBL/RF,Banks - Regional,0.8497,0.55067,624,,,,,,,,
BLK/EVT,Asset Management,0.9734,0.55067,624,,,,,,,,
FCF/HOMB,Banks - Regional,0.9364,0.55067,624,,,,,,,,
ETJ/VPV,Asset Management,0.8531,0.55068,624,,,,,,,,
EFR/HPS,Asset Management,0.9304,0.55069,624,,,,,,,,
ADX/FCT,Asset Management,0.9607,0.5507,624,,,,,,,,
CHN/VGM,Asset Management,0.8215,0.5507,624,,,,,,,,
NFBK/NWBI,Banks - Regional,0.8477,0.55072,624,,,,,,,,
ACWI/PUI,Unknown,0.9534,0.55073,624,,,,,,,,
QCLN/WOOD,Unknown,0.8208,0.55073,624,,,,,,,,
IQI/JRS,Asset Management,0.8948,0.55074,624,,,,,,,,
CGO/PFG,Asset Management,0.8372,0.55075,624,,,,,,,,
MUA/PPT,Asset Management,0.8899,0.55078,624,,,,,,,,
AFB/HQH,Asset Management,0.8573,0.55079,624,,,,,,,,
FXNC/WSBF,Banks - Regional,0.8236,0.55081,624,,,,,,,,
STBA/WSBF,Banks - Regional,0.8264,0.55082,624,,,,,,,,
FSFG/LCNB,Banks - Regional,0.8585,0.55083,624,,,,,,,,
IFN/OCSL,Asset Management,0.8248,0.55084,624,,,,,,,,
GF/MYD,Asset Management,0.8359,0.55086,624,,,,,,,,
ALL/ORI,Insurance - Property & Casualty,0.9738,0.55087,624,,,,,,,,
CWBC/TFSL,Banks - Regional,0.8579,0.5509,624,,,,,,,,
IPB/PID,Unknown,0.8487,0.55091,624,,,,,,,,
PFL/PHK,Asset Management,0.8695,0.55093,624,,,,,,,,
AFG/SAFT,Insurance - Property & Casualty,0.8945,0.55093,624,,,,,,,,
CHI/MPV,Asset Management,0.873,0.55095,624,,,,,,,,
CNA/RLI,Insurance - Property & Casualty,0.9333,0.55096,624,,,,,,,,
AX/HBNC,Banks - Regional,0.8526,0.55096,624,,,,,,,,
BTZ/NZF,Asset Management,0.9648,0.55099,624,,,,,,,,
USA/VVR,Asset Management,0.9438,0.55099,624,,,,,,,,
PEBK/ZIONP,Banks - Regional,0.8897,0.551,624,,,,,,,,
CHI/MYI,Asset Management,0.8271,0.55102,624,,,,,,,,
GDL/NAN,Asset Management,0.865,0.55103,624,,,,,,,,
BYM/RQI,Asset Management,0.8876,0.55103,624,,,,,,,,
EVT/MMT,Asset Management,0.9614,0.55104,624,,,,,,,,
JLS/NNY,Asset Management,0.9033,0.55104,624,,,,,,,,
ETJ/MUJ,Asset Management,0.8646,0.55104,624,,,,,,,,
PFL/SAR,Asset Management,0.9412,0.55105,624,,,,,,,,
DVY/EMB,Unknown,0.8175,0.55107,624,,,,,,,,
CHY/MHF,Asset Management,0.8909,0.55108,624,,,,,,,,
AAON/OC,Building Products & Equipment,0.9576,0.55109,624,,,,,,,,
BXMX/NUW,Asset Management,0.8308,0.55109,624,,,,,,,,
BCBP/PEBK,Banks - Regional,0.8514,0.5511,624,,,,,,,,
JHI/SCD,Asset Management,0.8715,0.55111,624,,,,,,,,
FLC/PFN,Asset Management,0.9565,0.55113,624,,,,,,,,
GJO/PEZ,Unknown,0.9242,0.55114,624,,,,,,,,
PDP/PEZ,Unknown,0.9801,0.55116,624,,,,,,,,
BKN/PFL,Asset Management,0.8807,0.55116,624,,,,,,,,
CRM/PTC,Software - Application,0.9504,0.55117,624,,,,,,,,
PFG/RQI,Asset Management,0.9115,0.55119,624,,,,,,,,
RNP/TWN,Asset Management,0.9084,0.55122,624,,,,,,,,
FAD/FEX,Unknown,0.9929,0.55122,624,,,,,,,,
VLT/VVR,Asset Management,0.9264,0.55123,624,,,,,,,,
EOI/VVR,Asset Management,0.9615,0.55124,624,,,,,,,,
GJS/KTH,Unknown,0.9443,0.55125,624,,,,,,,,
GAM/HIO,Asset Management,0.9324,0.55125,624,,,,,,,,
HFBL/LCNB,Banks - Regional,0.8589,0.55125,624,,,,,,,,
AFG/ORI,Insurance - Property & Casualty,0.9558,0.55126,624,,,,,,,,
ETV/MGF,Asset Management,0.809,0.55126,624,,,,,,,,
FMAO/UBFO,Banks - Regional,0.8965,0.55127,624,,,,,,,,
DNP/JLS,Asset Management,0.8889,0.55127,624,,,,,,,,
LYV/NFLX,Entertainment,0.9096,0.55127,624,,,,,,,,
CHI/GF,Asset Management,0.8017,0.55127,624,,,,,,,,
NIE/STT,Asset Management,0.8213,0.55128,624,,,,,,,,
NIM/PCF,Asset Management,0.8943,0.5513,624,,,,,,,,
EMD/SOR,Asset Management,0.8063,0.55131,624,,,,,,,,
JLS/MUA,Asset Management,0.9041,0.55131,624,,,,,,,,
PROV/TRST,Banks - Regional,0.8342,0.55132,624,,,,,,,,
CHW/PMO,Asset Management,0.9259,0.55133,624,,,,,,,,
ETW/WIA,Asset Management,0.865,0.55134,624,,,,,,,,
AWP/HTD,Asset Management,0.9277,0.55134,624,,,,,,,,
CBU/NBTB,Banks - Regional,0.9157,0.55134,624,,,,,,,,
HDB/STBA,Banks - Regional,0.8135,0.55137,624,,,,,,,,
CRL/DGX,Diagnostics & Research,0.8433,0.55137,624,,,,,,,,
ARCC/PDT,Asset Management,0.8679,0.55138,624,,,,,,,,
EOS/WIW,Asset Management,0.8997,0.55138,624,,,,,,,,
FMN/PIM,Asset Management,0.8295,0.55139,624,,,,,,,,
AAXJ/FTCS,Unknown,0.8604,0.5514,624,,,,,,,,
ETJ/NXN,Asset Management,0.8624,0.55141,624,,,,,,,,
EMB/FTCS,Unknown,0.8349,0.55145,624,,,,,,,,
GAM/HYT,Asset Management,0.9614,0.55145,624,,,,,,,,
MIN/RQI,Asset Management,0.9055,0.55147,624,,,,,,,,
CHW/MYD,Asset Management,0.8539,0.55148,624,,,,,,,,
AMP/QQQX,Asset Management,0.9031,0.5515,624,,,,,,,,
ETW/HPI,Asset Management,0.9473,0.55151,624,,,,,,,,
MNSB/PEBO,Banks - Regional,0.8907,0.55152,624,,,,,,,,
HPI/PHD,Asset Management,0.9142,0.55153,624,,,,,,,,
IQI/PIM,Asset Management,0.8901,0.55154,624,,,,,,,,
BLW/CSWC,Asset Management,0.9561,0.55156,624,,,,,,,,
BCML/PGC,Banks - Regional,0.8651,0.55157,624,,,,,,,,
BTA/MAIN,Asset Management,0.8291,0.55157,624,,,,,,,,
DSU/JHI,Asset Management,0.9132,0.55158,624,,,,,,,,
PFS/STBA,Banks - Regional,0.8943,0.55159,624,,,,,,,,
NAD/WIW,Asset Management,0.8944,0.5516,624,,,,,,,,
FMAO/WSFS,Banks - Regional,0.8725,0.5516,624,,,,,,,,
ASB/CBU,Banks - Regional,0.845,0.5516,624,,,,,,,,
ACGL/AIG,Insurance - Diversified,0.8635,0.55161,624,,,,,,,,
NZF/VLT,Asset Management,0.9246,0.55162,624,,,,,,,,
PFS/TCBI,Banks - Regional,0.8127,0.55162,624,,,,,,,,
PNFP/VABK,Banks - Regional,0.8877,0.55163,624,,,,,,,,
FUND/MHF,Asset Management,0.8256,0.55163,624,,,,,,,,
OXSQ/PDT,Asset Management,0.8083,0.55164,624,,,,,,,,
ECL/WLK,Specialty Chemicals,0.8071,0.55166,624,,,,,,,,
BTZ/PCF,Asset Management,0.9581,0.55166,624,,,,,,,,
BTO/NAD,Asset Management,0.8709,0.55167,624,,,,,,,,
FAD/PUI,Unknown,0.9538,0.55167,624,,,,,,,,
FCCO/HDB,Banks - Regional,0.8952,0.55167,624,,,,,,,,
PNNT/RNP,Asset Management,0.8473,0.55171,624,,,,,,,,
ITW/MIDD,Specialty Industrial Machinery,0.8237,0.55171,624,,,,,,,,
SFBC/TFSL,Banks - Regional,0.8786,0.55174,624,,,,,,,,
EOD/PDT,Asset Management,0.8557,0.55176,624,,,,,,,,
AWP/BTZ,Asset Management,0.9365,0.55177,624,,,,,,,,
BLW/BXMX,Asset Management,0.9734,0.55178,624,,,,,,,,
SBSI/STBA,Banks - Regional,0.8632,0.55178,624,,,,,,,,
LOAN/PMT,REIT - Mortgage,0.8921,0.5518,624,,,,,,,,
EVT/NQP,Asset Management,0.8959,0.55181,624,,,,,,,,
QABA/USIG,Unknown,0.8314,0.55183,624,,,,,,,,
BDJ/MFIC,Asset Management,0.8495,0.55184,624,,,,,,,,
BTO/CMU,Asset Management,0.81,0.55185,624,,,,,,,,
TTEC/TTGT,Information Technology Services,0.8656,0.55186,624,,,,,,,,
HYT/SAR,Asset Management,0.9502,0.55186,624,,,,,,,,
GDL/NRK,Asset Management,0.8516,0.55187,624,,,,,,,,
PDT/VMO,Asset Management,0.9022,0.55188,624,,,,,,,,
BCBP/GSBC,Banks - Regional,0.8733,0.55189,624,,,,,,,,
PDP/VCIT,Unknown,0.9251,0.5519,624,,,,,,,,
RNP/VMO,Asset Management,0.8587,0.5519,624,,,,,,,,
IQI/WIW,Asset Management,0.8702,0.55191,624,,,,,,,,
FOF/RCS,Asset Management,0.8565,0.55191,624,,,,,,,,
BANR/UMBF,Banks - Regional,0.9234,0.55193,624,,,,,,,,
ETR/NWE,Utilities - Regulated Electric,0.8004,0.55194,624,,,,,,,,
DSU/FFC,Asset Management,0.8339,0.55196,624,,,,,,,,
CBAN/UBSI,Banks - Regional,0.8624,0.55196,624,,,,,,,,
EMD/LGI,Asset Management,0.8305,0.55197,624,,,,,,,,
EOS/MPV,Asset Management,0.934,0.55197,624,,,,,,,,
MSFT/ORCL,Software - Infrastructure,0.9503,0.55197,624,,,,,,,,
CMA/MBWM,Banks - Regional,0.8218,0.55201,624,,,,,,,,
CZWI/INBK,Banks - Regional,0.8715,0.55202,624,,,,,,,,
GDV/IGD,Asset Management,0.9701,0.55203,624,,,,,,,,
CNOB/NWFL,Banks - Regional,0.8019,0.55206,624,,,,,,,,
AWP/HQH,Asset Management,0.8698,0.55206,624,,,,,,,,
GJO/SCZ,Unknown,0.9132,0.55206,624,,,,,,,,
BFC/GSBC,Banks - Regional,0.9251,0.55207,624,,,,,,,,
TY/VBF,Asset Management,0.944,0.55208,624,,,,,,,,
FOF/IGD,Asset Management,0.9653,0.5521,624,,,,,,,,
EHI/MAIN,Asset Management,0.8734,0.55211,624,,,,,,,,
ASG/CNS,Asset Management,0.9394,0.55211,624,,,,,,,,
GF/MPA,Asset Management,0.8384,0.55211,624,,,,,,,,
MMSI/PDEX,Medical Instruments & Supplies,0.8361,0.55212,624,,,,,,,,
JLS/NXP,Asset Management,0.8949,0.55214,624,,,,,,,,
IGA/PHK,Asset Management,0.8484,0.55216,624,,,,,,,,
EOD/HPI,Asset Management,0.8611,0.55217,624,,,,,,,,
CSQ/RMT,Asset Management,0.9825,0.55219,624,,,,,,,,
QQQX/STEW,Asset Management,0.9761,0.55219,624,,,,,,,,
DSU/EHI,Asset Management,0.9135,0.55219,624,,,,,,,,
NFJ/NXP,Asset Management,0.8945,0.5522,624,,,,,,,,
GF/PFD,Asset Management,0.908,0.5522,624,,,,,,,,
HOMB/TRMK,Banks - Regional,0.8851,0.55221,624,,,,,,,,
IEUS/VMBS,Unknown,0.8341,0.55221,624,,,,,,,,
EWBC/MTB,Banks - Regional,0.9381,0.55221,624,,,,,,,,
RVT/SEIC,Asset Management,0.8984,0.55222,624,,,,,,,,
PFG/RFI,Asset Management,0.8959,0.55222,624,,,,,,,,
BANF/BOKF,Banks - Regional,0.9162,0.55222,624,,,,,,,,
CXE/JOF,Asset Management,0.8529,0.55222,624,,,,,,,,
AOD/NAD,Asset Management,0.8251,0.55222,624,,,,,,,,
CHY/SPXX,Asset Management,0.9574,0.55223,624,,,,,,,,
EVG/PFG,Asset Management,0.9136,0.55223,624,,,,,,,,
CACI/G,Information Technology Services,0.8562,0.55224,624,,,,,,,,
BDJ/JQC,Asset Management,0.941,0.55227,624,,,,,,,,
CGO/RNP,Asset Management,0.9487,0.55227,624,,,,,,,,
GF/VPV,Asset Management,0.83,0.5523,624,,,,,,,,
BCML/FITB,Banks - Regional,0.8498,0.55231,624,,,,,,,,
BX/EVT,Asset Management,0.9223,0.55234,624,,,,,,,,
CGO/FFA,Asset Management,0.9425,0.55234,624,,,,,,,,
EFT/PPT,Asset Management,0.8636,0.55234,624,,,,,,,,
CHW/NKX,Asset Management,0.8938,0.55235,624,,,,,,,,
BLK/IFN,Asset Management,0.9505,0.55238,624,,,,,,,,
OSBC/UBSI,Banks - Regional,0.9027,0.55239,624,,,,,,,,
MMT/TROW,Asset Management,0.9285,0.5524,624,,,,,,,,
FT/MFIC,Asset Management,0.8234,0.55241,624,,,,,,,,
BDJ/GRX,Asset Management,0.9482,0.55241,624,,,,,,,,
BTO/MYN,Asset Management,0.8025,0.55242,624,,,,,,,,
EVN/PIM,Asset Management,0.8629,0.55243,624,,,,,,,,
ETO/IQI,Asset Management,0.8621,0.55243,624,,,,,,,,
PNQI/VCIT,Unknown,0.9431,0.55243,624,,,,,,,,
HTD/NMI,Asset Management,0.872,0.55243,624,,,,,,,,
CHY/EVG,Asset Management,0.9528,0.55245,624,,,,,,,,
PFN/PMM,Asset Management,0.9431,0.55248,624,,,,,,,,
FEX/QQXT,Unknown,0.9908,0.55248,624,,,,,,,,
QCOM/SIMO,Semiconductors,0.8369,0.55248,624,,,,,,,,
GCV/JOF,Asset Management,0.847,0.55249,624,,,,,,,,
AWP/JOF,Asset Management,0.8774,0.55251,624,,,,,,,,
CNS/JLS,Asset Management,0.8249,0.55252,624,,,,,,,,
EVT/NEA,Asset Management,0.8778,0.55253,624,,,,,,,,
BXMX/GRX,Asset Management,0.9508,0.55255,624,,,,,,,,
ETG/IAE,Asset Management,0.8599,0.55256,624,,,,,,,,
AB/FRA,Asset Management,0.8928,0.55257,624,,,,,,,,
ETV/GDV,Asset Management,0.9849,0.55257,624,,,,,,,,
CSQ/TROW,Asset Management,0.8704,0.55258,624,,,,,,,,
GAIN/GCV,Asset Management,0.861,0.55258,624,,,,,,,,
FCT/FHI,Asset Management,0.9108,0.55261,624,,,,,,,,
EFR/JHI,Asset Management,0.9142,0.55263,624,,,,,,,,
HIO/SEIC,Asset Management,0.8652,0.55264,624,,,,,,,,
SMH/VCSH,Unknown,0.8619,0.55266,624,,,,,,,,
BTA/DSU,Asset Management,0.8543,0.55268,624,,,,,,,,
GDV/MUA,Asset Management,0.8419,0.55269,624,,,,,,,,
IGD/PDT,Asset Management,0.8992,0.55271,624,,,,,,,,
BFC/FBNC,Banks - Regional,0.9088,0.55272,624,,,,,,,,
ACWI/WOOD,Unknown,0.9429,0.55274,624,,,,,,,,
CHN/LEO,Asset Management,0.8155,0.55275,624,,,,,,,,
PFO/TY,Asset Management,0.9258,0.55275,624,,,,,,,,
MQY/RQI,Asset Management,0.8703,0.55276,624,,,,,,,,
DVY/PEZ,Unknown,0.9446,0.55279,624,,,,,,,,
PDP/PHO,Unknown,0.9739,0.55279,624,,,,,,,,
ATRC/BLFS,Medical Instruments & Supplies,0.878,0.55281,624,,,,,,,,
PFD/PIM,Asset Management,0.8971,0.55281,624,,,,,,,,
NAD/RNP,Asset Management,0.9133,0.55282,624,,,,,,,,
ETG/MIN,Asset Management,0.8963,0.55282,624,,,,,,,,
CHI/JOF,Asset Management,0.8309,0.55283,624,,,,,,,,
NXP/RCS,Asset Management,0.8139,0.55283,624,,,,,,,,
BLK/PMM,Asset Management,0.8642,0.55283,624,,,,,,,,
CIF/GRX,Asset Management,0.9251,0.55283,624,,,,,,,,
SRCE/WABC,Banks - Regional,0.8385,0.55284,624,,,,,,,,
BTO/NXJ,Asset Management,0.8899,0.55284,624,,,,,,,,
IGIB/VMBS,Unknown,0.9447,0.55284,624,,,,,,,,
ADX/AMP,Asset Management,0.9557,0.55286,624,,,,,,,,
BYM/GUT,Asset Management,0.8135,0.55286,624,,,,,,,,
FMY/IFN,Asset Management,0.869,0.55286,624,,,,,,,,
IEUS/INDY,Unknown,0.8893,0.55288,624,,,,,,,,
MCD/NATH,Restaurants,0.8576,0.55289,624,,,,,,,,
AX/NBN,Banks - Regional,0.8523,0.55289,624,,,,,,,,
CNS/PSEC,Asset Management,0.8635,0.55289,624,,,,,,,,
ACWX/FEX,Unknown,0.9662,0.5529,624,,,,,,,,
HPF/WIW,Asset Management,0.8828,0.5529,624,,,,,,,,
PCQ/VKQ,Asset Management,0.8524,0.5529,624,,,,,,,,
ASG/VPV,Asset Management,0.8809,0.55292,624,,,,,,,,
CZWI/SYBT,Banks - Regional,0.8681,0.55292,624,,,,,,,,
EMD/NFJ,Asset Management,0.8343,0.55294,624,,,,,,,,
PKW/PTH,Unknown,0.8891,0.55296,624,,,,,,,,
AWP/EOS,Asset Management,0.8885,0.55297,624,,,,,,,,
CHW/FMY,Asset Management,0.9071,0.55298,624,,,,,,,,
SOXX/VCSH,Unknown,0.8893,0.55298,624,,,,,,,,
EEA/GDO,Asset Management,0.899,0.55298,624,,,,,,,,
BXMX/HPI,Asset Management,0.9397,0.55299,624,,,,,,,,
ADX/PIM,Asset Management,0.9015,0.553,624,,,,,,,,
ETO/MIY,Asset Management,0.8811,0.553,624,,,,,,,,
BCBP/EBMT,Banks - Regional,0.8142,0.553,624,,,,,,,,
ACLS/ASML,Semiconductor Equipment & Materials,0.8458,0.55301,624,,,,,,,,
ETO/PMM,Asset Management,0.8995,0.55302,624,,,,,,,,
ARCC/RMT,Asset Management,0.9548,0.55302,624,,,,,,,,
BHLB/CNOB,Banks - Regional,0.8087,0.55303,624,,,,,,,,
HPF/USA,Asset Management,0.9279,0.55305,624,,,,,,,,
CII/CNS,Asset Management,0.9569,0.55305,624,,,,,,,,
MSD/TWN,Asset Management,0.8069,0.55306,624,,,,,,,,
MIN/QQQX,Asset Management,0.9146,0.55308,624,,,,,,,,
QQXT/SWZ,Unknown,0.9747,0.55308,624,,,,,,,,
GAM/IGD,Asset Management,0.9694,0.55308,624,,,,,,,,
ETW/MIN,Asset Management,0.8755,0.55309,624,,,,,,,,
BOE/NKX,Asset Management,0.8112,0.55311,624,,,,,,,,
ACWX/BND,Unknown,0.8065,0.55311,624,,,,,,,,
CHW/CSQ,Asset Management,0.9448,0.55311,624,,,,,,,,
BOE/PMO,Asset Management,0.8385,0.55311,624,,,,,,,,
NFJ/VCV,Asset Management,0.8056,0.55312,624,,,,,,,,
AB/DHF,Asset Management,0.8926,0.55316,624,,,,,,,,
GDL/SBI,Asset Management,0.8573,0.55317,624,,,,,,,,
FOF/HQH,Asset Management,0.865,0.55317,624,,,,,,,,
FMAO/OCFC,Banks - Regional,0.875,0.5532,624,,,,,,,,
ETG/NIM,Asset Management,0.8726,0.55321,624,,,,,,,,
FYX/IMCV,Unknown,0.9856,0.55321,624,,,,,,,,
ASG/PPT,Asset Management,0.9019,0.55322,624,,,,,,,,
AWP/VBF,Asset Management,0.9145,0.55322,624,,,,,,,,
RNP/RVT,Asset Management,0.9784,0.55325,624,,,,,,,,
CHW/STEW,Asset Management,0.92,0.55326,624,,,,,,,,
IGR/MSD,Asset Management,0.8437,0.55329,624,,,,,,,,
EVT/TROW,Asset Management,0.8892,0.55329,624,,,,,,,,
FRA/HQL,Asset Management,0.801,0.55329,624,,,,,,,,
JFR/PPT,Asset Management,0.8626,0.5533,624,,,,,,,,
CHY/FMY,Asset Management,0.9022,0.5533,624,,,,,,,,
PEY/PHO,Unknown,0.9462,0.55331,624,,,,,,,,
PPBI/ZIONP,Banks - Regional,0.8407,0.55331,624,,,,,,,,
SR/UGI,Utilities - Regulated Gas,0.8193,0.55332,624,,,,,,,,
EOD/MCR,Asset Management,0.8769,0.55333,624,,,,,,,,
AOD/AWP,Asset Management,0.8854,0.55335,624,,,,,,,,
ADX/NXP,Asset Management,0.9189,0.55336,624,,,,,,,,
AAXJ/PFM,Unknown,0.8314,0.55338,624,,,,,,,,
AB/EFR,Asset Management,0.914,0.55338,624,,,,,,,,
ETY/MCI,Asset Management,0.9486,0.55338,624,,,,,,,,
FOF/HPI,Asset Management,0.9456,0.5534,624,,,,,,,,
PFD/SOR,Asset Management,0.8208,0.55341,624,,,,,,,,
CIF/LGI,Asset Management,0.9015,0.55341,624,,,,,,,,
ARCC/CHI,Asset Management,0.9511,0.55342,624,,,,,,,,
MAIN/NXJ,Asset Management,0.8503,0.55345,624,,,,,,,,
SPXX/VLT,Asset Management,0.9599,0.55346,624,,,,,,,,
AX/PEBK,Banks - Regional,0.8849,0.55346,624,,,,,,,,
EMD/UTF,Asset Management,0.8262,0.55347,624,,,,,,,,
EXG/NUW,Asset Management,0.8146,0.55349,624,,,,,,,,
DSU/NVG,Asset Management,0.814,0.5535,624,,,,,,,,
IIF/PIM,Asset Management,0.825,0.55351,624,,,,,,,,
BME/PPT,Asset Management,0.9132,0.55352,624,,,,,,,,
SAR/TROW,Asset Management,0.8282,0.55353,624,,,,,,,,
EVT/NXP,Asset Management,0.9306,0.55355,624,,,,,,,,
AOD/PMO,Asset Management,0.8402,0.55355,624,,,,,,,,
GJT/SWZ,Unknown,0.9236,0.55356,624,,,,,,,,
PCN/PDT,Asset Management,0.9654,0.55356,624,,,,,,,,
MPB/TFSL,Banks - Regional,0.8327,0.55356,624,,,,,,,,
HPI/MCN,Asset Management,0.8562,0.55356,624,,,,,,,,
GDV/JHS,Asset Management,0.8677,0.55357,624,,,,,,,,
EHI/PMX,Asset Management,0.8106,0.55358,624,,,,,,,,
HPS/NFJ,Asset Management,0.9322,0.55359,624,,,,,,,,
HTBK/WABC,Banks - Regional,0.8189,0.55359,624,,,,,,,,
GDL/MVF,Asset Management,0.807,0.5536,624,,,,,,,,
GOF/HIO,Asset Management,0.9686,0.5536,624,,,,,,,,
BFK/JOF,Asset Management,0.8077,0.55362,624,,,,,,,,
FNX/VCIT,Unknown,0.8724,0.55362,624,,,,,,,,
FEX/IJT,Unknown,0.9845,0.55364,624,,,,,,,,
QCRH/ZION,Banks - Regional,0.9085,0.55364,624,,,,,,,,
CXH/JOF,Asset Management,0.8697,0.55364,624,,,,,,,,
ACNB/HBNC,Banks - Regional,0.8478,0.55366,624,,,,,,,,
PFD/PFL,Asset Management,0.9114,0.55366,624,,,,,,,,
GAIN/PFG,Asset Management,0.9374,0.55367,624,,,,,,,,
CIF/IGD,Asset Management,0.8322,0.55367,624,,,,,,,,
AMP/EFR,Asset Management,0.9502,0.5537,624,,,,,,,,
LRCX/UCTT,Semiconductor Equipment & Materials,0.8871,0.5537,624,,,,,,,,
LEO/TROW,Asset Management,0.8377,0.5537,624,,,,,,,,
BHK/HQL,Asset Management,0.9004,0.55371,624,,,,,,,,
FCNCA/NBTB,Banks - Regional,0.8089,0.55371,624,,,,,,,,
ALRS/FULT,Banks - Regional,0.8184,0.55371,624,,,,,,,,
ORI/SAFT,Insurance - Property & Casualty,0.8442,0.55372,624,,,,,,,,
MKSI/TDY,Scientific & Technical Instruments,0.8789,0.55372,624,,,,,,,,
MMT/TY,Asset Management,0.9764,0.55374,624,,,,,,,,
AX/HWBK,Banks - Regional,0.9143,0.55374,624,,,,,,,,
FRA/GRX,Asset Management,0.8662,0.55374,624,,,,,,,,
PFD/VLT,Asset Management,0.8886,0.55377,624,,,,,,,,
CSQ/HIO,Asset Management,0.9627,0.55377,624,,,,,,,,
SYBT/UVSP,Banks - Regional,0.8958,0.55378,624,,,,,,,,
PEBK/TFSL,Banks - Regional,0.8456,0.55383,624,,,,,,,,
GSBC/TFSL,Banks - Regional,0.8959,0.55383,624,,,,,,,,
IEUS/VGIT,Unknown,0.8179,0.55384,624,,,,,,,,
HPS/QQQX,Asset Management,0.9657,0.55384,624,,,,,,,,
AAXJ/DVY,Unknown,0.8287,0.55384,624,,,,,,,,
EME/J,Engineering & Construction,0.8246,0.55386,624,,,,,,,,
BTO/VKQ,Asset Management,0.8392,0.55386,624,,,,,,,,
ETY/EVG,Asset Management,0.9744,0.55387,624,,,,,,,,
IGF/SWZ,Unknown,0.9647,0.55387,624,,,,,,,,
HPF/HYT,Asset Management,0.9554,0.55388,624,,,,,,,,
FYX/PIE,Unknown,0.8544,0.55389,624,,,,,,,,
PFL/VBF,Asset Management,0.955,0.5539,624,,,,,,,,
FBNC/TRST,Banks - Regional,0.906,0.5539,624,,,,,,,,
ASG/BN,Asset Management,0.9255,0.55391,624,,,,,,,,
MHI/NAZ,Asset Management,0.8781,0.55394,624,,,,,,,,
NAC/PIM,Asset Management,0.8466,0.55394,624,,,,,,,,
PTY/WIW,Asset Management,0.909,0.55397,624,,,,,,,,
CSQ/RVT,Asset Management,0.9862,0.55397,624,,,,,,,,
LARK/VABK,Banks - Regional,0.844,0.55398,624,,,,,,,,
FEX/VCIT,Unknown,0.8843,0.55399,624,,,,,,,,
BGY/JFR,Asset Management,0.9233,0.55399,624,,,,,,,,
DHIL/EEA,Asset Management,0.8485,0.554,624,,,,,,,,
CIVB/OSBC,Banks - Regional,0.9328,0.55402,624,,,,,,,,
NGG/PNW,Utilities - Regulated Electric,0.8403,0.55403,624,,,,,,,,
PEBK/WABC,Banks - Regional,0.8593,0.55406,624,,,,,,,,
ABCB/OBT,Banks - Regional,0.8345,0.55408,624,,,,,,,,
JCE/PAI,Asset Management,0.832,0.55408,624,,,,,,,,
IFN/MCR,Asset Management,0.8841,0.55409,624,,,,,,,,
BXMX/MSD,Asset Management,0.8635,0.55409,624,,,,,,,,
HYT/JRS,Asset Management,0.93,0.5541,624,,,,,,,,
PCQ/VGM,Asset Management,0.8576,0.5541,624,,,,,,,,
CHW/MYN,Asset Management,0.8691,0.55411,624,,,,,,,,
PTH/QCLN,Unknown,0.8999,0.55412,624,,,,,,,,
BLW/NUW,Asset Management,0.8462,0.55412,624,,,,,,,,
CBSH/STBA,Banks - Regional,0.8536,0.55413,624,,,,,,,,
DNP/HPI,Asset Management,0.9453,0.55413,624,,,,,,,,
DNP/HPF,Asset Management,0.9448,0.55413,624,,,,,,,,
MIY/PDT,Asset Management,0.9409,0.55415,624,,,,,,,,
ETJ/NEA,Asset Management,0.8796,0.55416,624,,,,,,,,
CII/DHF,Asset Management,0.9212,0.55416,624,,,,,,,,
USA/VLT,Asset Management,0.9614,0.55419,624,,,,,,,,
KEY/TRMK,Banks - Regional,0.9227,0.55422,624,,,,,,,,
BLK/CIF,Asset Management,0.8774,0.55422,624,,,,,,,,
CBU/FULT,Banks - Regional,0.8784,0.55422,624,,,,,,,,
CIVB/OZK,Banks - Regional,0.8117,0.55423,624,,,,,,,,
GF/MFM,Asset Management,0.8361,0.55424,624,,,,,,,,
FNX/PFF,Unknown,0.9265,0.55424,624,,,,,,,,
ADX/AOD,Asset Management,0.9723,0.55426,624,,,,,,,,
ETW/IIM,Asset Management,0.8781,0.55426,624,,,,,,,,
FOF/MCR,Asset Management,0.9563,0.55427,624,,,,,,,,
EWBC/STBA,Banks - Regional,0.8782,0.55427,624,,,,,,,,
FCF/INBK,Banks - Regional,0.8042,0.55427,624,,,,,,,,
CSQ/RFI,Asset Management,0.9602,0.55427,624,,,,,,,,
AX/USB,Banks - Regional,0.8619,0.55428,624,,,,,,,,
ECL/SXT,Specialty Chemicals,0.8444,0.55429,624,,,,,,,,
CRUS/MU,Semiconductors,0.8938,0.5543,624,,,,,,,,
EXG/MUJ,Asset Management,0.8662,0.5543,624,,,,,,,,
ETW/HPS,Asset Management,0.9659,0.5543,624,,,,,,,,
MANH/PAYX,Software - Application,0.9333,0.55431,624,,,,,,,,
FFC/PCN,Asset Management,0.944,0.55433,624,,,,,,,,
EFSC/WSBF,Banks - Regional,0.9172,0.55433,624,,,,,,,,
AB/WIW,Asset Management,0.9142,0.55433,624,,,,,,,,
ASG/NAN,Asset Management,0.8662,0.55433,624,,,,,,,,
MQY/TROW,Asset Management,0.8703,0.55433,624,,,,,,,,
JPC/SAR,Asset Management,0.888,0.55434,624,,,,,,,,
IBCP/UBSI,Banks - Regional,0.9166,0.55435,624,,,,,,,,
PDT/SPXX,Asset Management,0.9421,0.55436,624,,,,,,,,
GSBC/WAL,Banks - Regional,0.8994,0.55436,624,,,,,,,,
ETW/NCA,Asset Management,0.8739,0.55438,624,,,,,,,,
CGO/MGF,Asset Management,0.8317,0.55441,624,,,,,,,,
NRK/PIM,Asset Management,0.8944,0.55442,624,,,,,,,,
ETJ/MQY,Asset Management,0.8283,0.55443,624,,,,,,,,
PMM/QQQX,Asset Management,0.9069,0.55443,624,,,,,,,,
BN/VGM,Asset Management,0.817,0.55444,624,,,,,,,,
CNOB/HTBK,Banks - Regional,0.916,0.55444,624,,,,,,,,
JFR/SBI,Asset Management,0.8018,0.55446,624,,,,,,,,
EFT/EMD,Asset Management,0.8481,0.55447,624,,,,,,,,
IGD/MSD,Asset Management,0.8686,0.55448,624,,,,,,,,
DOV/JBTM,Specialty Industrial Machinery,0.8287,0.55449,624,,,,,,,,
FTC/PHO,Unknown,0.985,0.55449,624,,,,,,,,
GDO/IGR,Asset Management,0.9157,0.55451,624,,,,,,,,
AX/FNLC,Banks - Regional,0.899,0.55452,624,,,,,,,,
EOI/EVG,Asset Management,0.9727,0.55455,624,,,,,,,,
GUT/HTD,Asset Management,0.805,0.55455,624,,,,,,,,
GDV/SEIC,Asset Management,0.9316,0.55455,624,,,,,,,,
KTF/VLT,Asset Management,0.8013,0.55456,624,,,,,,,,
FMBH/NWBI,Banks - Regional,0.9175,0.55456,624,,,,,,,,
GJH/GJT,Unknown,0.9221,0.55456,624,,,,,,,,
ARCC/HTD,Asset Management,0.9238,0.55456,624,,,,,,,,
NQP/RNP,Asset Management,0.9257,0.5546,624,,,,,,,,
EVT/HQH,Asset Management,0.8802,0.55462,624,,,,,,,,
CXE/JEQ,Asset Management,0.8533,0.55463,624,,,,,,,,
MPA/PCN,Asset Management,0.9121,0.55463,624,,,,,,,,
CASH/GCBC,Banks - Regional,0.8754,0.55464,624,,,,,,,,
BXMX/RMT,Asset Management,0.9756,0.55465,624,,,,,,,,
BLW/SPXX,Asset Management,0.9722,0.55465,624,,,,,,,,
CHY/STEW,Asset Management,0.9563,0.55465,624,,,,,,,,
ETY/IGD,Asset Management,0.9648,0.55466,624,,,,,,,,
EEA/FOF,Asset Management,0.9558,0.55469,624,,,,,,,,
CNOB/WSBF,Banks - Regional,0.9183,0.55469,624,,,,,,,,
HTD/SOR,Asset Management,0.9591,0.5547,624,,,,,,,,
PFL/VMO,Asset Management,0.8776,0.55471,624,,,,,,,,
BTZ/ETB,Asset Management,0.9471,0.55474,624,,,,,,,,
FMBH/MOFG,Banks - Regional,0.8511,0.55474,624,,,,,,,,
SCZ/USIG,Unknown,0.9243,0.55474,624,,,,,,,,
BOE/BXMX,Asset Management,0.9747,0.55475,624,,,,,,,,
EOI/PCF,Asset Management,0.9557,0.55476,624,,,,,,,,
BGY/GAIN,Asset Management,0.9426,0.55477,624,,,,,,,,
QQQX/VMO,Asset Management,0.8347,0.55477,624,,,,,,,,
IGR/NIE,Asset Management,0.8847,0.55477,624,,,,,,,,
BGY/JPC,Asset Management,0.842,0.55478,624,,,,,,,,
CHI/VLT,Asset Management,0.9555,0.55479,624,,,,,,,,
ALGN/BDX,Medical Instruments & Supplies,0.8051,0.5548,624,,,,,,,,
GRX/JFR,Asset Management,0.9011,0.55481,624,,,,,,,,
NIM/SPXX,Asset Management,0.8614,0.55481,624,,,,,,,,
EXG/VPV,Asset Management,0.8482,0.55482,624,,,,,,,,
FOF/HPF,Asset Management,0.9563,0.55483,624,,,,,,,,
ETO/NAN,Asset Management,0.8601,0.55484,624,,,,,,,,
MYI/WIW,Asset Management,0.8516,0.55486,624,,,,,,,,
BGY/PNNT,Asset Management,0.897,0.55486,624,,,,,,,,
AGD/IGR,Asset Management,0.8707,0.55487,624,,,,,,,,
AWF/MQT,Asset Management,0.8512,0.55489,624,,,,,,,,
UTF/VKQ,Asset Management,0.8606,0.5549,624,,,,,,,,
KEY/STBA,Banks - Regional,0.859,0.5549,624,,,,,,,,
ING/WFC,Banks - Diversified,0.8805,0.55491,624,,,,,,,,
GDL/VTN,Asset Management,0.8222,0.55492,624,,,,,,,,
GDL/IGR,Asset Management,0.8967,0.55493,624,,,,,,,,
CHW/GAM,Asset Management,0.8917,0.55495,624,,,,,,,,
ACWX/QABA,Unknown,0.8754,0.55496,624,,,,,,,,
KEY/NBTB,Banks - Regional,0.883,0.55496,624,,,,,,,,
GDO/PCF,Asset Management,0.9418,0.55497,624,,,,,,,,
BXMX/VPV,Asset Management,0.843,0.55498,624,,,,,,,,
RF/WABC,Banks - Regional,0.8228,0.55499,624,,,,,,,,
FTC/PEY,Unknown,0.9624,0.55499,624,,,,,,,,
OZK/STBA,Banks - Regional,0.8299,0.55501,624,,,,,,,,
EEA/PSEC,Asset Management,0.8525,0.55505,624,,,,,,,,
CASH/VABK,Banks - Regional,0.8759,0.55505,624,,,,,,,,
JCE/WIA,Asset Management,0.8332,0.55506,624,,,,,,,,
BLK/FCT,Asset Management,0.9549,0.55507,624,,,,,,,,
PKW/SWZ,Unknown,0.972,0.55508,624,,,,,,,,
CCNE/TFSL,Banks - Regional,0.8209,0.55509,624,,,,,,,,
AWP/UTF,Asset Management,0.9354,0.5551,624,,,,,,,,
QQXT/VCIT,Unknown,0.9093,0.5551,624,,,,,,,,
ETJ/IIM,Asset Management,0.8375,0.55511,624,,,,,,,,
BTO/VCV,Asset Management,0.8425,0.55511,624,,,,,,,,
JLS/PFO,Asset Management,0.9128,0.55512,624,,,,,,,,
PNC/TRST,Banks - Regional,0.833,0.55513,624,,,,,,,,
BTO/NAN,Asset Management,0.8433,0.55514,624,,,,,,,,
HTD/MCN,Asset Management,0.9113,0.55515,624,,,,,,,,
FOF/MUJ,Asset Management,0.8701,0.55515,624,,,,,,,,
CHN/NMT,Asset Management,0.8241,0.55515,624,,,,,,,,
NWBI/ZIONP,Banks - Regional,0.8575,0.55515,624,,,,,,,,
DHIL/PCN,Asset Management,0.8194,0.55518,624,,,,,,,,
MPV/PIM,Asset Management,0.8656,0.55519,624,,,,,,,,
EWBC/PFIS,Banks - Regional,0.9013,0.55519,624,,,,,,,,
GAIN/IGR,Asset Management,0.8654,0.55521,624,,,,,,,,
DSU/MCR,Asset Management,0.9226,0.55521,624,,,,,,,,
MYI/PCN,Asset Management,0.9031,0.55522,624,,,,,,,,
GDO/NTRS,Asset Management,0.918,0.55522,624,,,,,,,,
ETY/JEQ,Asset Management,0.8862,0.55522,624,,,,,,,,
NUV/PPT,Asset Management,0.9025,0.55523,624,,,,,,,,
CHW/GF,Asset Management,0.9017,0.55525,624,,,,,,,,
ALRS/UBFO,Banks - Regional,0.8175,0.55525,624,,,,,,,,
EVT/VKQ,Asset Management,0.8462,0.55526,624,,,,,,,,
EFR/EMD,Asset Management,0.8337,0.55527,624,,,,,,,,
CARE/PROV,Banks - Regional,0.8614,0.55529,624,,,,,,,,
CHY/DHF,Asset Management,0.9424,0.55529,624,,,,,,,,
MVF/TY,Asset Management,0.8131,0.55529,624,,,,,,,,
ETJ/FFC,Asset Management,0.889,0.5553,624,,,,,,,,
ADI/CRUS,Semiconductors,0.943,0.55532,624,,,,,,,,
BLK/NXC,Asset Management,0.8323,0.55532,624,,,,,,,,
SCD/VLT,Asset Management,0.9338,0.55532,624,,,,,,,,
IEUS/MBB,Unknown,0.8238,0.55533,624,,,,,,,,
AOD/GUT,Asset Management,0.8016,0.55533,624,,,,,,,,
ACNB/PWOD,Banks - Regional,0.8297,0.55533,624,,,,,,,,
HIO/IFN,Asset Management,0.8957,0.55534,624,,,,,,,,
TSI/VTN,Asset Management,0.8636,0.55534,624,,,,,,,,
GJO/WOOD,Unknown,0.9138,0.55535,624,,,,,,,,
BTA/CHY,Asset Management,0.8951,0.55536,624,,,,,,,,
AIA/PUI,Unknown,0.8672,0.55536,624,,,,,,,,
BHK/HYT,Asset Management,0.9263,0.55538,624,,,,,,,,
ASG/FMY,Asset Management,0.8863,0.55539,624,,,,,,,,
BJK/FYX,Unknown,0.8315,0.5554,624,,,,,,,,
GDO/HPS,Asset Management,0.9562,0.55541,624,,,,,,,,
FLC/PHD,Asset Management,0.8719,0.55541,624,,,,,,,,
CE/HUN,Chemicals,0.856,0.55542,624,,,,,,,,
MCI/PFL,Asset Management,0.8607,0.55542,624,,,,,,,,
EVN/PDT,Asset Management,0.9192,0.55543,624,,,,,,,,
BTZ/MUE,Asset Management,0.9204,0.55545,624,,,,,,,,
FFIN/NWBI,Banks - Regional,0.8314,0.55547,624,,,,,,,,
BANF/UMBF,Banks - Regional,0.8968,0.55548,624,,,,,,,,
BLK/JPC,Asset Management,0.9026,0.55548,624,,,,,,,,
LFUS/OLED,Electronic Components,0.8699,0.55548,624,,,,,,,,
HPS/SPXX,Asset Management,0.9622,0.5555,624,,,,,,,,
IIF/PNNT,Asset Management,0.9024,0.5555,624,,,,,,,,
DNP/PFN,Asset Management,0.9449,0.55552,624,,,,,,,,
BFC/STBA,Banks - Regional,0.8191,0.55552,624,,,,,,,,
RNP/STEW,Asset Management,0.9712,0.55552,624,,,,,,,,
HYT/MYD,Asset Management,0.8177,0.55554,624,,,,,,,,
EOS/PFL,Asset Management,0.9563,0.55555,624,,,,,,,,
BLW/MGF,Asset Management,0.8147,0.55556,624,,,,,,,,
HIFS/INBK,Banks - Regional,0.8196,0.55557,624,,,,,,,,
PMM/PPT,Asset Management,0.9126,0.55559,624,,,,,,,,
BXMX/DHF,Asset Management,0.9301,0.5556,624,,,,,,,,
IEI/QQXT,Unknown,0.8172,0.55561,624,,,,,,,,
FNX/USIG,Unknown,0.8561,0.55562,624,,,,,,,,
MHF/RVT,Asset Management,0.8997,0.55563,624,,,,,,,,
EEA/MPA,Asset Management,0.8189,0.55567,624,,,,,,,,
BHK/NAZ,Asset Management,0.9198,0.55567,624,,,,,,,,
BDJ/LGI,Asset Management,0.9803,0.55569,624,,,,,,,,
ADX/ETW,Asset Management,0.943,0.55569,624,,,,,,,,
PAR/PLUS,Software - Application,0.8071,0.5557,624,,,,,,,,
DHIL/PFN,Asset Management,0.8275,0.55572,624,,,,,,,,
CGO/RCS,Asset Management,0.8043,0.55572,624,,,,,,,,
FCCO/ZIONP,Banks - Regional,0.9058,0.55574,624,,,,,,,,
EEA/VLT,Asset Management,0.9422,0.55574,624,,,,,,,,
LGI/WEA,Asset Management,0.9231,0.55574,624,,,,,,,,
EFSC/LKFN,Banks - Regional,0.9259,0.55579,624,,,,,,,,
ASG/LEO,Asset Management,0.8149,0.55579,624,,,,,,,,
BCML/CMA,Banks - Regional,0.8759,0.55579,624,,,,,,,,
FAD/INDY,Unknown,0.9561,0.55579,624,,,,,,,,
DHIL/OIA,Asset Management,0.8548,0.5558,624,,,,,,,,
QQQ/VCSH,Unknown,0.9295,0.5558,624,,,,,,,,
ASG/AWP,Asset Management,0.9269,0.5558,624,,,,,,,,
ASG/VCV,Asset Management,0.8549,0.55581,624,,,,,,,,
RMT/VVR,Asset Management,0.9385,0.55581,624,,,,,,,,
ALRS/EFSC,Banks - Regional,0.8641,0.55581,624,,,,,,,,
GDV/NMI,Asset Management,0.8389,0.55582,624,,,,,,,,
PFO/STT,Asset Management,0.8019,0.55583,624,,,,,,,,
CVCO/MHO,Residential Construction,0.9038,0.55587,624,,,,,,,,
EMB/PYZ,Unknown,0.8022,0.55587,624,,,,,,,,
NFBK/RNST,Banks - Regional,0.9151,0.55587,624,,,,,,,,
EVT/TY,Asset Management,0.9892,0.55588,624,,,,,,,,
EEA/PFD,Asset Management,0.8237,0.55589,624,,,,,,,,
BTO/VLT,Asset Management,0.9356,0.5559,624,,,,,,,,
IGIB/PFI,Unknown,0.9156,0.5559,624,,,,,,,,
AB/EVF,Asset Management,0.9031,0.5559,624,,,,,,,,
BGT/DNP,Asset Management,0.8544,0.5559,624,,,,,,,,
HYT/VCV,Asset Management,0.8653,0.55592,624,,,,,,,,
FMAO/UCB,Banks - Regional,0.8233,0.55593,624,,,,,,,,
EOI/MHF,Asset Management,0.8881,0.55593,624,,,,,,,,
PFN/VGM,Asset Management,0.8987,0.55594,624,,,,,,,,
CW/TXT,Aerospace & Defense,0.8705,0.55594,624,,,,,,,,
CHN/PAI,Asset Management,0.8257,0.55594,624,,,,,,,,
CNS/EMD,Asset Management,0.814,0.55594,624,,,,,,,,
AWP/JEQ,Asset Management,0.9147,0.55594,624,,,,,,,,
EHI/UTF,Asset Management,0.948,0.55595,624,,,,,,,,
CHW/JLS,Asset Management,0.8956,0.55595,624,,,,,,,,
TY/UTF,Asset Management,0.9861,0.55596,624,,,,,,,,
PEY/PSL,Unknown,0.9804,0.55597,624,,,,,,,,
AWP/LEO,Asset Management,0.8544,0.55597,624,,,,,,,,
CHW/PFD,Asset Management,0.9259,0.55598,624,,,,,,,,
BTO/BYM,Asset Management,0.8412,0.55599,624,,,,,,,,
EHI/JRS,Asset Management,0.908,0.556,624,,,,,,,,
EXR/PLD,REIT - Industrial,0.9732,0.55601,624,,,,,,,,
ETG/IIM,Asset Management,0.8374,0.55603,624,,,,,,,,
EVF/MUJ,Asset Management,0.8007,0.55605,624,,,,,,,,
IGA/JMM,Asset Management,0.907,0.55606,624,,,,,,,,
ALRS/NBTB,Banks - Regional,0.8246,0.55606,624,,,,,,,,
FHN/ONB,Banks - Regional,0.8537,0.55607,624,,,,,,,,
CGO/CSWC,Asset Management,0.8985,0.55607,624,,,,,,,,
FT/RMT,Asset Management,0.9671,0.55608,624,,,,,,,,
PIO/PYZ,Unknown,0.9478,0.55609,624,,,,,,,,
SEIC/VKQ,Asset Management,0.8115,0.5561,624,,,,,,,,
EOI/HYT,Asset Management,0.9739,0.55612,624,,,,,,,,
ACNB/NKSH,Banks - Regional,0.8073,0.55613,624,,,,,,,,
HPF/PHK,Asset Management,0.8907,0.55614,624,,,,,,,,
AB/BTA,Asset Management,0.8562,0.55615,624,,,,,,,,
AOD/NEA,Asset Management,0.8304,0.55615,624,,,,,,,,
GSBC/UMBF,Banks - Regional,0.8966,0.55619,624,,,,,,,,
EFT/SCD,Asset Management,0.9707,0.5562,624,,,,,,,,
FLC/VLT,Asset Management,0.9371,0.55622,624,,,,,,,,
BBY/ULTA,Specialty Retail,0.8068,0.55622,624,,,,,,,,
ARCC/JEQ,Asset Management,0.8249,0.55623,624,,,,,,,,
CHI/EHI,Asset Management,0.9365,0.55626,624,,,,,,,,
JCI/OC,Building Products & Equipment,0.8923,0.55627,624,,,,,,,,
BCML/THFF,Banks - Regional,0.9175,0.55628,624,,,,,,,,
BME/VPV,Asset Management,0.8826,0.5563,624,,,,,,,,
JOF/SBI,Asset Management,0.8182,0.5563,624,,,,,,,,
JLS/SOR,Asset Management,0.9105,0.55632,624,,,,,,,,
IGA/RNP,Asset Management,0.9598,0.55634,624,,,,,,,,
AU/SA,Gold,0.8294,0.55634,624,,,,,,,,
EMF/TROW,Asset Management,0.8175,0.55635,624,,,,,,,,
EVF/FLC,Asset Management,0.8356,0.55635,624,,,,,,,,
BPOP/OBT,Banks - Regional,0.9322,0.55637,624,,,,,,,,
NECB/SYBT,Banks - Regional,0.8721,0.55639,624,,,,,,,,
CXT/TAYD,Specialty Industrial Machinery,0.8179,0.55641,624,,,,,,,,
BNY/PML,Asset Management,0.9171,0.55642,624,,,,,,,,
EMB/FAD,Unknown,0.8355,0.55643,624,,,,,,,,
ETW/VMO,Asset Management,0.8482,0.55644,624,,,,,,,,
AOD/MCN,Asset Management,0.9532,0.55644,624,,,,,,,,
EEA/JCE,Asset Management,0.9464,0.55646,624,,,,,,,,
ADSK/CCRD,Software - Application,0.8132,0.55647,624,,,,,,,,
GUT/PDT,Asset Management,0.8164,0.55648,624,,,,,,,,
JLS/VTN,Asset Management,0.877,0.55649,624,,,,,,,,
AGD/IGD,Asset Management,0.9371,0.55651,624,,,,,,,,
BLK/NIM,Asset Management,0.8651,0.55651,624,,,,,,,,
AB/FCT,Asset Management,0.9092,0.55651,624,,,,,,,,
PHO/PSL,Unknown,0.9507,0.55652,624,,,,,,,,
DSU/NXJ,Asset Management,0.872,0.55653,624,,,,,,,,
DSM/NTRS,Asset Management,0.8439,0.55654,624,,,,,,,,
SFNC/WAFD,Banks - Regional,0.8799,0.55655,624,,,,,,,,
ONEQ/PEY,Unknown,0.9464,0.55656,624,,,,,,,,
FUND/VBF,Asset Management,0.8363,0.55657,624,,,,,,,,
SOR/WEA,Asset Management,0.9124,0.55658,624,,,,,,,,
HFWA/LCNB,Banks - Regional,0.8423,0.55658,624,,,,,,,,
EEA/PHK,Asset Management,0.8118,0.5566,624,,,,,,,,
ETO/NXP,Asset Management,0.9302,0.55661,624,,,,,,,,
DSU/MYI,Asset Management,0.8114,0.55661,624,,,,,,,,
JBK/MBB,Unknown,0.8711,0.55662,624,,,,,,,,
AOS/DOV,Specialty Industrial Machinery,0.9074,0.55664,624,,,,,,,,
BHLB/NWBI,Banks - Regional,0.8437,0.55664,624,,,,,,,,
ACWI/IGIB,Unknown,0.9019,0.55666,624,,,,,,,,
PFG/TSI,Asset Management,0.8759,0.55666,624,,,,,,,,
FFA/GDV,Asset Management,0.9797,0.55667,624,,,,,,,,
BLK/HIX,Asset Management,0.9046,0.5567,624,,,,,,,,
ETW/IAE,Asset Management,0.8243,0.5567,624,,,,,,,,
FMAO/ONB,Banks - Regional,0.8192,0.55671,624,,,,,,,,
EVF/PPT,Asset Management,0.8655,0.55672,624,,,,,,,,
IFN/PFG,Asset Management,0.9307,0.55672,624,,,,,,,,
BFIN/TCBI,Banks - Regional,0.8187,0.55673,624,,,,,,,,
ADBE/ADP,Software - Application,0.8993,0.55674,624,,,,,,,,
DVY/QABA,Unknown,0.9223,0.55675,624,,,,,,,,
HPS/WIW,Asset Management,0.8921,0.55675,624,,,,,,,,
MYD/PFL,Asset Management,0.8682,0.55676,624,,,,,,,,
FFC/QQQX,Asset Management,0.9137,0.55676,624,,,,,,,,
HPF/TY,Asset Management,0.9694,0.55677,624,,,,,,,,
AIR/NOC,Aerospace & Defense,0.8673,0.55677,624,,,,,,,,
EVT/IQI,Asset Management,0.8568,0.55678,624,,,,,,,,
NWBI/ZION,Banks - Regional,0.8932,0.55678,624,,,,,,,,
BLK/MPA,Asset Management,0.8434,0.55678,624,,,,,,,,
AIV/EQR,REIT - Residential,0.8828,0.55679,624,,,,,,,,
PNNT/RFI,Asset Management,0.816,0.5568,624,,,,,,,,
CNMD/EW,Medical Devices,0.9381,0.5568,624,,,,,,,,
GF/MHD,Asset Management,0.818,0.55681,624,,,,,,,,
LGI/NXN,Asset Management,0.859,0.55682,624,,,,,,,,
BX/STK,Asset Management,0.9715,0.55683,624,,,,,,,,
NIM/PHD,Asset Management,0.841,0.55683,624,,,,,,,,
AGM/CACC,Credit Services,0.8236,0.55684,624,,,,,,,,
BLK/CSWC,Asset Management,0.9563,0.55684,624,,,,,,,,
ACN/LDOS,Information Technology Services,0.9383,0.55684,624,,,,,,,,
EVG/IGD,Asset Management,0.9538,0.55685,624,,,,,,,,
GCV/NPV,Asset Management,0.8445,0.55686,624,,,,,,,,
ASG/JOF,Asset Management,0.8648,0.55687,624,,,,,,,,
CHDN/FLUT,Gambling,0.8687,0.55687,624,,,,,,,,
HPS/MSD,Asset Management,0.9183,0.55687,624,,,,,,,,
MHF/SPE,Asset Management,0.8909,0.55688,624,,,,,,,,
DNP/MIN,Asset Management,0.8706,0.55689,624,,,,,,,,
BLW/EXG,Asset Management,0.9777,0.5569,624,,,,,,,,
ETG/NXC,Asset Management,0.8447,0.55691,624,,,,,,,,
CHN/NAD,Asset Management,0.8334,0.55692,624,,,,,,,,
CSWC/GAB,Asset Management,0.9443,0.55692,624,,,,,,,,
AMAT/LRCX,Semiconductor Equipment & Materials,0.9937,0.55692,624,,,,,,,,
AXON/VSEC,Aerospace & Defense,0.9104,0.55694,624,,,,,,,,
AAXJ/PRFZ,Unknown,0.8684,0.55697,624,,,,,,,,
EOI/VBF,Asset Management,0.8762,0.55697,624,,,,,,,,
FOF/VCV,Asset Management,0.8412,0.55698,624,,,,,,,,
GDV/VTN,Asset Management,0.8008,0.55698,624,,,,,,,,
PFF/PYZ,Unknown,0.9259,0.55699,624,,,,,,,,
IUSV/PID,Unknown,0.9547,0.557,624,,,,,,,,
NFJ/NXC,Asset Management,0.8297,0.557,624,,,,,,,,
AROW/STBA,Banks - Regional,0.8724,0.557,624,,,,,,,,
CNS/VVR,Asset Management,0.9046,0.55701,624,,,,,,,,
HIFS/NWBI,Banks - Regional,0.8565,0.55702,624,,,,,,,,
HTGC/NXP,Asset Management,0.8314,0.55702,624,,,,,,,,
CMA/SNV,Banks - Regional,0.924,0.55704,624,,,,,,,,
EOS/GCV,Asset Management,0.8923,0.55705,624,,,,,,,,
DSM/GF,Asset Management,0.8276,0.55706,624,,,,,,,,
DTE/EXC,Utilities - Regulated Electric,0.9181,0.55707,624,,,,,,,,
G/LDOS,Information Technology Services,0.8738,0.55707,624,,,,,,,,
FFC/UTF,Asset Management,0.923,0.55708,624,,,,,,,,
FAD/SCZ,Unknown,0.9465,0.55708,624,,,,,,,,
ALK/UAL,Airlines,0.8333,0.55708,624,,,,,,,,
DSU/PMM,Asset Management,0.831,0.55709,624,,,,,,,,
BYM/RNP,Asset Management,0.8811,0.55711,624,,,,,,,,
FAD/PKW,Unknown,0.9876,0.55711,624,,,,,,,,
EVT/GDO,Asset Management,0.9243,0.55713,624,,,,,,,,
BXMX/NAD,Asset Management,0.8623,0.55715,624,,,,,,,,
CHW/RFI,Asset Management,0.9542,0.55718,624,,,,,,,,
ISBA/SYBT,Banks - Regional,0.8302,0.55718,624,,,,,,,,
JQC/MCI,Asset Management,0.9322,0.5572,624,,,,,,,,
SAR/WIA,Asset Management,0.8341,0.55721,624,,,,,,,,
ACNB/IBCP,Banks - Regional,0.9498,0.55723,624,,,,,,,,
AIA/QABA,Unknown,0.8409,0.55723,624,,,,,,,,
MUE/NTRS,Asset Management,0.8616,0.55723,624,,,,,,,,
GOF/PSEC,Asset Management,0.8716,0.55723,624,,,,,,,,
DHF/IGA,Asset Management,0.9281,0.55724,624,,,,,,,,
EOD/NXP,Asset Management,0.8435,0.55724,624,,,,,,,,
ACNB/TRMK,Banks - Regional,0.9096,0.55727,624,,,,,,,,
RNP/SEIC,Asset Management,0.8979,0.55728,624,,,,,,,,
OPBK/PNFP,Banks - Regional,0.935,0.55728,624,,,,,,,,
JHI/MPV,Asset Management,0.8456,0.55729,624,,,,,,,,
BTA/CHI,Asset Management,0.8844,0.55733,624,,,,,,,,
IIF/SPE,Asset Management,0.9334,0.55733,624,,,,,,,,
CMA/NKSH,Banks - Regional,0.8668,0.55734,624,,,,,,,,
AWF/FHI,Asset Management,0.9124,0.55735,624,,,,,,,,
FAD/VCIT,Unknown,0.9016,0.55736,624,,,,,,,,
HDB/SHBI,Banks - Regional,0.8274,0.55737,624,,,,,,,,
ACLS/LRCX,Semiconductor Equipment & Materials,0.8434,0.55739,624,,,,,,,,
DNP/EOT,Asset Management,0.8596,0.55741,624,,,,,,,,
EOI/ETW,Asset Management,0.946,0.55741,624,,,,,,,,
ASG/NKX,Asset Management,0.8651,0.55741,624,,,,,,,,
PFD/TROW,Asset Management,0.9019,0.55742,624,,,,,,,,
BKN/DHF,Asset Management,0.8437,0.55744,624,,,,,,,,
NMZ/TROW,Asset Management,0.9014,0.55744,624,,,,,,,,
CHW/EXG,Asset Management,0.9578,0.55745,624,,,,,,,,
KEY/NWBI,Banks - Regional,0.9007,0.55747,624,,,,,,,,
CSQ/EXG,Asset Management,0.9881,0.55748,624,,,,,,,,
CSWC/HQH,Asset Management,0.8172,0.55748,624,,,,,,,,
ASG/PCF,Asset Management,0.9494,0.55749,624,,,,,,,,
AAXJ/PEY,Unknown,0.8352,0.55749,624,,,,,,,,
BND/PFI,Unknown,0.8372,0.5575,624,,,,,,,,
AX/FXNC,Banks - Regional,0.8361,0.55751,624,,,,,,,,
DTF/PDT,Asset Management,0.815,0.55751,624,,,,,,,,
FFC/GDL,Asset Management,0.9009,0.55751,624,,,,,,,,
CASH/ESSA,Banks - Regional,0.9268,0.55752,624,,,,,,,,
NVDA/TSM,Semiconductors,0.89,0.55752,624,,,,,,,,
AVY/GPK,Packaging & Containers,0.9354,0.55753,624,,,,,,,,
ETG/NXP,Asset Management,0.915,0.55755,624,,,,,,,,
MHF/PCM,Asset Management,0.8977,0.55756,624,,,,,,,,
MCN/MHF,Asset Management,0.8306,0.55758,624,,,,,,,,
NXN/STEW,Asset Management,0.8435,0.55759,624,,,,,,,,
GRID/SHY,Unknown,0.8827,0.55759,624,,,,,,,,
NAZ/TROW,Asset Management,0.8287,0.55759,624,,,,,,,,
ASG/NUV,Asset Management,0.9109,0.5576,624,,,,,,,,
EBMT/VABK,Banks - Regional,0.8342,0.55762,624,,,,,,,,
ETO/NUV,Asset Management,0.8809,0.55763,624,,,,,,,,
ASG/GOF,Asset Management,0.9394,0.55763,624,,,,,,,,
EVT/MIY,Asset Management,0.8814,0.55764,624,,,,,,,,
BOTJ/ZIONP,Banks - Regional,0.8927,0.55765,624,,,,,,,,
CHCO/UBSI,Banks - Regional,0.8755,0.55768,624,,,,,,,,
PSL/QTEC,Unknown,0.9584,0.55768,624,,,,,,,,
BOE/EVT,Asset Management,0.9743,0.55769,624,,,,,,,,
BME/BRW,Asset Management,0.8772,0.55769,624,,,,,,,,
BX/MPV,Asset Management,0.9012,0.5577,624,,,,,,,,
EEA/PFN,Asset Management,0.9333,0.5577,624,,,,,,,,
FTCS/QABA,Unknown,0.8865,0.5577,624,,,,,,,,
MANH/PTC,Software - Application,0.9422,0.55772,624,,,,,,,,
ED/PEG,Utilities - Regulated Electric,0.9584,0.55773,624,,,,,,,,
BHLB/HOPE,Banks - Regional,0.8761,0.55773,624,,,,,,,,
BLW/PHK,Asset Management,0.8422,0.55775,624,,,,,,,,
AMP/MFIC,Asset Management,0.9252,0.55775,624,,,,,,,,
EXG/NCA,Asset Management,0.8224,0.55776,624,,,,,,,,
AIZ/SAFT,Insurance - Property & Casualty,0.9167,0.55776,624,,,,,,,,
AMD/DIOD,Semiconductors,0.8782,0.55776,624,,,,,,,,
DSU/HQL,Asset Management,0.8352,0.5578,624,,,,,,,,
AB/GUT,Asset Management,0.8309,0.55781,624,,,,,,,,
NMI/UTF,Asset Management,0.8405,0.55781,624,,,,,,,,
IEX/RRX,Specialty Industrial Machinery,0.9024,0.55781,624,,,,,,,,
BCML/MOFG,Banks - Regional,0.8134,0.55783,624,,,,,,,,
FEX/USIG,Unknown,0.8679,0.55784,624,,,,,,,,
JCE/NZF,Asset Management,0.8434,0.55785,624,,,,,,,,
AMP/ETB,Asset Management,0.897,0.55785,624,,,,,,,,
FCBC/PEBO,Banks - Regional,0.9371,0.55786,624,,,,,,,,
EOD/OCSL,Asset Management,0.8525,0.55787,624,,,,,,,,
EWBC/NBN,Banks - Regional,0.8644,0.55788,624,,,,,,,,
JBK/PYZ,Unknown,0.9106,0.55794,624,,,,,,,,
IEUS/PYZ,Unknown,0.9462,0.55794,624,,,,,,,,
AB/FFC,Asset Management,0.8423,0.55795,624,,,,,,,,
GDL/MIY,Asset Management,0.8633,0.55797,624,,,,,,,,
CBU/CFFI,Banks - Regional,0.806,0.558,624,,,,,,,,
EOS/FOF,Asset Management,0.9871,0.55802,624,,,,,,,,
FBNC/HOMB,Banks - Regional,0.8807,0.55802,624,,,,,,,,
ETJ/NXP,Asset Management,0.9354,0.55802,624,,,,,,,,
BANF/FFBC,Banks - Regional,0.866,0.55804,624,,,,,,,,
AFB/EVG,Asset Management,0.8044,0.55805,624,,,,,,,,
JRS/TROW,Asset Management,0.8576,0.55805,624,,,,,,,,
CNS/DNP,Asset Management,0.9047,0.55805,624,,,,,,,,
RVT/VMO,Asset Management,0.8064,0.55805,624,,,,,,,,
FFA/JHI,Asset Management,0.9239,0.55807,624,,,,,,,,
ETJ/MGF,Asset Management,0.8139,0.55807,624,,,,,,,,
HTGC/MHF,Asset Management,0.8221,0.55807,624,,,,,,,,
AFB/ETV,Asset Management,0.8526,0.55808,624,,,,,,,,
PML/VGM,Asset Management,0.9315,0.55809,624,,,,,,,,
QQQX/RNP,Asset Management,0.9781,0.55809,624,,,,,,,,
AX/PKBK,Banks - Regional,0.8883,0.55811,624,,,,,,,,
GBCI/PEBO,Banks - Regional,0.9252,0.55812,624,,,,,,,,
FHN/WAFD,Banks - Regional,0.8686,0.55813,624,,,,,,,,
EFT/NXN,Asset Management,0.8245,0.55813,624,,,,,,,,
IGD/VLT,Asset Management,0.9365,0.55813,624,,,,,,,,
NOVT/TRMB,Scientific & Technical Instruments,0.8813,0.55814,624,,,,,,,,
NAZ/VTN,Asset Management,0.9337,0.55814,624,,,,,,,,
NAC/TROW,Asset Management,0.8337,0.55815,624,,,,,,,,
HPS/RVT,Asset Management,0.9533,0.55815,624,,,,,,,,
EVT/NAD,Asset Management,0.8864,0.55818,624,,,,,,,,
BTO/NQP,Asset Management,0.8641,0.55818,624,,,,,,,,
NECB/OBT,Banks - Regional,0.9483,0.55819,624,,,,,,,,
CBU/CTBI,Banks - Regional,0.879,0.5582,624,,,,,,,,
DHIL/JPC,Asset Management,0.8523,0.55823,624,,,,,,,,
BXMX/PMO,Asset Management,0.8782,0.55824,624,,,,,,,,
JCE/VLT,Asset Management,0.9553,0.55824,624,,,,,,,,
DHF/HPS,Asset Management,0.9518,0.55826,624,,,,,,,,
EOS/JOF,Asset Management,0.8689,0.55826,624,,,,,,,,
EMD/HPI,Asset Management,0.8849,0.55826,624,,,,,,,,
HIX/MCN,Asset Management,0.8536,0.55827,624,,,,,,,,
BTO/IQI,Asset Management,0.8516,0.55829,624,,,,,,,,
BN/VMO,Asset Management,0.8043,0.55831,624,,,,,,,,
NEA/TROW,Asset Management,0.9129,0.55831,624,,,,,,,,
FHN/OZK,Banks - Regional,0.8082,0.55831,624,,,,,,,,
AWP/HYT,Asset Management,0.9214,0.55832,624,,,,,,,,
CXH/JRS,Asset Management,0.8813,0.55832,624,,,,,,,,
PDT/SCD,Asset Management,0.8516,0.55832,624,,,,,,,,
MCN/NXP,Asset Management,0.8656,0.55835,624,,,,,,,,
ARCC/MHF,Asset Management,0.8503,0.55835,624,,,,,,,,
HPF/UTF,Asset Management,0.9611,0.55836,624,,,,,,,,
JEQ/NMT,Asset Management,0.8692,0.55837,624,,,,,,,,
ABCB/RF,Banks - Regional,0.9298,0.55838,624,,,,,,,,
AX/BUSE,Banks - Regional,0.8611,0.55838,624,,,,,,,,
AEE/CNP,Utilities - Regulated Electric,0.9113,0.55838,624,,,,,,,,
CSWC/RFI,Asset Management,0.9314,0.55841,624,,,,,,,,
ESLT/HEI,Aerospace & Defense,0.9255,0.55842,624,,,,,,,,
BLW/PNNT,Asset Management,0.8708,0.55844,624,,,,,,,,
GAIN/PHD,Asset Management,0.9394,0.55844,624,,,,,,,,
SBSI/UBSI,Banks - Regional,0.9248,0.55845,624,,,,,,,,
ONEQ/PKW,Unknown,0.9837,0.55845,624,,,,,,,,
QCRH/TRMK,Banks - Regional,0.9261,0.55846,624,,,,,,,,
CHI/IIM,Asset Management,0.8213,0.55846,624,,,,,,,,
PGR/THG,Insurance - Property & Casualty,0.8632,0.55846,624,,,,,,,,
JOF/VMO,Asset Management,0.8275,0.55846,624,,,,,,,,
MSD/TY,Asset Management,0.8994,0.55847,624,,,,,,,,
HQL/HTD,Asset Management,0.8859,0.55848,624,,,,,,,,
CHW/MFM,Asset Management,0.8822,0.55848,624,,,,,,,,
PDT/VGM,Asset Management,0.9137,0.55848,624,,,,,,,,
BXMX/NNY,Asset Management,0.8461,0.55849,624,,,,,,,,
MDLZ/TR,Confectioners,0.8409,0.5585,624,,,,,,,,
BKH/NWN,Utilities - Regulated Gas,0.8205,0.55851,624,,,,,,,,
MPB/STBA,Banks - Regional,0.9251,0.55856,624,,,,,,,,
NCA/TY,Asset Management,0.8784,0.55858,624,,,,,,,,
ETW/MMT,Asset Management,0.953,0.5586,624,,,,,,,,
EHI/FOF,Asset Management,0.9429,0.5586,624,,,,,,,,
SNA/TKR,Tools & Accessories,0.9072,0.5586,624,,,,,,,,
ETO/HPI,Asset Management,0.9434,0.55861,624,,,,,,,,
GF/WIW,Asset Management,0.8386,0.55861,624,,,,,,,,
EVT/WIW,Asset Management,0.9069,0.55863,624,,,,,,,,
EMD/FFA,Asset Management,0.8061,0.55863,624,,,,,,,,
CNOB/GBCI,Banks - Regional,0.9059,0.55866,624,,,,,,,,
FITB/STBA,Banks - Regional,0.8421,0.55867,624,,,,,,,,
FCT/NKX,Asset Management,0.8346,0.55867,624,,,,,,,,
PFD/PPT,Asset Management,0.8939,0.55868,624,,,,,,,,
SYBT/UMBF,Banks - Regional,0.936,0.55869,624,,,,,,,,
FFIN/WBS,Banks - Regional,0.8648,0.55872,624,,,,,,,,
NFJ/RNP,Asset Management,0.9646,0.55872,624,,,,,,,,
FTC/FYX,Unknown,0.9784,0.55873,624,,,,,,,,
FISI/STBA,Banks - Regional,0.8739,0.55873,624,,,,,,,,
EXG/JHS,Asset Management,0.8511,0.55874,624,,,,,,,,
ETO/VMO,Asset Management,0.8304,0.55875,624,,,,,,,,
HYT/MGF,Asset Management,0.83,0.55876,624,,,,,,,,
BDJ/HPS,Asset Management,0.9589,0.55876,624,,,,,,,,
DNP/HTGC,Asset Management,0.8427,0.55877,624,,,,,,,,
CASH/SBCF,Banks - Regional,0.8368,0.55878,624,,,,,,,,
DSM/HQH,Asset Management,0.8117,0.55881,624,,,,,,,,
MUA/PFL,Asset Management,0.8998,0.55881,624,,,,,,,,
JOF/NFJ,Asset Management,0.8235,0.55883,624,,,,,,,,
HTD/JCE,Asset Management,0.9534,0.55883,624,,,,,,,,
AAXJ/QTEC,Unknown,0.8687,0.55885,624,,,,,,,,
SYBT/ZIONP,Banks - Regional,0.8495,0.55887,624,,,,,,,,
LNT/OGE,Utilities - Regulated Electric,0.9295,0.55889,624,,,,,,,,
BKN/FT,Asset Management,0.8338,0.55891,624,,,,,,,,
FLC/HPF,Asset Management,0.9544,0.55892,624,,,,,,,,
PIZ/QTEC,Unknown,0.9509,0.55894,624,,,,,,,,
FCBC/SYBT,Banks - Regional,0.9258,0.55895,624,,,,,,,,
ASG/NAC,Asset Management,0.8288,0.55895,624,,,,,,,,
ACNB/GSBC,Banks - Regional,0.9495,0.55895,624,,,,,,,,
BN/NXP,Asset Management,0.9078,0.55895,624,,,,,,,,
HOMB/STBA,Banks - Regional,0.8923,0.55895,624,,,,,,,,
AAXJ/QABA,Unknown,0.8369,0.55897,624,,,,,,,,
PEZ/SOXX,Unknown,0.9433,0.55898,624,,,,,,,,
IIF/SEIC,Asset Management,0.884,0.55898,624,,,,,,,,
ARCC/CHY,Asset Management,0.9448,0.55898,624,,,,,,,,
ALRS/MBWM,Banks - Regional,0.8271,0.55899,624,,,,,,,,
ARCC/BOE,Asset Management,0.9667,0.55899,624,,,,,,,,
EFR/NXN,Asset Management,0.8247,0.55899,624,,,,,,,,
DSM/IGR,Asset Management,0.8329,0.55901,624,,,,,,,,
EOS/PAI,Asset Management,0.8588,0.55901,624,,,,,,,,
ASG/NXN,Asset Management,0.8828,0.55903,624,,,,,,,,
EVT/VMO,Asset Management,0.823,0.55904,624,,,,,,,,
CNP/PPL,Utilities - Regulated Electric,0.8861,0.55904,624,,,,,,,,
ACNB/CFFI,Banks - Regional,0.9196,0.55905,624,,,,,,,,
NIE/WIW,Asset Management,0.9066,0.55907,624,,,,,,,,
CHY/MYI,Asset Management,0.8398,0.55907,624,,,,,,,,
ETO/MYN,Asset Management,0.8167,0.55909,624,,,,,,,,
URI/WLFC,Rental & Leasing Services,0.8018,0.55909,624,,,,,,,,
HIO/JRS,Asset Management,0.9223,0.55911,624,,,,,,,,
FRA/MSD,Asset Management,0.877,0.55911,624,,,,,,,,
NCA/SPXX,Asset Management,0.8191,0.55912,624,,,,,,,,
BTZ/MFM,Asset Management,0.9228,0.55913,624,,,,,,,,
HIFS/OPBK,Banks - Regional,0.8698,0.55915,624,,,,,,,,
CHI/NXC,Asset Management,0.8265,0.55918,624,,,,,,,,
EVN/JRS,Asset Management,0.8974,0.5592,624,,,,,,,,
FLC/SOR,Asset Management,0.8887,0.55921,624,,,,,,,,
AOD/NMZ,Asset Management,0.8357,0.55922,624,,,,,,,,
FTLF/SENEB,Packaged Foods,0.8682,0.55922,624,,,,,,,,
IGA/PDT,Asset Management,0.9187,0.55923,624,,,,,,,,
BCML/WSBF,Banks - Regional,0.8155,0.55923,624,,,,,,,,
HIFS/HWC,Banks - Regional,0.8199,0.55924,624,,,,,,,,
AOD/MSD,Asset Management,0.8474,0.55925,624,,,,,,,,
EVT/RCS,Asset Management,0.8218,0.55926,624,,,,,,,,
AX/IBN,Banks - Regional,0.8678,0.55926,624,,,,,,,,
ETJ/PMO,Asset Management,0.885,0.55927,624,,,,,,,,
BTA/ETG,Asset Management,0.8916,0.55927,624,,,,,,,,
EMD/PCF,Asset Management,0.858,0.55928,624,,,,,,,,
MMT/RJF,Asset Management,0.8708,0.55928,624,,,,,,,,
BLW/SEIC,Asset Management,0.8972,0.55929,624,,,,,,,,
CXH/TROW,Asset Management,0.8501,0.55931,624,,,,,,,,
ABT/BSX,Medical Devices,0.8866,0.55933,624,,,,,,,,
ASB/ZIONP,Banks - Regional,0.8534,0.55933,624,,,,,,,,
FSFG/HOMB,Banks - Regional,0.872,0.55934,624,,,,,,,,
ADX/MMT,Asset Management,0.9498,0.55934,624,,,,,,,,
AB/MAIN,Asset Management,0.8992,0.55934,624,,,,,,,,
ETG/EVN,Asset Management,0.8319,0.55935,624,,,,,,,,
AWF/MCI,Asset Management,0.9264,0.55935,624,,,,,,,,
JHS/PPT,Asset Management,0.9062,0.55936,624,,,,,,,,
EFR/NXP,Asset Management,0.8729,0.55938,624,,,,,,,,
IMCV/ONEQ,Unknown,0.9574,0.55939,624,,,,,,,,
CMU/QQQX,Asset Management,0.8067,0.55941,624,,,,,,,,
CHN/MQT,Asset Management,0.8255,0.55941,624,,,,,,,,
IGR/NFJ,Asset Management,0.9244,0.55941,624,,,,,,,,
DSU/MSD,Asset Management,0.902,0.55942,624,,,,,,,,
GDL/WIA,Asset Management,0.8123,0.55942,624,,,,,,,,
BOE/FFC,Asset Management,0.8548,0.55943,624,,,,,,,,
BFZ/JPC,Asset Management,0.9042,0.55943,624,,,,,,,,
DHIL/NMZ,Asset Management,0.8178,0.55944,624,,,,,,,,
AX/FMNB,Banks - Regional,0.8965,0.55945,624,,,,,,,,
BXMX/NKX,Asset Management,0.848,0.55945,624,,,,,,,,
PNQI/PTF,Unknown,0.9186,0.55946,624,,,,,,,,
AB/VPV,Asset Management,0.8023,0.55946,624,,,,,,,,
FCBC/WAL,Banks - Regional,0.859,0.55947,624,,,,,,,,
ADX/PHK,Asset Management,0.8029,0.55948,624,,,,,,,,
BXMX/VKQ,Asset Management,0.8206,0.55949,624,,,,,,,,
ETG/EVT,Asset Management,0.9887,0.55951,624,,,,,,,,
BOKF/SYBT,Banks - Regional,0.921,0.55951,624,,,,,,,,
FT/MYN,Asset Management,0.8152,0.55954,624,,,,,,,,
ALRS/CHMG,Banks - Regional,0.8385,0.55954,624,,,,,,,,
AIA/DVY,Unknown,0.8458,0.55954,624,,,,,,,,
BDJ/MUJ,Asset Management,0.8554,0.55955,624,,,,,,,,
ON/TXN,Semiconductors,0.8839,0.55956,624,,,,,,,,
EMD/GDV,Asset Management,0.8362,0.5596,624,,,,,,,,
EHI/LGI,Asset Management,0.9424,0.55962,624,,,,,,,,
ETJ/IGA,Asset Management,0.9409,0.55962,624,,,,,,,,
LSBK/ZIONP,Banks - Regional,0.8939,0.55962,624,,,,,,,,
BPOP/THFF,Banks - Regional,0.8404,0.55963,624,,,,,,,,
AWP/FUND,Asset Management,0.8645,0.55963,624,,,,,,,,
NAZ/PDT,Asset Management,0.875,0.55964,624,,,,,,,,
EMD/EVT,Asset Management,0.8093,0.55965,624,,,,,,,,
JHI/SAR,Asset Management,0.8938,0.55965,624,,,,,,,,
ETR/PNW,Utilities - Regulated Electric,0.8583,0.55969,624,,,,,,,,
ETW/VKQ,Asset Management,0.8681,0.55969,624,,,,,,,,
CXH/HYT,Asset Management,0.8611,0.5597,624,,,,,,,,
ETO/NCA,Asset Management,0.8455,0.5597,624,,,,,,,,
AMAT/NVMI,Semiconductor Equipment & Materials,0.9698,0.5597,624,,,,,,,,
PIZ/SMH,Unknown,0.8954,0.5597,624,,,,,,,,
AAXJ/QQEW,Unknown,0.8753,0.55971,624,,,,,,,,
LNG/OKE,Oil & Gas Midstream,0.9301,0.55971,624,,,,,,,,
CII/IGA,Asset Management,0.9696,0.55972,624,,,,,,,,
MSD/NPV,Asset Management,0.8138,0.55973,624,,,,,,,,
PPBI/SBSI,Banks - Regional,0.9309,0.55974,624,,,,,,,,
PNC/SYBT,Banks - Regional,0.9499,0.55975,624,,,,,,,,
AOS/PH,Specialty Industrial Machinery,0.8418,0.55976,624,,,,,,,,
CGO/GAM,Asset Management,0.9002,0.55976,624,,,,,,,,
NXN/SPE,Asset Management,0.8289,0.55977,624,,,,,,,,
NIE/VRTS,Asset Management,0.8201,0.55977,624,,,,,,,,
EVT/NCA,Asset Management,0.8426,0.55977,624,,,,,,,,
CHY/MPA,Asset Management,0.8577,0.55977,624,,,,,,,,
GAIN/VBF,Asset Management,0.8551,0.55978,624,,,,,,,,
ORI/TRV,Insurance - Property & Casualty,0.9807,0.55978,624,,,,,,,,
EVT/MYI,Asset Management,0.8618,0.5598,624,,,,,,,,
NBN/NBTB,Banks - Regional,0.825,0.55981,624,,,,,,,,
PUI/WOOD,Unknown,0.9106,0.55981,624,,,,,,,,
EEA/NRK,Asset Management,0.809,0.55982,624,,,,,,,,
CFR/OFG,Banks - Regional,0.8235,0.55982,624,,,,,,,,
EFR/NMZ,Asset Management,0.81,0.55983,624,,,,,,,,
DVY/PYZ,Unknown,0.9735,0.55983,624,,,,,,,,
BLK/NMI,Asset Management,0.8002,0.55983,624,,,,,,,,
JQC/MUE,Asset Management,0.8111,0.55984,624,,,,,,,,
BGY/ETO,Asset Management,0.9535,0.55985,624,,,,,,,,
ETO/NEA,Asset Management,0.8838,0.55985,624,,,,,,,,
DDT/IBB,Unknown,0.8518,0.55986,624,,,,,,,,
IIM/PFL,Asset Management,0.8943,0.55986,624,,,,,,,,
ACWX/PPH,Unknown,0.908,0.5599,624,,,,,,,,
CARE/SFNC,Banks - Regional,0.8369,0.5599,624,,,,,,,,
HIX/PFG,Asset Management,0.807,0.55991,624,,,,,,,,
STBA/SYBT,Banks - Regional,0.8189,0.55992,624,,,,,,,,
CHI/MPA,Asset Management,0.8472,0.55993,624,,,,,,,,
BTO/CXH,Asset Management,0.8367,0.55994,624,,,,,,,,
CNP/SO,Utilities - Regulated Electric,0.8938,0.55996,624,,,,,,,,
UTF/VMO,Asset Management,0.8356,0.55996,624,,,,,,,,
FMNB/OSBC,Banks - Regional,0.9373,0.55997,624,,,,,,,,
DNP/GAM,Asset Management,0.8875,0.55998,624,,,,,,,,
QQQX/RFI,Asset Management,0.9687,0.55998,624,,,,,,,,
CASH/MTB,Banks - Regional,0.8789,0.55999,624,,,,,,,,
GSBC/IBOC,Banks - Regional,0.9206,0.56,624,,,,,,,,
ETJ/MQT,Asset Management,0.8297,0.56001,624,,,,,,,,
BOE/IGA,Asset Management,0.9749,0.56001,624,,,,,,,,
JHI/VVR,Asset Management,0.8615,0.56004,624,,,,,,,,
AIZ/ALL,Insurance - Property & Casualty,0.9737,0.56005,624,,,,,,,,
FHN/USB,Banks - Regional,0.8109,0.56006,624,,,,,,,,
JPC/TY,Asset Management,0.959,0.56007,624,,,,,,,,
BLW/NAZ,Asset Management,0.8082,0.56007,624,,,,,,,,
ETJ/VKQ,Asset Management,0.8356,0.56008,624,,,,,,,,
GJT/JSM,Unknown,0.8715,0.56009,624,,,,,,,,
BNY/JEQ,Asset Management,0.8093,0.56012,624,,,,,,,,
BXMX/NEA,Asset Management,0.848,0.56013,624,,,,,,,,
IGD/TY,Asset Management,0.946,0.56014,624,,,,,,,,
DHIL/EVN,Asset Management,0.8014,0.56015,624,,,,,,,,
PEZ/WOOD,Unknown,0.9344,0.56018,624,,,,,,,,
HTD/VCV,Asset Management,0.8818,0.5602,624,,,,,,,,
FCNCA/NBN,Banks - Regional,0.963,0.5602,624,,,,,,,,
BKT/WIA,Asset Management,0.855,0.56021,624,,,,,,,,
FCBC/GBCI,Banks - Regional,0.8885,0.56026,624,,,,,,,,
CII/VRTS,Asset Management,0.8082,0.56027,624,,,,,,,,
NXJ/PCN,Asset Management,0.9553,0.56028,624,,,,,,,,
GDO/GRX,Asset Management,0.9516,0.56031,624,,,,,,,,
BND/PDP,Unknown,0.8642,0.56031,624,,,,,,,,
BHK/DNP,Asset Management,0.8865,0.56032,624,,,,,,,,
HTD/NMT,Asset Management,0.8177,0.56035,624,,,,,,,,
EXG/NNY,Asset Management,0.8325,0.56036,624,,,,,,,,
SFST/VABK,Banks - Regional,0.8787,0.56037,624,,,,,,,,
PIO/RTH,Unknown,0.9802,0.56037,624,,,,,,,,
ETO/FUND,Asset Management,0.9607,0.56038,624,,,,,,,,
FTCS/USIG,Unknown,0.8926,0.56038,624,,,,,,,,
BTA/DHIL,Asset Management,0.808,0.5604,624,,,,,,,,
NMI/PHD,Asset Management,0.8102,0.56041,624,,,,,,,,
GJS/PIZ,Unknown,0.9185,0.56041,624,,,,,,,,
PTH/SHY,Unknown,0.8991,0.56042,624,,,,,,,,
EXG/GDO,Asset Management,0.9113,0.56042,624,,,,,,,,
BCML/ESSA,Banks - Regional,0.8724,0.56043,624,,,,,,,,
FEX/IMCV,Unknown,0.9906,0.56044,624,,,,,,,,
PTH/VGSH,Unknown,0.9019,0.56045,624,,,,,,,,
AMP/JHI,Asset Management,0.8177,0.56047,624,,,,,,,,
SNV/SYBT,Banks - Regional,0.8878,0.56047,624,,,,,,,,
BXMX/NUV,Asset Management,0.8563,0.56047,624,,,,,,,,
ETO/VKQ,Asset Management,0.8532,0.56051,624,,,,,,,,
SNV/USB,Banks - Regional,0.9188,0.56052,624,,,,,,,,
FLC/QQQX,Asset Management,0.9234,0.56054,624,,,,,,,,
BTO/MQY,Asset Management,0.8206,0.56054,624,,,,,,,,
HTD/MQT,Asset Management,0.8741,0.56055,624,,,,,,,,
JLS/RVT,Asset Management,0.8895,0.56055,624,,,,,,,,
BFC/BOKF,Banks - Regional,0.8876,0.56057,624,,,,,,,,
DHIL/HPI,Asset Management,0.8306,0.56058,624,,,,,,,,
CBT/SHW,Specialty Chemicals,0.8536,0.56059,624,,,,,,,,
IGSB/RTH,Unknown,0.9673,0.56059,624,,,,,,,,
EWBC/RF,Banks - Regional,0.9721,0.56062,624,,,,,,,,
BDJ/FUND,Asset Management,0.9793,0.56062,624,,,,,,,,
AIR/WWD,Aerospace & Defense,0.8875,0.56063,624,,,,,,,,
FHN/WTFC,Banks - Regional,0.8768,0.56065,624,,,,,,,,
ETW/NAD,Asset Management,0.9025,0.56065,624,,,,,,,,
FTCS/FYX,Unknown,0.9788,0.56066,624,,,,,,,,
HPI/PHK,Asset Management,0.88,0.56066,624,,,,,,,,
EBMT/UBFO,Banks - Regional,0.8236,0.56067,624,,,,,,,,
CII/JQC,Asset Management,0.9395,0.56068,624,,,,,,,,
ETG/MUA,Asset Management,0.8123,0.56069,624,,,,,,,,
RCS/VGM,Asset Management,0.8032,0.56074,624,,,,,,,,
CII/MHF,Asset Management,0.883,0.56074,624,,,,,,,,
OVLY/SYBT,Banks - Regional,0.8777,0.56074,624,,,,,,,,
EEA/EVG,Asset Management,0.9331,0.56075,624,,,,,,,,
PKW/PYZ,Unknown,0.9666,0.56076,624,,,,,,,,
CBU/INDB,Banks - Regional,0.9724,0.56076,624,,,,,,,,
GJO/USIG,Unknown,0.8777,0.56077,624,,,,,,,,
FNX/IJT,Unknown,0.9861,0.56078,624,,,,,,,,
FCNCA/ONB,Banks - Regional,0.8058,0.5608,624,,,,,,,,
EHI/FUND,Asset Management,0.8787,0.56081,624,,,,,,,,
FMBH/WAFD,Banks - Regional,0.9305,0.56082,624,,,,,,,,
BTO/MMT,Asset Management,0.9181,0.56083,624,,,,,,,,
EWBC/FNB,Banks - Regional,0.9212,0.56083,624,,,,,,,,
FULT/STBA,Banks - Regional,0.9465,0.56085,624,,,,,,,,
BLK/MIN,Asset Management,0.9047,0.56086,624,,,,,,,,
FMAO/TRST,Banks - Regional,0.8834,0.56086,624,,,,,,,,
BDJ/IIM,Asset Management,0.8225,0.56087,624,,,,,,,,
EVG/HQH,Asset Management,0.8273,0.56089,624,,,,,,,,
BTO/MQT,Asset Management,0.842,0.56092,624,,,,,,,,
SCZ/VCLT,Unknown,0.8854,0.56093,624,,,,,,,,
EXG/NXP,Asset Management,0.918,0.56094,624,,,,,,,,
ETW/NRK,Asset Management,0.8739,0.56095,624,,,,,,,,
IUSV/PTH,Unknown,0.8743,0.56095,624,,,,,,,,
GDL/VMO,Asset Management,0.8216,0.56096,624,,,,,,,,
HPF/TWN,Asset Management,0.8233,0.56096,624,,,,,,,,
LGI/SEIC,Asset Management,0.8706,0.56097,624,,,,,,,,
CIVB/UBFO,Banks - Regional,0.93,0.56098,624,,,,,,,,
MUE/PDT,Asset Management,0.9013,0.56098,624,,,,,,,,
DSU/SCD,Asset Management,0.9784,0.56099,624,,,,,,,,
CXH/PPT,Asset Management,0.8823,0.56103,624,,,,,,,,
NXC/STEW,Asset Management,0.8137,0.56104,624,,,,,,,,
NFJ/NQP,Asset Management,0.8609,0.56111,624,,,,,,,,
CARE/LCNB,Banks - Regional,0.8237,0.56112,624,,,,,,,,
AWP/PHK,Asset Management,0.8588,0.56113,624,,,,,,,,
MGF/VLT,Asset Management,0.8302,0.56113,624,,,,,,,,
HDB/KEY,Banks - Regional,0.8649,0.56113,624,,,,,,,,
OIA/PFG,Asset Management,0.8084,0.56114,624,,,,,,,,
IUSV/PFF,Unknown,0.9132,0.56117,624,,,,,,,,
JEQ/VTN,Asset Management,0.8359,0.56118,624,,,,,,,,
NECB/QCRH,Banks - Regional,0.8871,0.56118,624,,,,,,,,
AOD/HIX,Asset Management,0.8809,0.56118,624,,,,,,,,
OZK/USB,Banks - Regional,0.8424,0.5612,624,,,,,,,,
NXN/PHK,Asset Management,0.8302,0.5612,624,,,,,,,,
SPE/VVR,Asset Management,0.96,0.56121,624,,,,,,,,
CHW/MHD,Asset Management,0.8185,0.56121,624,,,,,,,,
CIF/ETY,Asset Management,0.8482,0.56121,624,,,,,,,,
SWKH/TY,Asset Management,0.8086,0.56121,624,,,,,,,,
SEIC/VGM,Asset Management,0.8161,0.56121,624,,,,,,,,
JLS/MYI,Asset Management,0.8897,0.56124,624,,,,,,,,
FMN/FT,Asset Management,0.8002,0.56125,624,,,,,,,,
OGE/PPL,Utilities - Regulated Electric,0.8898,0.56127,624,,,,,,,,
JFR/OIA,Asset Management,0.8574,0.56127,624,,,,,,,,
BFC/TOWN,Banks - Regional,0.8838,0.56128,624,,,,,,,,
ETG/RCS,Asset Management,0.8171,0.56128,624,,,,,,,,
EVG/TROW,Asset Management,0.8375,0.56129,624,,,,,,,,
DSU/MIY,Asset Management,0.8103,0.5613,624,,,,,,,,
AGD/MFIC,Asset Management,0.8521,0.5613,624,,,,,,,,
AWF/EVN,Asset Management,0.8579,0.56131,624,,,,,,,,
MSD/USA,Asset Management,0.8604,0.56131,624,,,,,,,,
IGR/SBI,Asset Management,0.8629,0.56131,624,,,,,,,,
CGO/GDL,Asset Management,0.9118,0.56132,624,,,,,,,,
CASH/HWC,Banks - Regional,0.8996,0.56133,624,,,,,,,,
BXMX/MUJ,Asset Management,0.8608,0.56133,624,,,,,,,,
BPOP/HOMB,Banks - Regional,0.8276,0.56133,624,,,,,,,,
DSU/JEQ,Asset Management,0.8712,0.56134,624,,,,,,,,
DHIL/JMM,Asset Management,0.8374,0.56134,624,,,,,,,,
MCD/WEN,Restaurants,0.8996,0.56136,624,,,,,,,,
EWBC/FFBC,Banks - Regional,0.9224,0.56137,624,,,,,,,,
PAI/PHD,Asset Management,0.8442,0.56137,624,,,,,,,,
FMY/GRX,Asset Management,0.8744,0.56137,624,,,,,,,,
ETG/MFIC,Asset Management,0.8621,0.56137,624,,,,,,,,
BTA/GAM,Asset Management,0.8217,0.56138,624,,,,,,,,
ETG/VLT,Asset Management,0.97,0.56143,624,,,,,,,,
FFA/PSEC,Asset Management,0.8761,0.56144,624,,,,,,,,
PAG/SAH,Auto & Truck Dealerships,0.9368,0.56144,624,,,,,,,,
FT/NXP,Asset Management,0.9341,0.56145,624,,,,,,,,
MNSB/SBSI,Banks - Regional,0.9267,0.56145,624,,,,,,,,
CBT/IOSP,Specialty Chemicals,0.8515,0.56146,624,,,,,,,,
JRS/PHK,Asset Management,0.8797,0.56146,624,,,,,,,,
EVT/NUV,Asset Management,0.8775,0.56147,624,,,,,,,,
BLK/FFC,Asset Management,0.8724,0.56149,624,,,,,,,,
DHIL/NCA,Asset Management,0.8191,0.5615,624,,,,,,,,
PAYX/SPNS,Software - Application,0.9148,0.56152,624,,,,,,,,
HYT/RQI,Asset Management,0.9685,0.56152,624,,,,,,,,
JBSS/LANC,Packaged Foods,0.9561,0.56153,624,,,,,,,,
ATR/RMD,Medical Instruments & Supplies,0.918,0.56153,624,,,,,,,,
JRS/USA,Asset Management,0.914,0.56153,624,,,,,,,,
GDV/MCI,Asset Management,0.9099,0.56154,624,,,,,,,,
LARK/TSBK,Banks - Regional,0.8598,0.56155,624,,,,,,,,
EHI/GF,Asset Management,0.8847,0.56156,624,,,,,,,,
ETW/MFM,Asset Management,0.8686,0.56157,624,,,,,,,,
PIZ/PSL,Unknown,0.9504,0.56157,624,,,,,,,,
NCA/NIE,Asset Management,0.805,0.56159,624,,,,,,,,
GNTX/THRM,Auto Parts,0.8247,0.56159,624,,,,,,,,
JLS/NXJ,Asset Management,0.9138,0.5616,624,,,,,,,,
EEA/NMZ,Asset Management,0.848,0.56161,624,,,,,,,,
PHO/PNQI,Unknown,0.8928,0.56163,624,,,,,,,,
JOF/MHF,Asset Management,0.8717,0.56164,624,,,,,,,,
MNSB/PNC,Banks - Regional,0.8741,0.56165,624,,,,,,,,
AEP/EXC,Utilities - Regulated Electric,0.9086,0.56167,624,,,,,,,,
HPF/JEQ,Asset Management,0.9118,0.56167,624,,,,,,,,
FT/HPS,Asset Management,0.9705,0.56168,624,,,,,,,,
GDL/NMZ,Asset Management,0.8919,0.56168,624,,,,,,,,
PTH/SMH,Unknown,0.8111,0.56168,624,,,,,,,,
IIM/PHD,Asset Management,0.8118,0.56169,624,,,,,,,,
ETY/OCSL,Asset Management,0.8111,0.5617,624,,,,,,,,
JHS/SPXX,Asset Management,0.8379,0.5617,624,,,,,,,,
GCV/PSEC,Asset Management,0.8793,0.56171,624,,,,,,,,
IMCV/QQXT,Unknown,0.9735,0.56171,624,,,,,,,,
MAIN/PHK,Asset Management,0.8356,0.56172,624,,,,,,,,
ALRS/SHBI,Banks - Regional,0.8192,0.56174,624,,,,,,,,
AX/UBCP,Banks - Regional,0.8795,0.56174,624,,,,,,,,
AMP/RJF,Asset Management,0.9841,0.56175,624,,,,,,,,
INBK/MGYR,Banks - Regional,0.8214,0.56176,624,,,,,,,,
JLS/PMM,Asset Management,0.8933,0.56176,624,,,,,,,,
BLK/JHS,Asset Management,0.8417,0.56178,624,,,,,,,,
PFN/TWN,Asset Management,0.853,0.56179,624,,,,,,,,
ASG/STK,Asset Management,0.9123,0.56179,624,,,,,,,,
DLR/IRM,REIT - Specialty,0.8033,0.5618,624,,,,,,,,
BLK/DSU,Asset Management,0.965,0.5618,624,,,,,,,,
DHIL/SBI,Asset Management,0.807,0.56181,624,,,,,,,,
JCI/LII,Building Products & Equipment,0.9016,0.56181,624,,,,,,,,
EFT/HPS,Asset Management,0.928,0.56181,624,,,,,,,,
EEA/FFC,Asset Management,0.8653,0.56182,624,,,,,,,,
CHW/DSU,Asset Management,0.9067,0.56183,624,,,,,,,,
ABCB/BANF,Banks - Regional,0.875,0.56184,624,,,,,,,,
PNFP/TCBK,Banks - Regional,0.9321,0.56185,624,,,,,,,,
BANR/ZIONP,Banks - Regional,0.8842,0.56186,624,,,,,,,,
PUI/SCZ,Unknown,0.9304,0.56187,624,,,,,,,,
NQP/RQI,Asset Management,0.9274,0.56187,624,,,,,,,,
PFL/PSEC,Asset Management,0.8462,0.56188,624,,,,,,,,
BX/RFI,Asset Management,0.8966,0.56188,624,,,,,,,,
AWP/RNP,Asset Management,0.9346,0.56189,624,,,,,,,,
NXJ/PZC,Asset Management,0.8508,0.5619,624,,,,,,,,
BX/SAR,Asset Management,0.9199,0.56191,624,,,,,,,,
ETW/MVF,Asset Management,0.8211,0.56192,624,,,,,,,,
NCA/NFJ,Asset Management,0.8009,0.56193,624,,,,,,,,
AIA/QQQ,Unknown,0.8511,0.56194,624,,,,,,,,
GTLS/RRX,Specialty Industrial Machinery,0.8685,0.56194,624,,,,,,,,
OCSL/RVT,Asset Management,0.803,0.56194,624,,,,,,,,
EOS/MMT,Asset Management,0.9591,0.56195,624,,,,,,,,
ETG/NXJ,Asset Management,0.9001,0.56195,624,,,,,,,,
GIS/MKC,Packaged Foods,0.8493,0.56196,624,,,,,,,,
MCI/RVT,Asset Management,0.8913,0.56196,624,,,,,,,,
RVT/VPV,Asset Management,0.8476,0.56196,624,,,,,,,,
BPOP/CATY,Banks - Regional,0.8885,0.562,624,,,,,,,,
EVF/PFO,Asset Management,0.8088,0.56201,624,,,,,,,,
BTZ/FFA,Asset Management,0.9342,0.56202,624,,,,,,,,
MSD/NFJ,Asset Management,0.8663,0.56203,624,,,,,,,,
PFG/VLT,Asset Management,0.8879,0.56203,624,,,,,,,,
BTO/PFL,Asset Management,0.9449,0.56206,624,,,,,,,,
PMO/QQQX,Asset Management,0.9108,0.56208,624,,,,,,,,
GF/RVT,Asset Management,0.8049,0.56209,624,,,,,,,,
BXMX/IIM,Asset Management,0.8356,0.56213,624,,,,,,,,
HFBL/HOMB,Banks - Regional,0.8079,0.56213,624,,,,,,,,
JQC/NAC,Asset Management,0.8035,0.56215,624,,,,,,,,
BFZ/PFN,Asset Management,0.8454,0.56216,624,,,,,,,,
BTZ/RQI,Asset Management,0.9542,0.56217,624,,,,,,,,
HYT/SCD,Asset Management,0.948,0.56217,624,,,,,,,,
VCV/VLT,Asset Management,0.8912,0.56217,624,,,,,,,,
AFB/CAF,Asset Management,0.8186,0.56221,624,,,,,,,,
UBFO/WSBF,Banks - Regional,0.8628,0.56224,624,,,,,,,,
PKW/VCIT,Unknown,0.8687,0.56224,624,,,,,,,,
HFBL/WAL,Banks - Regional,0.8592,0.56227,624,,,,,,,,
SBCF/SYBT,Banks - Regional,0.8814,0.56227,624,,,,,,,,
GDL/NUV,Asset Management,0.8664,0.56227,624,,,,,,,,
CFFI/WSBF,Banks - Regional,0.8092,0.56229,624,,,,,,,,
ADX/JQC,Asset Management,0.9561,0.5623,624,,,,,,,,
BCBP/SYBT,Banks - Regional,0.8539,0.5623,624,,,,,,,,
FNX/SCZ,Unknown,0.9395,0.56231,624,,,,,,,,
BME/CMU,Asset Management,0.8177,0.56232,624,,,,,,,,
CASH/FCBC,Banks - Regional,0.9371,0.56233,624,,,,,,,,
DHIL/HPF,Asset Management,0.8465,0.56233,624,,,,,,,,
IUSV/ONEQ,Unknown,0.9799,0.56234,624,,,,,,,,
LGI/MPA,Asset Management,0.8472,0.56235,624,,,,,,,,
ACNB/VABK,Banks - Regional,0.9434,0.56236,624,,,,,,,,
HYT/JPC,Asset Management,0.9411,0.56237,624,,,,,,,,
ADX/JEQ,Asset Management,0.8937,0.56238,624,,,,,,,,
EXG/MCI,Asset Management,0.9066,0.56238,624,,,,,,,,
PDP/TVE,Unknown,0.8405,0.56238,624,,,,,,,,
JCE/NXP,Asset Management,0.8978,0.5624,624,,,,,,,,
PFD/PTY,Asset Management,0.8838,0.56241,624,,,,,,,,
EWBC/ONB,Banks - Regional,0.9506,0.56241,624,,,,,,,,
PTY/VKQ,Asset Management,0.8782,0.56242,624,,,,,,,,
BTO/MPA,Asset Management,0.8634,0.56242,624,,,,,,,,
MCD/TXRH,Restaurants,0.9239,0.56242,624,,,,,,,,
JPC/LGI,Asset Management,0.906,0.56242,624,,,,,,,,
BDJ/NNY,Asset Management,0.8267,0.56243,624,,,,,,,,
JCE/MFIC,Asset Management,0.8767,0.56244,624,,,,,,,,
CIF/PSEC,Asset Management,0.8142,0.56245,624,,,,,,,,
AXON/TATT,Aerospace & Defense,0.8165,0.56249,624,,,,,,,,
BHK/DHF,Asset Management,0.9153,0.5625,624,,,,,,,,
IOSP/PPG,Specialty Chemicals,0.8903,0.56251,624,,,,,,,,
FBNC/QCRH,Banks - Regional,0.9296,0.56252,624,,,,,,,,
BFC/CFR,Banks - Regional,0.9199,0.56252,624,,,,,,,,
BTO/VGM,Asset Management,0.8368,0.56253,624,,,,,,,,
BKT/JRS,Asset Management,0.8086,0.56253,624,,,,,,,,
BKT/PIM,Asset Management,0.8381,0.56254,624,,,,,,,,
AMP/SCD,Asset Management,0.9756,0.56255,624,,,,,,,,
RCS/VKQ,Asset Management,0.8039,0.56255,624,,,,,,,,
MPA/QQQX,Asset Management,0.882,0.56258,624,,,,,,,,
AMP/TY,Asset Management,0.8909,0.56259,624,,,,,,,,
EVF/PAI,Asset Management,0.8127,0.56259,624,,,,,,,,
EXG/NRK,Asset Management,0.8434,0.56259,624,,,,,,,,
NFJ/PSEC,Asset Management,0.8916,0.5626,624,,,,,,,,
CASH/CFR,Banks - Regional,0.9239,0.56262,624,,,,,,,,
FMN/HQH,Asset Management,0.8563,0.56264,624,,,,,,,,
ESLT/RTX,Aerospace & Defense,0.9231,0.56266,624,,,,,,,,
AX/FULT,Banks - Regional,0.9236,0.56267,624,,,,,,,,
EMB/IJT,Unknown,0.8657,0.5627,624,,,,,,,,
RNP/VVR,Asset Management,0.924,0.5627,624,,,,,,,,
NIE/PPT,Asset Management,0.8931,0.56271,624,,,,,,,,
BDJ/NUW,Asset Management,0.807,0.56273,624,,,,,,,,
RNP/SWKH,Asset Management,0.8307,0.56273,624,,,,,,,,
FRA/NXJ,Asset Management,0.8216,0.56273,624,,,,,,,,
NWBI/WTFC,Banks - Regional,0.8903,0.56274,624,,,,,,,,
EXG/NAN,Asset Management,0.8353,0.56275,624,,,,,,,,
MUE/RQI,Asset Management,0.8596,0.56276,624,,,,,,,,
MAS/ROCK,Building Products & Equipment,0.9259,0.56277,624,,,,,,,,
ASG/CMU,Asset Management,0.8067,0.5628,624,,,,,,,,
EXG/PMM,Asset Management,0.8771,0.5628,624,,,,,,,,
BTO/NUW,Asset Management,0.8366,0.56281,624,,,,,,,,
BANF/CZNC,Banks - Regional,0.8157,0.56282,624,,,,,,,,
NUV/RNP,Asset Management,0.9023,0.56283,624,,,,,,,,
BLK/JQC,Asset Management,0.9395,0.56284,624,,,,,,,,
CMA/MOFG,Banks - Regional,0.8496,0.56284,624,,,,,,,,
JHS/JOF,Asset Management,0.8752,0.56285,624,,,,,,,,
BTO/NEA,Asset Management,0.8569,0.56285,624,,,,,,,,
CXH/FT,Asset Management,0.8444,0.56286,624,,,,,,,,
ETG/NCA,Asset Management,0.8196,0.56286,624,,,,,,,,
ETJ/NXJ,Asset Management,0.9039,0.56286,624,,,,,,,,
FFIN/IBOC,Banks - Regional,0.8365,0.56287,624,,,,,,,,
HTD/NXP,Asset Management,0.9236,0.56287,624,,,,,,,,
HPS/PHD,Asset Management,0.9409,0.56288,624,,,,,,,,
CSWC/GAIN,Asset Management,0.9775,0.56288,624,,,,,,,,
CIF/FUND,Asset Management,0.8266,0.56289,624,,,,,,,,
GDO/JOF,Asset Management,0.9115,0.56289,624,,,,,,,,
OFG/QCRH,Banks - Regional,0.8265,0.5629,624,,,,,,,,
JFR/NXC,Asset Management,0.8061,0.56291,624,,,,,,,,
EVN/FT,Asset Management,0.8582,0.56291,624,,,,,,,,
FHN/TRMK,Banks - Regional,0.8734,0.56293,624,,,,,,,,
BHK/LEO,Asset Management,0.9387,0.56293,624,,,,,,,,
NUW/RVT,Asset Management,0.8081,0.56293,624,,,,,,,,
PEY/PEZ,Unknown,0.9339,0.56294,624,,,,,,,,
DVY/PKW,Unknown,0.9867,0.56294,624,,,,,,,,
MSD/PCM,Asset Management,0.8422,0.56294,624,,,,,,,,
EEA/NKX,Asset Management,0.8087,0.56295,624,,,,,,,,
HAFC/INBK,Banks - Regional,0.8108,0.56297,624,,,,,,,,
HTGC/JLS,Asset Management,0.8194,0.56297,624,,,,,,,,
MMT/NFJ,Asset Management,0.9477,0.56299,624,,,,,,,,
FHN/VLY,Banks - Regional,0.8256,0.56299,624,,,,,,,,
MU/POWI,Semiconductors,0.8589,0.56299,624,,,,,,,,
BTZ/NXJ,Asset Management,0.9752,0.563,624,,,,,,,,
MUE/QQQX,Asset Management,0.8298,0.56301,624,,,,,,,,
NNY/PFL,Asset Management,0.9095,0.56301,624,,,,,,,,
NXP/PFN,Asset Management,0.9602,0.56302,624,,,,,,,,
EVT/HPI,Asset Management,0.9467,0.56304,624,,,,,,,,
BTZ/TY,Asset Management,0.9705,0.56304,624,,,,,,,,
GRID/SCZ,Unknown,0.8686,0.56305,624,,,,,,,,
FFA/TROW,Asset Management,0.8586,0.56306,624,,,,,,,,
EXG/NUV,Asset Management,0.8603,0.56306,624,,,,,,,,
BKN/HTD,Asset Management,0.8507,0.56307,624,,,,,,,,
FT/VMO,Asset Management,0.8298,0.56307,624,,,,,,,,
MMT/NTRS,Asset Management,0.9091,0.56308,624,,,,,,,,
GRID/PFF,Unknown,0.8416,0.56308,624,,,,,,,,
CHW/DSM,Asset Management,0.8307,0.56309,624,,,,,,,,
ETW/VTN,Asset Management,0.822,0.56309,624,,,,,,,,
CVBF/FFIN,Banks - Regional,0.8786,0.56311,624,,,,,,,,
BTO/PPT,Asset Management,0.8898,0.56313,624,,,,,,,,
AMP/FCT,Asset Management,0.9244,0.56314,624,,,,,,,,
DSU/EMD,Asset Management,0.8389,0.56314,624,,,,,,,,
IESC/MTZ,Engineering & Construction,0.8141,0.56316,624,,,,,,,,
EBMT/FXNC,Banks - Regional,0.8323,0.56317,624,,,,,,,,
ETW/PMM,Asset Management,0.9048,0.56317,624,,,,,,,,
BKT/CAF,Asset Management,0.8296,0.56318,624,,,,,,,,
CBAN/HOMB,Banks - Regional,0.8541,0.56318,624,,,,,,,,
CHW/EVT,Asset Management,0.9534,0.56322,624,,,,,,,,
ETJ/MUA,Asset Management,0.8169,0.56322,624,,,,,,,,
AX/SYBT,Banks - Regional,0.9131,0.56323,624,,,,,,,,
VCIT/VCSH,Unknown,0.9803,0.56329,624,,,,,,,,
EWBC/FBIZ,Banks - Regional,0.9315,0.56329,624,,,,,,,,
TOWN/UBSI,Banks - Regional,0.9235,0.5633,624,,,,,,,,
BXMX/MYI,Asset Management,0.8499,0.5633,624,,,,,,,,
IBCP/TRST,Banks - Regional,0.8731,0.56332,624,,,,,,,,
FLC/PFL,Asset Management,0.9551,0.56333,624,,,,,,,,
CXT/ITW,Specialty Industrial Machinery,0.9054,0.56333,624,,,,,,,,
ETW/JPC,Asset Management,0.9585,0.56333,624,,,,,,,,
ACNB/FBNC,Banks - Regional,0.9182,0.56334,624,,,,,,,,
UBSI/WABC,Banks - Regional,0.8029,0.56334,624,,,,,,,,
CNS/SAR,Asset Management,0.93,0.56335,624,,,,,,,,
BTZ/ETO,Asset Management,0.9585,0.56336,624,,,,,,,,
AEE/EIX,Utilities - Regulated Electric,0.85,0.56337,624,,,,,,,,
FFC/GUT,Asset Management,0.8234,0.56339,624,,,,,,,,
GDL/NAD,Asset Management,0.8732,0.56341,624,,,,,,,,
FFIN/MBCN,Banks - Regional,0.8709,0.56342,624,,,,,,,,
CHW/FUND,Asset Management,0.8994,0.56343,624,,,,,,,,
FHN/KEY,Banks - Regional,0.8652,0.56343,624,,,,,,,,
ASG/EVF,Asset Management,0.8813,0.56343,624,,,,,,,,
MIN/PCN,Asset Management,0.9312,0.56344,624,,,,,,,,
EOD/JRS,Asset Management,0.8929,0.56344,624,,,,,,,,
BN/PHK,Asset Management,0.8099,0.56347,624,,,,,,,,
PEBK/PROV,Banks - Regional,0.8237,0.56347,624,,,,,,,,
BGY/GDO,Asset Management,0.8405,0.5635,624,,,,,,,,
JLS/NUV,Asset Management,0.8862,0.5635,624,,,,,,,,
ASG/GRX,Asset Management,0.9479,0.56352,624,,,,,,,,
IIM/TY,Asset Management,0.8835,0.56353,624,,,,,,,,
BNY/HPF,Asset Management,0.8114,0.56355,624,,,,,,,,
MUA/PCN,Asset Management,0.9029,0.56356,624,,,,,,,,
HFWA/UMBF,Banks - Regional,0.8002,0.56358,624,,,,,,,,
STEW/WEA,Asset Management,0.8969,0.5636,624,,,,,,,,
EXG/RCS,Asset Management,0.81,0.5636,624,,,,,,,,
CMU/DNP,Asset Management,0.8047,0.56361,624,,,,,,,,
AIZ/CNA,Insurance - Property & Casualty,0.9559,0.56361,624,,,,,,,,
EOT/RVT,Asset Management,0.8126,0.56362,624,,,,,,,,
PML/TDF,Asset Management,0.8424,0.56364,624,,,,,,,,
BDJ/RCS,Asset Management,0.8085,0.56364,624,,,,,,,,
USA/VBF,Asset Management,0.9023,0.56365,624,,,,,,,,
HPF/QQQX,Asset Management,0.951,0.56366,624,,,,,,,,
ADX/VRTS,Asset Management,0.8083,0.56367,624,,,,,,,,
AOD/JHS,Asset Management,0.8072,0.56367,624,,,,,,,,
EVF/FT,Asset Management,0.9511,0.56367,624,,,,,,,,
MCI/WEA,Asset Management,0.8261,0.56368,624,,,,,,,,
ETG/VCV,Asset Management,0.8272,0.5637,624,,,,,,,,
FBNC/FFIN,Banks - Regional,0.9346,0.5637,624,,,,,,,,
PTH/QQEW,Unknown,0.9394,0.5637,624,,,,,,,,
DHIL/IGR,Asset Management,0.8214,0.56372,624,,,,,,,,
EVT/PFD,Asset Management,0.8548,0.56373,624,,,,,,,,
ISBA/WSBF,Banks - Regional,0.8399,0.56373,624,,,,,,,,
CHI/HIO,Asset Management,0.9603,0.56375,624,,,,,,,,
AB/MPA,Asset Management,0.8145,0.56377,624,,,,,,,,
CNA/WTM,Insurance - Property & Casualty,0.9447,0.56377,624,,,,,,,,
BLK/UTF,Asset Management,0.9639,0.56379,624,,,,,,,,
PTC/SPNS,Software - Application,0.9076,0.5638,624,,,,,,,,
JFR/NXP,Asset Management,0.8516,0.56382,624,,,,,,,,
GDV/MYI,Asset Management,0.8676,0.56382,624,,,,,,,,
AFG/WRB,Insurance - Property & Casualty,0.9619,0.56384,624,,,,,,,,
PEO/SCD,Asset Management,0.8066,0.56384,624,,,,,,,,
MCR/STT,Asset Management,0.816,0.56384,624,,,,,,,,
BFZ/HQH,Asset Management,0.8879,0.56385,624,,,,,,,,
BDJ/RVT,Asset Management,0.985,0.56387,624,,,,,,,,
EVG/GRX,Asset Management,0.9117,0.56389,624,,,,,,,,
BANR/PROV,Banks - Regional,0.808,0.56389,624,,,,,,,,
CFR/ONB,Banks - Regional,0.9322,0.5639,624,,,,,,,,
JLS/MYN,Asset Management,0.8524,0.5639,624,,,,,,,,
EOI/PPT,Asset Management,0.8795,0.56391,624,,,,,,,,
KLAC/LRCX,Semiconductor Equipment & Materials,0.9713,0.56391,624,,,,,,,,
AWF/PIM,Asset Management,0.9127,0.56392,624,,,,,,,,
GDO/UTF,Asset Management,0.9396,0.56392,624,,,,,,,,
ETO/NRK,Asset Management,0.8694,0.56394,624,,,,,,,,
ALRS/CZNC,Banks - Regional,0.8912,0.56394,624,,,,,,,,
VVR/WIW,Asset Management,0.8101,0.56395,624,,,,,,,,
GCV/PCM,Asset Management,0.9403,0.56396,624,,,,,,,,
JRS/TWN,Asset Management,0.8262,0.56399,624,,,,,,,,
AIA/PEY,Unknown,0.8515,0.56399,624,,,,,,,,
ADX/TY,Asset Management,0.9705,0.56399,624,,,,,,,,
AAON/CSL,Building Products & Equipment,0.9501,0.564,624,,,,,,,,
ASG/CIF,Asset Management,0.9391,0.56401,624,,,,,,,,
DSU/NAD,Asset Management,0.8186,0.56402,624,,,,,,,,
PWR/TTEK,Engineering & Construction,0.9099,0.56402,624,,,,,,,,
BND/FTC,Unknown,0.8224,0.56403,624,,,,,,,,
PEZ/PRFZ,Unknown,0.9757,0.56404,624,,,,,,,,
FORTY/INFY,Information Technology Services,0.9194,0.56404,624,,,,,,,,
ALRS/NWBI,Banks - Regional,0.8245,0.56405,624,,,,,,,,
GOF/SEIC,Asset Management,0.9075,0.56405,624,,,,,,,,
PFG/RNP,Asset Management,0.9216,0.56406,624,,,,,,,,
FYX/PID,Unknown,0.9475,0.56406,624,,,,,,,,
EFR/MUJ,Asset Management,0.8059,0.56406,624,,,,,,,,
SAR/WEA,Asset Management,0.8817,0.56408,624,,,,,,,,
IEUS/SOXX,Unknown,0.861,0.56408,624,,,,,,,,
CXT/PNR,Specialty Industrial Machinery,0.9112,0.5641,624,,,,,,,,
BXMX/PMM,Asset Management,0.8732,0.56411,624,,,,,,,,
ETJ/NQP,Asset Management,0.8814,0.56411,624,,,,,,,,
IIM/JQC,Asset Management,0.8364,0.56412,624,,,,,,,,
LMT/TXT,Aerospace & Defense,0.895,0.56412,624,,,,,,,,
GSBC/WSFS,Banks - Regional,0.9538,0.56412,624,,,,,,,,
BDJ/NQP,Asset Management,0.8644,0.56413,624,,,,,,,,
CGO/RQI,Asset Management,0.9393,0.56414,624,,,,,,,,
BGY/BHK,Asset Management,0.8104,0.56417,624,,,,,,,,
EEA/MSD,Asset Management,0.8543,0.56417,624,,,,,,,,
FCNCA/QCRH,Banks - Regional,0.8564,0.56417,624,,,,,,,,
PTF/VCIT,Unknown,0.8446,0.56418,624,,,,,,,,
AX/MBWM,Banks - Regional,0.9483,0.56418,624,,,,,,,,
IGD/NZF,Asset Management,0.8002,0.5642,624,,,,,,,,
IGA/RCS,Asset Management,0.8602,0.56421,624,,,,,,,,
BLE/CHW,Asset Management,0.8273,0.56423,624,,,,,,,,
BLK/PNNT,Asset Management,0.8664,0.56424,624,,,,,,,,
CSL/JCI,Building Products & Equipment,0.9194,0.56425,624,,,,,,,,
FOF/PFO,Asset Management,0.885,0.56425,624,,,,,,,,
EHI/PSEC,Asset Management,0.8322,0.56425,624,,,,,,,,
GRMN/NOVT,Scientific & Technical Instruments,0.8982,0.56426,624,,,,,,,,
EOS/RCS,Asset Management,0.8158,0.56426,624,,,,,,,,
EVN/PPT,Asset Management,0.8613,0.56428,624,,,,,,,,
BME/MHD,Asset Management,0.8069,0.56432,624,,,,,,,,
SCZ/VMBS,Unknown,0.8479,0.56432,624,,,,,,,,
AES/BIP,Utilities - Diversified,0.8637,0.56433,624,,,,,,,,
BXMX/MPA,Asset Management,0.8523,0.56434,624,,,,,,,,
CHCO/SYBT,Banks - Regional,0.9373,0.56434,624,,,,,,,,
CGO/MPV,Asset Management,0.8479,0.56435,624,,,,,,,,
CGO/EOD,Asset Management,0.9159,0.56435,624,,,,,,,,
MCI/PIM,Asset Management,0.8125,0.56436,624,,,,,,,,
FTC/IGIB,Unknown,0.9095,0.56437,624,,,,,,,,
ETJ/MAIN,Asset Management,0.9268,0.56437,624,,,,,,,,
FTC/IBB,Unknown,0.8644,0.56437,624,,,,,,,,
BPOP/LKFN,Banks - Regional,0.9183,0.56437,624,,,,,,,,
PFO/PHD,Asset Management,0.8475,0.56437,624,,,,,,,,
NXP/PCN,Asset Management,0.9613,0.56438,624,,,,,,,,
HCI/SIGI,Insurance - Property & Casualty,0.805,0.5644,624,,,,,,,,
CBSH/ONB,Banks - Regional,0.9381,0.5644,624,,,,,,,,
PEZ/QABA,Unknown,0.8719,0.56441,624,,,,,,,,
ADX/IGA,Asset Management,0.9665,0.56442,624,,,,,,,,
GDL/IQI,Asset Management,0.8549,0.56442,624,,,,,,,,
GAB/PMO,Asset Management,0.8412,0.56443,624,,,,,,,,
MU/STM,Semiconductors,0.8591,0.56444,624,,,,,,,,
JLS/NIM,Asset Management,0.8806,0.56445,624,,,,,,,,
JEQ/NAZ,Asset Management,0.8687,0.56445,624,,,,,,,,
ACNB/STBA,Banks - Regional,0.9234,0.56446,624,,,,,,,,
BTA/EOD,Asset Management,0.8034,0.56446,624,,,,,,,,
PFM/PKW,Unknown,0.995,0.56447,624,,,,,,,,
MPV/PPT,Asset Management,0.8686,0.56449,624,,,,,,,,
ADX/NFJ,Asset Management,0.9697,0.5645,624,,,,,,,,
EMD/RVT,Asset Management,0.8261,0.5645,624,,,,,,,,
PZZA/WEN,Restaurants,0.8099,0.56453,624,,,,,,,,
EFT/JHI,Asset Management,0.9128,0.56453,624,,,,,,,,
CSQ/DHF,Asset Management,0.9438,0.56453,624,,,,,,,,
PNQI/SOXX,Unknown,0.8748,0.56453,624,,,,,,,,
GNTX/MGA,Auto Parts,0.8533,0.56454,624,,,,,,,,
HQL/SCD,Asset Management,0.8128,0.56454,624,,,,,,,,
BX/IGD,Asset Management,0.9061,0.56454,624,,,,,,,,
ADX/BGY,Asset Management,0.9641,0.56454,624,,,,,,,,
GDV/NUW,Asset Management,0.8416,0.56454,624,,,,,,,,
NUV/RQI,Asset Management,0.8998,0.56455,624,,,,,,,,
ADP/TYL,Software - Application,0.9541,0.56457,624,,,,,,,,
ETJ/JHS,Asset Management,0.8587,0.56457,624,,,,,,,,
GDL/MYN,Asset Management,0.8117,0.56458,624,,,,,,,,
ITW/TNC,Specialty Industrial Machinery,0.871,0.56459,624,,,,,,,,
GOF/JLS,Asset Management,0.9156,0.5646,624,,,,,,,,
ETG/JHS,Asset Management,0.8494,0.56461,624,,,,,,,,
BOE/HPI,Asset Management,0.9022,0.56461,624,,,,,,,,
CMU/ETW,Asset Management,0.8387,0.56461,624,,,,,,,,
FOF/MIN,Asset Management,0.9119,0.56462,624,,,,,,,,
DHIL/PFL,Asset Management,0.8279,0.56463,624,,,,,,,,
FRAF/ZIONP,Banks - Regional,0.8808,0.56463,624,,,,,,,,
BCBP/TRMK,Banks - Regional,0.8252,0.56463,624,,,,,,,,
BTA/EXG,Asset Management,0.895,0.56463,624,,,,,,,,
BHK/ETJ,Asset Management,0.9029,0.56463,624,,,,,,,,
RMT/SEIC,Asset Management,0.8888,0.56464,624,,,,,,,,
FCBC/FMNB,Banks - Regional,0.9152,0.56465,624,,,,,,,,
ETW/JQC,Asset Management,0.9439,0.56466,624,,,,,,,,
GAB/PFD,Asset Management,0.8128,0.56467,624,,,,,,,,
FT/VGM,Asset Management,0.8437,0.56468,624,,,,,,,,
AB/JMM,Asset Management,0.866,0.56468,624,,,,,,,,
CSQ/STT,Asset Management,0.8215,0.56468,624,,,,,,,,
BR/CSPI,Information Technology Services,0.8271,0.56468,624,,,,,,,,
BNY/CAF,Asset Management,0.8091,0.56469,624,,,,,,,,
ALRS/WAFD,Banks - Regional,0.8669,0.56471,624,,,,,,,,
SBCF/TRMK,Banks - Regional,0.9162,0.56472,624,,,,,,,,
BFK/BME,Asset Management,0.8118,0.56472,624,,,,,,,,
PTH/PUI,Unknown,0.8894,0.56473,624,,,,,,,,
NFJ/PAI,Asset Management,0.8352,0.56475,624,,,,,,,,
AMP/GOF,Asset Management,0.9117,0.56477,624,,,,,,,,
FUND/GDO,Asset Management,0.8436,0.56478,624,,,,,,,,
ITW/PNR,Specialty Industrial Machinery,0.8928,0.56478,624,,,,,,,,
BGY/CII,Asset Management,0.9612,0.5648,624,,,,,,,,
JLS/MVT,Asset Management,0.8176,0.56481,624,,,,,,,,
FFIN/FNLC,Banks - Regional,0.934,0.56481,624,,,,,,,,
BKT/HPS,Asset Management,0.8406,0.56482,624,,,,,,,,
JLS/STT,Asset Management,0.8601,0.56482,624,,,,,,,,
NMI/PCF,Asset Management,0.8386,0.56483,624,,,,,,,,
HPF/SPXX,Asset Management,0.948,0.56486,624,,,,,,,,
HTD/NRK,Asset Management,0.8856,0.56486,624,,,,,,,,
AMP/BN,Asset Management,0.9387,0.56486,624,,,,,,,,
IBKR/LAZ,Capital Markets,0.8297,0.56487,624,,,,,,,,
ETJ/PHD,Asset Management,0.934,0.56488,624,,,,,,,,
FT/MQT,Asset Management,0.853,0.56491,624,,,,,,,,
RNP/WIW,Asset Management,0.9202,0.56491,624,,,,,,,,
FFC/VTN,Asset Management,0.9215,0.56493,624,,,,,,,,
DSM/TSI,Asset Management,0.8409,0.56493,624,,,,,,,,
BFZ/PFD,Asset Management,0.9047,0.56496,624,,,,,,,,
HTGC/JPC,Asset Management,0.8246,0.56496,624,,,,,,,,
BGY/BN,Asset Management,0.9445,0.56496,624,,,,,,,,
MCR/PIM,Asset Management,0.9518,0.56498,624,,,,,,,,
DSM/PIM,Asset Management,0.825,0.56499,624,,,,,,,,
FMAO/NKSH,Banks - Regional,0.8689,0.56501,624,,,,,,,,
BLW/NAC,Asset Management,0.8188,0.56504,624,,,,,,,,
NCA/SOR,Asset Management,0.8387,0.56505,624,,,,,,,,
GBCI/ISBA,Banks - Regional,0.8076,0.56505,624,,,,,,,,
DHIL/GDO,Asset Management,0.804,0.56506,624,,,,,,,,
GDL/VCV,Asset Management,0.8601,0.56506,624,,,,,,,,
CHW/EHI,Asset Management,0.9664,0.56507,624,,,,,,,,
HPF/OXSQ,Asset Management,0.8153,0.56507,624,,,,,,,,
IGSB/PTH,Unknown,0.9307,0.56507,624,,,,,,,,
BXMX/HPF,Asset Management,0.9515,0.56508,624,,,,,,,,
FOF/SBI,Asset Management,0.8191,0.56509,624,,,,,,,,
FTCS/JSM,Unknown,0.9351,0.56512,624,,,,,,,,
CVBF/UBSI,Banks - Regional,0.9144,0.56513,624,,,,,,,,
SFST/WAFD,Banks - Regional,0.9224,0.56513,624,,,,,,,,
CSWC/LGI,Asset Management,0.9625,0.56513,624,,,,,,,,
CHW/SCD,Asset Management,0.8691,0.56515,624,,,,,,,,
EFT/OCSL,Asset Management,0.8048,0.56515,624,,,,,,,,
FT/LGI,Asset Management,0.978,0.56515,624,,,,,,,,
BLDR/GFF,Building Products & Equipment,0.9522,0.56515,624,,,,,,,,
ADX/EHI,Asset Management,0.9183,0.56516,624,,,,,,,,
BLW/GRX,Asset Management,0.9427,0.56516,624,,,,,,,,
AWP/MIN,Asset Management,0.877,0.56517,624,,,,,,,,
NKX/TROW,Asset Management,0.8497,0.56517,624,,,,,,,,
ETO/IAE,Asset Management,0.8491,0.56517,624,,,,,,,,
CMU/GRX,Asset Management,0.8477,0.56518,624,,,,,,,,
FCBC/IBN,Banks - Regional,0.8695,0.56518,624,,,,,,,,
IIF/MMT,Asset Management,0.8361,0.56519,624,,,,,,,,
ASG/EOT,Asset Management,0.8469,0.56521,624,,,,,,,,
MUJ/NTRS,Asset Management,0.8899,0.56522,624,,,,,,,,
CHI/CIF,Asset Management,0.8945,0.56526,624,,,,,,,,
EEA/MQY,Asset Management,0.8016,0.56527,624,,,,,,,,
CHN/MUE,Asset Management,0.8023,0.56527,624,,,,,,,,
GOF/MFIC,Asset Management,0.8195,0.5653,624,,,,,,,,
JBSS/SJM,Packaged Foods,0.8704,0.56531,624,,,,,,,,
PRN/PUI,Unknown,0.9202,0.56532,624,,,,,,,,
SBI/WIW,Asset Management,0.8101,0.56533,624,,,,,,,,
ETV/JQC,Asset Management,0.9498,0.56533,624,,,,,,,,
BLW/SCD,Asset Management,0.9537,0.56534,624,,,,,,,,
IEI/PIZ,Unknown,0.8079,0.56535,624,,,,,,,,
FUND/HTD,Asset Management,0.9219,0.56536,624,,,,,,,,
AFG/AIZ,Insurance - Property & Casualty,0.9527,0.56536,624,,,,,,,,
IJT/VCLT,Unknown,0.8463,0.56536,624,,,,,,,,
BTO/HIX,Asset Management,0.8834,0.56537,624,,,,,,,,
CNOB/OCFC,Banks - Regional,0.8793,0.56537,624,,,,,,,,
AX/SBSI,Banks - Regional,0.8817,0.56537,624,,,,,,,,
FRME/RBCAA,Banks - Regional,0.8729,0.56538,624,,,,,,,,
CII/RNP,Asset Management,0.9731,0.56538,624,,,,,,,,
PIZ/SOXX,Unknown,0.915,0.56538,624,,,,,,,,
JBK/VGIT,Unknown,0.8914,0.56541,624,,,,,,,,
ARCB/CVLG,Trucking,0.833,0.56543,624,,,,,,,,
ETG/NUV,Asset Management,0.8544,0.56545,624,,,,,,,,
BTA/PCF,Asset Management,0.9205,0.56545,624,,,,,,,,
EOD/HIO,Asset Management,0.9255,0.56546,624,,,,,,,,
CHI/IGI,Asset Management,0.8213,0.56546,624,,,,,,,,
WDFC/WLK,Specialty Chemicals,0.8074,0.56547,624,,,,,,,,
CCEP/PRMB,Beverages - Non-Alcoholic,0.8959,0.5655,624,,,,,,,,
CXH/PCN,Asset Management,0.9062,0.56551,624,,,,,,,,
AWR/CWT,Utilities - Regulated Water,0.9837,0.56551,624,,,,,,,,
ARCC/MMT,Asset Management,0.9044,0.56551,624,,,,,,,,
BPOP/HBCP,Banks - Regional,0.86,0.56551,624,,,,,,,,
BLW/RVT,Asset Management,0.9781,0.56552,624,,,,,,,,
ETJ/NIM,Asset Management,0.8841,0.56553,624,,,,,,,,
CFR/FULT,Banks - Regional,0.9265,0.56553,624,,,,,,,,
NTRS/NUV,Asset Management,0.8824,0.56555,624,,,,,,,,
CBZ/RBA,Specialty Business Services,0.9515,0.56555,624,,,,,,,,
AAXJ/IUSV,Unknown,0.816,0.56556,624,,,,,,,,
CXH/EOS,Asset Management,0.8149,0.56557,624,,,,,,,,
IQI/RNP,Asset Management,0.8866,0.56557,624,,,,,,,,
MCN/PMO,Asset Management,0.8096,0.56558,624,,,,,,,,
MPV/RVT,Asset Management,0.9064,0.56558,624,,,,,,,,
BRKL/INBK,Banks - Regional,0.8034,0.56559,624,,,,,,,,
MCI/PPT,Asset Management,0.8102,0.56559,624,,,,,,,,
BKN/PIM,Asset Management,0.8431,0.5656,624,,,,,,,,
GAIN/SWKH,Asset Management,0.8273,0.56561,624,,,,,,,,
G/JKHY,Information Technology Services,0.9448,0.56561,624,,,,,,,,
PFS/ZIONP,Banks - Regional,0.8144,0.56562,624,,,,,,,,
EVN/PCN,Asset Management,0.8958,0.56562,624,,,,,,,,
CINF/HMN,Insurance - Property & Casualty,0.8611,0.56563,624,,,,,,,,
BNS/C,Banks - Diversified,0.8023,0.56564,624,,,,,,,,
CNOB/CZNC,Banks - Regional,0.9132,0.56567,624,,,,,,,,
IBKR/PIPR,Capital Markets,0.9523,0.56567,624,,,,,,,,
GF/NTRS,Asset Management,0.8488,0.56568,624,,,,,,,,
CSQ/EHI,Asset Management,0.9248,0.56568,624,,,,,,,,
EHI/NAZ,Asset Management,0.8491,0.56569,624,,,,,,,,
PIZ/PTH,Unknown,0.9178,0.5657,624,,,,,,,,
HPF/LGI,Asset Management,0.9281,0.56571,624,,,,,,,,
CHN/PML,Asset Management,0.8348,0.56571,624,,,,,,,,
ETJ/IGD,Asset Management,0.9197,0.56571,624,,,,,,,,
AIZ/SIGI,Insurance - Property & Casualty,0.9347,0.56572,624,,,,,,,,
CXT/GGG,Specialty Industrial Machinery,0.9068,0.56574,624,,,,,,,,
BTO/WEA,Asset Management,0.8927,0.56575,624,,,,,,,,
EXG/MIY,Asset Management,0.8594,0.56575,624,,,,,,,,
CHW/HTGC,Asset Management,0.8533,0.5658,624,,,,,,,,
IJT/VMBS,Unknown,0.8003,0.56584,624,,,,,,,,
GDV/HPI,Asset Management,0.9439,0.56587,624,,,,,,,,
HFBL/TSBK,Banks - Regional,0.8931,0.56587,624,,,,,,,,
EHI/RVT,Asset Management,0.9386,0.56588,624,,,,,,,,
BTZ/MUJ,Asset Management,0.9544,0.56589,624,,,,,,,,
SIGI/STC,Insurance - Property & Casualty,0.872,0.56589,624,,,,,,,,
BN/NUW,Asset Management,0.8038,0.5659,624,,,,,,,,
ETG/MCR,Asset Management,0.9452,0.5659,624,,,,,,,,
ALL/PGR,Insurance - Property & Casualty,0.9553,0.56592,624,,,,,,,,
LGI/MPV,Asset Management,0.9046,0.56593,624,,,,,,,,
CB/HMN,Insurance - Property & Casualty,0.8018,0.56593,624,,,,,,,,
DSGX/IDCC,Software - Application,0.8037,0.56595,624,,,,,,,,
BPOP/RF,Banks - Regional,0.9539,0.56595,624,,,,,,,,
PFO/USA,Asset Management,0.8596,0.56597,624,,,,,,,,
CGO/MIN,Asset Management,0.9163,0.56597,624,,,,,,,,
EVT/MPA,Asset Management,0.8743,0.56597,624,,,,,,,,
ETY/GDV,Asset Management,0.9761,0.56598,624,,,,,,,,
ACNB/SNV,Banks - Regional,0.8742,0.56598,624,,,,,,,,
FOF/MFIC,Asset Management,0.8625,0.56598,624,,,,,,,,
BXMT/DX,REIT - Mortgage,0.8701,0.56598,624,,,,,,,,
FSFG/INBK,Banks - Regional,0.8172,0.56599,624,,,,,,,,
HTD/JLS,Asset Management,0.9315,0.566,624,,,,,,,,
DSU/NUV,Asset Management,0.8124,0.56601,624,,,,,,,,
PFN/VBF,Asset Management,0.9585,0.56603,624,,,,,,,,
JEQ/VLT,Asset Management,0.9213,0.56603,624,,,,,,,,
ETO/MSD,Asset Management,0.885,0.56603,624,,,,,,,,
DHIL/NXN,Asset Management,0.805,0.56605,624,,,,,,,,
FCNCA/OBT,Banks - Regional,0.9209,0.56605,624,,,,,,,,
SCZ/VGIT,Unknown,0.8313,0.56608,624,,,,,,,,
EVT/VLT,Asset Management,0.9674,0.56609,624,,,,,,,,
AGD/PNNT,Asset Management,0.8642,0.5661,624,,,,,,,,
NUW/SEIC,Asset Management,0.8561,0.56613,624,,,,,,,,
CHY/JHI,Asset Management,0.9463,0.56613,624,,,,,,,,
PTH/QQQ,Unknown,0.8961,0.56616,624,,,,,,,,
SNV/UBSI,Banks - Regional,0.9126,0.56616,624,,,,,,,,
BGY/JQC,Asset Management,0.9177,0.56616,624,,,,,,,,
ADX/HIO,Asset Management,0.959,0.56619,624,,,,,,,,
HYT/IFN,Asset Management,0.9354,0.56619,624,,,,,,,,
CHY/JOF,Asset Management,0.8402,0.5662,624,,,,,,,,
PEO/VVR,Asset Management,0.8054,0.5662,624,,,,,,,,
AOD/BTO,Asset Management,0.9239,0.56622,624,,,,,,,,
AMP/GDV,Asset Management,0.9174,0.56622,624,,,,,,,,
BCML/TRMK,Banks - Regional,0.9099,0.56623,624,,,,,,,,
HOMB/ZION,Banks - Regional,0.8489,0.56623,624,,,,,,,,
CII/WEA,Asset Management,0.8924,0.56624,624,,,,,,,,
GDV/NVG,Asset Management,0.8747,0.56625,624,,,,,,,,
ETV/MSD,Asset Management,0.8785,0.56628,624,,,,,,,,
ETW/IQI,Asset Management,0.8819,0.56628,624,,,,,,,,
CRUS/QCOM,Semiconductors,0.8985,0.5663,624,,,,,,,,
JHS/PCM,Asset Management,0.9192,0.5663,624,,,,,,,,
ACNB/FRME,Banks - Regional,0.9015,0.56631,624,,,,,,,,
BTZ/DTF,Asset Management,0.846,0.56631,624,,,,,,,,
GDL/NQP,Asset Management,0.8754,0.56631,624,,,,,,,,
BLK/SWKH,Asset Management,0.8442,0.56631,624,,,,,,,,
BTO/MIN,Asset Management,0.834,0.56632,624,,,,,,,,
INDB/TRST,Banks - Regional,0.9179,0.56633,624,,,,,,,,
GAM/PHK,Asset Management,0.8302,0.56634,624,,,,,,,,
PIZ/RTH,Unknown,0.947,0.56635,624,,,,,,,,
FUND/MIN,Asset Management,0.8308,0.56636,624,,,,,,,,
HYT/NUW,Asset Management,0.8476,0.56637,624,,,,,,,,
BKN/IGR,Asset Management,0.8879,0.56638,624,,,,,,,,
ETJ/IAE,Asset Management,0.8448,0.56638,624,,,,,,,,
CBSH/CVBF,Banks - Regional,0.9402,0.56639,624,,,,,,,,
AMP/PHD,Asset Management,0.9326,0.56639,624,,,,,,,,
FT/MPV,Asset Management,0.9278,0.5664,624,,,,,,,,
BTZ/PHD,Asset Management,0.9255,0.56641,624,,,,,,,,
JLS/NRK,Asset Management,0.8864,0.56642,624,,,,,,,,
CBU/FRAF,Banks - Regional,0.9175,0.56642,624,,,,,,,,
NMZ/UTF,Asset Management,0.9123,0.56642,624,,,,,,,,
ISBA/TRST,Banks - Regional,0.8119,0.56643,624,,,,,,,,
CW/RTX,Aerospace & Defense,0.9408,0.56644,624,,,,,,,,
FFIN/SSB,Banks - Regional,0.8076,0.56645,624,,,,,,,,
NXJ/VLT,Asset Management,0.9467,0.56645,624,,,,,,,,
USA/VPV,Asset Management,0.8401,0.56649,624,,,,,,,,
NVG/PCN,Asset Management,0.9399,0.56651,624,,,,,,,,
IEF/JBK,Unknown,0.8208,0.56651,624,,,,,,,,
BN/RCS,Asset Management,0.8124,0.56653,624,,,,,,,,
GDO/SPXX,Asset Management,0.8995,0.56654,624,,,,,,,,
FSFG/HWC,Banks - Regional,0.8572,0.56655,624,,,,,,,,
BLW/MPV,Asset Management,0.9373,0.56655,624,,,,,,,,
GDO/HPF,Asset Management,0.9564,0.56656,624,,,,,,,,
CHW/NAC,Asset Management,0.8577,0.56656,624,,,,,,,,
JOF/LGI,Asset Management,0.8611,0.56657,624,,,,,,,,
ARCC/NFJ,Asset Management,0.9552,0.56658,624,,,,,,,,
ASG/NUW,Asset Management,0.8297,0.56659,624,,,,,,,,
ASG/MYN,Asset Management,0.8431,0.56659,624,,,,,,,,
BHK/EVT,Asset Management,0.8963,0.56661,624,,,,,,,,
FT/VVR,Asset Management,0.9374,0.56662,624,,,,,,,,
GDL/NIM,Asset Management,0.8748,0.56663,624,,,,,,,,
BCML/LARK,Banks - Regional,0.8149,0.56663,624,,,,,,,,
EVT/MIN,Asset Management,0.8972,0.56663,624,,,,,,,,
FUND/JLS,Asset Management,0.8122,0.56663,624,,,,,,,,
EVRG/PNW,Utilities - Regulated Electric,0.9543,0.56664,624,,,,,,,,
BTO/MFM,Asset Management,0.8457,0.56664,624,,,,,,,,
ISBA/STBA,Banks - Regional,0.8296,0.56665,624,,,,,,,,
ROST/SCVL,Apparel Retail,0.8577,0.56666,624,,,,,,,,
NQP/PCK,Asset Management,0.8091,0.56666,624,,,,,,,,
ALL/RLI,Insurance - Property & Casualty,0.9601,0.56666,624,,,,,,,,
IIF/PPT,Asset Management,0.8153,0.56668,624,,,,,,,,
AB/DNP,Asset Management,0.8999,0.56669,624,,,,,,,,
BKT/JPC,Asset Management,0.8825,0.56669,624,,,,,,,,
HQL/JFR,Asset Management,0.8495,0.56671,624,,,,,,,,
BXMX/EVN,Asset Management,0.8355,0.56672,624,,,,,,,,
WTFC/ZIONP,Banks - Regional,0.8557,0.56674,624,,,,,,,,
MSD/STK,Asset Management,0.8311,0.56677,624,,,,,,,,
BLE/VLT,Asset Management,0.8093,0.56678,624,,,,,,,,
FLC/MPV,Asset Management,0.8027,0.56679,624,,,,,,,,
BFC/CTBI,Banks - Regional,0.9016,0.5668,624,,,,,,,,
BN/SEIC,Asset Management,0.8804,0.56683,624,,,,,,,,
BTO/NUV,Asset Management,0.8524,0.56683,624,,,,,,,,
HTBK/PROV,Banks - Regional,0.8524,0.56684,624,,,,,,,,
IUSV/RTH,Unknown,0.9844,0.56686,624,,,,,,,,
BGY/HIO,Asset Management,0.925,0.56686,624,,,,,,,,
BANF/CATY,Banks - Regional,0.9149,0.56686,624,,,,,,,,
ASG/PAI,Asset Management,0.8956,0.56687,624,,,,,,,,
AIA/IMCV,Unknown,0.8494,0.56688,624,,,,,,,,
EVG/JOF,Asset Management,0.8575,0.56688,624,,,,,,,,
FCBC/IBOC,Banks - Regional,0.9716,0.56689,624,,,,,,,,
CIF/JRS,Asset Management,0.9232,0.5669,624,,,,,,,,
EOI/FHI,Asset Management,0.9358,0.56691,624,,,,,,,,
BLK/HPF,Asset Management,0.9148,0.56691,624,,,,,,,,
LARK/PWOD,Banks - Regional,0.8147,0.56692,624,,,,,,,,
NCA/PCF,Asset Management,0.8428,0.56693,624,,,,,,,,
HTBK/INBK,Banks - Regional,0.8375,0.56695,624,,,,,,,,
BHK/QQQX,Asset Management,0.9173,0.56698,624,,,,,,,,
BME/LEO,Asset Management,0.8203,0.56698,624,,,,,,,,
GDV/MUJ,Asset Management,0.8763,0.56703,624,,,,,,,,
ADX/PFO,Asset Management,0.8475,0.56703,624,,,,,,,,
CSQ/IGI,Asset Management,0.8138,0.56707,624,,,,,,,,
APD/FUL,Specialty Chemicals,0.8715,0.56708,624,,,,,,,,
JPC/STT,Asset Management,0.8728,0.56709,624,,,,,,,,
SPXX/VCV,Asset Management,0.82,0.56713,624,,,,,,,,
BKH/UGI,Utilities - Regulated Gas,0.8152,0.56713,624,,,,,,,,
NMT/RNP,Asset Management,0.8236,0.56714,624,,,,,,,,
ASG/RJF,Asset Management,0.8508,0.56715,624,,,,,,,,
HTD/NQP,Asset Management,0.9131,0.56717,624,,,,,,,,
PTY/VVR,Asset Management,0.9115,0.56719,624,,,,,,,,
SEIC/VTN,Asset Management,0.803,0.5672,624,,,,,,,,
MYN/TROW,Asset Management,0.8593,0.56721,624,,,,,,,,
INTU/SPNS,Software - Application,0.938,0.56721,624,,,,,,,,
BTA/SPE,Asset Management,0.8484,0.56722,624,,,,,,,,
JEQ/STEW,Asset Management,0.8885,0.56722,624,,,,,,,,
AX/SMBK,Banks - Regional,0.9195,0.56724,624,,,,,,,,
FCF/UBSI,Banks - Regional,0.9285,0.56725,624,,,,,,,,
AWF/FMN,Asset Management,0.8172,0.56726,624,,,,,,,,
BTO/NRK,Asset Management,0.8407,0.56726,624,,,,,,,,
CNOB/WNEB,Banks - Regional,0.833,0.56727,624,,,,,,,,
GHC/LOPE,Education & Training Services,0.8915,0.56729,624,,,,,,,,
AAXJ/ACWI,Unknown,0.8693,0.5673,624,,,,,,,,
ASB/HOMB,Banks - Regional,0.9332,0.56731,624,,,,,,,,
QQQX/VKQ,Asset Management,0.8595,0.56731,624,,,,,,,,
BGY/FUND,Asset Management,0.9533,0.56732,624,,,,,,,,
JLS/MFM,Asset Management,0.9113,0.56733,624,,,,,,,,
BCBP/CCNE,Banks - Regional,0.8462,0.56733,624,,,,,,,,
CSQ/NXN,Asset Management,0.8515,0.56734,624,,,,,,,,
EMD/ETB,Asset Management,0.8015,0.56735,624,,,,,,,,
JEQ/NMZ,Asset Management,0.9271,0.56736,624,,,,,,,,
ETG/SCD,Asset Management,0.9627,0.56736,624,,,,,,,,
ISBA/UBCP,Banks - Regional,0.81,0.56736,624,,,,,,,,
CIF/MCN,Asset Management,0.8017,0.56736,624,,,,,,,,
EOI/GRX,Asset Management,0.9174,0.56737,624,,,,,,,,
BTZ/EOI,Asset Management,0.918,0.56738,624,,,,,,,,
BTA/GAB,Asset Management,0.857,0.56739,624,,,,,,,,
BHK/STK,Asset Management,0.8314,0.56741,624,,,,,,,,
FHN/STBA,Banks - Regional,0.8225,0.56742,624,,,,,,,,
FHN/NWBI,Banks - Regional,0.844,0.56743,624,,,,,,,,
ETG/MMT,Asset Management,0.958,0.56744,624,,,,,,,,
LARK/UBFO,Banks - Regional,0.8288,0.56746,624,,,,,,,,
BLW/MFM,Asset Management,0.8473,0.56748,624,,,,,,,,
BDJ/NEA,Asset Management,0.8467,0.56749,624,,,,,,,,
CFR/FCBC,Banks - Regional,0.9224,0.5675,624,,,,,,,,
MYI/RNP,Asset Management,0.8928,0.56752,624,,,,,,,,
BTA/IFN,Asset Management,0.8154,0.56753,624,,,,,,,,
BCML/CIVB,Banks - Regional,0.9112,0.56754,624,,,,,,,,
JRS/PPT,Asset Management,0.8762,0.56754,624,,,,,,,,
JHS/NTRS,Asset Management,0.8898,0.56754,624,,,,,,,,
BTO/MYD,Asset Management,0.8066,0.56756,624,,,,,,,,
JLS/SBI,Asset Management,0.8754,0.56756,624,,,,,,,,
ACWI/VCIT,Unknown,0.8869,0.56762,624,,,,,,,,
MU/ON,Semiconductors,0.8243,0.56763,624,,,,,,,,
PFL/VVR,Asset Management,0.8924,0.56765,624,,,,,,,,
BGY/FOF,Asset Management,0.959,0.56765,624,,,,,,,,
OSBC/SYBT,Banks - Regional,0.8933,0.56765,624,,,,,,,,
BTZ/FOF,Asset Management,0.9519,0.56766,624,,,,,,,,
FFC/GF,Asset Management,0.8947,0.56767,624,,,,,,,,
HDB/TRST,Banks - Regional,0.8287,0.56769,624,,,,,,,,
BTO/DNP,Asset Management,0.9197,0.56769,624,,,,,,,,
ACNB/SBCF,Banks - Regional,0.8637,0.5677,624,,,,,,,,
EW/MASI,Medical Devices,0.9116,0.56772,624,,,,,,,,
JHI/SPXX,Asset Management,0.9151,0.56772,624,,,,,,,,
PNQI/PSL,Unknown,0.9351,0.56773,624,,,,,,,,
QQXT/TVE,Unknown,0.8134,0.56773,624,,,,,,,,
IGD/MHF,Asset Management,0.8521,0.56774,624,,,,,,,,
BX/PNNT,Asset Management,0.9195,0.56775,624,,,,,,,,
HPS/RMT,Asset Management,0.9425,0.56776,624,,,,,,,,
BFK/PPT,Asset Management,0.8128,0.56776,624,,,,,,,,
JBK/VCLT,Unknown,0.9161,0.56776,624,,,,,,,,
BTA/BTO,Asset Management,0.8918,0.56777,624,,,,,,,,
IIM/NFJ,Asset Management,0.8199,0.56778,624,,,,,,,,
BGY/VVR,Asset Management,0.9403,0.56778,624,,,,,,,,
GOF/IGI,Asset Management,0.8597,0.56778,624,,,,,,,,
NVG/PFN,Asset Management,0.9401,0.5678,624,,,,,,,,
MHD/TSI,Asset Management,0.8472,0.5678,624,,,,,,,,
FXNC/SHBI,Banks - Regional,0.8805,0.5678,624,,,,,,,,
AJG/CRVL,Insurance Brokers,0.9857,0.56781,624,,,,,,,,
GAB/NXC,Asset Management,0.8135,0.56781,624,,,,,,,,
FLC/GDL,Asset Management,0.9081,0.56781,624,,,,,,,,
FFIN/PFS,Banks - Regional,0.827,0.56781,624,,,,,,,,
FFA/PNNT,Asset Management,0.9039,0.56783,624,,,,,,,,
CNOB/FRST,Banks - Regional,0.8951,0.56784,624,,,,,,,,
IGD/OIA,Asset Management,0.8374,0.56784,624,,,,,,,,
CHW/NCA,Asset Management,0.8594,0.56785,624,,,,,,,,
NXP/RQI,Asset Management,0.9324,0.56785,624,,,,,,,,
FRA/PHK,Asset Management,0.8038,0.56786,624,,,,,,,,
CSL/GFF,Building Products & Equipment,0.9383,0.56787,624,,,,,,,,
CASH/PEBK,Banks - Regional,0.8559,0.5679,624,,,,,,,,
AWP/RMT,Asset Management,0.9129,0.5679,624,,,,,,,,
AB/VVR,Asset Management,0.8852,0.56791,624,,,,,,,,
BX/UTF,Asset Management,0.9041,0.56791,624,,,,,,,,
LMT/VSEC,Aerospace & Defense,0.8132,0.56793,624,,,,,,,,
BND/IUSG,Unknown,0.8026,0.56794,624,,,,,,,,
IGR/RVT,Asset Management,0.9264,0.56794,624,,,,,,,,
DNP/GOF,Asset Management,0.952,0.56795,624,,,,,,,,
GF/NZF,Asset Management,0.8713,0.56796,624,,,,,,,,
GAM/WIW,Asset Management,0.8293,0.56798,624,,,,,,,,
DSU/MPA,Asset Management,0.8148,0.56798,624,,,,,,,,
FFC/VLT,Asset Management,0.924,0.56799,624,,,,,,,,
BOE/OCSL,Asset Management,0.8058,0.568,624,,,,,,,,
GCV/PCF,Asset Management,0.9288,0.56801,624,,,,,,,,
AIZ/CB,Insurance - Property & Casualty,0.9624,0.56801,624,,,,,,,,
HIG/STC,Insurance - Property & Casualty,0.9182,0.56802,624,,,,,,,,
GJS/VGSH,Unknown,0.9005,0.56805,624,,,,,,,,
GCV/PHD,Asset Management,0.8369,0.56807,624,,,,,,,,
EVT/PMO,Asset Management,0.9026,0.5681,624,,,,,,,,
ASG/NRK,Asset Management,0.8877,0.5681,624,,,,,,,,
CSWC/PCF,Asset Management,0.9356,0.56812,624,,,,,,,,
GSBC/PPBI,Banks - Regional,0.8858,0.56812,624,,,,,,,,
CHY/MAIN,Asset Management,0.9116,0.56812,624,,,,,,,,
ETW/PNNT,Asset Management,0.8241,0.56813,624,,,,,,,,
FFIN/VABK,Banks - Regional,0.8635,0.56816,624,,,,,,,,
ETG/VKQ,Asset Management,0.8249,0.56818,624,,,,,,,,
FCBC/PNFP,Banks - Regional,0.9226,0.56818,624,,,,,,,,
EFSC/FBIZ,Banks - Regional,0.8616,0.56819,624,,,,,,,,
PRN/USIG,Unknown,0.8226,0.56821,624,,,,,,,,
ETG/NRK,Asset Management,0.8416,0.56822,624,,,,,,,,
ETO/MFIC,Asset Management,0.8368,0.56822,624,,,,,,,,
MYI/VLT,Asset Management,0.8987,0.56823,624,,,,,,,,
PTF/WOOD,Unknown,0.8993,0.56823,624,,,,,,,,
ABCB/CFR,Banks - Regional,0.9151,0.56824,624,,,,,,,,
JBK/PID,Unknown,0.8584,0.56825,624,,,,,,,,
AJG/BRO,Insurance Brokers,0.9896,0.56825,624,,,,,,,,
MTB/ZIONP,Banks - Regional,0.879,0.56828,624,,,,,,,,
FTNT/VRSN,Software - Infrastructure,0.8046,0.56828,624,,,,,,,,
BOE/SCD,Asset Management,0.9627,0.56828,624,,,,,,,,
DD/EMN,Specialty Chemicals,0.8292,0.56829,624,,,,,,,,
ETJ/FHI,Asset Management,0.8977,0.56829,624,,,,,,,,
BLW/JCE,Asset Management,0.975,0.56829,624,,,,,,,,
GDV/HPF,Asset Management,0.9566,0.56831,624,,,,,,,,
EVF/JPC,Asset Management,0.8848,0.56831,624,,,,,,,,
DSM/GRX,Asset Management,0.8427,0.56832,624,,,,,,,,
CNS/EVF,Asset Management,0.9283,0.56832,624,,,,,,,,
NEA/PIM,Asset Management,0.9062,0.56833,624,,,,,,,,
BX/NIE,Asset Management,0.9547,0.56833,624,,,,,,,,
JLS/NZF,Asset Management,0.91,0.56833,624,,,,,,,,
BTZ/GDL,Asset Management,0.9325,0.56835,624,,,,,,,,
FRME/NBTB,Banks - Regional,0.9426,0.56836,624,,,,,,,,
GAM/MMT,Asset Management,0.9112,0.56836,624,,,,,,,,
CHI/MAIN,Asset Management,0.9185,0.56837,624,,,,,,,,
HTGC/JEQ,Asset Management,0.8041,0.56838,624,,,,,,,,
MPA/NFJ,Asset Management,0.8385,0.56838,624,,,,,,,,
GCBC/UBSI,Banks - Regional,0.8142,0.56843,624,,,,,,,,
CXH/ETJ,Asset Management,0.8161,0.56843,624,,,,,,,,
CGO/HPF,Asset Management,0.9272,0.56844,624,,,,,,,,
ARCC/SWKH,Asset Management,0.8269,0.56844,624,,,,,,,,
QCRH/TFC,Banks - Regional,0.8516,0.56845,624,,,,,,,,
CMA/EFSC,Banks - Regional,0.9028,0.56847,624,,,,,,,,
RLI/TRV,Insurance - Property & Casualty,0.968,0.56847,624,,,,,,,,
EMD/EXG,Asset Management,0.8097,0.56848,624,,,,,,,,
CAMT/FORM,Semiconductor Equipment & Materials,0.8544,0.5685,624,,,,,,,,
SFNC/UBSI,Banks - Regional,0.87,0.56851,624,,,,,,,,
IJT/IUSV,Unknown,0.9699,0.56853,624,,,,,,,,
LEO/WIW,Asset Management,0.8063,0.56854,624,,,,,,,,
VLT/VMO,Asset Management,0.87,0.56855,624,,,,,,,,
PHO/PPH,Unknown,0.928,0.56855,624,,,,,,,,
DDT/GRID,Unknown,0.9389,0.56857,624,,,,,,,,
AWF/HTD,Asset Management,0.9553,0.56859,624,,,,,,,,
BANF/STBA,Banks - Regional,0.8316,0.56859,624,,,,,,,,
BTA/CII,Asset Management,0.8653,0.5686,624,,,,,,,,
BTO/NNY,Asset Management,0.8373,0.56861,624,,,,,,,,
SEIC/VPV,Asset Management,0.8158,0.56861,624,,,,,,,,
CSQ/PFO,Asset Management,0.8503,0.56861,624,,,,,,,,
JOF/MSD,Asset Management,0.8739,0.56861,624,,,,,,,,
FFC/PIM,Asset Management,0.9243,0.56863,624,,,,,,,,
PNQI/RTH,Unknown,0.9221,0.56863,624,,,,,,,,
ETG/NAN,Asset Management,0.8347,0.56866,624,,,,,,,,
NMZ/PIM,Asset Management,0.9123,0.56866,624,,,,,,,,
PEZ/PID,Unknown,0.9197,0.56867,624,,,,,,,,
NAC/WIW,Asset Management,0.8053,0.56868,624,,,,,,,,
EVR/LAZ,Capital Markets,0.8522,0.56868,624,,,,,,,,
AFB/BLW,Asset Management,0.843,0.56868,624,,,,,,,,
MPWR/MRVL,Semiconductors,0.9295,0.56868,624,,,,,,,,
ETO/VGM,Asset Management,0.8443,0.56868,624,,,,,,,,
EVG/FFC,Asset Management,0.8679,0.56869,624,,,,,,,,
CHY/HIO,Asset Management,0.9604,0.5687,624,,,,,,,,
EVF/NIM,Asset Management,0.8087,0.5687,624,,,,,,,,
RCL/TCOM,Travel Services,0.8414,0.56871,624,,,,,,,,
C/JPM,Banks - Diversified,0.8258,0.56871,624,,,,,,,,
CHY/FRA,Asset Management,0.9187,0.56873,624,,,,,,,,
IGIB/IJT,Unknown,0.9194,0.56878,624,,,,,,,,
HTD/VTN,Asset Management,0.8421,0.56879,624,,,,,,,,
GF/NMZ,Asset Management,0.8738,0.5688,624,,,,,,,,
RVT/VKQ,Asset Management,0.8305,0.56882,624,,,,,,,,
JCE/JPC,Asset Management,0.9125,0.56882,624,,,,,,,,
AB/PHD,Asset Management,0.9012,0.56883,624,,,,,,,,
BPOP/FCF,Banks - Regional,0.9063,0.56888,624,,,,,,,,
DRD/FNV,Gold,0.8403,0.5689,624,,,,,,,,
BDJ/VLT,Asset Management,0.9546,0.56891,624,,,,,,,,
BHK/BXMX,Asset Management,0.8698,0.56891,624,,,,,,,,
CNOB/FULT,Banks - Regional,0.8983,0.56892,624,,,,,,,,
JCE/MSD,Asset Management,0.8687,0.56893,624,,,,,,,,
FHN/ZION,Banks - Regional,0.8792,0.56894,624,,,,,,,,
HPI/JFR,Asset Management,0.9094,0.56896,624,,,,,,,,
MAIN/PFG,Asset Management,0.9389,0.56899,624,,,,,,,,
ETW/NMZ,Asset Management,0.921,0.569,624,,,,,,,,
FOF/JEQ,Asset Management,0.9122,0.569,624,,,,,,,,
EVT/NAN,Asset Management,0.852,0.56901,624,,,,,,,,
JLS/NAD,Asset Management,0.8899,0.56901,624,,,,,,,,
GGG/GTLS,Specialty Industrial Machinery,0.8036,0.56902,624,,,,,,,,
BUSE/PWOD,Banks - Regional,0.8007,0.56902,624,,,,,,,,
CII/FOF,Asset Management,0.9838,0.56903,624,,,,,,,,
FSFG/PGC,Banks - Regional,0.9004,0.56903,624,,,,,,,,
BNY/HQL,Asset Management,0.8059,0.56903,624,,,,,,,,
FTC/QABA,Unknown,0.8667,0.56905,624,,,,,,,,
BCML/TOWN,Banks - Regional,0.9149,0.56905,624,,,,,,,,
PPH/SWZ,Unknown,0.9498,0.56907,624,,,,,,,,
MCR/TROW,Asset Management,0.9241,0.56907,624,,,,,,,,
BTA/CHN,Asset Management,0.8131,0.5691,624,,,,,,,,
ASG/BGY,Asset Management,0.8988,0.56912,624,,,,,,,,
ACWI/PIO,Unknown,0.987,0.56913,624,,,,,,,,
LEO/WIA,Asset Management,0.8268,0.56913,624,,,,,,,,
AMP/BLK,Asset Management,0.9454,0.56913,624,,,,,,,,
JFR/VPV,Asset Management,0.8139,0.56915,624,,,,,,,,
AWP/EOI,Asset Management,0.8686,0.56916,624,,,,,,,,
JQC/PIM,Asset Management,0.8935,0.56917,624,,,,,,,,
BTZ/IIF,Asset Management,0.8176,0.56917,624,,,,,,,,
FFC/GOF,Asset Management,0.9032,0.56918,624,,,,,,,,
AVB/BRT,REIT - Residential,0.8616,0.56919,624,,,,,,,,
BDJ/VCV,Asset Management,0.8091,0.56919,624,,,,,,,,
HTBK/ONB,Banks - Regional,0.8526,0.56921,624,,,,,,,,
ETO/NAD,Asset Management,0.8913,0.56923,624,,,,,,,,
GRID/WOOD,Unknown,0.9022,0.56923,624,,,,,,,,
AB/NVG,Asset Management,0.8372,0.56933,624,,,,,,,,
CIF/SPXX,Asset Management,0.8832,0.56933,624,,,,,,,,
JOF/MYI,Asset Management,0.849,0.56933,624,,,,,,,,
EVF/NXJ,Asset Management,0.8565,0.56936,624,,,,,,,,
FCF/NWBI,Banks - Regional,0.9436,0.56937,624,,,,,,,,
EFT/PMM,Asset Management,0.812,0.56938,624,,,,,,,,
CGO/EFT,Asset Management,0.9139,0.56938,624,,,,,,,,
GDV/NRK,Asset Management,0.8526,0.56939,624,,,,,,,,
FMN/PPT,Asset Management,0.8262,0.5694,624,,,,,,,,
GF/RMT,Asset Management,0.8006,0.5694,624,,,,,,,,
AX/NWBI,Banks - Regional,0.8507,0.56943,624,,,,,,,,
ETV/VLT,Asset Management,0.9635,0.56947,624,,,,,,,,
PNC/RNST,Banks - Regional,0.8242,0.56947,624,,,,,,,,
BFC/EFSC,Banks - Regional,0.8968,0.56947,624,,,,,,,,
JCE/NXN,Asset Management,0.8482,0.56947,624,,,,,,,,
BDJ/NUV,Asset Management,0.8459,0.56948,624,,,,,,,,
PFN/PMX,Asset Management,0.8045,0.56949,624,,,,,,,,
ETO/PDT,Asset Management,0.9437,0.56951,624,,,,,,,,
ARCB/XPO,Trucking,0.8432,0.56951,624,,,,,,,,
BDJ/EVN,Asset Management,0.8189,0.56952,624,,,,,,,,
QCRH/TFSL,Banks - Regional,0.8213,0.56954,624,,,,,,,,
GJS/PFF,Unknown,0.9172,0.56957,624,,,,,,,,
CSQ/NXC,Asset Management,0.8202,0.56958,624,,,,,,,,
GOF/RCS,Asset Management,0.8432,0.56961,624,,,,,,,,
QQXT/USIG,Unknown,0.8956,0.56962,624,,,,,,,,
FCBC/FCF,Banks - Regional,0.9657,0.56962,624,,,,,,,,
MSD/QQQX,Asset Management,0.8805,0.56965,624,,,,,,,,
BLK/GAM,Asset Management,0.9641,0.56965,624,,,,,,,,
MTB/UBSI,Banks - Regional,0.9143,0.56967,624,,,,,,,,
IBCP/LARK,Banks - Regional,0.8503,0.56967,624,,,,,,,,
BYM/CHI,Asset Management,0.8236,0.56967,624,,,,,,,,
ARCC/HIX,Asset Management,0.8472,0.5697,624,,,,,,,,
DSM/HQL,Asset Management,0.8388,0.5697,624,,,,,,,,
AIA/QTEC,Unknown,0.8874,0.56971,624,,,,,,,,
HPI/VVR,Asset Management,0.8615,0.56971,624,,,,,,,,
EOS/GOF,Asset Management,0.9754,0.56974,624,,,,,,,,
ACNB/AUB,Banks - Regional,0.9196,0.56974,624,,,,,,,,
BDJ/BLW,Asset Management,0.9689,0.56977,624,,,,,,,,
JOF/NRK,Asset Management,0.8522,0.56977,624,,,,,,,,
BND/PNQI,Unknown,0.915,0.56978,624,,,,,,,,
IESC/STN,Engineering & Construction,0.8677,0.56979,624,,,,,,,,
PBHC/PWOD,Banks - Regional,0.8104,0.56982,624,,,,,,,,
QCRH/SBCF,Banks - Regional,0.884,0.56982,624,,,,,,,,
HCI/WTM,Insurance - Property & Casualty,0.8676,0.56982,624,,,,,,,,
JEQ/MIY,Asset Management,0.8981,0.56983,624,,,,,,,,
BTA/RCS,Asset Management,0.8252,0.56984,624,,,,,,,,
DSU/NQP,Asset Management,0.8428,0.56986,624,,,,,,,,
FOF/FUND,Asset Management,0.9603,0.56986,624,,,,,,,,
IAE/IGR,Asset Management,0.8105,0.56987,624,,,,,,,,
UTF/VGM,Asset Management,0.8505,0.56988,624,,,,,,,,
FLC/HPI,Asset Management,0.9564,0.56989,624,,,,,,,,
NAN/WIW,Asset Management,0.8648,0.5699,624,,,,,,,,
GJO/IEUS,Unknown,0.8994,0.56991,624,,,,,,,,
NWBI/SFNC,Banks - Regional,0.8949,0.56994,624,,,,,,,,
EVF/PIM,Asset Management,0.8675,0.56995,624,,,,,,,,
NNY/TY,Asset Management,0.8891,0.56995,624,,,,,,,,
OGE/WEC,Utilities - Regulated Electric,0.9176,0.56996,624,,,,,,,,
MSD/SOR,Asset Management,0.879,0.56997,624,,,,,,,,
NFJ/NNY,Asset Management,0.8054,0.56997,624,,,,,,,,
CHW/JOF,Asset Management,0.9037,0.56998,624,,,,,,,,
GDL/PMM,Asset Management,0.8777,0.56999,624,,,,,,,,
HIFS/UBFO,Banks - Regional,0.8304,0.57003,624,,,,,,,,
HPS/STT,Asset Management,0.8388,0.57003,624,,,,,,,,
BLW/EOD,Asset Management,0.9501,0.57004,624,,,,,,,,
BYM/JLS,Asset Management,0.8645,0.57005,624,,,,,,,,
FT/NIE,Asset Management,0.975,0.57005,624,,,,,,,,
EFT/MSD,Asset Management,0.9039,0.57006,624,,,,,,,,
CMG/TXRH,Restaurants,0.9499,0.57006,624,,,,,,,,
MMT/SOR,Asset Management,0.9434,0.57007,624,,,,,,,,
BDJ/NXP,Asset Management,0.9103,0.57008,624,,,,,,,,
BDJ/MIN,Asset Management,0.8759,0.57009,624,,,,,,,,
EWBC/USB,Banks - Regional,0.875,0.57009,624,,,,,,,,
BTZ/CGO,Asset Management,0.9559,0.5701,624,,,,,,,,
RVT/VGM,Asset Management,0.8216,0.5701,624,,,,,,,,
MQT/RQI,Asset Management,0.8848,0.57011,624,,,,,,,,
INTU/PTC,Software - Application,0.9662,0.57011,624,,,,,,,,
BDJ/NXN,Asset Management,0.8626,0.57011,624,,,,,,,,
IEUS/QTEC,Unknown,0.9185,0.57013,624,,,,,,,,
ETW/NMT,Asset Management,0.8158,0.57015,624,,,,,,,,
GL/PRU,Insurance - Life,0.8971,0.57016,624,,,,,,,,
ETG/NUW,Asset Management,0.8107,0.57017,624,,,,,,,,
GDO/GOF,Asset Management,0.9275,0.57017,624,,,,,,,,
BANR/CBU,Banks - Regional,0.9028,0.57018,624,,,,,,,,
EVT/VGM,Asset Management,0.836,0.57019,624,,,,,,,,
GDV/NXJ,Asset Management,0.9077,0.57019,624,,,,,,,,
JFR/NXJ,Asset Management,0.8573,0.5702,624,,,,,,,,
EOS/NXN,Asset Management,0.8614,0.5702,624,,,,,,,,
CHY/IIF,Asset Management,0.8728,0.5702,624,,,,,,,,
AWF/PFG,Asset Management,0.9154,0.5702,624,,,,,,,,
GJS/SHY,Unknown,0.8928,0.57022,624,,,,,,,,
AWF/NAC,Asset Management,0.8226,0.57023,624,,,,,,,,
BLX/NBN,Banks - Regional,0.8154,0.57023,624,,,,,,,,
KEY/WABC,Banks - Regional,0.8788,0.57023,624,,,,,,,,
CHI/MUJ,Asset Management,0.8548,0.57024,624,,,,,,,,
BPOP/HDB,Banks - Regional,0.8487,0.57024,624,,,,,,,,
IMCV/PEY,Unknown,0.9931,0.57024,624,,,,,,,,
BRKL/HDB,Banks - Regional,0.817,0.57027,624,,,,,,,,
ABCB/BANC,Banks - Regional,0.8369,0.57027,624,,,,,,,,
ADX/CII,Asset Management,0.9832,0.57029,624,,,,,,,,
GAIN/MCR,Asset Management,0.9065,0.57031,624,,,,,,,,
JLS/VKQ,Asset Management,0.8765,0.57032,624,,,,,,,,
ETW/NKX,Asset Management,0.8887,0.57034,624,,,,,,,,
EOI/NXP,Asset Management,0.9008,0.57036,624,,,,,,,,
CNOB/FRAF,Banks - Regional,0.8787,0.57037,624,,,,,,,,
AB/MIY,Asset Management,0.8283,0.57037,624,,,,,,,,
JQC/MQY,Asset Management,0.8322,0.57039,624,,,,,,,,
BPOP/PEBK,Banks - Regional,0.8116,0.57041,624,,,,,,,,
EOS/SAR,Asset Management,0.9588,0.57041,624,,,,,,,,
FLC/PTY,Asset Management,0.9318,0.57041,624,,,,,,,,
CHI/SWKH,Asset Management,0.8592,0.57044,624,,,,,,,,
HCI/HIG,Insurance - Property & Casualty,0.9112,0.57044,624,,,,,,,,
BFZ/NZF,Asset Management,0.9151,0.57047,624,,,,,,,,
BN/BOE,Asset Management,0.9734,0.57047,624,,,,,,,,
BPOP/CFR,Banks - Regional,0.923,0.57048,624,,,,,,,,
FMY/JCE,Asset Management,0.9148,0.57049,624,,,,,,,,
LGI/MYI,Asset Management,0.8292,0.5705,624,,,,,,,,
NXJ/PFN,Asset Management,0.9545,0.57051,624,,,,,,,,
TXT/WWD,Aerospace & Defense,0.8791,0.57054,624,,,,,,,,
MNDO/SPNS,Software - Application,0.9067,0.57054,624,,,,,,,,
EMD/ETV,Asset Management,0.8141,0.57055,624,,,,,,,,
CHI/IGA,Asset Management,0.9332,0.57056,624,,,,,,,,
EXPO/MTZ,Engineering & Construction,0.8935,0.57056,624,,,,,,,,
BPOP/FULT,Banks - Regional,0.8801,0.57059,624,,,,,,,,
BLK/HPI,Asset Management,0.9025,0.57064,624,,,,,,,,
BN/VRTS,Asset Management,0.8038,0.57064,624,,,,,,,,
CCBG/HOMB,Banks - Regional,0.8689,0.57066,624,,,,,,,,
EMD/GAM,Asset Management,0.8014,0.57069,624,,,,,,,,
ADX/PNNT,Asset Management,0.8911,0.5707,624,,,,,,,,
ETJ/RNP,Asset Management,0.9679,0.57071,624,,,,,,,,
NIM/RVT,Asset Management,0.8701,0.57071,624,,,,,,,,
BXMX/RVT,Asset Management,0.9793,0.57072,624,,,,,,,,
CHN/MMT,Asset Management,0.8105,0.57073,624,,,,,,,,
BFC/ONB,Banks - Regional,0.9135,0.57074,624,,,,,,,,
FFA/PAI,Asset Management,0.8389,0.57074,624,,,,,,,,
ABCB/ZIONP,Banks - Regional,0.9091,0.57076,624,,,,,,,,
NKX/RQI,Asset Management,0.8974,0.57076,624,,,,,,,,
FFIN/HDB,Banks - Regional,0.9374,0.57079,624,,,,,,,,
BLK/EVN,Asset Management,0.8201,0.5708,624,,,,,,,,
CHY/IIM,Asset Management,0.8347,0.57081,624,,,,,,,,
BLK/PMO,Asset Management,0.867,0.57082,624,,,,,,,,
ETW/MAIN,Asset Management,0.9296,0.57084,624,,,,,,,,
BYM/JOF,Asset Management,0.8355,0.57084,624,,,,,,,,
DNP/NNY,Asset Management,0.8908,0.57084,624,,,,,,,,
NKX/PDT,Asset Management,0.9326,0.57085,624,,,,,,,,
CSWC/EOS,Asset Management,0.9663,0.57086,624,,,,,,,,
GSBC/KEY,Banks - Regional,0.9103,0.57086,624,,,,,,,,
ALRS/ASRV,Banks - Regional,0.8139,0.57087,624,,,,,,,,
BANF/IBN,Banks - Regional,0.9424,0.57088,624,,,,,,,,
JRS/RVT,Asset Management,0.9343,0.57088,624,,,,,,,,
TOWN/WABC,Banks - Regional,0.8494,0.57092,624,,,,,,,,
CHW/CMU,Asset Management,0.8529,0.57095,624,,,,,,,,
EMD/JRS,Asset Management,0.8453,0.57095,624,,,,,,,,
BX/GDL,Asset Management,0.871,0.57095,624,,,,,,,,
BTA/PSEC,Asset Management,0.8093,0.57097,624,,,,,,,,
ALGN/RGEN,Medical Instruments & Supplies,0.8607,0.57097,624,,,,,,,,
ENTG/PLAB,Semiconductor Equipment & Materials,0.8441,0.57099,624,,,,,,,,
BYM/QQQX,Asset Management,0.8608,0.57099,624,,,,,,,,
DSM/JEQ,Asset Management,0.8422,0.571,624,,,,,,,,
CIF/EOI,Asset Management,0.8392,0.57101,624,,,,,,,,
MHF/SPXX,Asset Management,0.9035,0.57102,624,,,,,,,,
FTCS/IJT,Unknown,0.9841,0.57102,624,,,,,,,,
MAIN/NIM,Asset Management,0.81,0.57102,624,,,,,,,,
MCR/SPXX,Asset Management,0.9389,0.57103,624,,,,,,,,
AB/WIA,Asset Management,0.8971,0.57104,624,,,,,,,,
ACWX/VCLT,Unknown,0.8025,0.57107,624,,,,,,,,
QCRH/SYBT,Banks - Regional,0.9484,0.57107,624,,,,,,,,
BYM/PIM,Asset Management,0.8596,0.57107,624,,,,,,,,
BND/JBK,Unknown,0.926,0.57108,624,,,,,,,,
FMN/RNP,Asset Management,0.8281,0.57109,624,,,,,,,,
CASH/HBCP,Banks - Regional,0.9137,0.57111,624,,,,,,,,
FITB/TFSL,Banks - Regional,0.8384,0.57111,624,,,,,,,,
JCE/PDT,Asset Management,0.914,0.57112,624,,,,,,,,
BN/MQT,Asset Management,0.8201,0.57112,624,,,,,,,,
ESLT/VSEC,Aerospace & Defense,0.8736,0.57115,624,,,,,,,,
CMS/FE,Utilities - Regulated Electric,0.8622,0.57115,624,,,,,,,,
IGA/JQC,Asset Management,0.9613,0.57115,624,,,,,,,,
STEW/SWKH,Asset Management,0.8247,0.57116,624,,,,,,,,
PHO/PIZ,Unknown,0.9438,0.57118,624,,,,,,,,
CFR/FFIN,Banks - Regional,0.9144,0.57118,624,,,,,,,,
EOI/JEQ,Asset Management,0.8784,0.57119,624,,,,,,,,
QCRH/WBS,Banks - Regional,0.921,0.5712,624,,,,,,,,
EFX/FCN,Consulting Services,0.8962,0.5712,624,,,,,,,,
BGY/FLC,Asset Management,0.8169,0.57121,624,,,,,,,,
PNNT/TY,Asset Management,0.8371,0.57122,624,,,,,,,,
BLK/CNS,Asset Management,0.9681,0.57124,624,,,,,,,,
IGD/NXN,Asset Management,0.8015,0.57124,624,,,,,,,,
IFN/JOF,Asset Management,0.8346,0.57126,624,,,,,,,,
FRME/UBSI,Banks - Regional,0.9237,0.57127,624,,,,,,,,
BANR/TFSL,Banks - Regional,0.8511,0.57129,624,,,,,,,,
BANF/THFF,Banks - Regional,0.8805,0.57129,624,,,,,,,,
AB/NIM,Asset Management,0.8412,0.5713,624,,,,,,,,
OSBC/USB,Banks - Regional,0.8745,0.57131,624,,,,,,,,
FAD/PEZ,Unknown,0.9822,0.57133,624,,,,,,,,
DNP/EXG,Asset Management,0.9269,0.57134,624,,,,,,,,
BFK/JLS,Asset Management,0.827,0.57136,624,,,,,,,,
PDT/STEW,Asset Management,0.9119,0.57138,624,,,,,,,,
PAYX/SAP,Software - Application,0.8748,0.57139,624,,,,,,,,
CHY/RFI,Asset Management,0.9637,0.57139,624,,,,,,,,
EXG/NIM,Asset Management,0.8749,0.5714,624,,,,,,,,
CNS/IAE,Asset Management,0.8381,0.57145,624,,,,,,,,
AWF/SPE,Asset Management,0.9656,0.57145,624,,,,,,,,
EEA/NCA,Asset Management,0.8039,0.57146,624,,,,,,,,
MCN/NXJ,Asset Management,0.8277,0.57146,624,,,,,,,,
CHI/NQP,Asset Management,0.869,0.57147,624,,,,,,,,
RNST/USB,Banks - Regional,0.9296,0.57148,624,,,,,,,,
AWI/GFF,Building Products & Equipment,0.8194,0.57149,624,,,,,,,,
EVT/JOF,Asset Management,0.8767,0.5715,624,,,,,,,,
EVT/IGD,Asset Management,0.9536,0.5715,624,,,,,,,,
FOF/JOF,Asset Management,0.8793,0.57151,624,,,,,,,,
CHI/PFO,Asset Management,0.8637,0.57152,624,,,,,,,,
CHN/CXE,Asset Management,0.8029,0.57153,624,,,,,,,,
CMA/VLY,Banks - Regional,0.892,0.57153,624,,,,,,,,
COO/MMSI,Medical Instruments & Supplies,0.8894,0.57154,624,,,,,,,,
BDJ/NRK,Asset Management,0.8288,0.57155,624,,,,,,,,
CHY/FHI,Asset Management,0.898,0.57156,624,,,,,,,,
CSWC/ETW,Asset Management,0.9163,0.57156,624,,,,,,,,
CNOB/PFS,Banks - Regional,0.9333,0.57157,624,,,,,,,,
JCE/MMT,Asset Management,0.9348,0.5716,624,,,,,,,,
JPC/RVT,Asset Management,0.9231,0.57161,624,,,,,,,,
BTZ/TROW,Asset Management,0.9288,0.57162,624,,,,,,,,
RQI/USA,Asset Management,0.9647,0.57163,624,,,,,,,,
CIF/CSWC,Asset Management,0.8145,0.57163,624,,,,,,,,
CHW/NIE,Asset Management,0.947,0.57165,624,,,,,,,,
MNSB/TFSL,Banks - Regional,0.8536,0.57165,624,,,,,,,,
PAI/PTY,Asset Management,0.9199,0.57165,624,,,,,,,,
HBNC/UBSI,Banks - Regional,0.8849,0.57167,624,,,,,,,,
AOD/GDO,Asset Management,0.8778,0.57168,624,,,,,,,,
GDV/NQP,Asset Management,0.8846,0.57169,624,,,,,,,,
HIX/HPS,Asset Management,0.921,0.57169,624,,,,,,,,
BTZ/VTN,Asset Management,0.8879,0.5717,624,,,,,,,,
EFT/NXP,Asset Management,0.8691,0.5717,624,,,,,,,,
CNS/MSD,Asset Management,0.8521,0.5717,624,,,,,,,,
FICO/PLUS,Software - Application,0.8423,0.5717,624,,,,,,,,
ACWX/PFM,Unknown,0.9531,0.57171,624,,,,,,,,
GDL/HIX,Asset Management,0.8914,0.57174,624,,,,,,,,
MYD/UTF,Asset Management,0.8138,0.57174,624,,,,,,,,
BDJ/GDV,Asset Management,0.9823,0.57178,624,,,,,,,,
BDJ/NCA,Asset Management,0.8095,0.57178,624,,,,,,,,
JFR/PIM,Asset Management,0.8611,0.57178,624,,,,,,,,
ETG/VGM,Asset Management,0.8158,0.57178,624,,,,,,,,
EEA/JPC,Asset Management,0.893,0.57179,624,,,,,,,,
HAFC/TCBI,Banks - Regional,0.8357,0.5718,624,,,,,,,,
ARCC/EOD,Asset Management,0.9649,0.57181,624,,,,,,,,
BLK/IGD,Asset Management,0.9413,0.57182,624,,,,,,,,
BTO/VPV,Asset Management,0.8419,0.57182,624,,,,,,,,
GCV/NAZ,Asset Management,0.8255,0.57183,624,,,,,,,,
PTY/VGM,Asset Management,0.8667,0.57183,624,,,,,,,,
ASG/MIN,Asset Management,0.9234,0.57183,624,,,,,,,,
MIN/RFI,Asset Management,0.922,0.57183,624,,,,,,,,
EFSC/TFC,Banks - Regional,0.9043,0.57184,624,,,,,,,,
PFN/VTN,Asset Management,0.854,0.57188,624,,,,,,,,
PEZ/USIG,Unknown,0.8732,0.57188,624,,,,,,,,
CHI/FT,Asset Management,0.966,0.57189,624,,,,,,,,
EFSC/UBSI,Banks - Regional,0.9214,0.57189,624,,,,,,,,
CSWC/IGD,Asset Management,0.9366,0.57191,624,,,,,,,,
EFR/HIX,Asset Management,0.8784,0.57192,624,,,,,,,,
ASG/NMI,Asset Management,0.8231,0.57193,624,,,,,,,,
EFT/NMZ,Asset Management,0.807,0.57194,624,,,,,,,,
FCF/FFIN,Banks - Regional,0.8859,0.57194,624,,,,,,,,
NWBI/SNV,Banks - Regional,0.9186,0.57196,624,,,,,,,,
BHK/NXJ,Asset Management,0.9792,0.57196,624,,,,,,,,
CB/CNA,Insurance - Property & Casualty,0.9643,0.57198,624,,,,,,,,
BPOP/CTBI,Banks - Regional,0.8789,0.57199,624,,,,,,,,
ETW/MYD,Asset Management,0.839,0.57199,624,,,,,,,,
AX/CHMG,Banks - Regional,0.9086,0.572,624,,,,,,,,
ETJ/IFN,Asset Management,0.94,0.572,624,,,,,,,,
BTZ/NAZ,Asset Management,0.8967,0.572,624,,,,,,,,
FOF/NCA,Asset Management,0.8283,0.57202,624,,,,,,,,
ETW/VGM,Asset Management,0.8648,0.57204,624,,,,,,,,
EFR/FLC,Asset Management,0.8396,0.57206,624,,,,,,,,
NNY/USA,Asset Management,0.8148,0.57207,624,,,,,,,,
CHN/CIF,Asset Management,0.8584,0.57208,624,,,,,,,,
BPOP/PB,Banks - Regional,0.8552,0.57208,624,,,,,,,,
MSD/RVT,Asset Management,0.8732,0.57211,624,,,,,,,,
JLS/MUC,Asset Management,0.8294,0.57211,624,,,,,,,,
ARCC/HPI,Asset Management,0.879,0.57211,624,,,,,,,,
ASG/MYD,Asset Management,0.8159,0.57214,624,,,,,,,,
ETW/MYN,Asset Management,0.8375,0.57217,624,,,,,,,,
PNFP/WSBC,Banks - Regional,0.8647,0.57219,624,,,,,,,,
JOF/MUA,Asset Management,0.8761,0.57221,624,,,,,,,,
BXMX/PFD,Asset Management,0.8215,0.57222,624,,,,,,,,
EXG/VMO,Asset Management,0.805,0.57222,624,,,,,,,,
GDL/WIW,Asset Management,0.8415,0.57222,624,,,,,,,,
JCE/VPV,Asset Management,0.8261,0.57222,624,,,,,,,,
FI/INFY,Information Technology Services,0.8618,0.57224,624,,,,,,,,
RNP/VGM,Asset Management,0.8692,0.57225,624,,,,,,,,
BLK/MIY,Asset Management,0.8447,0.57226,624,,,,,,,,
BTO/HYT,Asset Management,0.9272,0.57226,624,,,,,,,,
BXMX/WIA,Asset Management,0.8364,0.57228,624,,,,,,,,
NMI/SPXX,Asset Management,0.8099,0.57228,624,,,,,,,,
EFR/PAI,Asset Management,0.813,0.57229,624,,,,,,,,
IGD/JQC,Asset Management,0.9472,0.57229,624,,,,,,,,
MHF/RCS,Asset Management,0.8625,0.57231,624,,,,,,,,
ONEQ/PSL,Unknown,0.9645,0.57232,624,,,,,,,,
FI/G,Information Technology Services,0.8827,0.57233,624,,,,,,,,
EMD/HPF,Asset Management,0.8835,0.57235,624,,,,,,,,
DSU/HQH,Asset Management,0.8281,0.57235,624,,,,,,,,
CHI/NXN,Asset Management,0.8509,0.57235,624,,,,,,,,
CGO/IGD,Asset Management,0.9031,0.57236,624,,,,,,,,
EVF/PMM,Asset Management,0.814,0.57236,624,,,,,,,,
CNMD/ZBH,Medical Devices,0.8456,0.57236,624,,,,,,,,
GD/TXT,Aerospace & Defense,0.9577,0.57238,624,,,,,,,,
AFB/JRS,Asset Management,0.8787,0.57238,624,,,,,,,,
AWP/NCA,Asset Management,0.8542,0.57239,624,,,,,,,,
AX/NBTB,Banks - Regional,0.9192,0.57241,624,,,,,,,,
BTZ/ETW,Asset Management,0.9514,0.57241,624,,,,,,,,
ETJ/FT,Asset Management,0.964,0.57242,624,,,,,,,,
CHY/NXN,Asset Management,0.861,0.57244,624,,,,,,,,
ARCC/MFIC,Asset Management,0.9118,0.57244,624,,,,,,,,
JFR/NIM,Asset Management,0.8087,0.57246,624,,,,,,,,
CSQ/MCR,Asset Management,0.9432,0.57246,624,,,,,,,,
CIF/RMT,Asset Management,0.8932,0.57246,624,,,,,,,,
ASB/HDB,Banks - Regional,0.8151,0.57248,624,,,,,,,,
IGR/QQQX,Asset Management,0.9033,0.57248,624,,,,,,,,
FUND/JPC,Asset Management,0.8474,0.57248,624,,,,,,,,
BLK/IAE,Asset Management,0.8625,0.57249,624,,,,,,,,
GCV/RFI,Asset Management,0.9402,0.5725,624,,,,,,,,
EEA/GRX,Asset Management,0.9311,0.57251,624,,,,,,,,
AEE/OGE,Utilities - Regulated Electric,0.9274,0.57252,624,,,,,,,,
FUND/NXP,Asset Management,0.8572,0.57254,624,,,,,,,,
CSQ/VRTS,Asset Management,0.8302,0.57256,624,,,,,,,,
FFIN/VLY,Banks - Regional,0.8605,0.57257,624,,,,,,,,
ETJ/VGM,Asset Management,0.8208,0.57257,624,,,,,,,,
IGD/MCR,Asset Management,0.878,0.57257,624,,,,,,,,
AMP/CSWC,Asset Management,0.9583,0.57259,624,,,,,,,,
EXG/IQI,Asset Management,0.8373,0.57261,624,,,,,,,,
EXG/HIO,Asset Management,0.9556,0.57261,624,,,,,,,,
NUV/VLT,Asset Management,0.906,0.57261,624,,,,,,,,
EOS/JHI,Asset Management,0.9267,0.57264,624,,,,,,,,
ISBA/ZIONP,Banks - Regional,0.8536,0.57265,624,,,,,,,,
FMY/FUND,Asset Management,0.8589,0.57265,624,,,,,,,,
ASG/CSQ,Asset Management,0.9426,0.57265,624,,,,,,,,
CHY/JQC,Asset Management,0.9242,0.57265,624,,,,,,,,
FDX/UPS,Integrated Freight & Logistics,0.8351,0.57266,624,,,,,,,,
ETV/VTN,Asset Management,0.8169,0.57267,624,,,,,,,,
FRST/NWBI,Banks - Regional,0.9016,0.57268,624,,,,,,,,
PHK/VCV,Asset Management,0.8126,0.5727,624,,,,,,,,
DDT/PRN,Unknown,0.9491,0.57271,624,,,,,,,,
ASX/QCOM,Semiconductors,0.8809,0.57272,624,,,,,,,,
ASG/GLAD,Asset Management,0.8601,0.57274,624,,,,,,,,
EFSC/EWBC,Banks - Regional,0.9288,0.57274,624,,,,,,,,
FEX/IUSG,Unknown,0.9897,0.57275,624,,,,,,,,
GDV/IIM,Asset Management,0.8568,0.57277,624,,,,,,,,
GAIN/MHF,Asset Management,0.8568,0.57277,624,,,,,,,,
BX/ETW,Asset Management,0.8661,0.57278,624,,,,,,,,
STBA/WABC,Banks - Regional,0.8141,0.57278,624,,,,,,,,
CASH/CBAN,Banks - Regional,0.8383,0.57279,624,,,,,,,,
HBAN/WABC,Banks - Regional,0.8619,0.5728,624,,,,,,,,
IGR/LGI,Asset Management,0.9195,0.5728,624,,,,,,,,
IUSG/PFF,Unknown,0.9088,0.57281,624,,,,,,,,
AX/BPOP,Banks - Regional,0.9265,0.57281,624,,,,,,,,
IIF/PCN,Asset Management,0.8503,0.57283,624,,,,,,,,
BME/MYD,Asset Management,0.837,0.57284,624,,,,,,,,
LGI/SCD,Asset Management,0.9451,0.57284,624,,,,,,,,
FOF/MPA,Asset Management,0.8636,0.57285,624,,,,,,,,
FFA/HQL,Asset Management,0.8576,0.57285,624,,,,,,,,
PFN/SBI,Asset Management,0.8696,0.57285,624,,,,,,,,
GDL/IIM,Asset Management,0.853,0.57288,624,,,,,,,,
ASG/IAE,Asset Management,0.8423,0.57288,624,,,,,,,,
GDV/NNY,Asset Management,0.8518,0.5729,624,,,,,,,,
QQQX/VGM,Asset Management,0.8506,0.57292,624,,,,,,,,
HIX/SAR,Asset Management,0.8733,0.57293,624,,,,,,,,
ETV/GAM,Asset Management,0.951,0.57294,624,,,,,,,,
IIF/JEQ,Asset Management,0.837,0.57296,624,,,,,,,,
ADX/BTA,Asset Management,0.868,0.57296,624,,,,,,,,
CHW/MMT,Asset Management,0.9762,0.57297,624,,,,,,,,
ASG/ETO,Asset Management,0.9532,0.57298,624,,,,,,,,
HTD/STEW,Asset Management,0.9529,0.57298,624,,,,,,,,
RQI/TWN,Asset Management,0.8834,0.57299,624,,,,,,,,
ADX/EVG,Asset Management,0.9744,0.573,624,,,,,,,,
JOF/PFL,Asset Management,0.928,0.57302,624,,,,,,,,
PFO/SPXX,Asset Management,0.8691,0.57302,624,,,,,,,,
CFFI/OZK,Banks - Regional,0.819,0.57303,624,,,,,,,,
ETJ/PMM,Asset Management,0.8815,0.57303,624,,,,,,,,
ALGN/RMD,Medical Instruments & Supplies,0.82,0.57304,624,,,,,,,,
CNOB/PEBO,Banks - Regional,0.9113,0.57307,624,,,,,,,,
BLW/SPE,Asset Management,0.9739,0.57308,624,,,,,,,,
JFR/MYI,Asset Management,0.8167,0.57311,624,,,,,,,,
JPC/NFJ,Asset Management,0.8977,0.57311,624,,,,,,,,
AME/RRX,Specialty Industrial Machinery,0.944,0.57312,624,,,,,,,,
FUND/PMM,Asset Management,0.8023,0.57314,624,,,,,,,,
ADP/SAP,Software - Application,0.889,0.57315,624,,,,,,,,
JMM/VVR,Asset Management,0.8482,0.57315,624,,,,,,,,
ETW/NIM,Asset Management,0.8968,0.57316,624,,,,,,,,
OCSL/RMT,Asset Management,0.8151,0.57318,624,,,,,,,,
LEO/PDT,Asset Management,0.8839,0.57318,624,,,,,,,,
LGI/VVR,Asset Management,0.9391,0.57319,624,,,,,,,,
GRX/GUT,Asset Management,0.8331,0.57323,624,,,,,,,,
AB/FLC,Asset Management,0.8596,0.57327,624,,,,,,,,
IIF/MCR,Asset Management,0.8236,0.57327,624,,,,,,,,
GDO/TY,Asset Management,0.9519,0.57328,624,,,,,,,,
DHI/SKY,Residential Construction,0.9315,0.57328,624,,,,,,,,
BTA/RVT,Asset Management,0.8958,0.5733,624,,,,,,,,
GDL/NCA,Asset Management,0.8646,0.57331,624,,,,,,,,
MAIN/PMO,Asset Management,0.8039,0.57331,624,,,,,,,,
AIZ/STC,Insurance - Property & Casualty,0.9456,0.57332,624,,,,,,,,
ALRS/THFF,Banks - Regional,0.8409,0.57336,624,,,,,,,,
PFL/SBI,Asset Management,0.8636,0.57336,624,,,,,,,,
BN/BYM,Asset Management,0.8236,0.57337,624,,,,,,,,
EOI/NXN,Asset Management,0.8338,0.57344,624,,,,,,,,
CHI/PFG,Asset Management,0.9069,0.57346,624,,,,,,,,
BKN/GCV,Asset Management,0.881,0.57346,624,,,,,,,,
NPV/RFI,Asset Management,0.8559,0.57347,624,,,,,,,,
ASG/NXJ,Asset Management,0.9208,0.57347,624,,,,,,,,
DSM/PPT,Asset Management,0.83,0.57349,624,,,,,,,,
FFIN/UMBF,Banks - Regional,0.8945,0.57349,624,,,,,,,,
ACNB/ZIONP,Banks - Regional,0.8593,0.57352,624,,,,,,,,
IIF/PFL,Asset Management,0.862,0.57352,624,,,,,,,,
EOS/PIM,Asset Management,0.9146,0.57354,624,,,,,,,,
BX/CGO,Asset Management,0.8736,0.57355,624,,,,,,,,
CXH/GRX,Asset Management,0.8904,0.57355,624,,,,,,,,
NEE/PNW,Utilities - Regulated Electric,0.8548,0.57356,624,,,,,,,,
PKW/USIG,Unknown,0.8504,0.57356,624,,,,,,,,
BDJ/NAD,Asset Management,0.8544,0.57356,624,,,,,,,,
PMO/SOR,Asset Management,0.8659,0.57358,624,,,,,,,,
EVF/PFG,Asset Management,0.9171,0.57359,624,,,,,,,,
PMM/SOR,Asset Management,0.8622,0.5736,624,,,,,,,,
EVF/MIN,Asset Management,0.8767,0.5736,624,,,,,,,,
MASI/PODD,Medical Devices,0.891,0.57361,624,,,,,,,,
ADBE/MANH,Software - Application,0.8733,0.57361,624,,,,,,,,
DTE/OGE,Utilities - Regulated Electric,0.9446,0.57363,624,,,,,,,,
PFM/QQEW,Unknown,0.9883,0.57363,624,,,,,,,,
NKX/WIW,Asset Management,0.8426,0.57364,624,,,,,,,,
TSBK/UMBF,Banks - Regional,0.879,0.57366,624,,,,,,,,
NFJ/PFO,Asset Management,0.857,0.57366,624,,,,,,,,
EXG/OCSL,Asset Management,0.8036,0.57367,624,,,,,,,,
JPC/SPE,Asset Management,0.9047,0.57369,624,,,,,,,,
BTA/JOF,Asset Management,0.8757,0.57369,624,,,,,,,,
IIF/RVT,Asset Management,0.9089,0.5737,624,,,,,,,,
ETG/JPC,Asset Management,0.9214,0.57371,624,,,,,,,,
CGO/MCI,Asset Management,0.8219,0.57372,624,,,,,,,,
MPA/MSD,Asset Management,0.875,0.57377,624,,,,,,,,
PFD/QQQX,Asset Management,0.8696,0.57378,624,,,,,,,,
FMAO/GBCI,Banks - Regional,0.8245,0.57379,624,,,,,,,,
AFB/ETJ,Asset Management,0.8124,0.5738,624,,,,,,,,
BDJ/NAN,Asset Management,0.8191,0.5738,624,,,,,,,,
FRME/OZK,Banks - Regional,0.8627,0.57383,624,,,,,,,,
LEO/TSI,Asset Management,0.8496,0.57384,624,,,,,,,,
GBCI/TFSL,Banks - Regional,0.9075,0.57385,624,,,,,,,,
BDJ/PMO,Asset Management,0.8752,0.57386,624,,,,,,,,
ACWX/PID,Unknown,0.9398,0.57386,624,,,,,,,,
PFN/PSEC,Asset Management,0.8339,0.57387,624,,,,,,,,
MSD/SPXX,Asset Management,0.8721,0.57388,624,,,,,,,,
EFT/MUJ,Asset Management,0.8025,0.57388,624,,,,,,,,
ASG/SAR,Asset Management,0.8993,0.57389,624,,,,,,,,
ETW/NUV,Asset Management,0.8938,0.57391,624,,,,,,,,
LMAT/RMD,Medical Instruments & Supplies,0.8861,0.57391,624,,,,,,,,
BGT/PDT,Asset Management,0.8492,0.57392,624,,,,,,,,
ARCC/EHI,Asset Management,0.8702,0.57393,624,,,,,,,,
FSFG/UBFO,Banks - Regional,0.9178,0.57395,624,,,,,,,,
RF/UBSI,Banks - Regional,0.8857,0.57395,624,,,,,,,,
GDO/GF,Asset Management,0.9039,0.57397,624,,,,,,,,
AX/CBAN,Banks - Regional,0.8584,0.57398,624,,,,,,,,
TFSL/TRMK,Banks - Regional,0.8266,0.57399,624,,,,,,,,
BLW/STEW,Asset Management,0.974,0.57399,624,,,,,,,,
AMP/ETV,Asset Management,0.8962,0.574,624,,,,,,,,
INTU/MNDO,Software - Application,0.9061,0.57401,624,,,,,,,,
MAIN/RMT,Asset Management,0.9378,0.57403,624,,,,,,,,
MHF/NTRS,Asset Management,0.8889,0.57403,624,,,,,,,,
FRA/PPT,Asset Management,0.8398,0.57403,624,,,,,,,,
GDL/NAZ,Asset Management,0.8083,0.57404,624,,,,,,,,
FFC/SOR,Asset Management,0.8793,0.57407,624,,,,,,,,
FOF/NIM,Asset Management,0.8828,0.57407,624,,,,,,,,
GJH/PID,Unknown,0.8825,0.57408,624,,,,,,,,
JCE/NVG,Asset Management,0.8329,0.5741,624,,,,,,,,
IJT/PFM,Unknown,0.974,0.57411,624,,,,,,,,
HDB/WAFD,Banks - Regional,0.9041,0.57412,624,,,,,,,,
CHI/IGD,Asset Management,0.9206,0.57412,624,,,,,,,,
ETG/MIY,Asset Management,0.8554,0.57414,624,,,,,,,,
FOF/MFM,Asset Management,0.8282,0.57414,624,,,,,,,,
ACWI/USIG,Unknown,0.8727,0.57415,624,,,,,,,,
EWBC/IBN,Banks - Regional,0.8651,0.57422,624,,,,,,,,
DUK/FE,Utilities - Regulated Electric,0.8771,0.57424,624,,,,,,,,
BHLB/TCBI,Banks - Regional,0.8769,0.57424,624,,,,,,,,
AOD/HPI,Asset Management,0.8897,0.57425,624,,,,,,,,
FAD/PIE,Unknown,0.8506,0.57425,624,,,,,,,,
ETJ/JPC,Asset Management,0.9026,0.57426,624,,,,,,,,
NQP/TROW,Asset Management,0.8949,0.57426,624,,,,,,,,
EWBC/OBT,Banks - Regional,0.9021,0.57427,624,,,,,,,,
PFG/STK,Asset Management,0.9253,0.57428,624,,,,,,,,
BKT/RQI,Asset Management,0.8023,0.57429,624,,,,,,,,
KEY/SYBT,Banks - Regional,0.859,0.5743,624,,,,,,,,
BCML/BOKF,Banks - Regional,0.9008,0.57432,624,,,,,,,,
IIM/PCF,Asset Management,0.8623,0.57432,624,,,,,,,,
AFB/HYT,Asset Management,0.8526,0.57432,624,,,,,,,,
FOF/IIM,Asset Management,0.8443,0.57432,624,,,,,,,,
NZF/PPT,Asset Management,0.9244,0.57433,624,,,,,,,,
JEQ/MCN,Asset Management,0.8389,0.57433,624,,,,,,,,
HIG/RLI,Insurance - Property & Casualty,0.9444,0.57433,624,,,,,,,,
DSM/PCN,Asset Management,0.8471,0.57434,624,,,,,,,,
EVF/NZF,Asset Management,0.8137,0.57435,624,,,,,,,,
BTA/MCN,Asset Management,0.819,0.57437,624,,,,,,,,
GOF/HPS,Asset Management,0.9675,0.5744,624,,,,,,,,
ADX/DHF,Asset Management,0.9427,0.5744,624,,,,,,,,
BFC/CASH,Banks - Regional,0.9305,0.57441,624,,,,,,,,
NFJ/VPV,Asset Management,0.8394,0.57442,624,,,,,,,,
MRVL/ON,Semiconductors,0.8486,0.57444,624,,,,,,,,
EVR/SF,Capital Markets,0.9665,0.57445,624,,,,,,,,
FAD/USIG,Unknown,0.8905,0.57446,624,,,,,,,,
DLR/SELF,REIT - Specialty,0.9022,0.57449,624,,,,,,,,
BLK/HPS,Asset Management,0.9348,0.57451,624,,,,,,,,
CII/RMT,Asset Management,0.98,0.57456,624,,,,,,,,
BTZ/EXG,Asset Management,0.9448,0.57458,624,,,,,,,,
ETG/FUND,Asset Management,0.9694,0.57458,624,,,,,,,,
PIZ/VCIT,Unknown,0.897,0.57458,624,,,,,,,,
CXH/QQQX,Asset Management,0.8559,0.57459,624,,,,,,,,
FIX/PRIM,Engineering & Construction,0.909,0.5746,624,,,,,,,,
FUND/NXJ,Asset Management,0.8284,0.5746,624,,,,,,,,
CSWC/EOD,Asset Management,0.9587,0.57461,624,,,,,,,,
BDJ/IQI,Asset Management,0.8231,0.57462,624,,,,,,,,
HBCP/NECB,Banks - Regional,0.811,0.57463,624,,,,,,,,
WAL/ZIONP,Banks - Regional,0.8832,0.57468,624,,,,,,,,
IUSG/PHO,Unknown,0.9889,0.57468,624,,,,,,,,
DSU/NRK,Asset Management,0.8093,0.57468,624,,,,,,,,
JLS/RMT,Asset Management,0.8753,0.57469,624,,,,,,,,
NAC/PDT,Asset Management,0.8985,0.57469,624,,,,,,,,
BHK/JLS,Asset Management,0.8903,0.5747,624,,,,,,,,
EWBC/SYBT,Banks - Regional,0.9411,0.57471,624,,,,,,,,
FNWD/TFSL,Banks - Regional,0.8368,0.57472,624,,,,,,,,
JLS/MHD,Asset Management,0.8575,0.57475,624,,,,,,,,
FCFS/SLM,Credit Services,0.8347,0.57475,624,,,,,,,,
ACNB/TRST,Banks - Regional,0.8549,0.57477,624,,,,,,,,
FOF/NUV,Asset Management,0.8667,0.57477,624,,,,,,,,
AMP/BRW,Asset Management,0.913,0.5748,624,,,,,,,,
MHD/NTRS,Asset Management,0.8335,0.57482,624,,,,,,,,
NVMI/UCTT,Semiconductor Equipment & Materials,0.8047,0.57483,624,,,,,,,,
AFB/PIM,Asset Management,0.8514,0.57483,624,,,,,,,,
MGF/PFN,Asset Management,0.8521,0.57484,624,,,,,,,,
EMD/FCT,Asset Management,0.8588,0.57485,624,,,,,,,,
ASG/CII,Asset Management,0.9244,0.57485,624,,,,,,,,
ONEQ/PFF,Unknown,0.9051,0.57486,624,,,,,,,,
AFB/CGO,Asset Management,0.8566,0.57486,624,,,,,,,,
NTRS/STT,Asset Management,0.9044,0.57487,624,,,,,,,,
IUSV/PRN,Unknown,0.9825,0.57488,624,,,,,,,,
COO/HOLX,Medical Instruments & Supplies,0.9489,0.57488,624,,,,,,,,
CBU/TRMK,Banks - Regional,0.9189,0.5749,624,,,,,,,,
BND/QTEC,Unknown,0.8179,0.5749,624,,,,,,,,
CII/HQL,Asset Management,0.8487,0.57491,624,,,,,,,,
JLS/NQP,Asset Management,0.8897,0.57491,624,,,,,,,,
CXE/NTRS,Asset Management,0.856,0.57491,624,,,,,,,,
FLC/PCF,Asset Management,0.9273,0.57494,624,,,,,,,,
JHS/NFJ,Asset Management,0.8431,0.57495,624,,,,,,,,
EVF/NQP,Asset Management,0.8261,0.57496,624,,,,,,,,
FOF/NRK,Asset Management,0.8607,0.57497,624,,,,,,,,
ARCC/AWP,Asset Management,0.8376,0.57498,624,,,,,,,,
FT/GCV,Asset Management,0.9152,0.57498,624,,,,,,,,
EBMT/FDBC,Banks - Regional,0.8402,0.575,624,,,,,,,,
IGSB/PEZ,Unknown,0.9427,0.575,624,,,,,,,,
AWP/GDO,Asset Management,0.9458,0.575,624,,,,,,,,
CSWC/MAIN,Asset Management,0.9595,0.57501,624,,,,,,,,
ADX/DHIL,Asset Management,0.8012,0.57503,624,,,,,,,,
CHY/SOR,Asset Management,0.9566,0.57503,624,,,,,,,,
AWP/DHF,Asset Management,0.9386,0.57504,624,,,,,,,,
ETJ/NKX,Asset Management,0.8471,0.57504,624,,,,,,,,
MAIN/NQP,Asset Management,0.8175,0.57506,624,,,,,,,,
DNP/OIA,Asset Management,0.9219,0.57507,624,,,,,,,,
CNOB/WAFD,Banks - Regional,0.9186,0.57508,624,,,,,,,,
FRA/JHI,Asset Management,0.8735,0.57508,624,,,,,,,,
ETW/MIY,Asset Management,0.8908,0.5751,624,,,,,,,,
TFSL/WAFD,Banks - Regional,0.8789,0.5751,624,,,,,,,,
BFIN/HAFC,Banks - Regional,0.8458,0.5751,624,,,,,,,,
IEI/SCZ,Unknown,0.8437,0.5751,624,,,,,,,,
FRME/TFSL,Banks - Regional,0.8751,0.57511,624,,,,,,,,
SHBI/STBA,Banks - Regional,0.8176,0.57511,624,,,,,,,,
HYT/MFIC,Asset Management,0.8245,0.57511,624,,,,,,,,
BFC/OPBK,Banks - Regional,0.8815,0.57513,624,,,,,,,,
CSQ/MHF,Asset Management,0.8971,0.57513,624,,,,,,,,
ETJ/NAN,Asset Management,0.8383,0.57514,624,,,,,,,,
NPV/TROW,Asset Management,0.8805,0.57514,624,,,,,,,,
EFR/NXJ,Asset Management,0.857,0.57514,624,,,,,,,,
AVK/IGR,Asset Management,0.8563,0.57516,624,,,,,,,,
JCE/VBF,Asset Management,0.8811,0.57516,624,,,,,,,,
BLW/MFIC,Asset Management,0.8412,0.57518,624,,,,,,,,
ETW/MPV,Asset Management,0.8925,0.57518,624,,,,,,,,
ASG/SOR,Asset Management,0.9086,0.5752,624,,,,,,,,
EVT/MYN,Asset Management,0.8049,0.57521,624,,,,,,,,
ETV/VVR,Asset Management,0.9164,0.57522,624,,,,,,,,
RVT/VCV,Asset Management,0.8244,0.57522,624,,,,,,,,
BDJ/MYI,Asset Management,0.8289,0.57523,624,,,,,,,,
EFR/MIN,Asset Management,0.8691,0.57524,624,,,,,,,,
NRK/PCQ,Asset Management,0.8339,0.57524,624,,,,,,,,
BFC/PB,Banks - Regional,0.8838,0.57524,624,,,,,,,,
EOS/NXC,Asset Management,0.8325,0.57525,624,,,,,,,,
NIE/NXP,Asset Management,0.9294,0.57525,624,,,,,,,,
CNP/EIX,Utilities - Regulated Electric,0.8723,0.57525,624,,,,,,,,
CHY/MIY,Asset Management,0.8611,0.57526,624,,,,,,,,
IIM/USA,Asset Management,0.8208,0.57526,624,,,,,,,,
IIF/JRS,Asset Management,0.8471,0.57527,624,,,,,,,,
SPE/VLT,Asset Management,0.9585,0.57527,624,,,,,,,,
HPI/PIM,Asset Management,0.9407,0.57528,624,,,,,,,,
FRME/HDB,Banks - Regional,0.911,0.57531,624,,,,,,,,
CHY/SAR,Asset Management,0.9451,0.57532,624,,,,,,,,
GF/MUJ,Asset Management,0.8471,0.57532,624,,,,,,,,
EVN/RNP,Asset Management,0.8839,0.57533,624,,,,,,,,
HBNC/ZIONP,Banks - Regional,0.8822,0.57533,624,,,,,,,,
MMT/SAR,Asset Management,0.9221,0.57533,624,,,,,,,,
AB/NMZ,Asset Management,0.8375,0.57534,624,,,,,,,,
CHI/EOD,Asset Management,0.9533,0.57534,624,,,,,,,,
BDJ/MIY,Asset Management,0.8514,0.57535,624,,,,,,,,
IGSB/VCIT,Unknown,0.9566,0.57536,624,,,,,,,,
QQQX/VCV,Asset Management,0.8567,0.57536,624,,,,,,,,
BGC/LAZ,Capital Markets,0.8599,0.57539,624,,,,,,,,
IGSB/PRFZ,Unknown,0.9325,0.57539,624,,,,,,,,
MPA/NTRS,Asset Management,0.8782,0.5754,624,,,,,,,,
BGY/ETB,Asset Management,0.9129,0.57541,624,,,,,,,,
IGIB/IUSG,Unknown,0.8959,0.57541,624,,,,,,,,
RMT/SCD,Asset Management,0.94,0.57544,624,,,,,,,,
ONEQ/PHO,Unknown,0.9884,0.57544,624,,,,,,,,
EEA/ETY,Asset Management,0.9442,0.57544,624,,,,,,,,
EFT/VBF,Asset Management,0.8536,0.57546,624,,,,,,,,
IGSB/SMH,Unknown,0.9013,0.57549,624,,,,,,,,
GDO/GLAD,Asset Management,0.8051,0.57551,624,,,,,,,,
HBNC/PWOD,Banks - Regional,0.8124,0.57552,624,,,,,,,,
NAN/PCQ,Asset Management,0.8343,0.57552,624,,,,,,,,
BOKF/UBSI,Banks - Regional,0.9041,0.57553,624,,,,,,,,
JHS/UTF,Asset Management,0.8899,0.57554,624,,,,,,,,
BLX/NECB,Banks - Regional,0.8071,0.57556,624,,,,,,,,
FMY/JRS,Asset Management,0.8755,0.57556,624,,,,,,,,
IP/PKG,Packaging & Containers,0.8575,0.57558,624,,,,,,,,
PNQI/USIG,Unknown,0.9443,0.57559,624,,,,,,,,
EWBC/RBCAA,Banks - Regional,0.9431,0.5756,624,,,,,,,,
JLS/NAN,Asset Management,0.898,0.57561,624,,,,,,,,
IIF/PTY,Asset Management,0.8661,0.57561,624,,,,,,,,
GDL/NEA,Asset Management,0.8532,0.57563,624,,,,,,,,
BDJ/USA,Asset Management,0.9837,0.57563,624,,,,,,,,
HPI/PCM,Asset Management,0.9404,0.57564,624,,,,,,,,
ABCB/TRMK,Banks - Regional,0.9442,0.57564,624,,,,,,,,
BTZ/CHN,Asset Management,0.8249,0.57566,624,,,,,,,,
BCBP/FRAF,Banks - Regional,0.8264,0.57568,624,,,,,,,,
PDP/USIG,Unknown,0.915,0.57568,624,,,,,,,,
CII/FMY,Asset Management,0.9073,0.57569,624,,,,,,,,
CSQ/DNP,Asset Management,0.9124,0.57569,624,,,,,,,,
CSQ/SOR,Asset Management,0.9786,0.5757,624,,,,,,,,
ACNB/SBFG,Banks - Regional,0.9162,0.57571,624,,,,,,,,
IUSG/JSM,Unknown,0.9085,0.57572,624,,,,,,,,
DHIL/MYI,Asset Management,0.8158,0.57573,624,,,,,,,,
FFA/JEQ,Asset Management,0.8934,0.57574,624,,,,,,,,
SYBT/UBSI,Banks - Regional,0.8933,0.57574,624,,,,,,,,
GDV/NAN,Asset Management,0.8539,0.57575,624,,,,,,,,
NNY/SPXX,Asset Management,0.8326,0.57575,624,,,,,,,,
BLK/IQI,Asset Management,0.8251,0.57575,624,,,,,,,,
EWBC/TOWN,Banks - Regional,0.9423,0.57576,624,,,,,,,,
JOF/VKQ,Asset Management,0.8469,0.57576,624,,,,,,,,
GAM/MSD,Asset Management,0.8812,0.57577,624,,,,,,,,
MNSB/WSBF,Banks - Regional,0.9153,0.5758,624,,,,,,,,
DTF/EHI,Asset Management,0.82,0.57581,624,,,,,,,,
CRUS/UMC,Semiconductors,0.8397,0.57581,624,,,,,,,,
BHK/FT,Asset Management,0.905,0.57584,624,,,,,,,,
PNNT/QQQX,Asset Management,0.8323,0.57584,624,,,,,,,,
BLK/VKQ,Asset Management,0.8196,0.57586,624,,,,,,,,
IEUS/PRFZ,Unknown,0.9499,0.57587,624,,,,,,,,
FFA/MCN,Asset Management,0.9719,0.57588,624,,,,,,,,
LGI/MUJ,Asset Management,0.856,0.57591,624,,,,,,,,
AUDC/ZBRA,Communication Equipment,0.8524,0.57591,624,,,,,,,,
BFK/PFN,Asset Management,0.8383,0.57592,624,,,,,,,,
MMU/PCM,Asset Management,0.8327,0.57592,624,,,,,,,,
KR/WMK,Grocery Stores,0.8951,0.57592,624,,,,,,,,
CSWC/NFJ,Asset Management,0.9561,0.57594,624,,,,,,,,
ETY/WEA,Asset Management,0.8923,0.57595,624,,,,,,,,
EFT/HQL,Asset Management,0.8215,0.57595,624,,,,,,,,
MYI/RQI,Asset Management,0.8977,0.57596,624,,,,,,,,
CII/MCR,Asset Management,0.9303,0.57597,624,,,,,,,,
HQL/PDT,Asset Management,0.8872,0.57598,624,,,,,,,,
FCBC/HDB,Banks - Regional,0.8782,0.57601,624,,,,,,,,
FRME/WABC,Banks - Regional,0.8965,0.57601,624,,,,,,,,
NKE/SHOO,Footwear & Accessories,0.8221,0.57602,624,,,,,,,,
CHY/HIX,Asset Management,0.9384,0.57602,624,,,,,,,,
BAC/C,Banks - Diversified,0.8721,0.57605,624,,,,,,,,
JFR/JOF,Asset Management,0.845,0.57605,624,,,,,,,,
CZFS/UBSI,Banks - Regional,0.8589,0.57605,624,,,,,,,,
CHN/HIX,Asset Management,0.8348,0.57607,624,,,,,,,,
BTZ/SPXX,Asset Management,0.9286,0.57609,624,,,,,,,,
BX/GOF,Asset Management,0.9069,0.5761,624,,,,,,,,
BHK/GF,Asset Management,0.8951,0.57611,624,,,,,,,,
MTB/OZK,Banks - Regional,0.856,0.57613,624,,,,,,,,
OSBC/WABC,Banks - Regional,0.8593,0.57613,624,,,,,,,,
HPI/NFJ,Asset Management,0.8988,0.57616,624,,,,,,,,
MGF/QQQX,Asset Management,0.8106,0.57618,624,,,,,,,,
CXE/PCM,Asset Management,0.8454,0.57618,624,,,,,,,,
MGF/PPT,Asset Management,0.8428,0.5762,624,,,,,,,,
SAR/VBF,Asset Management,0.8664,0.57622,624,,,,,,,,
BXMX/MQY,Asset Management,0.8158,0.57622,624,,,,,,,,
GDV/PMM,Asset Management,0.886,0.57622,624,,,,,,,,
HIFS/WABC,Banks - Regional,0.8578,0.57623,624,,,,,,,,
RS/TX,Steel,0.8359,0.57625,624,,,,,,,,
FRA/HTD,Asset Management,0.9027,0.57626,624,,,,,,,,
OGE/PEG,Utilities - Regulated Electric,0.929,0.57628,624,,,,,,,,
EFSC/GBCI,Banks - Regional,0.9309,0.57629,624,,,,,,,,
JCE/JRS,Asset Management,0.9206,0.57629,624,,,,,,,,
AWK/PCYO,Utilities - Regulated Water,0.9044,0.57629,624,,,,,,,,
AB/NZF,Asset Management,0.8363,0.57632,624,,,,,,,,
JQC/NKX,Asset Management,0.849,0.57636,624,,,,,,,,
GDV/NXC,Asset Management,0.8698,0.57638,624,,,,,,,,
BX/GDV,Asset Management,0.9113,0.57639,624,,,,,,,,
MMT/RVT,Asset Management,0.9602,0.5764,624,,,,,,,,
AX/WAFD,Banks - Regional,0.8757,0.5764,624,,,,,,,,
DSU/HPS,Asset Management,0.9419,0.57641,624,,,,,,,,
GDV/JPC,Asset Management,0.9467,0.57643,624,,,,,,,,
PPBI/WSBC,Banks - Regional,0.9206,0.57643,624,,,,,,,,
HPF/JQC,Asset Management,0.9486,0.57644,624,,,,,,,,
MPA/USA,Asset Management,0.8436,0.57646,624,,,,,,,,
ADX/RCS,Asset Management,0.8207,0.57646,624,,,,,,,,
SWKH/VRTS,Asset Management,0.8036,0.57648,624,,,,,,,,
GDV/MFM,Asset Management,0.8363,0.57648,624,,,,,,,,
ETG/VMO,Asset Management,0.8015,0.57649,624,,,,,,,,
CIF/CII,Asset Management,0.8524,0.57652,624,,,,,,,,
PDT/PFN,Asset Management,0.967,0.57653,624,,,,,,,,
CHW/NNY,Asset Management,0.8809,0.57655,624,,,,,,,,
MCR/NFJ,Asset Management,0.9292,0.57655,624,,,,,,,,
GF/PML,Asset Management,0.8585,0.57655,624,,,,,,,,
GF/MIY,Asset Management,0.8482,0.57659,624,,,,,,,,
GF/PPT,Asset Management,0.8418,0.57662,624,,,,,,,,
NFJ/SPXX,Asset Management,0.9601,0.57663,624,,,,,,,,
SPXX/VPV,Asset Management,0.8375,0.57664,624,,,,,,,,
EBMT/FRAF,Banks - Regional,0.865,0.57665,624,,,,,,,,
CBU/HBAN,Banks - Regional,0.9222,0.57668,624,,,,,,,,
EMD/PCM,Asset Management,0.819,0.57668,624,,,,,,,,
EVF/NAD,Asset Management,0.8006,0.57669,624,,,,,,,,
FNX/PEY,Unknown,0.9779,0.57669,624,,,,,,,,
CNOB/ONB,Banks - Regional,0.877,0.5767,624,,,,,,,,
FAB/PIE,Unknown,0.8105,0.5767,624,,,,,,,,
BX/RMT,Asset Management,0.9249,0.57678,624,,,,,,,,
ASG/GDL,Asset Management,0.881,0.5768,624,,,,,,,,
FT/IGA,Asset Management,0.9666,0.5768,624,,,,,,,,
IUSG/PSL,Unknown,0.9677,0.57681,624,,,,,,,,
FLC/MAIN,Asset Management,0.8299,0.57682,624,,,,,,,,
OZK/UBSI,Banks - Regional,0.9188,0.57683,624,,,,,,,,
EQIX/IRM,REIT - Specialty,0.8179,0.57683,624,,,,,,,,
DNP/NMI,Asset Management,0.8336,0.57683,624,,,,,,,,
BDJ/MPA,Asset Management,0.8406,0.57684,624,,,,,,,,
ACNB/OSBC,Banks - Regional,0.9462,0.57684,624,,,,,,,,
MSD/NIE,Asset Management,0.8739,0.57684,624,,,,,,,,
DNP/STEW,Asset Management,0.9321,0.57685,624,,,,,,,,
ETG/IQI,Asset Management,0.8328,0.57685,624,,,,,,,,
GCV/GLAD,Asset Management,0.8193,0.57685,624,,,,,,,,
MCI/VLT,Asset Management,0.8948,0.57688,624,,,,,,,,
CHI/EVN,Asset Management,0.8142,0.57688,624,,,,,,,,
ETW/HPF,Asset Management,0.9569,0.57689,624,,,,,,,,
CIF/PDT,Asset Management,0.9414,0.5769,624,,,,,,,,
CHY/VBF,Asset Management,0.9113,0.57691,624,,,,,,,,
EOT/PHK,Asset Management,0.8079,0.57692,624,,,,,,,,
CIF/GUT,Asset Management,0.8283,0.57693,624,,,,,,,,
HOPE/TRST,Banks - Regional,0.8186,0.57693,624,,,,,,,,
QCRH/TCBK,Banks - Regional,0.9337,0.57694,624,,,,,,,,
BKN/NTRS,Asset Management,0.8585,0.57696,624,,,,,,,,
BJK/FNX,Unknown,0.8017,0.57696,624,,,,,,,,
CMA/THFF,Banks - Regional,0.8971,0.57699,624,,,,,,,,
AB/HYT,Asset Management,0.9411,0.57699,624,,,,,,,,
ASG/BHK,Asset Management,0.9411,0.57699,624,,,,,,,,
CSWC/SPE,Asset Management,0.965,0.577,624,,,,,,,,
PSL/SCZ,Unknown,0.9577,0.57704,624,,,,,,,,
ASG/MMT,Asset Management,0.9666,0.57704,624,,,,,,,,
MNSB/WABC,Banks - Regional,0.8763,0.57705,624,,,,,,,,
IBCP/SYBT,Banks - Regional,0.9087,0.57705,624,,,,,,,,
PEZ/PKW,Unknown,0.9699,0.57706,624,,,,,,,,
BND/FAD,Unknown,0.8341,0.57706,624,,,,,,,,
GDV/MPA,Asset Management,0.8697,0.57706,624,,,,,,,,
GJH/PIZ,Unknown,0.9392,0.57708,624,,,,,,,,
ASG/NXP,Asset Management,0.9398,0.57711,624,,,,,,,,
EEA/ETV,Asset Management,0.9396,0.57711,624,,,,,,,,
FMN/PCN,Asset Management,0.8584,0.57711,624,,,,,,,,
NXJ/TROW,Asset Management,0.903,0.57713,624,,,,,,,,
CSQ/VVR,Asset Management,0.9536,0.57713,624,,,,,,,,
BHK/EVG,Asset Management,0.8773,0.57714,624,,,,,,,,
FI/FORTY,Information Technology Services,0.8668,0.57714,624,,,,,,,,
EOS/SPXX,Asset Management,0.9741,0.57715,624,,,,,,,,
GRID/PSL,Unknown,0.9274,0.57715,624,,,,,,,,
AGD/HTD,Asset Management,0.9032,0.57716,624,,,,,,,,
APH/CTS,Electronic Components,0.9276,0.57718,624,,,,,,,,
HIO/HPI,Asset Management,0.9472,0.57719,624,,,,,,,,
IEUS/ONEQ,Unknown,0.9098,0.57721,624,,,,,,,,
DNP/PFL,Asset Management,0.9412,0.57722,624,,,,,,,,
HIFS/ISBA,Banks - Regional,0.836,0.57722,624,,,,,,,,
ETJ/NRK,Asset Management,0.8541,0.57724,624,,,,,,,,
CHW/CII,Asset Management,0.9246,0.57725,624,,,,,,,,
HTGC/PEO,Asset Management,0.804,0.57725,624,,,,,,,,
ISBA/PWOD,Banks - Regional,0.8535,0.57726,624,,,,,,,,
EXG/MQY,Asset Management,0.8212,0.57726,624,,,,,,,,
BND/QQEW,Unknown,0.8364,0.57728,624,,,,,,,,
FOF/JHS,Asset Management,0.8613,0.57729,624,,,,,,,,
MYI/QQQX,Asset Management,0.8731,0.5773,624,,,,,,,,
NXP/RNP,Asset Management,0.9471,0.57732,624,,,,,,,,
BYM/PFN,Asset Management,0.8998,0.57732,624,,,,,,,,
MPB/WABC,Banks - Regional,0.8765,0.57733,624,,,,,,,,
GF/NXJ,Asset Management,0.8361,0.57735,624,,,,,,,,
PMM/RCS,Asset Management,0.8075,0.57736,624,,,,,,,,
MCR/USA,Asset Management,0.9461,0.57736,624,,,,,,,,
CHW/LEO,Asset Management,0.8463,0.57737,624,,,,,,,,
EVT/NAC,Asset Management,0.8072,0.57737,624,,,,,,,,
CIVB/PROV,Banks - Regional,0.8261,0.57737,624,,,,,,,,
FMBH/STBA,Banks - Regional,0.8744,0.57738,624,,,,,,,,
ETW/MUC,Asset Management,0.8198,0.57738,624,,,,,,,,
BTA/JCE,Asset Management,0.8661,0.57738,624,,,,,,,,
ETJ/NMZ,Asset Management,0.8817,0.57739,624,,,,,,,,
EVT/MUE,Asset Management,0.8166,0.57741,624,,,,,,,,
IBKR/MS,Capital Markets,0.9223,0.57744,624,,,,,,,,
IGIB/QQEW,Unknown,0.9192,0.57746,624,,,,,,,,
NIE/PNNT,Asset Management,0.8773,0.57746,624,,,,,,,,
CSWC/FCT,Asset Management,0.9503,0.57748,624,,,,,,,,
NIM/RMT,Asset Management,0.8621,0.57749,624,,,,,,,,
FMAO/FULT,Banks - Regional,0.8293,0.57749,624,,,,,,,,
PRN/VCIT,Unknown,0.8399,0.5775,624,,,,,,,,
BLK/MSD,Asset Management,0.8711,0.5775,624,,,,,,,,
IIF/PHD,Asset Management,0.9198,0.5775,624,,,,,,,,
MTZ/TTEK,Engineering & Construction,0.9243,0.57752,624,,,,,,,,
INTU/PAR,Software - Application,0.9025,0.57753,624,,,,,,,,
AB/PMM,Asset Management,0.8444,0.57755,624,,,,,,,,
CSQ/ETW,Asset Management,0.9493,0.57756,624,,,,,,,,
ETY/HPS,Asset Management,0.945,0.57758,624,,,,,,,,
QQQX/VPV,Asset Management,0.8729,0.57759,624,,,,,,,,
GAM/HQL,Asset Management,0.8466,0.57767,624,,,,,,,,
CCEP/MNST,Beverages - Non-Alcoholic,0.9299,0.57767,624,,,,,,,,
BKN/VLT,Asset Management,0.8563,0.57769,624,,,,,,,,
HIO/STEW,Asset Management,0.9452,0.5777,624,,,,,,,,
MCR/NTRS,Asset Management,0.9152,0.57771,624,,,,,,,,
MHF/SEIC,Asset Management,0.8817,0.57772,624,,,,,,,,
IFN/MHF,Asset Management,0.8363,0.57773,624,,,,,,,,
GCV/PTY,Asset Management,0.9101,0.57774,624,,,,,,,,
ADX/MCR,Asset Management,0.9378,0.57774,624,,,,,,,,
ETJ/SWKH,Asset Management,0.8385,0.57774,624,,,,,,,,
PMO/PPT,Asset Management,0.9038,0.57775,624,,,,,,,,
CRM/MNDO,Software - Application,0.9097,0.57778,624,,,,,,,,
GJH/IGF,Unknown,0.9531,0.5778,624,,,,,,,,
JRS/NFJ,Asset Management,0.9225,0.57783,624,,,,,,,,
JPC/SEIC,Asset Management,0.9387,0.57783,624,,,,,,,,
MFM/RCS,Asset Management,0.8518,0.57784,624,,,,,,,,
BGY/FT,Asset Management,0.9376,0.57785,624,,,,,,,,
AME/JBTM,Specialty Industrial Machinery,0.8141,0.57786,624,,,,,,,,
IEI/IEUS,Unknown,0.831,0.57788,624,,,,,,,,
BX/STEW,Asset Management,0.9449,0.57789,624,,,,,,,,
BPOP/PNC,Banks - Regional,0.94,0.5779,624,,,,,,,,
AB/FMY,Asset Management,0.8523,0.5779,624,,,,,,,,
CNOB/FRME,Banks - Regional,0.9395,0.57791,624,,,,,,,,
ARCC/GDO,Asset Management,0.8286,0.57791,624,,,,,,,,
BFZ/CHW,Asset Management,0.827,0.57791,624,,,,,,,,
GDV/NCA,Asset Management,0.8493,0.57792,624,,,,,,,,
FOF/JRS,Asset Management,0.9373,0.57792,624,,,,,,,,
ETG/PMM,Asset Management,0.8731,0.57794,624,,,,,,,,
AMAT/AMKR,Semiconductor Equipment & Materials,0.9644,0.57795,624,,,,,,,,
PCN/PFG,Asset Management,0.8651,0.57795,624,,,,,,,,
CNOB/CTBI,Banks - Regional,0.8862,0.57795,624,,,,,,,,
FLC/GOF,Asset Management,0.9148,0.57798,624,,,,,,,,
BLK/JFR,Asset Management,0.9352,0.57799,624,,,,,,,,
MYI/PIM,Asset Management,0.8625,0.57799,624,,,,,,,,
ETW/VVR,Asset Management,0.899,0.57802,624,,,,,,,,
IGIB/QQQ,Unknown,0.8801,0.57803,624,,,,,,,,
FT/TY,Asset Management,0.9792,0.57804,624,,,,,,,,
CHN/VKQ,Asset Management,0.8268,0.57805,624,,,,,,,,
ADX/DSU,Asset Management,0.9806,0.57808,624,,,,,,,,
BLK/GAB,Asset Management,0.9571,0.57808,624,,,,,,,,
MQY/RNP,Asset Management,0.87,0.5781,624,,,,,,,,
ETJ/NNY,Asset Management,0.8318,0.5781,624,,,,,,,,
NECB/TOWN,Banks - Regional,0.8033,0.5781,624,,,,,,,,
NXP/STK,Asset Management,0.8938,0.57811,624,,,,,,,,
AWF/AWP,Asset Management,0.9162,0.57811,624,,,,,,,,
IEUS/QQXT,Unknown,0.9376,0.57813,624,,,,,,,,
ARCC/CHW,Asset Management,0.8786,0.57813,624,,,,,,,,
JEQ/LEO,Asset Management,0.8559,0.57814,624,,,,,,,,
JLS/NXC,Asset Management,0.8817,0.57816,624,,,,,,,,
GSBC/TRST,Banks - Regional,0.9061,0.57818,624,,,,,,,,
EOI/IGD,Asset Management,0.9591,0.5782,624,,,,,,,,
BFC/OFG,Banks - Regional,0.8734,0.57822,624,,,,,,,,
EOG/HES,Oil & Gas E&P,0.8511,0.57823,624,,,,,,,,
ARCC/MSD,Asset Management,0.8322,0.57823,624,,,,,,,,
HYT/JCE,Asset Management,0.9746,0.57824,624,,,,,,,,
FRME/PWOD,Banks - Regional,0.8325,0.57825,624,,,,,,,,
PDT/PTY,Asset Management,0.9416,0.57826,624,,,,,,,,
ETO/GUT,Asset Management,0.809,0.57829,624,,,,,,,,
EHI/USA,Asset Management,0.9277,0.5783,624,,,,,,,,
RVSB/WABC,Banks - Regional,0.8589,0.5783,624,,,,,,,,
BTZ/LEO,Asset Management,0.8956,0.57832,624,,,,,,,,
LGI/NXJ,Asset Management,0.8984,0.57836,624,,,,,,,,
LGI/VCV,Asset Management,0.8112,0.57837,624,,,,,,,,
GRID/PIE,Unknown,0.8221,0.57837,624,,,,,,,,
BGY/MCN,Asset Management,0.9446,0.57838,624,,,,,,,,
BLK/NVG,Asset Management,0.8559,0.57841,624,,,,,,,,
JCE/WIW,Asset Management,0.8662,0.57842,624,,,,,,,,
JPC/MCI,Asset Management,0.8463,0.57843,624,,,,,,,,
HPI/PFG,Asset Management,0.8482,0.57844,624,,,,,,,,
JOF/PCM,Asset Management,0.8957,0.57844,624,,,,,,,,
ONEQ/QQQ,Unknown,0.9984,0.57845,624,,,,,,,,
BFC/UMBF,Banks - Regional,0.8694,0.57845,624,,,,,,,,
HPF/RVT,Asset Management,0.9372,0.57846,624,,,,,,,,
AB/JQC,Asset Management,0.8804,0.57846,624,,,,,,,,
EOI/FLC,Asset Management,0.8544,0.57846,624,,,,,,,,
ASG/NCA,Asset Management,0.8378,0.57847,624,,,,,,,,
HYT/VTN,Asset Management,0.8174,0.57848,624,,,,,,,,
NIE/PFO,Asset Management,0.8588,0.57849,624,,,,,,,,
AWP/NXP,Asset Management,0.8909,0.57851,624,,,,,,,,
CFR/WABC,Banks - Regional,0.8224,0.57851,624,,,,,,,,
GAIN/JQC,Asset Management,0.9243,0.57852,624,,,,,,,,
ONEQ/PRN,Unknown,0.9871,0.57854,624,,,,,,,,
RTX/TDG,Aerospace & Defense,0.9196,0.57856,624,,,,,,,,
FFA/VRTS,Asset Management,0.8223,0.57857,624,,,,,,,,
EFR/MPA,Asset Management,0.8052,0.57857,624,,,,,,,,
ETY/IGI,Asset Management,0.8001,0.57858,624,,,,,,,,
JLS/NMZ,Asset Management,0.9103,0.57859,624,,,,,,,,
NAD/PIM,Asset Management,0.8969,0.57859,624,,,,,,,,
KAI/TNC,Specialty Industrial Machinery,0.8263,0.57862,624,,,,,,,,
CHW/MCR,Asset Management,0.9678,0.57862,624,,,,,,,,
GDL/PMO,Asset Management,0.8763,0.57862,624,,,,,,,,
CHW/IGA,Asset Management,0.9087,0.57867,624,,,,,,,,
INBK/UVSP,Banks - Regional,0.8389,0.57868,624,,,,,,,,
CASH/NWFL,Banks - Regional,0.8077,0.57871,624,,,,,,,,
GSBC/RNST,Banks - Regional,0.8839,0.57873,624,,,,,,,,
RF/USB,Banks - Regional,0.8578,0.57874,624,,,,,,,,
ED/LNT,Utilities - Regulated Electric,0.9606,0.57876,624,,,,,,,,
BANF/TBBK,Banks - Regional,0.8554,0.57877,624,,,,,,,,
CHY/NIM,Asset Management,0.879,0.57877,624,,,,,,,,
MMT/MPV,Asset Management,0.8803,0.57877,624,,,,,,,,
GAM/MCR,Asset Management,0.8963,0.5788,624,,,,,,,,
MIY/NTRS,Asset Management,0.8883,0.57881,624,,,,,,,,
BTZ/RJF,Asset Management,0.8457,0.57882,624,,,,,,,,
MQY/PIM,Asset Management,0.8603,0.57882,624,,,,,,,,
HBCP/PWOD,Banks - Regional,0.8442,0.57882,624,,,,,,,,
PFF/PRFZ,Unknown,0.939,0.57883,624,,,,,,,,
ETW/MMU,Asset Management,0.8334,0.57883,624,,,,,,,,
BFC/SSB,Banks - Regional,0.8259,0.57885,624,,,,,,,,
BFC/MTB,Banks - Regional,0.8571,0.57886,624,,,,,,,,
GAIN/RVT,Asset Management,0.9627,0.57887,624,,,,,,,,
JCE/JHI,Asset Management,0.9041,0.57888,624,,,,,,,,
NOC/VSEC,Aerospace & Defense,0.8069,0.57888,624,,,,,,,,
JFR/MPA,Asset Management,0.8143,0.57889,624,,,,,,,,
JOF/MPV,Asset Management,0.8286,0.5789,624,,,,,,,,
CCI/SELF,REIT - Specialty,0.8237,0.5789,624,,,,,,,,
CIF/SEIC,Asset Management,0.8432,0.5789,624,,,,,,,,
AFB/GRX,Asset Management,0.8955,0.57891,624,,,,,,,,
HBNC/OZK,Banks - Regional,0.8322,0.57892,624,,,,,,,,
GDO/STT,Asset Management,0.8107,0.57894,624,,,,,,,,
FRME/HOMB,Banks - Regional,0.9273,0.57894,624,,,,,,,,
CHY/CIF,Asset Management,0.902,0.57894,624,,,,,,,,
GDV/PFO,Asset Management,0.8959,0.57895,624,,,,,,,,
HPI/SCD,Asset Management,0.8771,0.57896,624,,,,,,,,
JOF/VCV,Asset Management,0.8549,0.57898,624,,,,,,,,
MPA/NIE,Asset Management,0.8416,0.57899,624,,,,,,,,
ASG/CXE,Asset Management,0.805,0.579,624,,,,,,,,
PFM/PNQI,Unknown,0.9026,0.579,624,,,,,,,,
AAON/LPX,Building Products & Equipment,0.9473,0.57902,624,,,,,,,,
NMZ/WIW,Asset Management,0.8777,0.57902,624,,,,,,,,
EXG/VKQ,Asset Management,0.8286,0.57903,624,,,,,,,,
BDJ/VKQ,Asset Management,0.8115,0.57903,624,,,,,,,,
PNQI/PRFZ,Unknown,0.9125,0.57904,624,,,,,,,,
OTTR/VMI,Conglomerates,0.8765,0.57904,624,,,,,,,,
CSQ/PAI,Asset Management,0.8401,0.57905,624,,,,,,,,
RCS/VCV,Asset Management,0.8325,0.57906,624,,,,,,,,
AMP/SEIC,Asset Management,0.8174,0.57909,624,,,,,,,,
FTC/INDY,Unknown,0.9588,0.57911,624,,,,,,,,
AMP/MAIN,Asset Management,0.9582,0.57914,624,,,,,,,,
PPBI/THFF,Banks - Regional,0.8915,0.57915,624,,,,,,,,
CNOB/TRST,Banks - Regional,0.8894,0.57915,624,,,,,,,,
NUW/SPXX,Asset Management,0.8171,0.57916,624,,,,,,,,
CHY/MUJ,Asset Management,0.8666,0.57916,624,,,,,,,,
FSFG/VABK,Banks - Regional,0.9359,0.57917,624,,,,,,,,
GOF/PHK,Asset Management,0.8439,0.57918,624,,,,,,,,
PAR/SPNS,Software - Application,0.8947,0.57919,624,,,,,,,,
CIF/GF,Asset Management,0.9131,0.57921,624,,,,,,,,
ADX/WIW,Asset Management,0.8835,0.57924,624,,,,,,,,
DSU/PMO,Asset Management,0.8268,0.57924,624,,,,,,,,
BFK/VLT,Asset Management,0.8138,0.57925,624,,,,,,,,
CIVB/WABC,Banks - Regional,0.9037,0.57925,624,,,,,,,,
IDXX/MTD,Diagnostics & Research,0.9731,0.57925,624,,,,,,,,
CMA/RNST,Banks - Regional,0.875,0.57925,624,,,,,,,,
EVN/QQQX,Asset Management,0.8635,0.57929,624,,,,,,,,
QQQX/VVR,Asset Management,0.9204,0.57929,624,,,,,,,,
ETJ/NUV,Asset Management,0.8723,0.5793,624,,,,,,,,
CNMD/DXCM,Medical Devices,0.8683,0.5793,624,,,,,,,,
NXJ/PIM,Asset Management,0.9154,0.57933,624,,,,,,,,
FAB/IJT,Unknown,0.9782,0.57933,624,,,,,,,,
HPS/NIE,Asset Management,0.9428,0.57934,624,,,,,,,,
CSWC/GOF,Asset Management,0.9447,0.57936,624,,,,,,,,
AWP/NIE,Asset Management,0.8844,0.57937,624,,,,,,,,
SFNC/WABC,Banks - Regional,0.8134,0.57938,624,,,,,,,,
BLW/DHIL,Asset Management,0.8253,0.57938,624,,,,,,,,
HTD/IGA,Asset Management,0.9563,0.57939,624,,,,,,,,
HPF/MSD,Asset Management,0.9248,0.57942,624,,,,,,,,
HOMB/TRST,Banks - Regional,0.8684,0.57942,624,,,,,,,,
ETG/NNY,Asset Management,0.8288,0.57943,624,,,,,,,,
OFG/RBCAA,Banks - Regional,0.8901,0.57944,624,,,,,,,,
AMP/BME,Asset Management,0.8514,0.57948,624,,,,,,,,
DVY/IUSV,Unknown,0.9873,0.5795,624,,,,,,,,
NXP/VLT,Asset Management,0.9443,0.57954,624,,,,,,,,
GJH/IBB,Unknown,0.8946,0.57955,624,,,,,,,,
GDV/VMO,Asset Management,0.8197,0.57962,624,,,,,,,,
AMAT/ENTG,Semiconductor Equipment & Materials,0.9474,0.57963,624,,,,,,,,
CGO/FRA,Asset Management,0.8832,0.57965,624,,,,,,,,
CNOB/TSBK,Banks - Regional,0.8671,0.57966,624,,,,,,,,
BCML/PB,Banks - Regional,0.8861,0.57967,624,,,,,,,,
CIVB/HDB,Banks - Regional,0.9126,0.57967,624,,,,,,,,
ETG/HIO,Asset Management,0.9622,0.57967,624,,,,,,,,
IUSG/QABA,Unknown,0.8408,0.57969,624,,,,,,,,
PEY/PFI,Unknown,0.9615,0.5797,624,,,,,,,,
GRX/SCD,Asset Management,0.8776,0.57972,624,,,,,,,,
PSL/PUI,Unknown,0.9754,0.57972,624,,,,,,,,
BLK/CXH,Asset Management,0.8038,0.57973,624,,,,,,,,
MYD/QQQX,Asset Management,0.8098,0.57973,624,,,,,,,,
EFT/NQP,Asset Management,0.8244,0.57974,624,,,,,,,,
CARE/TOWN,Banks - Regional,0.8148,0.57976,624,,,,,,,,
ASG/MUA,Asset Management,0.8504,0.57976,624,,,,,,,,
PDP/PID,Unknown,0.909,0.57976,624,,,,,,,,
ASG/BKT,Asset Management,0.8393,0.57981,624,,,,,,,,
BCBP/NEWT,Banks - Regional,0.8417,0.57982,624,,,,,,,,
MIN/NAZ,Asset Management,0.8662,0.57983,624,,,,,,,,
BTZ/SOR,Asset Management,0.9346,0.57984,624,,,,,,,,
DSU/HTD,Asset Management,0.9278,0.57989,624,,,,,,,,
BFZ/RNP,Asset Management,0.8333,0.5799,624,,,,,,,,
AX/FHN,Banks - Regional,0.8086,0.57991,624,,,,,,,,
AB/CIF,Asset Management,0.8621,0.57991,624,,,,,,,,
FTCS/TVE,Unknown,0.818,0.57993,624,,,,,,,,
HTD/PTY,Asset Management,0.95,0.57994,624,,,,,,,,
BKT/WIW,Asset Management,0.8267,0.57995,624,,,,,,,,
GAM/RVT,Asset Management,0.9568,0.58001,624,,,,,,,,
BJK/FAB,Unknown,0.809,0.58005,624,,,,,,,,
OPBK/WABC,Banks - Regional,0.8056,0.58006,624,,,,,,,,
ACNB/SMBK,Banks - Regional,0.9265,0.58007,624,,,,,,,,
CHN/NMZ,Asset Management,0.8294,0.5801,624,,,,,,,,
CHY/FLC,Asset Management,0.8998,0.5801,624,,,,,,,,
BPOP/FBIZ,Banks - Regional,0.907,0.58011,624,,,,,,,,
ASG/GAB,Asset Management,0.9258,0.58011,624,,,,,,,,
CFR/TFSL,Banks - Regional,0.8002,0.58012,624,,,,,,,,
ASG/IGA,Asset Management,0.8778,0.58013,624,,,,,,,,
EFSC/UMBF,Banks - Regional,0.9054,0.58013,624,,,,,,,,
FTA/PIO,Unknown,0.9627,0.58014,624,,,,,,,,
BNY/PCQ,Asset Management,0.867,0.58014,624,,,,,,,,
AB/MUJ,Asset Management,0.833,0.58017,624,,,,,,,,
BHK/PPT,Asset Management,0.9212,0.58018,624,,,,,,,,
IQI/PCN,Asset Management,0.9163,0.58018,624,,,,,,,,
BTO/EHI,Asset Management,0.8884,0.5802,624,,,,,,,,
HPI/IGD,Asset Management,0.8974,0.58021,624,,,,,,,,
GDV/VCV,Asset Management,0.8518,0.58022,624,,,,,,,,
EWBC/TCBK,Banks - Regional,0.9298,0.58023,624,,,,,,,,
CNOB/FFIN,Banks - Regional,0.8642,0.58023,624,,,,,,,,
FCF/WABC,Banks - Regional,0.8485,0.58025,624,,,,,,,,
HIX/SEIC,Asset Management,0.8066,0.58025,624,,,,,,,,
BXMX/MFM,Asset Management,0.8168,0.58027,624,,,,,,,,
PMM/TY,Asset Management,0.9207,0.58028,624,,,,,,,,
EVT/IGA,Asset Management,0.97,0.58028,624,,,,,,,,
HTGC/IAE,Asset Management,0.8196,0.5803,624,,,,,,,,
HTD/VVR,Asset Management,0.892,0.58033,624,,,,,,,,
AB/JHI,Asset Management,0.8998,0.58033,624,,,,,,,,
IBN/ONB,Banks - Regional,0.8119,0.58034,624,,,,,,,,
AROW/TRST,Banks - Regional,0.9199,0.58034,624,,,,,,,,
CNOB/FLIC,Banks - Regional,0.8113,0.58034,624,,,,,,,,
MUJ/VLT,Asset Management,0.9097,0.58034,624,,,,,,,,
PFF/SWZ,Unknown,0.9258,0.58034,624,,,,,,,,
ETO/MQY,Asset Management,0.8452,0.58037,624,,,,,,,,
GDV/NXP,Asset Management,0.9134,0.58037,624,,,,,,,,
BJK/PRFZ,Unknown,0.8218,0.58038,624,,,,,,,,
BN/MFM,Asset Management,0.8033,0.58038,624,,,,,,,,
IFN/WIA,Asset Management,0.8054,0.58038,624,,,,,,,,
ETV/PFD,Asset Management,0.8782,0.5804,624,,,,,,,,
GDO/HTD,Asset Management,0.9274,0.58043,624,,,,,,,,
CBU/RF,Banks - Regional,0.8841,0.58044,624,,,,,,,,
PNQI/TVE,Unknown,0.8983,0.58045,624,,,,,,,,
HRL/SJM,Packaged Foods,0.8634,0.58045,624,,,,,,,,
MQT/RNP,Asset Management,0.8768,0.58048,624,,,,,,,,
ASG/MFM,Asset Management,0.8428,0.58048,624,,,,,,,,
NFJ/VKQ,Asset Management,0.8042,0.58049,624,,,,,,,,
HTD/NAN,Asset Management,0.8892,0.58049,624,,,,,,,,
EQIX/SELF,REIT - Specialty,0.9312,0.5805,624,,,,,,,,
JEQ/NFJ,Asset Management,0.8957,0.58051,624,,,,,,,,
CMA/WABC,Banks - Regional,0.8533,0.58052,624,,,,,,,,
GDV/GRX,Asset Management,0.9662,0.58052,624,,,,,,,,
JCE/NCA,Asset Management,0.8043,0.58052,624,,,,,,,,
IGR/KF,Asset Management,0.8143,0.58053,624,,,,,,,,
HPS/PIM,Asset Management,0.9328,0.58054,624,,,,,,,,
IIF/MCN,Asset Management,0.9042,0.58055,624,,,,,,,,
DSGX/MNDO,Software - Application,0.897,0.58056,624,,,,,,,,
EOI/PFO,Asset Management,0.8276,0.58056,624,,,,,,,,
ETY/SCD,Asset Management,0.9731,0.58061,624,,,,,,,,
HPF/PHD,Asset Management,0.9272,0.58062,624,,,,,,,,
ASG/EMF,Asset Management,0.8322,0.58063,624,,,,,,,,
PSL/SWZ,Unknown,0.9654,0.58063,624,,,,,,,,
OSBC/TRST,Banks - Regional,0.9106,0.58064,624,,,,,,,,
HPS/JFR,Asset Management,0.937,0.58064,624,,,,,,,,
IGIB/QTEC,Unknown,0.9058,0.58065,624,,,,,,,,
NMZ/PFN,Asset Management,0.94,0.58065,624,,,,,,,,
EVF/PMO,Asset Management,0.8063,0.58066,624,,,,,,,,
NUV/PTY,Asset Management,0.909,0.58067,624,,,,,,,,
CHI/SEIC,Asset Management,0.8422,0.58067,624,,,,,,,,
NAN/PIM,Asset Management,0.8847,0.58068,624,,,,,,,,
IUSG/PUI,Unknown,0.944,0.58068,624,,,,,,,,
JLS/NEA,Asset Management,0.876,0.58069,624,,,,,,,,
WAL/ZION,Banks - Regional,0.9544,0.58073,624,,,,,,,,
AWP/BFZ,Asset Management,0.8263,0.58073,624,,,,,,,,
HBNC/TRST,Banks - Regional,0.9294,0.58074,624,,,,,,,,
JOF/MQY,Asset Management,0.8403,0.58074,624,,,,,,,,
COST/WMT,Discount Stores,0.9787,0.58074,624,,,,,,,,
JCE/MUJ,Asset Management,0.8321,0.58074,624,,,,,,,,
GOF/NXC,Asset Management,0.8656,0.58074,624,,,,,,,,
EOI/PSEC,Asset Management,0.8416,0.58078,624,,,,,,,,
TOWN/TRST,Banks - Regional,0.904,0.5808,624,,,,,,,,
EXG/IIM,Asset Management,0.839,0.58083,624,,,,,,,,
BLK/MUJ,Asset Management,0.8501,0.58083,624,,,,,,,,
HTD/LEO,Asset Management,0.8277,0.58084,624,,,,,,,,
JLS/VMO,Asset Management,0.8569,0.58089,624,,,,,,,,
STK/VLT,Asset Management,0.9306,0.58091,624,,,,,,,,
BLK/PPT,Asset Management,0.8782,0.58091,624,,,,,,,,
NZF/SOR,Asset Management,0.8585,0.58092,624,,,,,,,,
CSQ/VBF,Asset Management,0.8986,0.58092,624,,,,,,,,
CMA/FFIN,Banks - Regional,0.8442,0.58092,624,,,,,,,,
EVF/MPA,Asset Management,0.8004,0.58095,624,,,,,,,,
HPF/JCE,Asset Management,0.9345,0.58096,624,,,,,,,,
EOS/ETG,Asset Management,0.9858,0.58096,624,,,,,,,,
BGT/HPF,Asset Management,0.8933,0.58098,624,,,,,,,,
CBSH/VLY,Banks - Regional,0.8467,0.58098,624,,,,,,,,
BGC/IBKR,Capital Markets,0.8363,0.58099,624,,,,,,,,
FMY/GCV,Asset Management,0.8242,0.58099,624,,,,,,,,
BCML/HWC,Banks - Regional,0.8649,0.58099,624,,,,,,,,
PPH/SCZ,Unknown,0.8905,0.581,624,,,,,,,,
NVG/SOR,Asset Management,0.8468,0.58102,624,,,,,,,,
HFBL/VABK,Banks - Regional,0.8776,0.58102,624,,,,,,,,
EOI/JHI,Asset Management,0.9007,0.58103,624,,,,,,,,
NZF/PTY,Asset Management,0.9236,0.58103,624,,,,,,,,
NIE/SPE,Asset Management,0.9782,0.58105,624,,,,,,,,
BTZ/MPA,Asset Management,0.9495,0.58106,624,,,,,,,,
EFSC/FFIN,Banks - Regional,0.8847,0.58107,624,,,,,,,,
HPF/MCN,Asset Management,0.877,0.58108,624,,,,,,,,
CHY/NXP,Asset Management,0.9251,0.58108,624,,,,,,,,
FFA/FMY,Asset Management,0.9238,0.58108,624,,,,,,,,
PDP/QABA,Unknown,0.8672,0.58108,624,,,,,,,,
GAIN/NXN,Asset Management,0.8107,0.58109,624,,,,,,,,
CII/NXN,Asset Management,0.8439,0.58111,624,,,,,,,,
FFIN/ZIONP,Banks - Regional,0.8546,0.58111,624,,,,,,,,
JMM/MCI,Asset Management,0.8264,0.58116,624,,,,,,,,
EFR/PMM,Asset Management,0.816,0.58116,624,,,,,,,,
FAD/TVE,Unknown,0.8165,0.58117,624,,,,,,,,
EOS/HTGC,Asset Management,0.9559,0.58118,624,,,,,,,,
MPA/PIM,Asset Management,0.8673,0.58121,624,,,,,,,,
HIFS/VABK,Banks - Regional,0.8795,0.58122,624,,,,,,,,
DSU/JOF,Asset Management,0.8471,0.58124,624,,,,,,,,
HPF/NIE,Asset Management,0.9226,0.58124,624,,,,,,,,
EFT/PFO,Asset Management,0.811,0.58125,624,,,,,,,,
ASG/ETB,Asset Management,0.9232,0.58125,624,,,,,,,,
ETO/FFC,Asset Management,0.9072,0.58126,624,,,,,,,,
CHW/DHIL,Asset Management,0.8034,0.58126,624,,,,,,,,
AGD/JRS,Asset Management,0.8732,0.58128,624,,,,,,,,
IMCV/IUSG,Unknown,0.964,0.58128,624,,,,,,,,
LGI/MCI,Asset Management,0.8904,0.58128,624,,,,,,,,
CHY/VLT,Asset Management,0.955,0.58133,624,,,,,,,,
BDJ/JHI,Asset Management,0.9168,0.58135,624,,,,,,,,
BFZ/FT,Asset Management,0.8123,0.58139,624,,,,,,,,
MDU/OTTR,Conglomerates,0.821,0.58139,624,,,,,,,,
ETW/MQY,Asset Management,0.8634,0.58141,624,,,,,,,,
RCS/VVR,Asset Management,0.8146,0.58141,624,,,,,,,,
AXON/DRS,Aerospace & Defense,0.9539,0.58145,624,,,,,,,,
BXMX/MIY,Asset Management,0.8556,0.58146,624,,,,,,,,
BLW/VVR,Asset Management,0.9521,0.58148,624,,,,,,,,
CHY/EVN,Asset Management,0.8289,0.58149,624,,,,,,,,
AFL/GL,Insurance - Life,0.8518,0.5815,624,,,,,,,,
IIF/PCF,Asset Management,0.8913,0.5815,624,,,,,,,,
SEM/UHS,Medical Care Facilities,0.8334,0.58151,624,,,,,,,,
AOD/RQI,Asset Management,0.9425,0.58152,624,,,,,,,,
GDO/USA,Asset Management,0.9023,0.58152,624,,,,,,,,
BCBP/VABK,Banks - Regional,0.8268,0.58153,624,,,,,,,,
DNP/GLAD,Asset Management,0.8729,0.58158,624,,,,,,,,
CNP/FE,Utilities - Regulated Electric,0.8242,0.5816,624,,,,,,,,
CHY/NQP,Asset Management,0.8786,0.5816,624,,,,,,,,
HTD/PFG,Asset Management,0.9177,0.58161,624,,,,,,,,
BTZ/DSM,Asset Management,0.8774,0.58162,624,,,,,,,,
CASH/COFS,Banks - Regional,0.8655,0.58162,624,,,,,,,,
SCHW/SNEX,Capital Markets,0.8525,0.58163,624,,,,,,,,
BTA/FCT,Asset Management,0.8736,0.58164,624,,,,,,,,
PFF/QABA,Unknown,0.9225,0.58164,624,,,,,,,,
IJT/PEY,Unknown,0.9801,0.58164,624,,,,,,,,
EXG/NAD,Asset Management,0.8698,0.58166,624,,,,,,,,
DNP/NZF,Asset Management,0.8936,0.58167,624,,,,,,,,
GCV/IGD,Asset Management,0.8463,0.58173,624,,,,,,,,
HCI/WRB,Insurance - Property & Casualty,0.885,0.58175,624,,,,,,,,
EFT/PAI,Asset Management,0.8113,0.58176,624,,,,,,,,
EWBC/ZION,Banks - Regional,0.9318,0.58177,624,,,,,,,,
HIO/MCN,Asset Management,0.8995,0.58177,624,,,,,,,,
CHI/MIY,Asset Management,0.8491,0.58177,624,,,,,,,,
BRKL/TCBK,Banks - Regional,0.8605,0.58178,624,,,,,,,,
EMB/FTC,Unknown,0.8233,0.58181,624,,,,,,,,
MNSB/UBCP,Banks - Regional,0.903,0.58183,624,,,,,,,,
HPS/VVR,Asset Management,0.9001,0.58185,624,,,,,,,,
EEA/SPE,Asset Management,0.9392,0.58185,624,,,,,,,,
LXP/PSA,REIT - Industrial,0.8822,0.58185,624,,,,,,,,
ESLT/TDG,Aerospace & Defense,0.9018,0.58186,624,,,,,,,,
FCNCA/OFG,Banks - Regional,0.9493,0.58186,624,,,,,,,,
BTZ/GOF,Asset Management,0.9517,0.58187,624,,,,,,,,
CNOB/MBWM,Banks - Regional,0.8702,0.58188,624,,,,,,,,
BN/NPV,Asset Management,0.8187,0.58188,624,,,,,,,,
BLK/NZF,Asset Management,0.8603,0.58189,624,,,,,,,,
ETY/RVT,Asset Management,0.9781,0.5819,624,,,,,,,,
JRS/LGI,Asset Management,0.9156,0.58191,624,,,,,,,,
IGIB/IUSV,Unknown,0.8713,0.58192,624,,,,,,,,
JFR/NMZ,Asset Management,0.8257,0.58192,624,,,,,,,,
CHI/PMM,Asset Management,0.8726,0.58193,624,,,,,,,,
PPBI/ZION,Banks - Regional,0.8976,0.58193,624,,,,,,,,
GJS/SWZ,Unknown,0.9474,0.58194,624,,,,,,,,
FFIN/FULT,Banks - Regional,0.843,0.58195,624,,,,,,,,
EVT/NPV,Asset Management,0.8023,0.58196,624,,,,,,,,
RTX/TXT,Aerospace & Defense,0.9042,0.58197,624,,,,,,,,
HDB/NWBI,Banks - Regional,0.8569,0.58198,624,,,,,,,,
FOF/MIY,Asset Management,0.8653,0.58198,624,,,,,,,,
AMP/FT,Asset Management,0.9178,0.58199,624,,,,,,,,
UBFO/UBSI,Banks - Regional,0.8507,0.582,624,,,,,,,,
NAC/RNP,Asset Management,0.8422,0.582,624,,,,,,,,
HYT/MFM,Asset Management,0.8499,0.58202,624,,,,,,,,
GSBC/SYBT,Banks - Regional,0.924,0.58202,624,,,,,,,,
DSU/IGD,Asset Management,0.9587,0.58202,624,,,,,,,,
ED/EXC,Utilities - Regulated Electric,0.9214,0.58204,624,,,,,,,,
EOI/JOF,Asset Management,0.8421,0.58204,624,,,,,,,,
HBNC/STBA,Banks - Regional,0.8918,0.58204,624,,,,,,,,
MQY/PDT,Asset Management,0.8967,0.58206,624,,,,,,,,
JHS/TY,Asset Management,0.9047,0.58207,624,,,,,,,,
PFBC/ZIONP,Banks - Regional,0.8938,0.58208,624,,,,,,,,
JLS/MVF,Asset Management,0.8622,0.58208,624,,,,,,,,
CASH/HWBK,Banks - Regional,0.9143,0.58209,624,,,,,,,,
ASG/GDV,Asset Management,0.9319,0.58211,624,,,,,,,,
JPC/MCN,Asset Management,0.8369,0.58214,624,,,,,,,,
AMKR/PLAB,Semiconductor Equipment & Materials,0.9092,0.58214,624,,,,,,,,
HIO/SOR,Asset Management,0.9468,0.58215,624,,,,,,,,
ASG/NNY,Asset Management,0.8604,0.58215,624,,,,,,,,
MUE/RNP,Asset Management,0.8501,0.58215,624,,,,,,,,
IIM/JOF,Asset Management,0.8331,0.58216,624,,,,,,,,
HIX/IGD,Asset Management,0.8416,0.5822,624,,,,,,,,
EXPO/MYRG,Engineering & Construction,0.8273,0.5822,624,,,,,,,,
FTA/PIE,Unknown,0.8018,0.58223,624,,,,,,,,
BGY/STEW,Asset Management,0.9593,0.58224,624,,,,,,,,
CII/HYT,Asset Management,0.9738,0.58224,624,,,,,,,,
EOI/NVG,Asset Management,0.8254,0.58225,624,,,,,,,,
NXN/SAR,Asset Management,0.8375,0.58226,624,,,,,,,,
ADX/BXMX,Asset Management,0.9682,0.58227,624,,,,,,,,
BX/IIF,Asset Management,0.8985,0.58227,624,,,,,,,,
BX/RVT,Asset Management,0.9291,0.58228,624,,,,,,,,
HPI/SEIC,Asset Management,0.9165,0.58229,624,,,,,,,,
CBAN/TFSL,Banks - Regional,0.8901,0.58235,624,,,,,,,,
MUE/PFN,Asset Management,0.8766,0.58238,624,,,,,,,,
IIM/LGI,Asset Management,0.8229,0.58242,624,,,,,,,,
LGI/PMM,Asset Management,0.875,0.58242,624,,,,,,,,
BXMX/VGM,Asset Management,0.8123,0.58243,624,,,,,,,,
ARCC/WIA,Asset Management,0.8105,0.58243,624,,,,,,,,
JLS/VGM,Asset Management,0.8764,0.58244,624,,,,,,,,
CBU/CVBF,Banks - Regional,0.9347,0.58244,624,,,,,,,,
BXMX/IGR,Asset Management,0.8998,0.58244,624,,,,,,,,
ACWI/PFM,Unknown,0.9935,0.58245,624,,,,,,,,
BTA/EVF,Asset Management,0.8383,0.58247,624,,,,,,,,
COF/FCFS,Credit Services,0.8274,0.58247,624,,,,,,,,
CFR/TOWN,Banks - Regional,0.9254,0.58247,624,,,,,,,,
CHW/ETY,Asset Management,0.9246,0.58248,624,,,,,,,,
GDO/GUT,Asset Management,0.8468,0.58249,624,,,,,,,,
ETW/MHN,Asset Management,0.8162,0.5825,624,,,,,,,,
QQXT/VCLT,Unknown,0.824,0.5825,624,,,,,,,,
HTD/MVF,Asset Management,0.8271,0.5825,624,,,,,,,,
FOF/NAN,Asset Management,0.851,0.58251,624,,,,,,,,
EVT/HYT,Asset Management,0.9791,0.58252,624,,,,,,,,
HIX/HPI,Asset Management,0.913,0.58254,624,,,,,,,,
BTO/PFD,Asset Management,0.8469,0.58255,624,,,,,,,,
BXMX/HYT,Asset Management,0.9707,0.58257,624,,,,,,,,
GDV/VKQ,Asset Management,0.8415,0.58258,624,,,,,,,,
BKN/UTF,Asset Management,0.8548,0.58258,624,,,,,,,,
EVN/RQI,Asset Management,0.8915,0.58262,624,,,,,,,,
EHI/EVF,Asset Management,0.9072,0.58263,624,,,,,,,,
EXG/NMZ,Asset Management,0.8809,0.58264,624,,,,,,,,
BX/CII,Asset Management,0.9548,0.58265,624,,,,,,,,
INBK/WASH,Banks - Regional,0.8467,0.58268,624,,,,,,,,
IEUS/QQQ,Unknown,0.8905,0.5827,624,,,,,,,,
MAIN/RVT,Asset Management,0.9459,0.58271,624,,,,,,,,
CHY/FT,Asset Management,0.9649,0.58271,624,,,,,,,,
DVY/PHO,Unknown,0.9593,0.58273,624,,,,,,,,
JOF/SPE,Asset Management,0.8347,0.58274,624,,,,,,,,
FTC/TVE,Unknown,0.8067,0.58275,624,,,,,,,,
EVN/NTRS,Asset Management,0.8737,0.58276,624,,,,,,,,
CIF/SAR,Asset Management,0.8522,0.58279,624,,,,,,,,
EEA/MAIN,Asset Management,0.9119,0.58281,624,,,,,,,,
JCE/MCR,Asset Management,0.926,0.58281,624,,,,,,,,
ARCC/HPF,Asset Management,0.895,0.58283,624,,,,,,,,
RMT/SWKH,Asset Management,0.8436,0.58283,624,,,,,,,,
HTD/VMO,Asset Management,0.8551,0.58283,624,,,,,,,,
ETO/MQT,Asset Management,0.8517,0.58283,624,,,,,,,,
NMI/PCM,Asset Management,0.8528,0.58285,624,,,,,,,,
EVG/PHK,Asset Management,0.8291,0.5829,624,,,,,,,,
MPV/NQP,Asset Management,0.8058,0.58291,624,,,,,,,,
HPS/JEQ,Asset Management,0.9189,0.58291,624,,,,,,,,
FOF/PMM,Asset Management,0.887,0.58291,624,,,,,,,,
BPOP/TSBK,Banks - Regional,0.8577,0.58292,624,,,,,,,,
IUSG/QQEW,Unknown,0.992,0.58292,624,,,,,,,,
JFR/NQP,Asset Management,0.8286,0.58293,624,,,,,,,,
FCBC/USB,Banks - Regional,0.8325,0.58295,624,,,,,,,,
BXMX/PHK,Asset Management,0.8372,0.58296,624,,,,,,,,
ACWX/IUSV,Unknown,0.954,0.58298,624,,,,,,,,
ALRS/OSBC,Banks - Regional,0.8298,0.58299,624,,,,,,,,
CHY/VPV,Asset Management,0.8484,0.583,624,,,,,,,,
MFM/NTRS,Asset Management,0.8837,0.583,624,,,,,,,,
EMD/MAIN,Asset Management,0.8026,0.583,624,,,,,,,,
EOI/HPS,Asset Management,0.9389,0.583,624,,,,,,,,
AWF/NAZ,Asset Management,0.8031,0.583,624,,,,,,,,
NQP/PFD,Asset Management,0.9569,0.58301,624,,,,,,,,
GDO/NFJ,Asset Management,0.8983,0.58303,624,,,,,,,,
BTO/NCA,Asset Management,0.826,0.58304,624,,,,,,,,
TFSL/TRST,Banks - Regional,0.8034,0.58305,624,,,,,,,,
BME/MFM,Asset Management,0.8572,0.58305,624,,,,,,,,
ACWI/PID,Unknown,0.9464,0.58309,624,,,,,,,,
AWF/NKX,Asset Management,0.8713,0.58311,624,,,,,,,,
AMD/LSCC,Semiconductors,0.9114,0.58312,624,,,,,,,,
FMN/RQI,Asset Management,0.8358,0.58313,624,,,,,,,,
ETY/NXN,Asset Management,0.8404,0.58316,624,,,,,,,,
MPA/PDT,Asset Management,0.9297,0.58316,624,,,,,,,,
AOD/EVT,Asset Management,0.971,0.58316,624,,,,,,,,
SAR/WIW,Asset Management,0.865,0.58316,624,,,,,,,,
GBCI/NBTB,Banks - Regional,0.9279,0.58317,624,,,,,,,,
AGD/SCD,Asset Management,0.9205,0.58318,624,,,,,,,,
FTC/PUI,Unknown,0.953,0.58318,624,,,,,,,,
ETW/MQT,Asset Management,0.8721,0.58319,624,,,,,,,,
JEQ/MUJ,Asset Management,0.9016,0.58319,624,,,,,,,,
JCE/JHS,Asset Management,0.8131,0.58321,624,,,,,,,,
IPAR/PG,Household & Personal Products,0.9275,0.58323,624,,,,,,,,
HYT/NAC,Asset Management,0.8266,0.58324,624,,,,,,,,
IGIB/VGIT,Unknown,0.9597,0.58324,624,,,,,,,,
WSBC/ZIONP,Banks - Regional,0.8305,0.58325,624,,,,,,,,
BKN/CHY,Asset Management,0.8302,0.58326,624,,,,,,,,
GAIN/VLT,Asset Management,0.9285,0.58328,624,,,,,,,,
IGSB/SOXX,Unknown,0.9232,0.58329,624,,,,,,,,
GAM/HQH,Asset Management,0.8489,0.58329,624,,,,,,,,
FTC/VCIT,Unknown,0.8931,0.5833,624,,,,,,,,
IJT/PHO,Unknown,0.9568,0.58332,624,,,,,,,,
PNR/RRX,Specialty Industrial Machinery,0.8773,0.58333,624,,,,,,,,
JFR/NZF,Asset Management,0.8195,0.58334,624,,,,,,,,
DHIL/NXC,Asset Management,0.8334,0.58335,624,,,,,,,,
BLK/EMD,Asset Management,0.8181,0.58336,624,,,,,,,,
IGIB/ONEQ,Unknown,0.8977,0.58337,624,,,,,,,,
AON/ERIE,Insurance Brokers,0.9114,0.58337,624,,,,,,,,
BTZ/CHY,Asset Management,0.9484,0.58337,624,,,,,,,,
AFB/BN,Asset Management,0.8057,0.58337,624,,,,,,,,
J/PWR,Engineering & Construction,0.8794,0.58338,624,,,,,,,,
BFK/PCN,Asset Management,0.8365,0.58339,624,,,,,,,,
BX/BXMX,Asset Management,0.9192,0.5834,624,,,,,,,,
JPC/JQC,Asset Management,0.9424,0.5834,624,,,,,,,,
EWBC/FFIN,Banks - Regional,0.8788,0.58341,624,,,,,,,,
EVT/MQT,Asset Management,0.8469,0.58341,624,,,,,,,,
HIFS/TRST,Banks - Regional,0.8201,0.58342,624,,,,,,,,
FRST/INBK,Banks - Regional,0.841,0.58343,624,,,,,,,,
PHO/PRFZ,Unknown,0.9692,0.58343,624,,,,,,,,
FRST/TRST,Banks - Regional,0.9101,0.58343,624,,,,,,,,
ETJ/VLT,Asset Management,0.9485,0.58345,624,,,,,,,,
GRX/MSD,Asset Management,0.8478,0.58345,624,,,,,,,,
CSQ/NXP,Asset Management,0.9205,0.58346,624,,,,,,,,
PFG/SEIC,Asset Management,0.8874,0.58346,624,,,,,,,,
MSD/RFI,Asset Management,0.8678,0.58346,624,,,,,,,,
FEX/PFM,Unknown,0.9964,0.58347,624,,,,,,,,
BKN/DNP,Asset Management,0.8266,0.58349,624,,,,,,,,
RBC/TKR,Tools & Accessories,0.9261,0.58351,624,,,,,,,,
IJT/TVE,Unknown,0.8361,0.58351,624,,,,,,,,
BANF/FNB,Banks - Regional,0.866,0.58351,624,,,,,,,,
JLS/MQY,Asset Management,0.8674,0.58351,624,,,,,,,,
FICO/TYL,Software - Application,0.8377,0.58352,624,,,,,,,,
ETO/PMO,Asset Management,0.8994,0.58352,624,,,,,,,,
BXMX/NQP,Asset Management,0.8713,0.58352,624,,,,,,,,
AGD/BDJ,Asset Management,0.9645,0.58353,624,,,,,,,,
BYM/CHY,Asset Management,0.8363,0.58354,624,,,,,,,,
PTC/TYL,Software - Application,0.9429,0.58355,624,,,,,,,,
CHY/FFC,Asset Management,0.8848,0.58356,624,,,,,,,,
JFR/MUJ,Asset Management,0.8175,0.58356,624,,,,,,,,
NEA/STK,Asset Management,0.8019,0.58359,624,,,,,,,,
NAZ/VPV,Asset Management,0.9317,0.58363,624,,,,,,,,
CIF/DNP,Asset Management,0.8761,0.58363,624,,,,,,,,
BXMX/NIM,Asset Management,0.8699,0.58363,624,,,,,,,,
PFD/PHD,Asset Management,0.8099,0.58366,624,,,,,,,,
ADX/RMT,Asset Management,0.9697,0.58366,624,,,,,,,,
HBNC/SYBT,Banks - Regional,0.845,0.58371,624,,,,,,,,
EFT/GDO,Asset Management,0.8618,0.58373,624,,,,,,,,
AMP/PFG,Asset Management,0.9369,0.58377,624,,,,,,,,
NFJ/NVG,Asset Management,0.838,0.58378,624,,,,,,,,
ACNB/PGC,Banks - Regional,0.8322,0.5838,624,,,,,,,,
EVF/VPV,Asset Management,0.8041,0.58381,624,,,,,,,,
ACWX/EMB,Unknown,0.8429,0.58381,624,,,,,,,,
FFA/PFO,Asset Management,0.8482,0.58382,624,,,,,,,,
CHI/NIM,Asset Management,0.8677,0.58384,624,,,,,,,,
PAI/TROW,Asset Management,0.8786,0.58385,624,,,,,,,,
CHY/NPV,Asset Management,0.8238,0.58386,624,,,,,,,,
AVGO/MRVL,Semiconductors,0.8793,0.58386,624,,,,,,,,
DDT/PTH,Unknown,0.8627,0.58388,624,,,,,,,,
ADC/REG,REIT - Retail,0.8372,0.58391,624,,,,,,,,
INBK/TOWN,Banks - Regional,0.8036,0.58392,624,,,,,,,,
BXMX/BYM,Asset Management,0.8258,0.58393,624,,,,,,,,
BFC/TRMK,Banks - Regional,0.8658,0.58393,624,,,,,,,,
CMU/TY,Asset Management,0.8357,0.58396,624,,,,,,,,
MCR/TWN,Asset Management,0.8526,0.58397,624,,,,,,,,
DNP/USA,Asset Management,0.9207,0.58398,624,,,,,,,,
NPV/PML,Asset Management,0.8398,0.584,624,,,,,,,,
JLS/MUE,Asset Management,0.8637,0.58401,624,,,,,,,,
EEA/FHI,Asset Management,0.9162,0.58403,624,,,,,,,,
RMD/STAA,Medical Instruments & Supplies,0.803,0.58403,624,,,,,,,,
ARCC/MIN,Asset Management,0.8513,0.58404,624,,,,,,,,
BCBP/CHMG,Banks - Regional,0.8606,0.58406,624,,,,,,,,
BYM/PCN,Asset Management,0.8973,0.58406,624,,,,,,,,
INBK/OPBK,Banks - Regional,0.8246,0.58407,624,,,,,,,,
EVG/HTD,Asset Management,0.943,0.58408,624,,,,,,,,
FFIN/RF,Banks - Regional,0.9201,0.58408,624,,,,,,,,
DDT/VCIT,Unknown,0.868,0.58408,624,,,,,,,,
IUSG/PKW,Unknown,0.9875,0.58408,624,,,,,,,,
FTC/PID,Unknown,0.9275,0.58409,624,,,,,,,,
GDV/IQI,Asset Management,0.8542,0.58412,624,,,,,,,,
BTO/NXN,Asset Management,0.8659,0.58412,624,,,,,,,,
DNP/ETW,Asset Management,0.9303,0.58413,624,,,,,,,,
BLK/VCV,Asset Management,0.8171,0.58413,624,,,,,,,,
AFG/HCI,Insurance - Property & Casualty,0.8573,0.58414,624,,,,,,,,
ARCC/JPC,Asset Management,0.8564,0.58415,624,,,,,,,,
CSQ/DHIL,Asset Management,0.8184,0.58417,624,,,,,,,,
DHIL/JLS,Asset Management,0.8052,0.58417,624,,,,,,,,
BLW/GAB,Asset Management,0.9584,0.58419,624,,,,,,,,
BANF/NBTB,Banks - Regional,0.9318,0.5842,624,,,,,,,,
BDJ/HPF,Asset Management,0.9428,0.5842,624,,,,,,,,
SBI/VLT,Asset Management,0.8713,0.58421,624,,,,,,,,
EHI/ETV,Asset Management,0.9344,0.58421,624,,,,,,,,
FUND/JRS,Asset Management,0.8903,0.58422,624,,,,,,,,
DHIL/NUW,Asset Management,0.8052,0.58423,624,,,,,,,,
EFT/HIX,Asset Management,0.8748,0.58425,624,,,,,,,,
JCE/PFO,Asset Management,0.8446,0.58425,624,,,,,,,,
ONEQ/QABA,Unknown,0.8307,0.58426,624,,,,,,,,
MCHP/ON,Semiconductors,0.9218,0.58426,624,,,,,,,,
HPS/RJF,Asset Management,0.8879,0.58431,624,,,,,,,,
NPV/NZF,Asset Management,0.9266,0.58433,624,,,,,,,,
NIE/NXC,Asset Management,0.8308,0.58434,624,,,,,,,,
CII/ETG,Asset Management,0.9884,0.58434,624,,,,,,,,
MUC/RQI,Asset Management,0.8294,0.58435,624,,,,,,,,
GD/NOC,Aerospace & Defense,0.9633,0.58435,624,,,,,,,,
FTCS/IEI,Unknown,0.8095,0.58435,624,,,,,,,,
LGI/NQP,Asset Management,0.8723,0.58435,624,,,,,,,,
AGX/STRL,Engineering & Construction,0.823,0.58437,624,,,,,,,,
GPN/UNF,Specialty Business Services,0.9103,0.58438,624,,,,,,,,
FRST/WABC,Banks - Regional,0.8201,0.58439,624,,,,,,,,
JBK/QABA,Unknown,0.8757,0.58443,624,,,,,,,,
QQEW/SWZ,Unknown,0.9681,0.58448,624,,,,,,,,
SYBT/TRMK,Banks - Regional,0.9019,0.5845,624,,,,,,,,
QQQX/SEIC,Asset Management,0.9234,0.58452,624,,,,,,,,
AX/FRAF,Banks - Regional,0.8736,0.58452,624,,,,,,,,
FT/PFG,Asset Management,0.9257,0.58453,624,,,,,,,,
EHI/RQI,Asset Management,0.934,0.58454,624,,,,,,,,
FT/HQL,Asset Management,0.8768,0.58454,624,,,,,,,,
GOF/NXN,Asset Management,0.8942,0.58454,624,,,,,,,,
ETW/NEA,Asset Management,0.8897,0.58455,624,,,,,,,,
JOF/MAIN,Asset Management,0.8343,0.58456,624,,,,,,,,
PTF/USIG,Unknown,0.8349,0.58457,624,,,,,,,,
STC/THG,Insurance - Property & Casualty,0.9095,0.58464,624,,,,,,,,
QCRH/TSBK,Banks - Regional,0.9365,0.58465,624,,,,,,,,
ABCB/SYBT,Banks - Regional,0.9032,0.58467,624,,,,,,,,
CHI/VPV,Asset Management,0.8391,0.58467,624,,,,,,,,
BLK/NAD,Asset Management,0.8588,0.58469,624,,,,,,,,
IEUS/RTH,Unknown,0.9111,0.58476,624,,,,,,,,
USIG/VCSH,Unknown,0.9703,0.58476,624,,,,,,,,
DHF/PDT,Asset Management,0.9236,0.58477,624,,,,,,,,
PFL/PNNT,Asset Management,0.8012,0.58479,624,,,,,,,,
JOF/PMM,Asset Management,0.8711,0.58483,624,,,,,,,,
BFK/NTRS,Asset Management,0.8296,0.58484,624,,,,,,,,
CXE/TY,Asset Management,0.8186,0.58484,624,,,,,,,,
CII/NXP,Asset Management,0.9089,0.58485,624,,,,,,,,
GAIN/NMZ,Asset Management,0.8031,0.58486,624,,,,,,,,
FAD/PHO,Unknown,0.9821,0.58486,624,,,,,,,,
GRID/PID,Unknown,0.9376,0.5849,624,,,,,,,,
FMY/PFG,Asset Management,0.8105,0.58491,624,,,,,,,,
EOS/MPA,Asset Management,0.8456,0.58492,624,,,,,,,,
ETJ/EVF,Asset Management,0.9354,0.58493,624,,,,,,,,
NMZ/NTRS,Asset Management,0.9206,0.58494,624,,,,,,,,
RQI/RVT,Asset Management,0.9681,0.58501,624,,,,,,,,
AME/ROK,Specialty Industrial Machinery,0.9638,0.58501,624,,,,,,,,
GAM/NXN,Asset Management,0.817,0.58502,624,,,,,,,,
HPS/PPT,Asset Management,0.9359,0.58503,624,,,,,,,,
BLW/UTF,Asset Management,0.9749,0.58504,624,,,,,,,,
BLK/BYM,Asset Management,0.8185,0.58504,624,,,,,,,,
ETW/MSD,Asset Management,0.8853,0.58505,624,,,,,,,,
CBRE/CSGP,Real Estate Services,0.8703,0.58506,624,,,,,,,,
INTU/SAP,Software - Application,0.8767,0.58508,624,,,,,,,,
BTZ/TWN,Asset Management,0.8521,0.58508,624,,,,,,,,
EXG/PFO,Asset Management,0.8761,0.58509,624,,,,,,,,
HIO/SCD,Asset Management,0.9183,0.58512,624,,,,,,,,
JEQ/MHD,Asset Management,0.8392,0.58513,624,,,,,,,,
BND/ONEQ,Unknown,0.8041,0.58514,624,,,,,,,,
FSFG/UBCP,Banks - Regional,0.9287,0.58515,624,,,,,,,,
LEA/SMP,Auto Parts,0.8766,0.58517,624,,,,,,,,
FOF/NUW,Asset Management,0.826,0.58517,624,,,,,,,,
IJT/VGIT,Unknown,0.8043,0.5852,624,,,,,,,,
IGIB/SOXX,Unknown,0.8351,0.58521,624,,,,,,,,
STBA/UVSP,Banks - Regional,0.9259,0.58522,624,,,,,,,,
GDV/MYD,Asset Management,0.8054,0.58523,624,,,,,,,,
MHF/SCD,Asset Management,0.8501,0.58525,624,,,,,,,,
FT/NKX,Asset Management,0.8717,0.58526,624,,,,,,,,
IGD/NXJ,Asset Management,0.8268,0.58526,624,,,,,,,,
ADC/O,REIT - Retail,0.9683,0.58528,624,,,,,,,,
ACNB/PKBK,Banks - Regional,0.9317,0.58528,624,,,,,,,,
MSD/RQI,Asset Management,0.8742,0.5853,624,,,,,,,,
HPS/SEIC,Asset Management,0.9199,0.58534,624,,,,,,,,
ETY/NZF,Asset Management,0.8417,0.58535,624,,,,,,,,
ADX/MYI,Asset Management,0.821,0.58535,624,,,,,,,,
PNNT/VLT,Asset Management,0.8477,0.58535,624,,,,,,,,
EOI/NZF,Asset Management,0.8343,0.58538,624,,,,,,,,
BFC/UBFO,Banks - Regional,0.8733,0.5854,624,,,,,,,,
CNOB/TOWN,Banks - Regional,0.8948,0.5854,624,,,,,,,,
NFJ/PFG,Asset Management,0.9242,0.5854,624,,,,,,,,
GF/JHI,Asset Management,0.8524,0.5854,624,,,,,,,,
MQY/QQQX,Asset Management,0.8562,0.58542,624,,,,,,,,
CDNS/SPNS,Software - Application,0.8828,0.58543,624,,,,,,,,
NRK/PCN,Asset Management,0.9198,0.58544,624,,,,,,,,
PFN/PHK,Asset Management,0.8724,0.58545,624,,,,,,,,
BPOP/ONB,Banks - Regional,0.8911,0.58547,624,,,,,,,,
FOF/MYI,Asset Management,0.853,0.58547,624,,,,,,,,
EXG/VGM,Asset Management,0.819,0.58549,624,,,,,,,,
ETJ/PNNT,Asset Management,0.8312,0.58551,624,,,,,,,,
JFR/PMM,Asset Management,0.8172,0.58552,624,,,,,,,,
JOF/TROW,Asset Management,0.8308,0.58553,624,,,,,,,,
AIR/AVAV,Aerospace & Defense,0.854,0.58553,624,,,,,,,,
FTA/PFF,Unknown,0.9286,0.58554,624,,,,,,,,
GRID/IEUS,Unknown,0.8718,0.58557,624,,,,,,,,
HPS/PNNT,Asset Management,0.8099,0.58557,624,,,,,,,,
DSM/PTY,Asset Management,0.8002,0.58558,624,,,,,,,,
ADX/JFR,Asset Management,0.9415,0.58559,624,,,,,,,,
BHK/EOS,Asset Management,0.8894,0.58559,624,,,,,,,,
AOD/IGD,Asset Management,0.9488,0.5856,624,,,,,,,,
CMA/EWBC,Banks - Regional,0.8629,0.5856,624,,,,,,,,
BCML/HOMB,Banks - Regional,0.8428,0.5856,624,,,,,,,,
EOS/SEIC,Asset Management,0.8882,0.5856,624,,,,,,,,
BKT/HQH,Asset Management,0.8169,0.58561,624,,,,,,,,
CHI/JQC,Asset Management,0.9279,0.58562,624,,,,,,,,
IIM/JLS,Asset Management,0.8708,0.58564,624,,,,,,,,
EOT/GCV,Asset Management,0.8404,0.58564,624,,,,,,,,
MYI/PTY,Asset Management,0.876,0.58565,624,,,,,,,,
PNC/WAFD,Banks - Regional,0.9285,0.58568,624,,,,,,,,
ETG/NEA,Asset Management,0.8552,0.58568,624,,,,,,,,
GAIN/MMT,Asset Management,0.9156,0.58571,624,,,,,,,,
PIO/USIG,Unknown,0.8816,0.58574,624,,,,,,,,
HCI/THG,Insurance - Property & Casualty,0.8421,0.58574,624,,,,,,,,
ETJ/VCV,Asset Management,0.8269,0.58574,624,,,,,,,,
CHN/MIY,Asset Management,0.8202,0.58575,624,,,,,,,,
FTA/PEY,Unknown,0.9893,0.58576,624,,,,,,,,
RCS/RVT,Asset Management,0.8116,0.58578,624,,,,,,,,
AB/JFR,Asset Management,0.8834,0.5858,624,,,,,,,,
AOD/HPF,Asset Management,0.9024,0.5858,624,,,,,,,,
MUA/NTRS,Asset Management,0.8901,0.58584,624,,,,,,,,
CHW/NXP,Asset Management,0.9407,0.58585,624,,,,,,,,
CIM/MFA,REIT - Mortgage,0.85,0.58586,624,,,,,,,,
EMD/SPE,Asset Management,0.8261,0.58588,624,,,,,,,,
HPF/STEW,Asset Management,0.929,0.58589,624,,,,,,,,
HBCP/WABC,Banks - Regional,0.8428,0.5859,624,,,,,,,,
AMP/EVG,Asset Management,0.9338,0.58591,624,,,,,,,,
AX/LCNB,Banks - Regional,0.8333,0.58592,624,,,,,,,,
EOS/NFJ,Asset Management,0.9657,0.58592,624,,,,,,,,
CSGS/FTNT,Software - Infrastructure,0.8183,0.58594,624,,,,,,,,
MIY/QQQX,Asset Management,0.8868,0.58594,624,,,,,,,,
GDO/SOR,Asset Management,0.898,0.58594,624,,,,,,,,
CII/PAI,Asset Management,0.8245,0.58595,624,,,,,,,,
CHI/VKQ,Asset Management,0.8201,0.58596,624,,,,,,,,
HTD/VGM,Asset Management,0.868,0.58599,624,,,,,,,,
PIZ/USIG,Unknown,0.8891,0.586,624,,,,,,,,
JCE/MPA,Asset Management,0.8266,0.58601,624,,,,,,,,
JCE/VCV,Asset Management,0.8035,0.58602,624,,,,,,,,
MIY/UTF,Asset Management,0.8975,0.58602,624,,,,,,,,
AB/BTZ,Asset Management,0.9038,0.58602,624,,,,,,,,
ETY/PAI,Asset Management,0.828,0.58607,624,,,,,,,,
ASG/ETW,Asset Management,0.9376,0.58607,624,,,,,,,,
CHI/NAD,Asset Management,0.8585,0.58608,624,,,,,,,,
HTD/MPA,Asset Management,0.8931,0.58609,624,,,,,,,,
NMI/RVT,Asset Management,0.8039,0.58609,624,,,,,,,,
EHI/RJF,Asset Management,0.8301,0.5861,624,,,,,,,,
IBN/NBTB,Banks - Regional,0.8242,0.58613,624,,,,,,,,
LGI/VGM,Asset Management,0.81,0.58614,624,,,,,,,,
ETJ/NUW,Asset Management,0.803,0.58616,624,,,,,,,,
PID/PIZ,Unknown,0.9141,0.58618,624,,,,,,,,
GDV/RQI,Asset Management,0.9726,0.58619,624,,,,,,,,
BCML/KEY,Banks - Regional,0.8562,0.58619,624,,,,,,,,
BME/VTN,Asset Management,0.8085,0.58619,624,,,,,,,,
NZF/PFL,Asset Management,0.9437,0.5862,624,,,,,,,,
GAM/NZF,Asset Management,0.8,0.58623,624,,,,,,,,
PFL/WIW,Asset Management,0.9147,0.58623,624,,,,,,,,
JLS/NMT,Asset Management,0.8274,0.58624,624,,,,,,,,
BTA/GOF,Asset Management,0.906,0.58626,624,,,,,,,,
DHF/IGR,Asset Management,0.925,0.58627,624,,,,,,,,
GDV/MYN,Asset Management,0.8098,0.58628,624,,,,,,,,
QQEW/VCIT,Unknown,0.9027,0.58628,624,,,,,,,,
BTO/NMI,Asset Management,0.8219,0.58629,624,,,,,,,,
ETW/NAZ,Asset Management,0.8354,0.58632,624,,,,,,,,
HIG/WRB,Insurance - Property & Casualty,0.9678,0.58637,624,,,,,,,,
FUND/PMO,Asset Management,0.8099,0.58637,624,,,,,,,,
BLK/BX,Asset Management,0.9531,0.58637,624,,,,,,,,
FNX/PIE,Unknown,0.8367,0.58638,624,,,,,,,,
EMD/ETW,Asset Management,0.8285,0.58638,624,,,,,,,,
NAZ/WEA,Asset Management,0.873,0.58638,624,,,,,,,,
CHI/VBF,Asset Management,0.9036,0.5864,624,,,,,,,,
BGY/GAM,Asset Management,0.9583,0.5864,624,,,,,,,,
BFIN/NWBI,Banks - Regional,0.8492,0.5864,624,,,,,,,,
JLS/RJF,Asset Management,0.8169,0.5864,624,,,,,,,,
OVLY/ZIONP,Banks - Regional,0.8394,0.5864,624,,,,,,,,
PIZ/QQQ,Unknown,0.9425,0.58641,624,,,,,,,,
MPV/MSD,Asset Management,0.8896,0.58641,624,,,,,,,,
GJH/SWZ,Unknown,0.9466,0.58642,624,,,,,,,,
EHI/GLAD,Asset Management,0.8493,0.58644,624,,,,,,,,
JHI/PDT,Asset Management,0.9228,0.58644,624,,,,,,,,
BTO/HPF,Asset Management,0.9401,0.58644,624,,,,,,,,
HPF/RJF,Asset Management,0.8652,0.58648,624,,,,,,,,
NMI/PHK,Asset Management,0.8021,0.5865,624,,,,,,,,
HPF/RMT,Asset Management,0.9245,0.58651,624,,,,,,,,
PHO/QABA,Unknown,0.8173,0.58652,624,,,,,,,,
MSD/RMT,Asset Management,0.8533,0.58652,624,,,,,,,,
JMM/SCD,Asset Management,0.8537,0.58652,624,,,,,,,,
NCA/UTF,Asset Management,0.8605,0.58653,624,,,,,,,,
CGO/MAIN,Asset Management,0.8829,0.58657,624,,,,,,,,
PFL/VTN,Asset Management,0.8455,0.58659,624,,,,,,,,
BX/CSQ,Asset Management,0.9634,0.58659,624,,,,,,,,
BKN/JLS,Asset Management,0.8216,0.58661,624,,,,,,,,
ADX/PMM,Asset Management,0.8506,0.58662,624,,,,,,,,
AVNT/IOSP,Specialty Chemicals,0.8211,0.58662,624,,,,,,,,
ADI/SIMO,Semiconductors,0.8885,0.58665,624,,,,,,,,
BCML/UBCP,Banks - Regional,0.8316,0.58666,624,,,,,,,,
GCV/PFL,Asset Management,0.933,0.58667,624,,,,,,,,
BTA/EEA,Asset Management,0.8555,0.58667,624,,,,,,,,
LEO/TDF,Asset Management,0.8046,0.58667,624,,,,,,,,
ADX/SEIC,Asset Management,0.8839,0.58667,624,,,,,,,,
EOS/GLAD,Asset Management,0.9656,0.5867,624,,,,,,,,
BPOP/HWC,Banks - Regional,0.8746,0.58675,624,,,,,,,,
AMD/MCHP,Semiconductors,0.9212,0.58676,624,,,,,,,,
CNP/EVRG,Utilities - Regulated Electric,0.9108,0.58679,624,,,,,,,,
FRA/JPC,Asset Management,0.8684,0.58679,624,,,,,,,,
ETO/PFD,Asset Management,0.86,0.58681,624,,,,,,,,
MPA/SOR,Asset Management,0.8458,0.58681,624,,,,,,,,
MCR/WIW,Asset Management,0.9299,0.58682,624,,,,,,,,
PDT/VLT,Asset Management,0.9454,0.58683,624,,,,,,,,
ETY/MMT,Asset Management,0.9368,0.58683,624,,,,,,,,
BPOP/TRMK,Banks - Regional,0.8446,0.58683,624,,,,,,,,
CMA/HBAN,Banks - Regional,0.8998,0.58684,624,,,,,,,,
CBU/ZION,Banks - Regional,0.9229,0.58687,624,,,,,,,,
FCBC/ONB,Banks - Regional,0.9509,0.58689,624,,,,,,,,
FOF/VKQ,Asset Management,0.8416,0.58691,624,,,,,,,,
OPBK/UBSI,Banks - Regional,0.894,0.58691,624,,,,,,,,
PSL/VMBS,Unknown,0.8108,0.58692,624,,,,,,,,
DNP/MUA,Asset Management,0.8409,0.58693,624,,,,,,,,
EEA/MCI,Asset Management,0.8633,0.58695,624,,,,,,,,
FFA/PHK,Asset Management,0.8051,0.58696,624,,,,,,,,
MGF/PCN,Asset Management,0.8556,0.58697,624,,,,,,,,
BLK/NCA,Asset Management,0.8033,0.58697,624,,,,,,,,
BGT/HPI,Asset Management,0.878,0.58702,624,,,,,,,,
CASH/OBT,Banks - Regional,0.9231,0.58702,624,,,,,,,,
CFR/TRMK,Banks - Regional,0.9144,0.58702,624,,,,,,,,
IGR/RMT,Asset Management,0.9155,0.58703,624,,,,,,,,
ETV/IAE,Asset Management,0.8019,0.58703,624,,,,,,,,
NIE/NXN,Asset Management,0.8587,0.58708,624,,,,,,,,
TY/VPV,Asset Management,0.8937,0.58712,624,,,,,,,,
AMP/FMY,Asset Management,0.8574,0.58714,624,,,,,,,,
EFT/MIN,Asset Management,0.8696,0.58715,624,,,,,,,,
ETY/JHI,Asset Management,0.9034,0.58716,624,,,,,,,,
CXH/VLT,Asset Management,0.8867,0.58716,624,,,,,,,,
DSM/PFN,Asset Management,0.8465,0.58718,624,,,,,,,,
AMP/CSQ,Asset Management,0.9543,0.58722,624,,,,,,,,
GDV/IGR,Asset Management,0.9293,0.58723,624,,,,,,,,
GDV/HIX,Asset Management,0.9193,0.58723,624,,,,,,,,
MVF/PPT,Asset Management,0.8067,0.58725,624,,,,,,,,
BJK/PFF,Unknown,0.8185,0.58729,624,,,,,,,,
DSU/NEA,Asset Management,0.8072,0.58729,624,,,,,,,,
PFN/SCD,Asset Management,0.8967,0.5873,624,,,,,,,,
ODFL/WERN,Trucking,0.8617,0.58731,624,,,,,,,,
CSQ/JHS,Asset Management,0.8325,0.58731,624,,,,,,,,
INDY/PIE,Unknown,0.8145,0.58732,624,,,,,,,,
CHD/KMB,Household & Personal Products,0.9447,0.58734,624,,,,,,,,
LGI/VPV,Asset Management,0.8458,0.58734,624,,,,,,,,
HTD/MYI,Asset Management,0.893,0.58734,624,,,,,,,,
FCBC/HBAN,Banks - Regional,0.9419,0.58736,624,,,,,,,,
FMN/PFN,Asset Management,0.8605,0.58737,624,,,,,,,,
SCD/TY,Asset Management,0.9287,0.58737,624,,,,,,,,
PFF/PPH,Unknown,0.9038,0.58742,624,,,,,,,,
HTD/JQC,Asset Management,0.9424,0.58743,624,,,,,,,,
BPOP/FNB,Banks - Regional,0.8311,0.58744,624,,,,,,,,
ALRS/LCNB,Banks - Regional,0.8349,0.58748,624,,,,,,,,
ALGN/STAA,Medical Instruments & Supplies,0.9065,0.58748,624,,,,,,,,
MMT/SPXX,Asset Management,0.9421,0.58749,624,,,,,,,,
ASG/PHD,Asset Management,0.8915,0.58749,624,,,,,,,,
CBU/ONB,Banks - Regional,0.904,0.5875,624,,,,,,,,
AMP/EVF,Asset Management,0.9502,0.5875,624,,,,,,,,
IBCP/IBN,Banks - Regional,0.8309,0.58752,624,,,,,,,,
EVN/PTY,Asset Management,0.8669,0.58754,624,,,,,,,,
EPD/TRP,Oil & Gas Midstream,0.8213,0.58755,624,,,,,,,,
CNOB/SRCE,Banks - Regional,0.8856,0.58756,624,,,,,,,,
CHY/MQT,Asset Management,0.8332,0.58757,624,,,,,,,,
BKN/EVT,Asset Management,0.8328,0.58758,624,,,,,,,,
ETO/PHK,Asset Management,0.8365,0.58759,624,,,,,,,,
BND/IJT,Unknown,0.852,0.5876,624,,,,,,,,
AB/NAD,Asset Management,0.8317,0.58761,624,,,,,,,,
AX/THFF,Banks - Regional,0.8838,0.58762,624,,,,,,,,
JQC/PDT,Asset Management,0.9113,0.58765,624,,,,,,,,
BHK/ETO,Asset Management,0.9057,0.58765,624,,,,,,,,
EOS/FFA,Asset Management,0.9914,0.58767,624,,,,,,,,
PFN/PML,Asset Management,0.8205,0.58768,624,,,,,,,,
GCV/MUJ,Asset Management,0.8885,0.58772,624,,,,,,,,
GRID/IMCV,Unknown,0.9416,0.58778,624,,,,,,,,
ETG/NAD,Asset Management,0.8655,0.58784,624,,,,,,,,
NVR/SKY,Residential Construction,0.9347,0.58784,624,,,,,,,,
JLS/MHN,Asset Management,0.8312,0.58784,624,,,,,,,,
CBU/EFSC,Banks - Regional,0.9325,0.58785,624,,,,,,,,
MNSB/SFNC,Banks - Regional,0.8192,0.58785,624,,,,,,,,
FTLF/SENEA,Packaged Foods,0.8877,0.58785,624,,,,,,,,
BHK/SOR,Asset Management,0.8688,0.58786,624,,,,,,,,
ACNB/LARK,Banks - Regional,0.817,0.58787,624,,,,,,,,
CIF/JOF,Asset Management,0.8896,0.58788,624,,,,,,,,
PFS/TFSL,Banks - Regional,0.8148,0.58788,624,,,,,,,,
BLK/NNY,Asset Management,0.8089,0.58789,624,,,,,,,,
MSD/STT,Asset Management,0.8096,0.5879,624,,,,,,,,
EVT/NKX,Asset Management,0.8621,0.5879,624,,,,,,,,
EMB/PTH,Unknown,0.8522,0.58791,624,,,,,,,,
BX/MHF,Asset Management,0.8068,0.58792,624,,,,,,,,
CHI/NPV,Asset Management,0.8153,0.58794,624,,,,,,,,
AEP/FE,Utilities - Regulated Electric,0.8786,0.58796,624,,,,,,,,
PFM/PID,Unknown,0.9448,0.58798,624,,,,,,,,
CBAN/UBCP,Banks - Regional,0.8832,0.58799,624,,,,,,,,
ADX/SWKH,Asset Management,0.8266,0.588,624,,,,,,,,
BLK/MQY,Asset Management,0.8153,0.58801,624,,,,,,,,
NIE/SWKH,Asset Management,0.8327,0.58801,624,,,,,,,,
BLK/MCI,Asset Management,0.9122,0.58802,624,,,,,,,,
BTZ/GF,Asset Management,0.8782,0.58804,624,,,,,,,,
BCBP/FMAO,Banks - Regional,0.8007,0.58807,624,,,,,,,,
FRME/ZIONP,Banks - Regional,0.9033,0.58807,624,,,,,,,,
PTH/SOXX,Unknown,0.8675,0.58807,624,,,,,,,,
MGF/TY,Asset Management,0.8154,0.58808,624,,,,,,,,
BN/HIX,Asset Management,0.8949,0.58809,624,,,,,,,,
HIX/PDT,Asset Management,0.9073,0.58813,624,,,,,,,,
CGO/JRS,Asset Management,0.92,0.58814,624,,,,,,,,
CMA/FFBC,Banks - Regional,0.9002,0.58814,624,,,,,,,,
BME/MSD,Asset Management,0.8308,0.58815,624,,,,,,,,
JOF/NAN,Asset Management,0.8534,0.58815,624,,,,,,,,
MQT/PIM,Asset Management,0.8564,0.58815,624,,,,,,,,
EVT/RMT,Asset Management,0.982,0.58817,624,,,,,,,,
HYT/JOF,Asset Management,0.8729,0.58818,624,,,,,,,,
FITB/HDB,Banks - Regional,0.8823,0.5882,624,,,,,,,,
NAC/PPT,Asset Management,0.8457,0.58825,624,,,,,,,,
ALRS/UBSI,Banks - Regional,0.8535,0.58826,624,,,,,,,,
LGI/VKQ,Asset Management,0.8224,0.58828,624,,,,,,,,
CMI/GTLS,Specialty Industrial Machinery,0.8018,0.58831,624,,,,,,,,
FTCS/VCLT,Unknown,0.8204,0.58831,624,,,,,,,,
BKN/PCN,Asset Management,0.8762,0.58833,624,,,,,,,,
FSFG/TFSL,Banks - Regional,0.8742,0.58833,624,,,,,,,,
BLE/PCN,Asset Management,0.8355,0.58833,624,,,,,,,,
MIN/MPV,Asset Management,0.8283,0.58833,624,,,,,,,,
CTS/OSIS,Electronic Components,0.8208,0.58834,624,,,,,,,,
RLI/STC,Insurance - Property & Casualty,0.9011,0.58834,624,,,,,,,,
IBN/SYBT,Banks - Regional,0.8844,0.58835,624,,,,,,,,
EXG/NEA,Asset Management,0.8613,0.58838,624,,,,,,,,
NVG/STK,Asset Management,0.8061,0.58838,624,,,,,,,,
CSL/SPXC,Building Products & Equipment,0.9579,0.58839,624,,,,,,,,
EFSC/GSBC,Banks - Regional,0.966,0.58841,624,,,,,,,,
BTA/GDV,Asset Management,0.9025,0.58842,624,,,,,,,,
AOD/OCSL,Asset Management,0.8086,0.58842,624,,,,,,,,
HTD/MUE,Asset Management,0.8547,0.58843,624,,,,,,,,
PFL/PMO,Asset Management,0.9351,0.58844,624,,,,,,,,
BLK/VGM,Asset Management,0.8089,0.5885,624,,,,,,,,
EHI/TY,Asset Management,0.9565,0.5885,624,,,,,,,,
FTCS/IUSV,Unknown,0.9888,0.5885,624,,,,,,,,
AFB/FT,Asset Management,0.8353,0.5885,624,,,,,,,,
AX/CIVB,Banks - Regional,0.8399,0.58853,624,,,,,,,,
ASG/RVT,Asset Management,0.9578,0.58853,624,,,,,,,,
FNF/RDN,Insurance - Specialty,0.9463,0.58853,624,,,,,,,,
SNV/ZIONP,Banks - Regional,0.8797,0.58854,624,,,,,,,,
DNP/VLT,Asset Management,0.9197,0.58854,624,,,,,,,,
PGR/WRB,Insurance - Property & Casualty,0.9756,0.58855,624,,,,,,,,
EVT/MSD,Asset Management,0.865,0.58856,624,,,,,,,,
CSWC/TY,Asset Management,0.9445,0.58856,624,,,,,,,,
ASG/MGF,Asset Management,0.8571,0.58857,624,,,,,,,,
AOS/DCI,Specialty Industrial Machinery,0.926,0.58857,624,,,,,,,,
EMD/ETG,Asset Management,0.8254,0.58858,624,,,,,,,,
BKT/MSD,Asset Management,0.8343,0.58858,624,,,,,,,,
IGIB/MBB,Unknown,0.9421,0.58859,624,,,,,,,,
CFR/NBTB,Banks - Regional,0.9345,0.58861,624,,,,,,,,
IJT/QCLN,Unknown,0.805,0.58861,624,,,,,,,,
BFC/FITB,Banks - Regional,0.9125,0.58861,624,,,,,,,,
GAM/MHF,Asset Management,0.8744,0.58862,624,,,,,,,,
FT/NPV,Asset Management,0.8136,0.58862,624,,,,,,,,
IGSB/PKW,Unknown,0.9453,0.58865,624,,,,,,,,
STEW/VLT,Asset Management,0.9544,0.58867,624,,,,,,,,
ARCB/MRTN,Trucking,0.8401,0.5887,624,,,,,,,,
HYT/NKX,Asset Management,0.8783,0.5887,624,,,,,,,,
HTD/PPT,Asset Management,0.924,0.58871,624,,,,,,,,
EHI/FFA,Asset Management,0.9186,0.58875,624,,,,,,,,
BLFS/HOLX,Medical Instruments & Supplies,0.8036,0.58876,624,,,,,,,,
DTF/HIX,Asset Management,0.8087,0.58877,624,,,,,,,,
AWP/BGY,Asset Management,0.861,0.58878,624,,,,,,,,
EVN/PCF,Asset Management,0.8598,0.58879,624,,,,,,,,
SWZ/VCIT,Unknown,0.8909,0.58879,624,,,,,,,,
ETY/VBF,Asset Management,0.8804,0.5888,624,,,,,,,,
IEUS/QQEW,Unknown,0.9342,0.58884,624,,,,,,,,
MYD/TY,Asset Management,0.8388,0.58886,624,,,,,,,,
BCBP/SFBC,Banks - Regional,0.8297,0.58887,624,,,,,,,,
HTD/NKX,Asset Management,0.9028,0.58887,624,,,,,,,,
BDJ/VGM,Asset Management,0.8009,0.58887,624,,,,,,,,
JPM/TD,Banks - Diversified,0.8809,0.5889,624,,,,,,,,
BLK/NQP,Asset Management,0.8655,0.58893,624,,,,,,,,
FAD/IEI,Unknown,0.8076,0.58895,624,,,,,,,,
PIO/VCIT,Unknown,0.8906,0.58896,624,,,,,,,,
ETJ/NCA,Asset Management,0.8157,0.58897,624,,,,,,,,
EFT/HQH,Asset Management,0.8126,0.58899,624,,,,,,,,
NEA/PPT,Asset Management,0.8995,0.58899,624,,,,,,,,
ASG/SPXX,Asset Management,0.9185,0.58902,624,,,,,,,,
AB/NEA,Asset Management,0.8304,0.58902,624,,,,,,,,
HPS/TROW,Asset Management,0.8708,0.58903,624,,,,,,,,
GF/PCN,Asset Management,0.8452,0.58905,624,,,,,,,,
GPN/MMS,Specialty Business Services,0.8326,0.58907,624,,,,,,,,
BTO/NIM,Asset Management,0.8537,0.58908,624,,,,,,,,
ASML/PLAB,Semiconductor Equipment & Materials,0.8936,0.58908,624,,,,,,,,
EFR/PFO,Asset Management,0.8129,0.5891,624,,,,,,,,
FRA/HIX,Asset Management,0.8316,0.58911,624,,,,,,,,
BCBP/NKSH,Banks - Regional,0.8143,0.58911,624,,,,,,,,
BN/NMI,Asset Management,0.8032,0.58912,624,,,,,,,,
BKT/RNP,Asset Management,0.8004,0.58917,624,,,,,,,,
EFT/NIM,Asset Management,0.8036,0.58917,624,,,,,,,,
ETY/RQI,Asset Management,0.9548,0.58917,624,,,,,,,,
AOD/PFG,Asset Management,0.9148,0.58919,624,,,,,,,,
ALRS/MOFG,Banks - Regional,0.833,0.58919,624,,,,,,,,
HPF/STT,Asset Management,0.8306,0.58919,624,,,,,,,,
DNP/EVG,Asset Management,0.905,0.58924,624,,,,,,,,
LKFN/STBA,Banks - Regional,0.8225,0.58924,624,,,,,,,,
EWBC/TRST,Banks - Regional,0.8151,0.58925,624,,,,,,,,
CHI/NXP,Asset Management,0.918,0.58926,624,,,,,,,,
ETO/NAC,Asset Management,0.8154,0.58926,624,,,,,,,,
AMP/BLW,Asset Management,0.921,0.58927,624,,,,,,,,
FITB/THFF,Banks - Regional,0.9003,0.5893,624,,,,,,,,
JLS/MYD,Asset Management,0.8825,0.58931,624,,,,,,,,
MPA/TY,Asset Management,0.8982,0.58931,624,,,,,,,,
NNY/PHD,Asset Management,0.8066,0.58934,624,,,,,,,,
OFG/UNTY,Banks - Regional,0.8798,0.58934,624,,,,,,,,
CII/PFO,Asset Management,0.8335,0.58934,624,,,,,,,,
GCV/HYT,Asset Management,0.9086,0.58935,624,,,,,,,,
ARCC/NXP,Asset Management,0.8654,0.58939,624,,,,,,,,
BKT/PDT,Asset Management,0.85,0.58939,624,,,,,,,,
HBNC/TFSL,Banks - Regional,0.8409,0.58939,624,,,,,,,,
BFZ/ETO,Asset Management,0.8093,0.58942,624,,,,,,,,
ADBE/PEGA,Software - Application,0.8291,0.58945,624,,,,,,,,
NMT/TROW,Asset Management,0.845,0.5895,624,,,,,,,,
CVLG/TFII,Trucking,0.816,0.58951,624,,,,,,,,
CNOB/NFBK,Banks - Regional,0.8917,0.58951,624,,,,,,,,
ETJ/SEIC,Asset Management,0.8664,0.58952,624,,,,,,,,
JOF/VTN,Asset Management,0.801,0.58955,624,,,,,,,,
BCML/HDB,Banks - Regional,0.8343,0.58957,624,,,,,,,,
GAIN/NZF,Asset Management,0.8131,0.58957,624,,,,,,,,
SFST/TFSL,Banks - Regional,0.8743,0.58959,624,,,,,,,,
CHY/PMM,Asset Management,0.8831,0.5896,624,,,,,,,,
BLK/FT,Asset Management,0.9681,0.58961,624,,,,,,,,
CGO/NXP,Asset Management,0.9224,0.58962,624,,,,,,,,
CASH/CCBG,Banks - Regional,0.9344,0.58962,624,,,,,,,,
HYT/SOR,Asset Management,0.9768,0.58964,624,,,,,,,,
GDO/RVT,Asset Management,0.9176,0.58965,624,,,,,,,,
JOF/PFO,Asset Management,0.8957,0.58966,624,,,,,,,,
CHI/FLC,Asset Management,0.8904,0.58969,624,,,,,,,,
QQXT/VGIT,Unknown,0.8006,0.58969,624,,,,,,,,
FAD/PRFZ,Unknown,0.9864,0.58969,624,,,,,,,,
MUC/PDT,Asset Management,0.868,0.58972,624,,,,,,,,
JPC/NIE,Asset Management,0.8997,0.58972,624,,,,,,,,
EFSC/TFSL,Banks - Regional,0.8537,0.58973,624,,,,,,,,
FHN/GBCI,Banks - Regional,0.8519,0.58974,624,,,,,,,,
NRK/PPT,Asset Management,0.8916,0.58975,624,,,,,,,,
GATX/HRI,Rental & Leasing Services,0.8567,0.58976,624,,,,,,,,
BTA/SPXX,Asset Management,0.8847,0.58976,624,,,,,,,,
GDV/NUV,Asset Management,0.869,0.58976,624,,,,,,,,
SO/XEL,Utilities - Regulated Electric,0.9171,0.58977,624,,,,,,,,
PDT/WIW,Asset Management,0.8806,0.58979,624,,,,,,,,
CXH/LGI,Asset Management,0.8031,0.58981,624,,,,,,,,
FT/HQH,Asset Management,0.8742,0.58981,624,,,,,,,,
EFSC/TRMK,Banks - Regional,0.9516,0.58982,624,,,,,,,,
EEA/EMD,Asset Management,0.8134,0.58982,624,,,,,,,,
DNP/NVG,Asset Management,0.8862,0.58984,624,,,,,,,,
FCBC/LKFN,Banks - Regional,0.9106,0.58987,624,,,,,,,,
BDJ/HPI,Asset Management,0.9295,0.58988,624,,,,,,,,
FOF/PFD,Asset Management,0.8451,0.58988,624,,,,,,,,
BND/RTH,Unknown,0.8199,0.58989,624,,,,,,,,
BFC/PEBO,Banks - Regional,0.8915,0.5899,624,,,,,,,,
BYM/PFL,Asset Management,0.8977,0.58992,624,,,,,,,,
DNP/NUV,Asset Management,0.8801,0.58994,624,,,,,,,,
PHO/PUI,Unknown,0.9259,0.58994,624,,,,,,,,
MUA/TROW,Asset Management,0.8542,0.58995,624,,,,,,,,
BXMX/MQT,Asset Management,0.8229,0.58997,624,,,,,,,,
JCE/NUV,Asset Management,0.8248,0.58999,624,,,,,,,,
GJO/VCLT,Unknown,0.8016,0.59,624,,,,,,,,
MYI/PFL,Asset Management,0.9027,0.59002,624,,,,,,,,
ALRS/BCBP,Banks - Regional,0.83,0.59003,624,,,,,,,,
LMT/RTX,Aerospace & Defense,0.9257,0.59003,624,,,,,,,,
FMN/QQQX,Asset Management,0.8095,0.59005,624,,,,,,,,
TFC/UBSI,Banks - Regional,0.8584,0.59007,624,,,,,,,,
EFR/NZF,Asset Management,0.8166,0.59008,624,,,,,,,,
GDV/MIY,Asset Management,0.8693,0.59008,624,,,,,,,,
OPBK/PWOD,Banks - Regional,0.8668,0.59012,624,,,,,,,,
ARCC/NXJ,Asset Management,0.8337,0.59013,624,,,,,,,,
FRME/SYBT,Banks - Regional,0.8814,0.59015,624,,,,,,,,
FNF/MTG,Insurance - Specialty,0.9227,0.59016,624,,,,,,,,
NUV/WIW,Asset Management,0.8763,0.59016,624,,,,,,,,
FEX/IGF,Unknown,0.9729,0.59017,624,,,,,,,,
MYI/USA,Asset Management,0.8255,0.59017,624,,,,,,,,
JLS/NVG,Asset Management,0.8932,0.59018,624,,,,,,,,
EWBC/MNSB,Banks - Regional,0.8151,0.59021,624,,,,,,,,
CHI/JPC,Asset Management,0.8863,0.59022,624,,,,,,,,
BLE/IGR,Asset Management,0.8073,0.59024,624,,,,,,,,
OGE/XEL,Utilities - Regulated Electric,0.8996,0.59025,624,,,,,,,,
AFG/WTM,Insurance - Property & Casualty,0.9493,0.59026,624,,,,,,,,
PSL/QABA,Unknown,0.9092,0.59027,624,,,,,,,,
EFR/FHI,Asset Management,0.909,0.59027,624,,,,,,,,
PDT/SPE,Asset Management,0.8972,0.59028,624,,,,,,,,
JFR/NAN,Asset Management,0.8037,0.59028,624,,,,,,,,
CSQ/MCI,Asset Management,0.9251,0.5903,624,,,,,,,,
HTD/STT,Asset Management,0.8498,0.59031,624,,,,,,,,
LGI/NAN,Asset Management,0.8235,0.59031,624,,,,,,,,
BX/HYT,Asset Management,0.926,0.59032,624,,,,,,,,
HIO/IGD,Asset Management,0.9125,0.59035,624,,,,,,,,
GDV/VGM,Asset Management,0.8362,0.59035,624,,,,,,,,
IGA/PCF,Asset Management,0.9553,0.59038,624,,,,,,,,
FLC/NIE,Asset Management,0.8846,0.5904,624,,,,,,,,
AIZ/MKL,Insurance - Property & Casualty,0.9492,0.5904,624,,,,,,,,
BX/PCF,Asset Management,0.8911,0.59041,624,,,,,,,,
MNSB/TRST,Banks - Regional,0.8652,0.59042,624,,,,,,,,
IUSV/PEY,Unknown,0.9791,0.59043,624,,,,,,,,
CII/MMT,Asset Management,0.9381,0.59044,624,,,,,,,,
BPOP/CADE,Banks - Regional,0.8398,0.59044,624,,,,,,,,
PDT/PPT,Asset Management,0.9354,0.59051,624,,,,,,,,
DSGX/PAR,Software - Application,0.8991,0.59052,624,,,,,,,,
FOF/IQI,Asset Management,0.8501,0.59053,624,,,,,,,,
EHI/GAIN,Asset Management,0.8768,0.59055,624,,,,,,,,
EMB/IMCV,Unknown,0.8222,0.59057,624,,,,,,,,
FSFG/UBSI,Banks - Regional,0.8676,0.59061,624,,,,,,,,
NQP/PIM,Asset Management,0.8909,0.59065,624,,,,,,,,
CHY/MCR,Asset Management,0.9497,0.59068,624,,,,,,,,
ACNB/UMBF,Banks - Regional,0.8689,0.59069,624,,,,,,,,
BGY/RNP,Asset Management,0.9294,0.59071,624,,,,,,,,
EVF/MSD,Asset Management,0.8965,0.59072,624,,,,,,,,
AB/JPC,Asset Management,0.8575,0.59073,624,,,,,,,,
MGF/TDF,Asset Management,0.8062,0.59073,624,,,,,,,,
VKQ/VLT,Asset Management,0.8919,0.59074,624,,,,,,,,
DHIL/NKX,Asset Management,0.8057,0.59075,624,,,,,,,,
BGT/PIM,Asset Management,0.8418,0.59075,624,,,,,,,,
BDJ/NKX,Asset Management,0.8325,0.59076,624,,,,,,,,
BANR/FFIN,Banks - Regional,0.8729,0.59077,624,,,,,,,,
BDJ/MQT,Asset Management,0.8106,0.59079,624,,,,,,,,
MUJ/PFN,Asset Management,0.9202,0.59082,624,,,,,,,,
BCBP/CBAN,Banks - Regional,0.8106,0.59082,624,,,,,,,,
BX/FHI,Asset Management,0.8991,0.59084,624,,,,,,,,
IIF/NFJ,Asset Management,0.8832,0.59086,624,,,,,,,,
BCBP/TSBK,Banks - Regional,0.8532,0.59086,624,,,,,,,,
JOF/MYD,Asset Management,0.8391,0.59089,624,,,,,,,,
CXT/TNC,Specialty Industrial Machinery,0.8714,0.5909,624,,,,,,,,
BKT/BME,Asset Management,0.8159,0.59095,624,,,,,,,,
NNY/RVT,Asset Management,0.8259,0.59095,624,,,,,,,,
RQI/WIW,Asset Management,0.916,0.59096,624,,,,,,,,
CHI/MQT,Asset Management,0.8188,0.59097,624,,,,,,,,
ETG/GDO,Asset Management,0.9087,0.59097,624,,,,,,,,
AAXJ/IMCV,Unknown,0.8372,0.59097,624,,,,,,,,
FCBC/SBSI,Banks - Regional,0.8726,0.59098,624,,,,,,,,
FTCS/PFM,Unknown,0.9954,0.591,624,,,,,,,,
SPXX/VKQ,Asset Management,0.8149,0.591,624,,,,,,,,
BCML/UMBF,Banks - Regional,0.8351,0.59101,624,,,,,,,,
FITB/WABC,Banks - Regional,0.8077,0.59103,624,,,,,,,,
BXMX/NFJ,Asset Management,0.9602,0.59104,624,,,,,,,,
CHI/MCR,Asset Management,0.944,0.59104,624,,,,,,,,
NIE/RVT,Asset Management,0.9838,0.59107,624,,,,,,,,
PMO/UTF,Asset Management,0.9188,0.59108,624,,,,,,,,
AWF/CHW,Asset Management,0.9364,0.59108,624,,,,,,,,
BXMX/CIF,Asset Management,0.8742,0.59108,624,,,,,,,,
JHS/PCF,Asset Management,0.8917,0.59108,624,,,,,,,,
BGY/BRW,Asset Management,0.9043,0.59109,624,,,,,,,,
EVG/GCV,Asset Management,0.8631,0.5911,624,,,,,,,,
EXG/FLC,Asset Management,0.9003,0.59111,624,,,,,,,,
SYBT/TFSL,Banks - Regional,0.8295,0.59111,624,,,,,,,,
NMZ/PTY,Asset Management,0.9104,0.59111,624,,,,,,,,
ETG/MFM,Asset Management,0.8053,0.59113,624,,,,,,,,
FHN/TFC,Banks - Regional,0.8214,0.59115,624,,,,,,,,
CHI/FFC,Asset Management,0.8739,0.59116,624,,,,,,,,
HIO/SPXX,Asset Management,0.9475,0.59117,624,,,,,,,,
NATH/SBUX,Restaurants,0.8421,0.59117,624,,,,,,,,
EFR/VPV,Asset Management,0.8018,0.59119,624,,,,,,,,
NMI/SEIC,Asset Management,0.8507,0.59119,624,,,,,,,,
FFIN/PGC,Banks - Regional,0.8314,0.59119,624,,,,,,,,
ADX/NXN,Asset Management,0.8506,0.5912,624,,,,,,,,
NVG/PPT,Asset Management,0.9191,0.59121,624,,,,,,,,
IMCV/PSL,Unknown,0.9821,0.59121,624,,,,,,,,
HYT/IGD,Asset Management,0.935,0.59122,624,,,,,,,,
BOE/RQI,Asset Management,0.9506,0.59124,624,,,,,,,,
CSQ/GCV,Asset Management,0.8953,0.59125,624,,,,,,,,
FDBC/UBCP,Banks - Regional,0.8461,0.59127,624,,,,,,,,
CHY/SEIC,Asset Management,0.8487,0.59128,624,,,,,,,,
FFA/RQI,Asset Management,0.9638,0.59129,624,,,,,,,,
BLDR/SPXC,Building Products & Equipment,0.9416,0.59129,624,,,,,,,,
BLK/MQT,Asset Management,0.8141,0.5913,624,,,,,,,,
OSBC/ZIONP,Banks - Regional,0.8521,0.59131,624,,,,,,,,
BR/HCKT,Information Technology Services,0.9374,0.59132,624,,,,,,,,
JLS/VCV,Asset Management,0.8966,0.59136,624,,,,,,,,
CHY/NVG,Asset Management,0.8713,0.59136,624,,,,,,,,
AFB/DHF,Asset Management,0.8622,0.59137,624,,,,,,,,
ACNB/UBFO,Banks - Regional,0.9328,0.59137,624,,,,,,,,
CAT/OSK,Farm & Heavy Construction Machinery,0.8562,0.59139,624,,,,,,,,
BFC/UCB,Banks - Regional,0.8614,0.59143,624,,,,,,,,
BHK/EOI,Asset Management,0.8479,0.59143,624,,,,,,,,
AMP/PFL,Asset Management,0.8442,0.59144,624,,,,,,,,
FCBC/PWOD,Banks - Regional,0.8084,0.59147,624,,,,,,,,
CHW/CSWC,Asset Management,0.8915,0.59148,624,,,,,,,,
EVR/GS,Capital Markets,0.9712,0.59151,624,,,,,,,,
EEA/UTF,Asset Management,0.9431,0.59151,624,,,,,,,,
QTEC/SWZ,Unknown,0.9515,0.59154,624,,,,,,,,
AFB/ETB,Asset Management,0.8417,0.59155,624,,,,,,,,
BYM/NIE,Asset Management,0.8139,0.59155,624,,,,,,,,
HFBL/PNC,Banks - Regional,0.871,0.59156,624,,,,,,,,
IGD/PHD,Asset Management,0.9464,0.59156,624,,,,,,,,
FFA/VBF,Asset Management,0.8949,0.59157,624,,,,,,,,
PML/TROW,Asset Management,0.8284,0.59159,624,,,,,,,,
EFT/FLC,Asset Management,0.8364,0.5916,624,,,,,,,,
ABCB/CCBG,Banks - Regional,0.8937,0.5916,624,,,,,,,,
LGI/NXC,Asset Management,0.8286,0.5916,624,,,,,,,,
EVT/SEIC,Asset Management,0.9085,0.59163,624,,,,,,,,
NQP/PDT,Asset Management,0.94,0.59163,624,,,,,,,,
DVY/PFI,Unknown,0.9701,0.59165,624,,,,,,,,
SHBI/UBFO,Banks - Regional,0.8537,0.59165,624,,,,,,,,
EHI/SPE,Asset Management,0.9011,0.59167,624,,,,,,,,
FLC/GF,Asset Management,0.8976,0.59168,624,,,,,,,,
FMN/PDT,Asset Management,0.8747,0.59168,624,,,,,,,,
CHW/MIN,Asset Management,0.9265,0.59168,624,,,,,,,,
PFO/SPE,Asset Management,0.8351,0.59169,624,,,,,,,,
EOI/MPA,Asset Management,0.8104,0.5917,624,,,,,,,,
EFT/NXJ,Asset Management,0.8556,0.59171,624,,,,,,,,
BGY/PFG,Asset Management,0.9147,0.59171,624,,,,,,,,
CHI/NVG,Asset Management,0.8602,0.59173,624,,,,,,,,
JCE/MIN,Asset Management,0.872,0.59174,624,,,,,,,,
IIF/JPC,Asset Management,0.8406,0.59176,624,,,,,,,,
MMT/RMT,Asset Management,0.9502,0.59178,624,,,,,,,,
ETG/HPF,Asset Management,0.9396,0.59179,624,,,,,,,,
FAD/GRID,Unknown,0.9675,0.59179,624,,,,,,,,
CHI/NUV,Asset Management,0.8521,0.59182,624,,,,,,,,
MUJ/UTF,Asset Management,0.8974,0.59183,624,,,,,,,,
CVLG/KNX,Trucking,0.8288,0.59188,624,,,,,,,,
FOF/GDO,Asset Management,0.9206,0.59189,624,,,,,,,,
HTD/NAC,Asset Management,0.8563,0.59191,624,,,,,,,,
GCV/PCN,Asset Management,0.9212,0.59191,624,,,,,,,,
PHO/WOOD,Unknown,0.9177,0.59193,624,,,,,,,,
LII/SPXC,Building Products & Equipment,0.9525,0.59193,624,,,,,,,,
FT/MCI,Asset Management,0.9134,0.59195,624,,,,,,,,
CSQ/SWKH,Asset Management,0.8392,0.59196,624,,,,,,,,
CII/HQH,Asset Management,0.8472,0.59198,624,,,,,,,,
GF/NAC,Asset Management,0.8351,0.592,624,,,,,,,,
ACWI/DVY,Unknown,0.9763,0.59203,624,,,,,,,,
JEQ/RCS,Asset Management,0.8014,0.59203,624,,,,,,,,
FT/MUE,Asset Management,0.8265,0.59205,624,,,,,,,,
CNOB/SBCF,Banks - Regional,0.9186,0.59206,624,,,,,,,,
PEZ/PHO,Unknown,0.9597,0.59206,624,,,,,,,,
BTZ/MHD,Asset Management,0.8742,0.59206,624,,,,,,,,
CSQ/NIM,Asset Management,0.8602,0.59207,624,,,,,,,,
IGD/NXP,Asset Management,0.8349,0.59207,624,,,,,,,,
PFN/SEIC,Asset Management,0.9205,0.59207,624,,,,,,,,
DNP/MFM,Asset Management,0.8459,0.5921,624,,,,,,,,
MUJ/PCN,Asset Management,0.9174,0.59211,624,,,,,,,,
EFR/NQP,Asset Management,0.8254,0.59211,624,,,,,,,,
GOF/MPV,Asset Management,0.923,0.59211,624,,,,,,,,
PFN/PMO,Asset Management,0.9379,0.59215,624,,,,,,,,
PRN/PTH,Unknown,0.8687,0.59216,624,,,,,,,,
EHI/ETB,Asset Management,0.9184,0.59216,624,,,,,,,,
FLC/JOF,Asset Management,0.8982,0.59217,624,,,,,,,,
BLK/NUV,Asset Management,0.8507,0.5922,624,,,,,,,,
NFJ/NRK,Asset Management,0.8204,0.5922,624,,,,,,,,
EMD/SPXX,Asset Management,0.8004,0.59223,624,,,,,,,,
PFM/QABA,Unknown,0.869,0.59224,624,,,,,,,,
NMZ/STK,Asset Management,0.8051,0.59224,624,,,,,,,,
ADX/MPA,Asset Management,0.8282,0.59225,624,,,,,,,,
FFA/NXN,Asset Management,0.8543,0.59226,624,,,,,,,,
BCML/CASH,Banks - Regional,0.8434,0.59229,624,,,,,,,,
DVY/PSL,Unknown,0.981,0.5923,624,,,,,,,,
ARCC/CGO,Asset Management,0.8881,0.5923,624,,,,,,,,
MUJ/PCF,Asset Management,0.8926,0.59231,624,,,,,,,,
CII/SCD,Asset Management,0.9581,0.59233,624,,,,,,,,
MCR/RVT,Asset Management,0.9507,0.59235,624,,,,,,,,
HPF/SPE,Asset Management,0.9201,0.59235,624,,,,,,,,
HIX/HPF,Asset Management,0.9203,0.59239,624,,,,,,,,
FCBC/FCNCA,Banks - Regional,0.8697,0.59242,624,,,,,,,,
FEX/IUSV,Unknown,0.9953,0.59243,624,,,,,,,,
CBSH/WTFC,Banks - Regional,0.8803,0.59243,624,,,,,,,,
BTO/MSD,Asset Management,0.8517,0.59244,624,,,,,,,,
ETW/MHD,Asset Management,0.8083,0.59245,624,,,,,,,,
EHI/GAB,Asset Management,0.9176,0.59247,624,,,,,,,,
ACNB/HBAN,Banks - Regional,0.9279,0.59247,624,,,,,,,,
RVT/SCD,Asset Management,0.9426,0.59247,624,,,,,,,,
AGX/DY,Engineering & Construction,0.8395,0.59248,624,,,,,,,,
ALRS/WABC,Banks - Regional,0.8299,0.59248,624,,,,,,,,
NQP/PZC,Asset Management,0.8677,0.59248,624,,,,,,,,
LGI/VBF,Asset Management,0.9073,0.59249,624,,,,,,,,
DNP/PTY,Asset Management,0.9353,0.59252,624,,,,,,,,
MRVL/RMBS,Semiconductors,0.8109,0.59253,624,,,,,,,,
CNOB/HFWA,Banks - Regional,0.8658,0.59254,624,,,,,,,,
JOF/MYN,Asset Management,0.8111,0.59255,624,,,,,,,,
IBKR/SNEX,Capital Markets,0.9564,0.59259,624,,,,,,,,
LGI/MIY,Asset Management,0.8521,0.59259,624,,,,,,,,
GDL/NAC,Asset Management,0.8251,0.59259,624,,,,,,,,
CSQ/FRA,Asset Management,0.962,0.5926,624,,,,,,,,
EMB/RTH,Unknown,0.8063,0.5926,624,,,,,,,,
BTA/GDL,Asset Management,0.8942,0.59261,624,,,,,,,,
BPOP/NBTB,Banks - Regional,0.898,0.59261,624,,,,,,,,
DSU/PAI,Asset Management,0.8307,0.59262,624,,,,,,,,
EOS/STEW,Asset Management,0.9818,0.59264,624,,,,,,,,
CHY/EHI,Asset Management,0.9395,0.59264,624,,,,,,,,
BDJ/RMT,Asset Management,0.9777,0.59265,624,,,,,,,,
CINF/MCY,Insurance - Property & Casualty,0.8265,0.59265,624,,,,,,,,
AB/PMO,Asset Management,0.85,0.59266,624,,,,,,,,
FFA/MHF,Asset Management,0.8979,0.59268,624,,,,,,,,
HIX/SPE,Asset Management,0.881,0.59268,624,,,,,,,,
DNP/GDL,Asset Management,0.9255,0.59269,624,,,,,,,,
ETG/MQY,Asset Management,0.8204,0.59269,624,,,,,,,,
CXH/EVT,Asset Management,0.8353,0.5927,624,,,,,,,,
EOI/IGA,Asset Management,0.9758,0.59271,624,,,,,,,,
BCBP/CCBG,Banks - Regional,0.8081,0.59272,624,,,,,,,,
BLK/EOD,Asset Management,0.9586,0.59275,624,,,,,,,,
ADX/BTZ,Asset Management,0.9366,0.59275,624,,,,,,,,
MPA/VLT,Asset Management,0.9051,0.59276,624,,,,,,,,
MHF/STEW,Asset Management,0.8875,0.59276,624,,,,,,,,
HYT/SWKH,Asset Management,0.8149,0.59281,624,,,,,,,,
SFST/UBFO,Banks - Regional,0.856,0.59282,624,,,,,,,,
CHI/IIF,Asset Management,0.8766,0.59283,624,,,,,,,,
MVF/RCS,Asset Management,0.8011,0.59283,624,,,,,,,,
ASG/DSU,Asset Management,0.8845,0.59284,624,,,,,,,,
ETW/PMO,Asset Management,0.9051,0.59284,624,,,,,,,,
FFC/NIE,Asset Management,0.8702,0.59285,624,,,,,,,,
BGY/HPS,Asset Management,0.8817,0.59286,624,,,,,,,,
HIO/HPF,Asset Management,0.9521,0.59287,624,,,,,,,,
EXG/IGR,Asset Management,0.9233,0.59288,624,,,,,,,,
TXN/VSH,Semiconductors,0.8564,0.59288,624,,,,,,,,
PNQI/QQXT,Unknown,0.9319,0.59289,624,,,,,,,,
PFBC/UBSI,Banks - Regional,0.9169,0.59292,624,,,,,,,,
EMD/JFR,Asset Management,0.8451,0.59292,624,,,,,,,,
ADX/SOR,Asset Management,0.981,0.59293,624,,,,,,,,
ETV/FHI,Asset Management,0.924,0.59295,624,,,,,,,,
MMT/PDT,Asset Management,0.9454,0.59295,624,,,,,,,,
DNP/IIM,Asset Management,0.8549,0.59296,624,,,,,,,,
EEA/PNNT,Asset Management,0.8447,0.59297,624,,,,,,,,
AOD/BRW,Asset Management,0.8948,0.59297,624,,,,,,,,
BLK/NPV,Asset Management,0.807,0.59297,624,,,,,,,,
RTX/WWD,Aerospace & Defense,0.9317,0.59298,624,,,,,,,,
MS/SNEX,Capital Markets,0.9455,0.59298,624,,,,,,,,
FXNC/UBCP,Banks - Regional,0.8855,0.59298,624,,,,,,,,
ALRS/FRAF,Banks - Regional,0.8469,0.59299,624,,,,,,,,
CHN/MUA,Asset Management,0.805,0.59303,624,,,,,,,,
BCML/ISBA,Banks - Regional,0.8227,0.59303,624,,,,,,,,
MUC/PIM,Asset Management,0.8039,0.59303,624,,,,,,,,
FFA/HQH,Asset Management,0.8555,0.59303,624,,,,,,,,
IGR/JEQ,Asset Management,0.8807,0.59303,624,,,,,,,,
FT/JLS,Asset Management,0.9043,0.59303,624,,,,,,,,
AX/HDB,Banks - Regional,0.8643,0.59305,624,,,,,,,,
CMCSA/TLK,Telecom Services,0.8069,0.59307,624,,,,,,,,
BGY/BXMX,Asset Management,0.9382,0.59307,624,,,,,,,,
ISBA/UBFO,Banks - Regional,0.8053,0.59307,624,,,,,,,,
MIN/PHD,Asset Management,0.8952,0.59309,624,,,,,,,,
EFT/MPA,Asset Management,0.8041,0.5931,624,,,,,,,,
ADX/VBF,Asset Management,0.8954,0.59311,624,,,,,,,,
ETJ/EVG,Asset Management,0.9514,0.59312,624,,,,,,,,
JCE/MYI,Asset Management,0.8209,0.59313,624,,,,,,,,
ADX/AGD,Asset Management,0.9612,0.59319,624,,,,,,,,
JHS/NIE,Asset Management,0.8429,0.59321,624,,,,,,,,
CXH/EVG,Asset Management,0.8246,0.59324,624,,,,,,,,
BANF/TRMK,Banks - Regional,0.8551,0.59325,624,,,,,,,,
FOF/NNY,Asset Management,0.8457,0.59327,624,,,,,,,,
FAD/IEUS,Unknown,0.9438,0.59327,624,,,,,,,,
AVY/PKG,Packaging & Containers,0.9382,0.59331,624,,,,,,,,
CIVB/STBA,Banks - Regional,0.9,0.59331,624,,,,,,,,
CHN/NZF,Asset Management,0.8399,0.59333,624,,,,,,,,
JOF/MVF,Asset Management,0.8086,0.59334,624,,,,,,,,
MIN/NFJ,Asset Management,0.8886,0.59335,624,,,,,,,,
BHK/ETW,Asset Management,0.9059,0.59336,624,,,,,,,,
GAM/GDO,Asset Management,0.8442,0.59337,624,,,,,,,,
BX/QQQX,Asset Management,0.9073,0.5934,624,,,,,,,,
MASI/QDEL,Medical Devices,0.8525,0.59341,624,,,,,,,,
PEZ/PFM,Unknown,0.9581,0.59342,624,,,,,,,,
EFR/NIM,Asset Management,0.8065,0.59345,624,,,,,,,,
PDP/SWZ,Unknown,0.9671,0.59345,624,,,,,,,,
INBK/MOFG,Banks - Regional,0.8793,0.59346,624,,,,,,,,
EEA/ETB,Asset Management,0.9313,0.59347,624,,,,,,,,
BLK/NRK,Asset Management,0.8337,0.59348,624,,,,,,,,
ACNB/LCNB,Banks - Regional,0.839,0.59349,624,,,,,,,,
PSL/VGIT,Unknown,0.8173,0.59351,624,,,,,,,,
PCF/PDT,Asset Management,0.947,0.59352,624,,,,,,,,
FMN/JOF,Asset Management,0.8155,0.59354,624,,,,,,,,
CII/WIA,Asset Management,0.853,0.59356,624,,,,,,,,
GAIN/HPI,Asset Management,0.8912,0.59356,624,,,,,,,,
PSL/WOOD,Unknown,0.9404,0.59357,624,,,,,,,,
GDV/NIM,Asset Management,0.8834,0.59361,624,,,,,,,,
CSQ/PNNT,Asset Management,0.8941,0.59361,624,,,,,,,,
JLS/MCI,Asset Management,0.8579,0.59362,624,,,,,,,,
BJK/PIO,Unknown,0.8009,0.59362,624,,,,,,,,
CII/VBF,Asset Management,0.8826,0.59366,624,,,,,,,,
GF/HIO,Asset Management,0.8343,0.59373,624,,,,,,,,
PFN/WIW,Asset Management,0.9074,0.59373,624,,,,,,,,
EFR/NAD,Asset Management,0.8033,0.59375,624,,,,,,,,
FOF/NAD,Asset Management,0.8749,0.59375,624,,,,,,,,
CXH/SOR,Asset Management,0.8172,0.59376,624,,,,,,,,
BN/RMT,Asset Management,0.9614,0.59377,624,,,,,,,,
LGI/MMT,Asset Management,0.9621,0.5938,624,,,,,,,,
FFIN/OPBK,Banks - Regional,0.8643,0.5938,624,,,,,,,,
AB/MMT,Asset Management,0.9191,0.5938,624,,,,,,,,
IEF/IEI,Unknown,0.9763,0.59385,624,,,,,,,,
AB/JLS,Asset Management,0.8019,0.59387,624,,,,,,,,
FLC/JLS,Asset Management,0.9104,0.59395,624,,,,,,,,
BX/CHI,Asset Management,0.9384,0.59395,624,,,,,,,,
IGA/MIN,Asset Management,0.8454,0.594,624,,,,,,,,
CRAI/EFX,Consulting Services,0.8684,0.59401,624,,,,,,,,
PFD/SPXX,Asset Management,0.8204,0.59401,624,,,,,,,,
NNY/PCM,Asset Management,0.9026,0.59403,624,,,,,,,,
GAIN/NXP,Asset Management,0.8801,0.59405,624,,,,,,,,
EWBC/FULT,Banks - Regional,0.9523,0.59406,624,,,,,,,,
HIO/MCI,Asset Management,0.8789,0.59406,624,,,,,,,,
IIF/JHI,Asset Management,0.8004,0.59409,624,,,,,,,,
GCV/MIY,Asset Management,0.8907,0.5941,624,,,,,,,,
AB/JHS,Asset Management,0.8063,0.59411,624,,,,,,,,
SBI/TY,Asset Management,0.8548,0.59411,624,,,,,,,,
NMZ/VTN,Asset Management,0.9471,0.59412,624,,,,,,,,
EHI/FCT,Asset Management,0.9244,0.59412,624,,,,,,,,
EMB/QQEW,Unknown,0.8269,0.59412,624,,,,,,,,
ALRS/QCRH,Banks - Regional,0.8251,0.59414,624,,,,,,,,
BXMX/HQH,Asset Management,0.8802,0.59415,624,,,,,,,,
IIM/NIE,Asset Management,0.8204,0.59415,624,,,,,,,,
MUE/PIM,Asset Management,0.8388,0.59418,624,,,,,,,,
CHI/VGM,Asset Management,0.8068,0.59419,624,,,,,,,,
CHY/JFR,Asset Management,0.9146,0.59419,624,,,,,,,,
JFR/NVG,Asset Management,0.802,0.5942,624,,,,,,,,
MCR/MPV,Asset Management,0.8706,0.59421,624,,,,,,,,
NFJ/NXJ,Asset Management,0.8806,0.59421,624,,,,,,,,
CHY/NZF,Asset Management,0.873,0.59423,624,,,,,,,,
EMB/PEZ,Unknown,0.8315,0.59424,624,,,,,,,,
ADX/RFI,Asset Management,0.9459,0.59425,624,,,,,,,,
SIGI/WRB,Insurance - Property & Casualty,0.9306,0.59425,624,,,,,,,,
FFIN/LKFN,Banks - Regional,0.9499,0.59426,624,,,,,,,,
ETG/HPI,Asset Management,0.9253,0.59428,624,,,,,,,,
BFC/UBSI,Banks - Regional,0.8426,0.59428,624,,,,,,,,
NWBI/PNC,Banks - Regional,0.8758,0.59431,624,,,,,,,,
AMP/FHI,Asset Management,0.929,0.59432,624,,,,,,,,
FITB/NBTB,Banks - Regional,0.9258,0.59432,624,,,,,,,,
INBK/PFS,Banks - Regional,0.839,0.59434,624,,,,,,,,
BFZ/NXJ,Asset Management,0.9287,0.59434,624,,,,,,,,
JCE/NXJ,Asset Management,0.879,0.59437,624,,,,,,,,
IFN/MSD,Asset Management,0.813,0.59437,624,,,,,,,,
JOF/MFM,Asset Management,0.8689,0.59439,624,,,,,,,,
MUE/TY,Asset Management,0.8517,0.59443,624,,,,,,,,
CHY/NUV,Asset Management,0.8644,0.59443,624,,,,,,,,
CSQ/GAB,Asset Management,0.9655,0.59443,624,,,,,,,,
PFBC/TRST,Banks - Regional,0.8579,0.59446,624,,,,,,,,
PID/WOOD,Unknown,0.8966,0.59453,624,,,,,,,,
CADE/UBSI,Banks - Regional,0.9138,0.59453,624,,,,,,,,
NVG/VLT,Asset Management,0.9138,0.59453,624,,,,,,,,
IGSB/QABA,Unknown,0.8238,0.59453,624,,,,,,,,
HBNC/HDB,Banks - Regional,0.8628,0.59454,624,,,,,,,,
GABC/STBA,Banks - Regional,0.8996,0.59455,624,,,,,,,,
EXG/NKX,Asset Management,0.8452,0.59456,624,,,,,,,,
FLC/MCN,Asset Management,0.8103,0.59456,624,,,,,,,,
FFIN/PFIS,Banks - Regional,0.8629,0.59457,624,,,,,,,,
HPS/MCN,Asset Management,0.9039,0.59459,624,,,,,,,,
IQI/PDT,Asset Management,0.9304,0.59459,624,,,,,,,,
EEA/PFG,Asset Management,0.9148,0.59461,624,,,,,,,,
GOF/JPC,Asset Management,0.9379,0.59461,624,,,,,,,,
IGIB/PYZ,Unknown,0.8504,0.59462,624,,,,,,,,
FEX/PEZ,Unknown,0.9715,0.59462,624,,,,,,,,
CHY/VMO,Asset Management,0.8066,0.59463,624,,,,,,,,
AMP/PTY,Asset Management,0.8706,0.59464,624,,,,,,,,
GDO/HPI,Asset Management,0.9579,0.59465,624,,,,,,,,
BTZ/JCE,Asset Management,0.9213,0.59467,624,,,,,,,,
IGA/NXC,Asset Management,0.8054,0.59467,624,,,,,,,,
PDT/RJF,Asset Management,0.847,0.59468,624,,,,,,,,
MFM/QQQX,Asset Management,0.8453,0.59468,624,,,,,,,,
CSQ/HQH,Asset Management,0.8455,0.5947,624,,,,,,,,
FFIN/SBSI,Banks - Regional,0.9401,0.59471,624,,,,,,,,
BFZ/TY,Asset Management,0.8339,0.59471,624,,,,,,,,
GDL/NKX,Asset Management,0.874,0.59472,624,,,,,,,,
AMP/DHF,Asset Management,0.8616,0.59473,624,,,,,,,,
PMO/PTY,Asset Management,0.9138,0.59474,624,,,,,,,,
FOF/PDT,Asset Management,0.9359,0.59474,624,,,,,,,,
CHW/EFR,Asset Management,0.91,0.59478,624,,,,,,,,
MCR/RJF,Asset Management,0.8589,0.59479,624,,,,,,,,
EXG/MFM,Asset Management,0.8095,0.59481,624,,,,,,,,
NXJ/UTF,Asset Management,0.931,0.59482,624,,,,,,,,
EHI/GDV,Asset Management,0.9358,0.59482,624,,,,,,,,
EOS/JQC,Asset Management,0.9462,0.59482,624,,,,,,,,
CHW/MCN,Asset Management,0.8811,0.59482,624,,,,,,,,
ADX/IGI,Asset Management,0.8172,0.59483,624,,,,,,,,
FAB/PFF,Unknown,0.9211,0.59484,624,,,,,,,,
MU/VSH,Semiconductors,0.8242,0.59485,624,,,,,,,,
IGA/IGR,Asset Management,0.8828,0.59491,624,,,,,,,,
JEQ/UTF,Asset Management,0.9141,0.59491,624,,,,,,,,
CXH/PDT,Asset Management,0.9152,0.59491,624,,,,,,,,
MYI/NIE,Asset Management,0.8284,0.59495,624,,,,,,,,
BIO/EW,Medical Devices,0.9324,0.59497,624,,,,,,,,
MYI/PHD,Asset Management,0.8354,0.59501,624,,,,,,,,
DECK/SKX,Footwear & Accessories,0.8187,0.59502,624,,,,,,,,
GBCI/STBA,Banks - Regional,0.8428,0.59503,624,,,,,,,,
FXNC/TFSL,Banks - Regional,0.8199,0.59503,624,,,,,,,,
IIF/VLT,Asset Management,0.8784,0.59506,624,,,,,,,,
EOS/NIM,Asset Management,0.8721,0.59507,624,,,,,,,,
IQI/JOF,Asset Management,0.8661,0.59507,624,,,,,,,,
ETY/MCR,Asset Management,0.9273,0.59508,624,,,,,,,,
FOF/NEA,Asset Management,0.8697,0.59509,624,,,,,,,,
OZK/ZIONP,Banks - Regional,0.8281,0.5951,624,,,,,,,,
NOC/RTX,Aerospace & Defense,0.922,0.59512,624,,,,,,,,
ACNB/CHMG,Banks - Regional,0.9435,0.59512,624,,,,,,,,
AB/NXJ,Asset Management,0.8629,0.59514,624,,,,,,,,
ARCC/FLC,Asset Management,0.8095,0.59516,624,,,,,,,,
BLK/NEA,Asset Management,0.8541,0.59516,624,,,,,,,,
PDP/VGIT,Unknown,0.8237,0.59516,624,,,,,,,,
INGR/PPC,Packaged Foods,0.875,0.59517,624,,,,,,,,
CHY/MUA,Asset Management,0.8027,0.59517,624,,,,,,,,
MQT/QQQX,Asset Management,0.8584,0.5952,624,,,,,,,,
MHN/RQI,Asset Management,0.8316,0.5952,624,,,,,,,,
LGI/NVG,Asset Management,0.8668,0.59522,624,,,,,,,,
JHS/SPE,Asset Management,0.8058,0.59522,624,,,,,,,,
EMB/PIO,Unknown,0.8186,0.59523,624,,,,,,,,
LGI/NUV,Asset Management,0.8536,0.59523,624,,,,,,,,
GOF/NIM,Asset Management,0.8911,0.59525,624,,,,,,,,
MHF/RJF,Asset Management,0.8192,0.59528,624,,,,,,,,
NFJ/RQI,Asset Management,0.9534,0.59529,624,,,,,,,,
SPXX/VGM,Asset Management,0.8064,0.59529,624,,,,,,,,
BKN/TY,Asset Management,0.8614,0.59532,624,,,,,,,,
BPOP/OSBC,Banks - Regional,0.8522,0.59533,624,,,,,,,,
FMAO/NWBI,Banks - Regional,0.8786,0.59535,624,,,,,,,,
PFG/TY,Asset Management,0.9182,0.59535,624,,,,,,,,
EXG/FFC,Asset Management,0.8867,0.59535,624,,,,,,,,
HIX/SCD,Asset Management,0.8329,0.59535,624,,,,,,,,
PIZ/QQXT,Unknown,0.9562,0.59537,624,,,,,,,,
PPBI/WABC,Banks - Regional,0.8525,0.59537,624,,,,,,,,
JLS/PMO,Asset Management,0.8809,0.59538,624,,,,,,,,
FCBC/RF,Banks - Regional,0.9429,0.5954,624,,,,,,,,
IEF/VGIT,Unknown,0.9846,0.5954,624,,,,,,,,
GSBC/ZION,Banks - Regional,0.9106,0.5954,624,,,,,,,,
CBU/SRCE,Banks - Regional,0.8904,0.59541,624,,,,,,,,
EOI/HQH,Asset Management,0.8396,0.59541,624,,,,,,,,
LEO/PIM,Asset Management,0.8329,0.59542,624,,,,,,,,
JLS/MPA,Asset Management,0.8771,0.59543,624,,,,,,,,
GCV/PIM,Asset Management,0.8875,0.59544,624,,,,,,,,
CASH/TFSL,Banks - Regional,0.8243,0.59544,624,,,,,,,,
CHN/NRK,Asset Management,0.8142,0.59545,624,,,,,,,,
MPA/RVT,Asset Management,0.8582,0.59545,624,,,,,,,,
EOD/HIX,Asset Management,0.8651,0.59549,624,,,,,,,,
ADX/PPT,Asset Management,0.8924,0.59549,624,,,,,,,,
FAD/PID,Unknown,0.9267,0.59549,624,,,,,,,,
NIM/PHK,Asset Management,0.8014,0.59549,624,,,,,,,,
BLK/DNP,Asset Management,0.8974,0.5955,624,,,,,,,,
CHW/GLAD,Asset Management,0.8758,0.59554,624,,,,,,,,
CHY/VKQ,Asset Management,0.8317,0.59555,624,,,,,,,,
SFST/THFF,Banks - Regional,0.8919,0.59555,624,,,,,,,,
ETV/SCD,Asset Management,0.9267,0.59557,624,,,,,,,,
FTC/PTH,Unknown,0.9236,0.59558,624,,,,,,,,
MCR/PDT,Asset Management,0.9518,0.59561,624,,,,,,,,
EVF/IGA,Asset Management,0.956,0.59563,624,,,,,,,,
MCR/TY,Asset Management,0.9738,0.59563,624,,,,,,,,
ETW/HYT,Asset Management,0.9599,0.59567,624,,,,,,,,
DVY/FEX,Unknown,0.9893,0.59569,624,,,,,,,,
CHI/IQI,Asset Management,0.8221,0.59569,624,,,,,,,,
TSBK/WABC,Banks - Regional,0.8741,0.59572,624,,,,,,,,
ETO/NPV,Asset Management,0.8081,0.59573,624,,,,,,,,
EVF/FFC,Asset Management,0.818,0.59573,624,,,,,,,,
GAIN/MFIC,Asset Management,0.8802,0.59573,624,,,,,,,,
LGI/NIM,Asset Management,0.8692,0.59574,624,,,,,,,,
AX/PFIS,Banks - Regional,0.894,0.59575,624,,,,,,,,
JFR/NAD,Asset Management,0.812,0.59575,624,,,,,,,,
CHI/VCV,Asset Management,0.8037,0.59576,624,,,,,,,,
FFIC/TRST,Banks - Regional,0.8414,0.59576,624,,,,,,,,
EFT/IGD,Asset Management,0.9528,0.5958,624,,,,,,,,
ADI/ON,Semiconductors,0.9115,0.5958,624,,,,,,,,
JOF/VGM,Asset Management,0.8477,0.59581,624,,,,,,,,
FMY/IGR,Asset Management,0.8521,0.59581,624,,,,,,,,
BNY/CIF,Asset Management,0.8479,0.59581,624,,,,,,,,
ADX/ETB,Asset Management,0.9569,0.59586,624,,,,,,,,
MHN/RNP,Asset Management,0.8221,0.59589,624,,,,,,,,
BHK/HQH,Asset Management,0.8769,0.5959,624,,,,,,,,
EOI/HPI,Asset Management,0.9071,0.59596,624,,,,,,,,
CHW/EOI,Asset Management,0.9195,0.59597,624,,,,,,,,
CNOB/NKSH,Banks - Regional,0.8585,0.59597,624,,,,,,,,
NAZ/NXJ,Asset Management,0.9271,0.59597,624,,,,,,,,
ACWI/BND,Unknown,0.8097,0.59597,624,,,,,,,,
ATO/SWX,Utilities - Regulated Gas,0.9065,0.59598,624,,,,,,,,
IQI/PPT,Asset Management,0.8887,0.596,624,,,,,,,,
PNFP/TRMK,Banks - Regional,0.9199,0.596,624,,,,,,,,
ACNB/ONB,Banks - Regional,0.9305,0.596,624,,,,,,,,
OSBC/SBSI,Banks - Regional,0.9119,0.59601,624,,,,,,,,
LKFN/UBSI,Banks - Regional,0.8994,0.59601,624,,,,,,,,
NIE/RFI,Asset Management,0.9575,0.59602,624,,,,,,,,
PIO/PSL,Unknown,0.9603,0.59602,624,,,,,,,,
GD/LMT,Aerospace & Defense,0.9581,0.59604,624,,,,,,,,
IGSB/PIO,Unknown,0.9586,0.59604,624,,,,,,,,
BKN/CHI,Asset Management,0.8151,0.59606,624,,,,,,,,
PFO/RVT,Asset Management,0.8841,0.59606,624,,,,,,,,
AB/NQP,Asset Management,0.8382,0.59607,624,,,,,,,,
AMKR/COHU,Semiconductor Equipment & Materials,0.8466,0.59608,624,,,,,,,,
JOF/PFD,Asset Management,0.8653,0.59612,624,,,,,,,,
BYM/PTY,Asset Management,0.8687,0.59612,624,,,,,,,,
FBNC/SYBT,Banks - Regional,0.9186,0.59616,624,,,,,,,,
HIFS/UBSI,Banks - Regional,0.8532,0.59616,624,,,,,,,,
LGI/NRK,Asset Management,0.84,0.59618,624,,,,,,,,
FFC/JOF,Asset Management,0.8936,0.59621,624,,,,,,,,
HPI/IGA,Asset Management,0.9247,0.59622,624,,,,,,,,
ING/UBS,Banks - Diversified,0.8741,0.59623,624,,,,,,,,
EOS/MYI,Asset Management,0.8331,0.59623,624,,,,,,,,
FHN/RF,Banks - Regional,0.8821,0.59626,624,,,,,,,,
AWF/IGD,Asset Management,0.9494,0.59626,624,,,,,,,,
BGY/RFI,Asset Management,0.9079,0.59627,624,,,,,,,,
JLS/NAC,Asset Management,0.8672,0.59627,624,,,,,,,,
IGA/WEA,Asset Management,0.8876,0.59627,624,,,,,,,,
DSU/PHK,Asset Management,0.8271,0.59628,624,,,,,,,,
IEUS/IUSG,Unknown,0.9095,0.59634,624,,,,,,,,
CIF/EEA,Asset Management,0.8769,0.59634,624,,,,,,,,
THG/WRB,Insurance - Property & Casualty,0.9257,0.59634,624,,,,,,,,
NMT/PIM,Asset Management,0.839,0.5964,624,,,,,,,,
ABCB/FFIN,Banks - Regional,0.8518,0.5964,624,,,,,,,,
MSD/STEW,Asset Management,0.8709,0.59642,624,,,,,,,,
FYX/PEY,Unknown,0.9766,0.59645,624,,,,,,,,
BHK/PIM,Asset Management,0.926,0.59646,624,,,,,,,,
PDP/VMBS,Unknown,0.8039,0.59647,624,,,,,,,,
CMA/PNC,Banks - Regional,0.8763,0.59649,624,,,,,,,,
JCE/NXC,Asset Management,0.8267,0.5965,624,,,,,,,,
BTZ/HTD,Asset Management,0.9389,0.59652,624,,,,,,,,
BX/TY,Asset Management,0.8959,0.59653,624,,,,,,,,
BHK/CHN,Asset Management,0.8595,0.59655,624,,,,,,,,
NCA/RMT,Asset Management,0.8072,0.59656,624,,,,,,,,
PAI/RVT,Asset Management,0.8624,0.59656,624,,,,,,,,
ECL/NEU,Specialty Chemicals,0.833,0.59657,624,,,,,,,,
NIM/STEW,Asset Management,0.8402,0.59657,624,,,,,,,,
CHH/H,Lodging,0.8768,0.59658,624,,,,,,,,
CHI/JHS,Asset Management,0.8521,0.59658,624,,,,,,,,
ABCB/MTB,Banks - Regional,0.9592,0.59663,624,,,,,,,,
EOI/MUJ,Asset Management,0.8154,0.59665,624,,,,,,,,
EOS/PPT,Asset Management,0.9045,0.59668,624,,,,,,,,
FFC/PFN,Asset Management,0.9473,0.59669,624,,,,,,,,
PIO/VCLT,Unknown,0.8123,0.59676,624,,,,,,,,
FSFG/OPOF,Banks - Regional,0.8547,0.59679,624,,,,,,,,
NFJ/OCSL,Asset Management,0.8382,0.59679,624,,,,,,,,
FFA/MMT,Asset Management,0.9505,0.5968,624,,,,,,,,
BTZ/NTRS,Asset Management,0.9125,0.59682,624,,,,,,,,
INBK/MTB,Banks - Regional,0.839,0.59685,624,,,,,,,,
JPC/STEW,Asset Management,0.907,0.59686,624,,,,,,,,
GAIN/GDO,Asset Management,0.8489,0.59687,624,,,,,,,,
JCE/NNY,Asset Management,0.8099,0.59687,624,,,,,,,,
AX/OSBC,Banks - Regional,0.8962,0.59688,624,,,,,,,,
AWF/CGO,Asset Management,0.9323,0.59689,624,,,,,,,,
GCV/NXC,Asset Management,0.8592,0.59692,624,,,,,,,,
JOF/PMO,Asset Management,0.8647,0.59693,624,,,,,,,,
EVT/NAZ,Asset Management,0.802,0.59694,624,,,,,,,,
ABCB/HDB,Banks - Regional,0.8732,0.59694,624,,,,,,,,
ACNB/FSFG,Banks - Regional,0.8833,0.59696,624,,,,,,,,
MUA/PTY,Asset Management,0.8687,0.59696,624,,,,,,,,
LGI/NXP,Asset Management,0.9208,0.59699,624,,,,,,,,
MSD/RJF,Asset Management,0.8025,0.59699,624,,,,,,,,
JOF/NZF,Asset Management,0.8918,0.597,624,,,,,,,,
CHI/NZF,Asset Management,0.8624,0.59701,624,,,,,,,,
JEQ/RNP,Asset Management,0.9134,0.59703,624,,,,,,,,
OPBK/USB,Banks - Regional,0.8917,0.5971,624,,,,,,,,
BJK/SWZ,Unknown,0.8336,0.59711,624,,,,,,,,
FFC/PHD,Asset Management,0.8561,0.59713,624,,,,,,,,
ACNB/UCB,Banks - Regional,0.8651,0.59714,624,,,,,,,,
BANF/BUSE,Banks - Regional,0.8041,0.59715,624,,,,,,,,
EVG/MCI,Asset Management,0.9372,0.59717,624,,,,,,,,
CMU/NTRS,Asset Management,0.8622,0.59718,624,,,,,,,,
AB/HPI,Asset Management,0.8663,0.59721,624,,,,,,,,
NUV/PCN,Asset Management,0.9302,0.59723,624,,,,,,,,
CMA/QCRH,Banks - Regional,0.8372,0.59725,624,,,,,,,,
MIN/PIM,Asset Management,0.9002,0.59726,624,,,,,,,,
BANF/HOMB,Banks - Regional,0.8662,0.59727,624,,,,,,,,
ETW/GDO,Asset Management,0.9373,0.5973,624,,,,,,,,
ABCB/HOPE,Banks - Regional,0.8027,0.59732,624,,,,,,,,
BKT/JOF,Asset Management,0.8006,0.59732,624,,,,,,,,
TVC/ZTR,,0.878,0.59732,624,,,,,,,,
BPOP/UCB,Banks - Regional,0.8494,0.59733,624,,,,,,,,
CSWC/HPS,Asset Management,0.9191,0.59733,624,,,,,,,,
JFR/PDT,Asset Management,0.8953,0.59735,624,,,,,,,,
CHI/RNP,Asset Management,0.9668,0.59736,624,,,,,,,,
CHY/NAD,Asset Management,0.87,0.59736,624,,,,,,,,
BYM/FT,Asset Management,0.856,0.59738,624,,,,,,,,
AOD/PDT,Asset Management,0.8938,0.59738,624,,,,,,,,
ETY/HQL,Asset Management,0.85,0.5974,624,,,,,,,,
MORN/MSCI,Financial Data & Stock Exchanges,0.9753,0.59745,624,,,,,,,,
PKW/WOOD,Unknown,0.9336,0.59745,624,,,,,,,,
EEA/VVR,Asset Management,0.9193,0.59746,624,,,,,,,,
BANF/SYBT,Banks - Regional,0.9502,0.59747,624,,,,,,,,
FCBC/WBS,Banks - Regional,0.9066,0.59751,624,,,,,,,,
PTH/QABA,Unknown,0.8245,0.59758,624,,,,,,,,
CHY/GDO,Asset Management,0.9151,0.59759,624,,,,,,,,
BYM/PCF,Asset Management,0.8635,0.59762,624,,,,,,,,
BTO/PHK,Asset Management,0.8401,0.59763,624,,,,,,,,
SWZ/USIG,Unknown,0.876,0.59763,624,,,,,,,,
RMT/STK,Asset Management,0.9658,0.59765,624,,,,,,,,
CHY/CXH,Asset Management,0.8069,0.59765,624,,,,,,,,
ETG/MSD,Asset Management,0.8798,0.59766,624,,,,,,,,
DNP/PCF,Asset Management,0.9285,0.59767,624,,,,,,,,
BLW/BTO,Asset Management,0.9282,0.5977,624,,,,,,,,
AX/ESSA,Banks - Regional,0.9046,0.59771,624,,,,,,,,
BHK/TDF,Asset Management,0.8071,0.59772,624,,,,,,,,
ETG/PFO,Asset Management,0.8713,0.59773,624,,,,,,,,
CGO/EVG,Asset Management,0.941,0.59774,624,,,,,,,,
BLK/PFD,Asset Management,0.8288,0.59776,624,,,,,,,,
MIN/PPT,Asset Management,0.8926,0.59776,624,,,,,,,,
MGF/TROW,Asset Management,0.8539,0.59777,624,,,,,,,,
PEBO/SYBT,Banks - Regional,0.8845,0.5978,624,,,,,,,,
EOI/RCS,Asset Management,0.8138,0.59781,624,,,,,,,,
ADX/NVG,Asset Management,0.8434,0.59781,624,,,,,,,,
NCA/SEIC,Asset Management,0.8721,0.59783,624,,,,,,,,
EOS/PFO,Asset Management,0.8665,0.5979,624,,,,,,,,
EQIX/PCH,REIT - Specialty,0.9184,0.5979,624,,,,,,,,
FMAO/WAFD,Banks - Regional,0.8647,0.59791,624,,,,,,,,
EOI/PAI,Asset Management,0.8207,0.59792,624,,,,,,,,
ARCC/VBF,Asset Management,0.8345,0.59794,624,,,,,,,,
ADX/SAR,Asset Management,0.9521,0.59794,624,,,,,,,,
ETY/JQC,Asset Management,0.9524,0.59794,624,,,,,,,,
PSL/TVE,Unknown,0.8465,0.59795,624,,,,,,,,
EEA/FFA,Asset Management,0.9542,0.59795,624,,,,,,,,
EVF/IGD,Asset Management,0.9442,0.59796,624,,,,,,,,
EHI/JFR,Asset Management,0.8951,0.59797,624,,,,,,,,
AX/CFFI,Banks - Regional,0.8846,0.59801,624,,,,,,,,
CHI/VVR,Asset Management,0.9232,0.59801,624,,,,,,,,
MVF/PCM,Asset Management,0.8159,0.59801,624,,,,,,,,
GAIN/HPF,Asset Management,0.9066,0.59802,624,,,,,,,,
CHW/SAR,Asset Management,0.9033,0.59803,624,,,,,,,,
INBK/USB,Banks - Regional,0.8729,0.59806,624,,,,,,,,
AOD/FUND,Asset Management,0.9609,0.59806,624,,,,,,,,
BLW/BRW,Asset Management,0.9476,0.59806,624,,,,,,,,
CHY/MCI,Asset Management,0.8613,0.59807,624,,,,,,,,
ADX/CHW,Asset Management,0.9346,0.59811,624,,,,,,,,
JOF/PHD,Asset Management,0.8492,0.59815,624,,,,,,,,
BPOP/GCBC,Banks - Regional,0.8959,0.59819,624,,,,,,,,
DNP/MHF,Asset Management,0.8973,0.59819,624,,,,,,,,
BTZ/BX,Asset Management,0.8426,0.59821,624,,,,,,,,
FLC/STT,Asset Management,0.8163,0.59823,624,,,,,,,,
BYM/NTRS,Asset Management,0.8675,0.59825,624,,,,,,,,
BHK/GDL,Asset Management,0.8747,0.59825,624,,,,,,,,
IJT/PYZ,Unknown,0.974,0.59826,624,,,,,,,,
CSWC/RQI,Asset Management,0.9351,0.59827,624,,,,,,,,
JCE/NRK,Asset Management,0.8114,0.59828,624,,,,,,,,
HPS/IGD,Asset Management,0.9241,0.59829,624,,,,,,,,
EVT/JHI,Asset Management,0.9352,0.59829,624,,,,,,,,
EVF/HPS,Asset Management,0.926,0.5983,624,,,,,,,,
IEUS/PUI,Unknown,0.9132,0.59835,624,,,,,,,,
CBSH/TRST,Banks - Regional,0.8717,0.5984,624,,,,,,,,
BLK/NXJ,Asset Management,0.8895,0.59842,624,,,,,,,,
SFST/TRST,Banks - Regional,0.892,0.59844,624,,,,,,,,
BFZ/PFL,Asset Management,0.8402,0.59845,624,,,,,,,,
ABCB/FCBC,Banks - Regional,0.9323,0.59846,624,,,,,,,,
ETO/MUE,Asset Management,0.824,0.59848,624,,,,,,,,
PHO/PIE,Unknown,0.834,0.59849,624,,,,,,,,
GAM/JOF,Asset Management,0.8299,0.5985,624,,,,,,,,
EWBC/TRMK,Banks - Regional,0.9115,0.59851,624,,,,,,,,
BKT/CIF,Asset Management,0.9095,0.59852,624,,,,,,,,
IJT/IMCV,Unknown,0.9822,0.59859,624,,,,,,,,
ACWX/DVY,Unknown,0.9431,0.59862,624,,,,,,,,
OPBK/OZK,Banks - Regional,0.8555,0.59864,624,,,,,,,,
NMI/NTRS,Asset Management,0.8508,0.59864,624,,,,,,,,
BCML/ZION,Banks - Regional,0.8766,0.59867,624,,,,,,,,
JOF/MMU,Asset Management,0.841,0.59867,624,,,,,,,,
CNOB/WABC,Banks - Regional,0.8177,0.5987,624,,,,,,,,
LGI/NZF,Asset Management,0.8712,0.5987,624,,,,,,,,
IUSV/PSL,Unknown,0.9768,0.59872,624,,,,,,,,
MHF/PHK,Asset Management,0.8372,0.59872,624,,,,,,,,
CHY/IQI,Asset Management,0.8342,0.59875,624,,,,,,,,
MUA/RCS,Asset Management,0.8401,0.59879,624,,,,,,,,
PIZ/WOOD,Unknown,0.9342,0.5988,624,,,,,,,,
JQC/PFD,Asset Management,0.8281,0.5988,624,,,,,,,,
HIO/HTD,Asset Management,0.9378,0.59882,624,,,,,,,,
BCML/CNOB,Banks - Regional,0.8385,0.59882,624,,,,,,,,
ACNB/EFSC,Banks - Regional,0.9384,0.59884,624,,,,,,,,
ETY/HYT,Asset Management,0.9754,0.59885,624,,,,,,,,
BCML/BPOP,Banks - Regional,0.8114,0.59886,624,,,,,,,,
LRCX/PLAB,Semiconductor Equipment & Materials,0.9112,0.59887,624,,,,,,,,
CHW/MGF,Asset Management,0.8569,0.59888,624,,,,,,,,
HPF/NFJ,Asset Management,0.9149,0.59889,624,,,,,,,,
MHD/PFL,Asset Management,0.8333,0.59889,624,,,,,,,,
MHF/MPV,Asset Management,0.8698,0.59889,624,,,,,,,,
HTD/QQQX,Asset Management,0.9585,0.59889,624,,,,,,,,
MPA/RCS,Asset Management,0.8026,0.59894,624,,,,,,,,
CMA/PPBI,Banks - Regional,0.9121,0.59896,624,,,,,,,,
EFT/NAD,Asset Management,0.8013,0.59897,624,,,,,,,,
LGI/MAIN,Asset Management,0.9419,0.59903,624,,,,,,,,
EFSC/FITB,Banks - Regional,0.9098,0.59905,624,,,,,,,,
BCBP/FMBH,Banks - Regional,0.8419,0.59905,624,,,,,,,,
CSQ/HQL,Asset Management,0.8495,0.59907,624,,,,,,,,
BANF/WAFD,Banks - Regional,0.8517,0.59908,624,,,,,,,,
NFJ/PMO,Asset Management,0.8541,0.59914,624,,,,,,,,
FFA/SCD,Asset Management,0.9683,0.59915,624,,,,,,,,
FT/SEIC,Asset Management,0.8926,0.59915,624,,,,,,,,
IGA/JPC,Asset Management,0.9195,0.59916,624,,,,,,,,
SHBI/UBSI,Banks - Regional,0.8166,0.59919,624,,,,,,,,
BYM/TY,Asset Management,0.8783,0.59922,624,,,,,,,,
AWP/RCS,Asset Management,0.8316,0.59922,624,,,,,,,,
FCBC/WSBC,Banks - Regional,0.8301,0.59923,624,,,,,,,,
EVT/MQY,Asset Management,0.8357,0.59923,624,,,,,,,,
AFG/STC,Insurance - Property & Casualty,0.9098,0.59927,624,,,,,,,,
JPC/USA,Asset Management,0.9,0.59927,624,,,,,,,,
AAON/AWI,Building Products & Equipment,0.8974,0.59928,624,,,,,,,,
FCBC/WABC,Banks - Regional,0.821,0.5993,624,,,,,,,,
HOMB/MTB,Banks - Regional,0.9185,0.5993,624,,,,,,,,
ASG/IFN,Asset Management,0.8779,0.5993,624,,,,,,,,
MPV/PFG,Asset Management,0.8955,0.59935,624,,,,,,,,
AB/HPF,Asset Management,0.8851,0.59935,624,,,,,,,,
ASG/FFA,Asset Management,0.932,0.59936,624,,,,,,,,
RMT/VBF,Asset Management,0.8954,0.59937,624,,,,,,,,
BLW/EVT,Asset Management,0.9763,0.59938,624,,,,,,,,
BCML/SHBI,Banks - Regional,0.8416,0.5994,624,,,,,,,,
JCE/NMZ,Asset Management,0.8492,0.5994,624,,,,,,,,
CHW/IGD,Asset Management,0.8946,0.59943,624,,,,,,,,
PCQ/VMO,Asset Management,0.8541,0.59944,624,,,,,,,,
BN/MQY,Asset Management,0.8161,0.59948,624,,,,,,,,
IJT/PIO,Unknown,0.971,0.59951,624,,,,,,,,
CHI/FHI,Asset Management,0.9006,0.59953,624,,,,,,,,
FFIN/UNTY,Banks - Regional,0.8493,0.59954,624,,,,,,,,
LAD/PAG,Auto & Truck Dealerships,0.8587,0.59954,624,,,,,,,,
CASH/OPBK,Banks - Regional,0.9003,0.59955,624,,,,,,,,
PDP/PRFZ,Unknown,0.9754,0.59955,624,,,,,,,,
NQP/UTF,Asset Management,0.9099,0.59957,624,,,,,,,,
FMBH/NBTB,Banks - Regional,0.9218,0.59958,624,,,,,,,,
CHY/MMT,Asset Management,0.9607,0.59962,624,,,,,,,,
FORTY/G,Information Technology Services,0.9449,0.59966,624,,,,,,,,
ASG/BTO,Asset Management,0.9014,0.59967,624,,,,,,,,
JHS/RVT,Asset Management,0.8619,0.59967,624,,,,,,,,
PDT/PFL,Asset Management,0.9633,0.59968,624,,,,,,,,
BLK/FUND,Asset Management,0.9568,0.59969,624,,,,,,,,
EMB/SCZ,Unknown,0.9114,0.59972,624,,,,,,,,
LGI/PFO,Asset Management,0.8691,0.59972,624,,,,,,,,
NNY/RMT,Asset Management,0.8126,0.59973,624,,,,,,,,
CMU/SEIC,Asset Management,0.8226,0.59974,624,,,,,,,,
EOI/RQI,Asset Management,0.9485,0.59974,624,,,,,,,,
BLE/JOF,Asset Management,0.8073,0.59976,624,,,,,,,,
MGF/PFL,Asset Management,0.8468,0.59976,624,,,,,,,,
ETY/NVG,Asset Management,0.8331,0.59978,624,,,,,,,,
ABCB/NWBI,Banks - Regional,0.9423,0.59979,624,,,,,,,,
ETW/RCS,Asset Management,0.8521,0.5998,624,,,,,,,,
AWF/FUND,Asset Management,0.9304,0.59981,624,,,,,,,,
BKN/PPT,Asset Management,0.8394,0.59982,624,,,,,,,,
EMB/FYX,Unknown,0.8186,0.59984,624,,,,,,,,
BN/JOF,Asset Management,0.8322,0.59985,624,,,,,,,,
EFT/PMO,Asset Management,0.8032,0.59988,624,,,,,,,,
EOI/NUV,Asset Management,0.8153,0.5999,624,,,,,,,,
BLE/JLS,Asset Management,0.8359,0.59994,624,,,,,,,,
GJO/SWZ,Unknown,0.9404,0.59997,624,,,,,,,,
CARE/HOPE,Banks - Regional,0.8038,0.59998,624,,,,,,,,
NNY/SEIC,Asset Management,0.8549,0.59998,624,,,,,,,,
JOF/NQP,Asset Management,0.844,0.59998,624,,,,,,,,
HTD/MUC,Asset Management,0.8178,0.59999,624,,,,,,,,
BTZ/ETY,Asset Management,0.9217,0.6,624,,,,,,,,
JLS/MQT,Asset Management,0.8622,0.60001,624,,,,,,,,
EOS/RVT,Asset Management,0.9805,0.60002,624,,,,,,,,
BPOP/SRCE,Banks - Regional,0.8849,0.60002,624,,,,,,,,
FMAO/NBTB,Banks - Regional,0.836,0.60003,624,,,,,,,,
GDV/NEA,Asset Management,0.8642,0.60003,624,,,,,,,,
IJT/PRN,Unknown,0.9502,0.60004,624,,,,,,,,
IGIB/IMCV,Unknown,0.8733,0.60005,624,,,,,,,,
CNA/WRB,Insurance - Property & Casualty,0.9386,0.60005,624,,,,,,,,
ACWX/IMCV,Unknown,0.9551,0.60005,624,,,,,,,,
AFL/UNM,Insurance - Life,0.8735,0.60006,624,,,,,,,,
IGA/NUV,Asset Management,0.805,0.60007,624,,,,,,,,
AX/CCBG,Banks - Regional,0.9059,0.60008,624,,,,,,,,
MIN/NIE,Asset Management,0.9136,0.60011,624,,,,,,,,
AXON/HEI,Aerospace & Defense,0.8919,0.60013,624,,,,,,,,
QCRH/UBFO,Banks - Regional,0.9071,0.60013,624,,,,,,,,
ADX/MIY,Asset Management,0.8295,0.60013,624,,,,,,,,
HIO/PDT,Asset Management,0.9288,0.60014,624,,,,,,,,
ETG/RQI,Asset Management,0.9713,0.60018,624,,,,,,,,
BHK/PCN,Asset Management,0.9469,0.60021,624,,,,,,,,
FFA/NZF,Asset Management,0.8541,0.60022,624,,,,,,,,
EEA/MCN,Asset Management,0.9347,0.60022,624,,,,,,,,
AFB/RNP,Asset Management,0.8608,0.60023,624,,,,,,,,
FAB/SCZ,Unknown,0.9355,0.60024,624,,,,,,,,
CHI/MCI,Asset Management,0.8657,0.60024,624,,,,,,,,
BLK/NAN,Asset Management,0.8261,0.60025,624,,,,,,,,
NKX/PIM,Asset Management,0.8852,0.60027,624,,,,,,,,
BBVA/HSBC,Banks - Diversified,0.8485,0.60028,624,,,,,,,,
CRAI/FCN,Consulting Services,0.898,0.60028,624,,,,,,,,
PFG/SOR,Asset Management,0.9545,0.60028,624,,,,,,,,
BTZ/CHI,Asset Management,0.9426,0.60029,624,,,,,,,,
DSU/NAN,Asset Management,0.8026,0.60029,624,,,,,,,,
BCML/PPBI,Banks - Regional,0.8041,0.60031,624,,,,,,,,
CMA/STBA,Banks - Regional,0.8553,0.60031,624,,,,,,,,
DVY/IJT,Unknown,0.9785,0.60034,624,,,,,,,,
BLK/GLAD,Asset Management,0.9569,0.60035,624,,,,,,,,
NIE/SEIC,Asset Management,0.8777,0.60035,624,,,,,,,,
NFJ/NMZ,Asset Management,0.8523,0.60035,624,,,,,,,,
BKT/HQL,Asset Management,0.8448,0.60036,624,,,,,,,,
NAC/RQI,Asset Management,0.8523,0.60036,624,,,,,,,,
PFL/SEIC,Asset Management,0.9135,0.60039,624,,,,,,,,
FTCS/SWZ,Unknown,0.9703,0.6004,624,,,,,,,,
EHI/EOI,Asset Management,0.8965,0.60044,624,,,,,,,,
EFT/JPC,Asset Management,0.8916,0.60045,624,,,,,,,,
JCE/NAN,Asset Management,0.8079,0.60047,624,,,,,,,,
CHI/JFR,Asset Management,0.9203,0.60051,624,,,,,,,,
FFC/PCF,Asset Management,0.914,0.60051,624,,,,,,,,
MYI/TY,Asset Management,0.8912,0.60052,624,,,,,,,,
CNOB/FFBC,Banks - Regional,0.8857,0.60054,624,,,,,,,,
DNP/PFG,Asset Management,0.8941,0.60056,624,,,,,,,,
CHI/FRA,Asset Management,0.9269,0.60057,624,,,,,,,,
HIO/JCE,Asset Management,0.9445,0.60062,624,,,,,,,,
MANH/SAP,Software - Application,0.8653,0.60063,624,,,,,,,,
FAD/QCLN,Unknown,0.8031,0.60065,624,,,,,,,,
CXH/ETW,Asset Management,0.8709,0.60066,624,,,,,,,,
CHY/PFO,Asset Management,0.8756,0.60069,624,,,,,,,,
IGA/MHF,Asset Management,0.8845,0.60073,624,,,,,,,,
FAD/PFM,Unknown,0.9871,0.60077,624,,,,,,,,
BKN/PTY,Asset Management,0.849,0.60082,624,,,,,,,,
PIO/PRFZ,Unknown,0.9713,0.60083,624,,,,,,,,
EXG/PFD,Asset Management,0.8367,0.60084,624,,,,,,,,
FRA/HPS,Asset Management,0.9102,0.60085,624,,,,,,,,
STK/TROW,Asset Management,0.8317,0.60087,624,,,,,,,,
BYM/EVT,Asset Management,0.8501,0.60088,624,,,,,,,,
AX/CZNC,Banks - Regional,0.8413,0.6009,624,,,,,,,,
PMO/TY,Asset Management,0.921,0.6009,624,,,,,,,,
ETW/HIX,Asset Management,0.9139,0.60092,624,,,,,,,,
EVN/EVT,Asset Management,0.8528,0.60093,624,,,,,,,,
HFBL/SYBT,Banks - Regional,0.8408,0.60094,624,,,,,,,,
BKT/CHN,Asset Management,0.8461,0.60094,624,,,,,,,,
JEQ/PML,Asset Management,0.809,0.60099,624,,,,,,,,
CHW/IIF,Asset Management,0.8351,0.601,624,,,,,,,,
ETO/NAZ,Asset Management,0.8068,0.601,624,,,,,,,,
FOF/MQT,Asset Management,0.8304,0.60101,624,,,,,,,,
CHI/NEA,Asset Management,0.8559,0.60105,624,,,,,,,,
JFR/PMO,Asset Management,0.81,0.60107,624,,,,,,,,
CGO/SAR,Asset Management,0.9048,0.60107,624,,,,,,,,
FSFG/OCFC,Banks - Regional,0.8425,0.60111,624,,,,,,,,
ADX/EVN,Asset Management,0.8082,0.60112,624,,,,,,,,
BLK/MAIN,Asset Management,0.9461,0.60112,624,,,,,,,,
DHIL/MUJ,Asset Management,0.8025,0.60113,624,,,,,,,,
NFJ/NIM,Asset Management,0.8574,0.60116,624,,,,,,,,
CSWC/IGR,Asset Management,0.8655,0.60116,624,,,,,,,,
NRK/TROW,Asset Management,0.8839,0.60118,624,,,,,,,,
GAIN/MSD,Asset Management,0.8232,0.60118,624,,,,,,,,
CSWC/QQQX,Asset Management,0.9427,0.60118,624,,,,,,,,
EOI/NXC,Asset Management,0.8055,0.60119,624,,,,,,,,
AOS/ROK,Specialty Industrial Machinery,0.9403,0.60121,624,,,,,,,,
GDV/MQY,Asset Management,0.8389,0.60122,624,,,,,,,,
SYBT/USB,Banks - Regional,0.8158,0.60124,624,,,,,,,,
LGI/MCR,Asset Management,0.9498,0.60124,624,,,,,,,,
NUW/PHK,Asset Management,0.8018,0.60125,624,,,,,,,,
DNP/HQL,Asset Management,0.8547,0.60128,624,,,,,,,,
HEI/TXT,Aerospace & Defense,0.8702,0.60132,624,,,,,,,,
BHK/CHW,Asset Management,0.9467,0.60133,624,,,,,,,,
HTD/MQY,Asset Management,0.8609,0.60134,624,,,,,,,,
NTRS/NXP,Asset Management,0.8733,0.60134,624,,,,,,,,
GAIN/NVG,Asset Management,0.803,0.60134,624,,,,,,,,
PNC/TRMK,Banks - Regional,0.9269,0.60135,624,,,,,,,,
CASH/ISBA,Banks - Regional,0.8258,0.60136,624,,,,,,,,
FLC/PIM,Asset Management,0.9323,0.6014,624,,,,,,,,
BTZ/IFN,Asset Management,0.8738,0.6014,624,,,,,,,,
MNSB/VLY,Banks - Regional,0.8327,0.60141,624,,,,,,,,
IIM/PCM,Asset Management,0.8769,0.60141,624,,,,,,,,
FOF/PMO,Asset Management,0.8841,0.60142,624,,,,,,,,
BTA/EFT,Asset Management,0.8375,0.60144,624,,,,,,,,
JCE/PMM,Asset Management,0.8443,0.60144,624,,,,,,,,
ETO/PFO,Asset Management,0.8977,0.60146,624,,,,,,,,
GDV/PFD,Asset Management,0.8526,0.60147,624,,,,,,,,
MQY/VLT,Asset Management,0.8805,0.60148,624,,,,,,,,
GCV/NVG,Asset Management,0.9069,0.60149,624,,,,,,,,
CMG/MCD,Restaurants,0.8962,0.6015,624,,,,,,,,
CINF/WRB,Insurance - Property & Casualty,0.9493,0.6015,624,,,,,,,,
IEUS/PPH,Unknown,0.8816,0.60152,624,,,,,,,,
BYM/VLT,Asset Management,0.8852,0.60153,624,,,,,,,,
AFB/PCN,Asset Management,0.885,0.60154,624,,,,,,,,
ETG/IGR,Asset Management,0.9245,0.60154,624,,,,,,,,
CFFI/SYBT,Banks - Regional,0.8664,0.60155,624,,,,,,,,
EOI/MMT,Asset Management,0.934,0.60155,624,,,,,,,,
FFA/IGI,Asset Management,0.8144,0.60161,624,,,,,,,,
MFM/PCF,Asset Management,0.856,0.60161,624,,,,,,,,
NXP/QQQX,Asset Management,0.9464,0.60162,624,,,,,,,,
PIO/PKW,Unknown,0.9763,0.60163,624,,,,,,,,
ETY/MPA,Asset Management,0.8182,0.60165,624,,,,,,,,
CBU/FCBC,Banks - Regional,0.8595,0.60165,624,,,,,,,,
CBU/CFR,Banks - Regional,0.8851,0.60174,624,,,,,,,,
NVG/TDF,Asset Management,0.8115,0.60176,624,,,,,,,,
ETW/MUE,Asset Management,0.855,0.60177,624,,,,,,,,
FOF/VMO,Asset Management,0.8164,0.60177,624,,,,,,,,
NQP/PCQ,Asset Management,0.8101,0.60177,624,,,,,,,,
BYM/SOR,Asset Management,0.818,0.60178,624,,,,,,,,
HTD/PHD,Asset Management,0.9191,0.60178,624,,,,,,,,
FFIN/HBAN,Banks - Regional,0.911,0.60178,624,,,,,,,,
AMP/CNS,Asset Management,0.9171,0.60178,624,,,,,,,,
ETG/OCSL,Asset Management,0.8151,0.60179,624,,,,,,,,
ETG/NMZ,Asset Management,0.8744,0.6018,624,,,,,,,,
EOS/MUJ,Asset Management,0.849,0.60181,624,,,,,,,,
BFC/RF,Banks - Regional,0.9418,0.60182,624,,,,,,,,
MFM/SPXX,Asset Management,0.8106,0.60182,624,,,,,,,,
JCE/NQP,Asset Management,0.852,0.60182,624,,,,,,,,
IGSB/PRN,Unknown,0.9418,0.60184,624,,,,,,,,
CSWC/PHD,Asset Management,0.953,0.60186,624,,,,,,,,
BCBP/UBSI,Banks - Regional,0.8381,0.60188,624,,,,,,,,
BANR/BPOP,Banks - Regional,0.8449,0.60194,624,,,,,,,,
CMU/PCF,Asset Management,0.8206,0.60199,624,,,,,,,,
FFA/RVT,Asset Management,0.9855,0.602,624,,,,,,,,
CHY/JHS,Asset Management,0.863,0.60201,624,,,,,,,,
FTCS/PIO,Unknown,0.9801,0.60203,624,,,,,,,,
NJR/SWX,Utilities - Regulated Gas,0.917,0.60203,624,,,,,,,,
EOD/WIA,Asset Management,0.8378,0.60205,624,,,,,,,,
FFIN/TOWN,Banks - Regional,0.8655,0.60205,624,,,,,,,,
JLS/LEO,Asset Management,0.8425,0.6021,624,,,,,,,,
CSQ/PSEC,Asset Management,0.8747,0.60211,624,,,,,,,,
IGD/NMZ,Asset Management,0.8053,0.60215,624,,,,,,,,
DSU/PDT,Asset Management,0.8857,0.60217,624,,,,,,,,
IIM/RVT,Asset Management,0.8348,0.60218,624,,,,,,,,
AB/GDO,Asset Management,0.8633,0.6022,624,,,,,,,,
AFB/RQI,Asset Management,0.8681,0.60223,624,,,,,,,,
BKN/USA,Asset Management,0.8004,0.60225,624,,,,,,,,
BFZ/ETW,Asset Management,0.8346,0.60225,624,,,,,,,,
BPOP/WSFS,Banks - Regional,0.8166,0.60226,624,,,,,,,,
ACWX/PEY,Unknown,0.9348,0.60227,624,,,,,,,,
FRME/PROV,Banks - Regional,0.8412,0.6023,624,,,,,,,,
AB/VBF,Asset Management,0.8623,0.60232,624,,,,,,,,
MYD/RCS,Asset Management,0.8216,0.60232,624,,,,,,,,
FEX/PEY,Unknown,0.982,0.60237,624,,,,,,,,
SHV/VGSH,Unknown,0.9028,0.60237,624,,,,,,,,
ALRS/HWBK,Banks - Regional,0.837,0.60239,624,,,,,,,,
BCBP/HOMB,Banks - Regional,0.8016,0.6024,624,,,,,,,,
CHY/NXJ,Asset Management,0.899,0.60241,624,,,,,,,,
OZK/WAFD,Banks - Regional,0.8376,0.60243,624,,,,,,,,
VCSH/VMBS,Unknown,0.8975,0.60245,624,,,,,,,,
EVG/PNNT,Asset Management,0.8985,0.60245,624,,,,,,,,
ADX/NAD,Asset Management,0.8446,0.60246,624,,,,,,,,
GAM/RCS,Asset Management,0.8419,0.60248,624,,,,,,,,
IGSB/PHO,Unknown,0.9444,0.60248,624,,,,,,,,
EMD/FRA,Asset Management,0.8026,0.60253,624,,,,,,,,
BKT/JEQ,Asset Management,0.8522,0.60254,624,,,,,,,,
CMA/WAL,Banks - Regional,0.8857,0.60255,624,,,,,,,,
ASG/FHI,Asset Management,0.8287,0.60255,624,,,,,,,,
NOC/TXT,Aerospace & Defense,0.9071,0.60256,624,,,,,,,,
ETO/GF,Asset Management,0.8053,0.60257,624,,,,,,,,
IGA/PAI,Asset Management,0.8281,0.60258,624,,,,,,,,
FFC/PTY,Asset Management,0.9197,0.60259,624,,,,,,,,
PDP/VCLT,Unknown,0.8463,0.60259,624,,,,,,,,
BND/QQXT,Unknown,0.8404,0.60259,624,,,,,,,,
MBB/PNQI,Unknown,0.8697,0.60262,624,,,,,,,,
SYBT/TOWN,Banks - Regional,0.9253,0.60263,624,,,,,,,,
JCE/NIM,Asset Management,0.8476,0.60264,624,,,,,,,,
CGO/EMD,Asset Management,0.876,0.60266,624,,,,,,,,
PTH/SWZ,Unknown,0.9062,0.60267,624,,,,,,,,
JFR/JPC,Asset Management,0.9157,0.60267,624,,,,,,,,
EFSC/SYBT,Banks - Regional,0.9148,0.60269,624,,,,,,,,
EFT/PIM,Asset Management,0.8655,0.60272,624,,,,,,,,
JFR/NKX,Asset Management,0.8054,0.60274,624,,,,,,,,
OFG/SMBC,Banks - Regional,0.828,0.60275,624,,,,,,,,
CZFS/ISBA,Banks - Regional,0.8393,0.60276,624,,,,,,,,
CMA/TCBK,Banks - Regional,0.8862,0.60276,624,,,,,,,,
DNP/GAB,Asset Management,0.9122,0.60278,624,,,,,,,,
GDV/NAD,Asset Management,0.88,0.60278,624,,,,,,,,
ETY/RCS,Asset Management,0.8179,0.6028,624,,,,,,,,
FFA/JHS,Asset Management,0.8273,0.60287,624,,,,,,,,
MYI/PDT,Asset Management,0.919,0.60291,624,,,,,,,,
EOS/FCT,Asset Management,0.9553,0.60293,624,,,,,,,,
ETY/NXP,Asset Management,0.9035,0.60295,624,,,,,,,,
CXH/TY,Asset Management,0.8747,0.603,624,,,,,,,,
CHW/FHI,Asset Management,0.8426,0.60302,624,,,,,,,,
CII/WIW,Asset Management,0.8811,0.60302,624,,,,,,,,
BFZ/PCF,Asset Management,0.8034,0.60302,624,,,,,,,,
EFR/HPF,Asset Management,0.9141,0.60305,624,,,,,,,,
SYBT/TFC,Banks - Regional,0.8385,0.60306,624,,,,,,,,
MFM/TY,Asset Management,0.8701,0.60306,624,,,,,,,,
IGA/OIA,Asset Management,0.8636,0.60306,624,,,,,,,,
FCBC/FRME,Banks - Regional,0.8989,0.60307,624,,,,,,,,
GCV/MUC,Asset Management,0.8113,0.60308,624,,,,,,,,
FAD/IMCV,Unknown,0.9736,0.6031,624,,,,,,,,
CMA/SSB,Banks - Regional,0.8391,0.6031,624,,,,,,,,
NAZ/NTRS,Asset Management,0.8405,0.60311,624,,,,,,,,
CVLG/SAIA,Trucking,0.8385,0.60311,624,,,,,,,,
CII/NZF,Asset Management,0.8397,0.60312,624,,,,,,,,
CHW/MAIN,Asset Management,0.8758,0.60312,624,,,,,,,,
FLC/UTF,Asset Management,0.9329,0.60314,624,,,,,,,,
GAM/MIN,Asset Management,0.8504,0.60314,624,,,,,,,,
ABCB/PWOD,Banks - Regional,0.8351,0.60316,624,,,,,,,,
BPOP/MTB,Banks - Regional,0.8491,0.60317,624,,,,,,,,
CBAN/INBK,Banks - Regional,0.804,0.60319,624,,,,,,,,
NPV/TDF,Asset Management,0.805,0.60323,624,,,,,,,,
MNSB/SYBT,Banks - Regional,0.8481,0.60323,624,,,,,,,,
MPA/UTF,Asset Management,0.8821,0.60325,624,,,,,,,,
CII/NXC,Asset Management,0.8161,0.60327,624,,,,,,,,
IGIB/PTF,Unknown,0.8765,0.60329,624,,,,,,,,
NRK/PML,Asset Management,0.9208,0.60332,624,,,,,,,,
ATRC/COO,Medical Instruments & Supplies,0.8522,0.60333,624,,,,,,,,
CHY/NCA,Asset Management,0.8072,0.60333,624,,,,,,,,
BCML/PWOD,Banks - Regional,0.8223,0.60335,624,,,,,,,,
BND/PSL,Unknown,0.8569,0.60336,624,,,,,,,,
PDP/SCZ,Unknown,0.9463,0.60337,624,,,,,,,,
ETV/FUND,Asset Management,0.944,0.60337,624,,,,,,,,
GLW/OSIS,Electronic Components,0.8132,0.60338,624,,,,,,,,
OGE/TXNM,Utilities - Regulated Electric,0.9238,0.6034,624,,,,,,,,
BNY/JPC,Asset Management,0.8452,0.60343,624,,,,,,,,
FFA/SEIC,Asset Management,0.886,0.60344,624,,,,,,,,
EOI/GDO,Asset Management,0.8675,0.60346,624,,,,,,,,
IGSB/PYZ,Unknown,0.8888,0.60346,624,,,,,,,,
QQXT/WOOD,Unknown,0.9434,0.60346,624,,,,,,,,
CBAN/SYBT,Banks - Regional,0.8516,0.60347,624,,,,,,,,
BLW/GCV,Asset Management,0.8918,0.60348,624,,,,,,,,
GCBC/IBN,Banks - Regional,0.9002,0.60348,624,,,,,,,,
FRME/STBA,Banks - Regional,0.9286,0.60349,624,,,,,,,,
CMG/YUM,Restaurants,0.8884,0.60352,624,,,,,,,,
GAIN/WIA,Asset Management,0.8345,0.60353,624,,,,,,,,
ETG/FLC,Asset Management,0.8968,0.60357,624,,,,,,,,
CNS/OCSL,Asset Management,0.8224,0.60358,624,,,,,,,,
MSD/PHK,Asset Management,0.8458,0.60359,624,,,,,,,,
MPA/PTY,Asset Management,0.8871,0.60361,624,,,,,,,,
NIE/VLT,Asset Management,0.9592,0.60363,624,,,,,,,,
MMU/PHK,Asset Management,0.8055,0.60363,624,,,,,,,,
LEO/PPT,Asset Management,0.8343,0.60367,624,,,,,,,,
BHK/PFN,Asset Management,0.9452,0.6037,624,,,,,,,,
GEN/VRSN,Software - Infrastructure,0.8563,0.6037,624,,,,,,,,
MIN/SPXX,Asset Management,0.8744,0.6037,624,,,,,,,,
EMB/IEUS,Unknown,0.8973,0.60371,624,,,,,,,,
PCQ/TDF,Asset Management,0.829,0.60376,624,,,,,,,,
BTZ/DSU,Asset Management,0.9162,0.60378,624,,,,,,,,
EOS/GAB,Asset Management,0.9511,0.60379,624,,,,,,,,
BLK/IIM,Asset Management,0.8256,0.60381,624,,,,,,,,
MSD/PCF,Asset Management,0.9004,0.60386,624,,,,,,,,
ALRS/TRMK,Banks - Regional,0.8235,0.60387,624,,,,,,,,
NMZ/PPT,Asset Management,0.9093,0.60391,624,,,,,,,,
EFR/NVG,Asset Management,0.8024,0.60391,624,,,,,,,,
CNP/ETR,Utilities - Regulated Electric,0.8532,0.60392,624,,,,,,,,
LEO/RNP,Asset Management,0.8114,0.60393,624,,,,,,,,
EVN/VLT,Asset Management,0.8815,0.60394,624,,,,,,,,
EWBC/TSBK,Banks - Regional,0.9117,0.60395,624,,,,,,,,
HTD/MYN,Asset Management,0.8381,0.60403,624,,,,,,,,
EOI/VPV,Asset Management,0.8148,0.60404,624,,,,,,,,
EOS/NVG,Asset Management,0.867,0.60406,624,,,,,,,,
FTC/PKW,Unknown,0.9901,0.60406,624,,,,,,,,
MFA/TWO,REIT - Mortgage,0.8396,0.60407,624,,,,,,,,
DXCM/NSYS,Medical Devices,0.8048,0.60408,624,,,,,,,,
GAM/JEQ,Asset Management,0.862,0.6041,624,,,,,,,,
CNOB/RBCAA,Banks - Regional,0.8011,0.60413,624,,,,,,,,
DVY/IMCV,Unknown,0.9962,0.60413,624,,,,,,,,
AWP/MCN,Asset Management,0.8313,0.60415,624,,,,,,,,
HBNC/HOMB,Banks - Regional,0.8865,0.60415,624,,,,,,,,
ACNB/PNC,Banks - Regional,0.9012,0.60417,624,,,,,,,,
GRID/PRFZ,Unknown,0.9541,0.60417,624,,,,,,,,
LGI/SWKH,Asset Management,0.8407,0.6042,624,,,,,,,,
EFSC/WABC,Banks - Regional,0.8736,0.60422,624,,,,,,,,
STEW/WIW,Asset Management,0.8648,0.60424,624,,,,,,,,
IQI/QQQX,Asset Management,0.8718,0.60424,624,,,,,,,,
GDO/PDT,Asset Management,0.9503,0.60426,624,,,,,,,,
HOMB/USB,Banks - Regional,0.8908,0.60426,624,,,,,,,,
BTZ/IAE,Asset Management,0.8152,0.60427,624,,,,,,,,
ONEQ/PIO,Unknown,0.9817,0.60427,624,,,,,,,,
FMN/GRX,Asset Management,0.8742,0.60428,624,,,,,,,,
PIO/WOOD,Unknown,0.9426,0.6043,624,,,,,,,,
MSEX/PCYO,Utilities - Regulated Water,0.8869,0.60431,624,,,,,,,,
CHI/NAN,Asset Management,0.8152,0.60434,624,,,,,,,,
EME/KBR,Engineering & Construction,0.8026,0.60436,624,,,,,,,,
BFK/PCM,Asset Management,0.8258,0.60438,624,,,,,,,,
FITB/SYBT,Banks - Regional,0.9432,0.60439,624,,,,,,,,
CHI/HPS,Asset Management,0.9294,0.60443,624,,,,,,,,
HPF/TROW,Asset Management,0.8636,0.60443,624,,,,,,,,
BPOP/SYBT,Banks - Regional,0.9294,0.60443,624,,,,,,,,
JEQ/RFI,Asset Management,0.9079,0.60446,624,,,,,,,,
HPS/HYT,Asset Management,0.969,0.60448,624,,,,,,,,
ON/QCOM,Semiconductors,0.8519,0.60448,624,,,,,,,,
CHY/PFG,Asset Management,0.9028,0.60449,624,,,,,,,,
AFG/RLI,Insurance - Property & Casualty,0.9597,0.60451,624,,,,,,,,
MUA/UTF,Asset Management,0.8536,0.60457,624,,,,,,,,
HRI/URI,Rental & Leasing Services,0.8863,0.60458,624,,,,,,,,
GOF/GUT,Asset Management,0.8051,0.60458,624,,,,,,,,
BFK/HTD,Asset Management,0.8017,0.60458,624,,,,,,,,
BHK/BLW,Asset Management,0.9162,0.60463,624,,,,,,,,
JOF/LEO,Asset Management,0.8199,0.60465,624,,,,,,,,
GLW/OLED,Electronic Components,0.8432,0.60468,624,,,,,,,,
ETJ/MSD,Asset Management,0.8588,0.60468,624,,,,,,,,
MIN/SOR,Asset Management,0.8771,0.60468,624,,,,,,,,
PFM/PTH,Unknown,0.8978,0.60469,624,,,,,,,,
IFN/NXP,Asset Management,0.8653,0.60473,624,,,,,,,,
NMT/RQI,Asset Management,0.8284,0.60474,624,,,,,,,,
CDNS/MNDO,Software - Application,0.8146,0.60479,624,,,,,,,,
NNY/PHK,Asset Management,0.8018,0.60479,624,,,,,,,,
FFA/FHI,Asset Management,0.9362,0.60479,624,,,,,,,,
AOD/MFIC,Asset Management,0.8565,0.6048,624,,,,,,,,
EEA/JFR,Asset Management,0.9256,0.60482,624,,,,,,,,
EMB/PIZ,Unknown,0.8541,0.60482,624,,,,,,,,
EFT/NZF,Asset Management,0.8144,0.60482,624,,,,,,,,
CHY/VGM,Asset Management,0.819,0.60484,624,,,,,,,,
JMM/PFG,Asset Management,0.8363,0.60487,624,,,,,,,,
PSL/VCIT,Unknown,0.9257,0.60488,624,,,,,,,,
BTZ/GAIN,Asset Management,0.8908,0.60488,624,,,,,,,,
CSWC/PCM,Asset Management,0.8799,0.60489,624,,,,,,,,
MUA/WIW,Asset Management,0.8192,0.60489,624,,,,,,,,
MYI/RCS,Asset Management,0.8127,0.6049,624,,,,,,,,
EOI/PMM,Asset Management,0.8329,0.6049,624,,,,,,,,
FFC/STT,Asset Management,0.8136,0.60492,624,,,,,,,,
ADP/PTC,Software - Application,0.9631,0.60492,624,,,,,,,,
EOS/EVT,Asset Management,0.976,0.60493,624,,,,,,,,
MGYR/ZIONP,Banks - Regional,0.8914,0.60493,624,,,,,,,,
AMP/PEO,Asset Management,0.8317,0.60494,624,,,,,,,,
EOD/WIW,Asset Management,0.8753,0.60495,624,,,,,,,,
BND/TLT,Unknown,0.8764,0.60496,624,,,,,,,,
AWF/IGA,Asset Management,0.9616,0.60497,624,,,,,,,,
EVT/PFG,Asset Management,0.9406,0.60497,624,,,,,,,,
AB/EFT,Asset Management,0.8998,0.605,624,,,,,,,,
AFB/BME,Asset Management,0.8618,0.605,624,,,,,,,,
AMP/PFN,Asset Management,0.8427,0.60501,624,,,,,,,,
AAON/ROCK,Building Products & Equipment,0.8145,0.60501,624,,,,,,,,
ETJ/FCT,Asset Management,0.9326,0.60502,624,,,,,,,,
AFB/PDT,Asset Management,0.9011,0.60503,624,,,,,,,,
EOI/JQC,Asset Management,0.9499,0.60504,624,,,,,,,,
AX/FCBC,Banks - Regional,0.9262,0.60504,624,,,,,,,,
CHI/MQY,Asset Management,0.8141,0.60504,624,,,,,,,,
ADX/UTF,Asset Management,0.9648,0.60505,624,,,,,,,,
GAIN/HIO,Asset Management,0.9252,0.60506,624,,,,,,,,
GCBC/OFG,Banks - Regional,0.8686,0.60509,624,,,,,,,,
ADX/MCI,Asset Management,0.9453,0.6051,624,,,,,,,,
GF/PCF,Asset Management,0.8274,0.60512,624,,,,,,,,
CNOB/FUNC,Banks - Regional,0.8025,0.60514,624,,,,,,,,
ETG/PMO,Asset Management,0.8727,0.60514,624,,,,,,,,
EMD/HPS,Asset Management,0.8718,0.60518,624,,,,,,,,
MQT/NTRS,Asset Management,0.8714,0.60518,624,,,,,,,,
BTO/EEA,Asset Management,0.9082,0.60519,624,,,,,,,,
BPOP/WBS,Banks - Regional,0.8189,0.60521,624,,,,,,,,
BLDR/CSL,Building Products & Equipment,0.9453,0.60521,624,,,,,,,,
NAN/TROW,Asset Management,0.8595,0.60522,624,,,,,,,,
STBA/UMBF,Banks - Regional,0.8393,0.60522,624,,,,,,,,
EOS/NPV,Asset Management,0.8075,0.60523,624,,,,,,,,
BDJ/BYM,Asset Management,0.8148,0.60523,624,,,,,,,,
DNP/PCM,Asset Management,0.9483,0.60524,624,,,,,,,,
FFIN/SMBC,Banks - Regional,0.908,0.60524,624,,,,,,,,
EHI/VVR,Asset Management,0.8619,0.60525,624,,,,,,,,
BYM/FFA,Asset Management,0.8044,0.60526,624,,,,,,,,
SOR/VGM,Asset Management,0.8064,0.60526,624,,,,,,,,
ASG/JPC,Asset Management,0.8984,0.60531,624,,,,,,,,
AIG/SLF,Insurance - Diversified,0.8312,0.60534,624,,,,,,,,
EOI/HQL,Asset Management,0.8416,0.60541,624,,,,,,,,
BKT/GRX,Asset Management,0.846,0.60541,624,,,,,,,,
NAN/RNP,Asset Management,0.8871,0.60544,624,,,,,,,,
BLE/PFN,Asset Management,0.8359,0.60547,624,,,,,,,,
BLDR/LII,Building Products & Equipment,0.8954,0.60549,624,,,,,,,,
NXJ/PPT,Asset Management,0.9142,0.60554,624,,,,,,,,
GMAB/TECH,Biotechnology,0.9163,0.60555,624,,,,,,,,
MYD/SEIC,Asset Management,0.8163,0.60555,624,,,,,,,,
LGI/MIN,Asset Management,0.9075,0.60556,624,,,,,,,,
OPY/SNEX,Capital Markets,0.9095,0.60557,624,,,,,,,,
FUND/PDT,Asset Management,0.8754,0.60558,624,,,,,,,,
BTZ/STT,Asset Management,0.8246,0.60558,624,,,,,,,,
ASG/FOF,Asset Management,0.9361,0.60563,624,,,,,,,,
FEX/WOOD,Unknown,0.9483,0.60564,624,,,,,,,,
FTC/GRID,Unknown,0.9723,0.60565,624,,,,,,,,
ADX/NIM,Asset Management,0.8588,0.60566,624,,,,,,,,
DVY/JSM,Unknown,0.9245,0.60567,624,,,,,,,,
NIM/SAR,Asset Management,0.8283,0.60573,624,,,,,,,,
ARCC/BTA,Asset Management,0.814,0.60574,624,,,,,,,,
NIM/SPE,Asset Management,0.8337,0.60574,624,,,,,,,,
EOI/MIN,Asset Management,0.8812,0.60576,624,,,,,,,,
BX/RNP,Asset Management,0.9164,0.60577,624,,,,,,,,
OKE/TRP,Oil & Gas Midstream,0.8601,0.6058,624,,,,,,,,
EOS/NXP,Asset Management,0.9299,0.60581,624,,,,,,,,
EVT/RVT,Asset Management,0.9889,0.60584,624,,,,,,,,
CSQ/MIN,Asset Management,0.9087,0.60585,624,,,,,,,,
NOC/WWD,Aerospace & Defense,0.9025,0.60586,624,,,,,,,,
JLS/SEIC,Asset Management,0.9372,0.60587,624,,,,,,,,
FT/MQY,Asset Management,0.8464,0.6059,624,,,,,,,,
FLC/FOF,Asset Management,0.9063,0.60591,624,,,,,,,,
FHN/HOMB,Banks - Regional,0.8413,0.60594,624,,,,,,,,
HPS/PFG,Asset Management,0.889,0.60596,624,,,,,,,,
NXJ/PML,Asset Management,0.891,0.60596,624,,,,,,,,
EHI/IFN,Asset Management,0.8572,0.60597,624,,,,,,,,
HTD/JFR,Asset Management,0.9318,0.60598,624,,,,,,,,
GF/PFN,Asset Management,0.8505,0.60598,624,,,,,,,,
MCO/MORN,Financial Data & Stock Exchanges,0.9755,0.60601,624,,,,,,,,
EVN/LGI,Asset Management,0.8151,0.60603,624,,,,,,,,
MUC/RNP,Asset Management,0.8179,0.60608,624,,,,,,,,
IMCV/PFF,Unknown,0.9388,0.6061,624,,,,,,,,
PEY/PRN,Unknown,0.9368,0.6061,624,,,,,,,,
EOS/JHS,Asset Management,0.8452,0.60612,624,,,,,,,,
GJS/IGSB,Unknown,0.9289,0.60612,624,,,,,,,,
BN/BRW,Asset Management,0.9214,0.60613,624,,,,,,,,
CNO/MET,Insurance - Life,0.9276,0.60616,624,,,,,,,,
BFK/PFL,Asset Management,0.8341,0.60618,624,,,,,,,,
BPOP/GSBC,Banks - Regional,0.8727,0.60619,624,,,,,,,,
CHW/JQC,Asset Management,0.9171,0.60619,624,,,,,,,,
BTO/RCS,Asset Management,0.8325,0.60619,624,,,,,,,,
HIFS/LCNB,Banks - Regional,0.857,0.6062,624,,,,,,,,
BGY/EXG,Asset Management,0.9646,0.60622,624,,,,,,,,
HYT/IGR,Asset Management,0.9193,0.60622,624,,,,,,,,
MFM/PCM,Asset Management,0.8834,0.60623,624,,,,,,,,
BLK/JRS,Asset Management,0.904,0.60623,624,,,,,,,,
NQP/PCN,Asset Management,0.9333,0.60623,624,,,,,,,,
MIN/STK,Asset Management,0.8783,0.60624,624,,,,,,,,
BKN/PCF,Asset Management,0.8464,0.60628,624,,,,,,,,
IIF/JLS,Asset Management,0.8453,0.6063,624,,,,,,,,
LARK/TRST,Banks - Regional,0.8518,0.6063,624,,,,,,,,
NIE/PAI,Asset Management,0.8511,0.60633,624,,,,,,,,
EEA/RFI,Asset Management,0.9256,0.60634,624,,,,,,,,
AMD/CRUS,Semiconductors,0.8773,0.60635,624,,,,,,,,
PIO/PTH,Unknown,0.937,0.60637,624,,,,,,,,
OZK/TCBI,Banks - Regional,0.803,0.60638,624,,,,,,,,
IJT/PIZ,Unknown,0.956,0.6064,624,,,,,,,,
EFR/FFC,Asset Management,0.8216,0.60641,624,,,,,,,,
CCI/PCH,REIT - Specialty,0.8474,0.60643,624,,,,,,,,
ADBE/PTC,Software - Application,0.9207,0.60644,624,,,,,,,,
IEI/SHY,Unknown,0.9067,0.60646,624,,,,,,,,
FCBC/THFF,Banks - Regional,0.9291,0.60647,624,,,,,,,,
FMAO/TOWN,Banks - Regional,0.8554,0.60648,624,,,,,,,,
ACWI/PIE,Unknown,0.8396,0.60651,624,,,,,,,,
CHW/RNP,Asset Management,0.9539,0.60652,624,,,,,,,,
PNC/THFF,Banks - Regional,0.9222,0.60653,624,,,,,,,,
BFC/CADE,Banks - Regional,0.8401,0.60654,624,,,,,,,,
CHI/NXJ,Asset Management,0.891,0.60655,624,,,,,,,,
GF/PFL,Asset Management,0.8568,0.60659,624,,,,,,,,
FSFG/NWBI,Banks - Regional,0.9106,0.60663,624,,,,,,,,
PAI/RMT,Asset Management,0.8434,0.60664,624,,,,,,,,
BOH/BOKF,Banks - Regional,0.8618,0.60665,624,,,,,,,,
IGA/WIA,Asset Management,0.8023,0.6067,624,,,,,,,,
ASG/EMD,Asset Management,0.8245,0.60674,624,,,,,,,,
ETW/NXP,Asset Management,0.9178,0.6068,624,,,,,,,,
IMCV/PEZ,Unknown,0.9549,0.6068,624,,,,,,,,
CATY/WABC,Banks - Regional,0.838,0.60683,624,,,,,,,,
ETJ/PFD,Asset Management,0.8493,0.60685,624,,,,,,,,
BCBP/HIFS,Banks - Regional,0.8952,0.60686,624,,,,,,,,
CHY/VCV,Asset Management,0.8158,0.60687,624,,,,,,,,
HTD/PHK,Asset Management,0.8685,0.60688,624,,,,,,,,
FT/IAE,Asset Management,0.841,0.60689,624,,,,,,,,
HTD/WIA,Asset Management,0.8414,0.60689,624,,,,,,,,
CHI/PMO,Asset Management,0.8738,0.60689,624,,,,,,,,
MYD/NTRS,Asset Management,0.8517,0.6069,624,,,,,,,,
EWBC/WAFD,Banks - Regional,0.8953,0.60691,624,,,,,,,,
BR/G,Information Technology Services,0.9039,0.60691,624,,,,,,,,
FSFG/STBA,Banks - Regional,0.8764,0.60693,624,,,,,,,,
CII/GDO,Asset Management,0.8795,0.60694,624,,,,,,,,
MSD/SAR,Asset Management,0.8323,0.60696,624,,,,,,,,
SCD/USA,Asset Management,0.951,0.60697,624,,,,,,,,
BYM/HTD,Asset Management,0.8752,0.60697,624,,,,,,,,
CII/MFIC,Asset Management,0.8739,0.607,624,,,,,,,,
AMD/STM,Semiconductors,0.8871,0.607,624,,,,,,,,
HIO/PFG,Asset Management,0.8634,0.60705,624,,,,,,,,
BX/PCN,Asset Management,0.8448,0.60708,624,,,,,,,,
FMY/MCN,Asset Management,0.8527,0.60708,624,,,,,,,,
CHY/PAI,Asset Management,0.8514,0.60709,624,,,,,,,,
FLIC/TRST,Banks - Regional,0.8424,0.60712,624,,,,,,,,
ASG/RFI,Asset Management,0.9505,0.60716,624,,,,,,,,
QQEW/USIG,Unknown,0.8916,0.6072,624,,,,,,,,
BTA/RMT,Asset Management,0.8822,0.60721,624,,,,,,,,
BGY/UTF,Asset Management,0.932,0.60721,624,,,,,,,,
DY/MTZ,Engineering & Construction,0.8069,0.60724,624,,,,,,,,
ES/ETR,Utilities - Regulated Electric,0.8024,0.60725,624,,,,,,,,
CHI/MMT,Asset Management,0.9577,0.60725,624,,,,,,,,
JEQ/MPV,Asset Management,0.8121,0.60726,624,,,,,,,,
IGF/PIZ,Unknown,0.935,0.60728,624,,,,,,,,
GAM/NXP,Asset Management,0.8674,0.6073,624,,,,,,,,
GF/PTY,Asset Management,0.8297,0.60732,624,,,,,,,,
PFM/PRN,Unknown,0.9801,0.60732,624,,,,,,,,
HPS/SCD,Asset Management,0.911,0.60733,624,,,,,,,,
FFA/NXP,Asset Management,0.9159,0.60735,624,,,,,,,,
PIZ/QABA,Unknown,0.8612,0.60736,624,,,,,,,,
CMCSA/RCI,Telecom Services,0.8563,0.60736,624,,,,,,,,
EFT/VPV,Asset Management,0.8053,0.60738,624,,,,,,,,
AFB/QQQX,Asset Management,0.8394,0.60739,624,,,,,,,,
IGA/NNY,Asset Management,0.8003,0.6074,624,,,,,,,,
IIM/SOR,Asset Management,0.8333,0.60741,624,,,,,,,,
FT/PDT,Asset Management,0.9475,0.60742,624,,,,,,,,
BANR/WABC,Banks - Regional,0.8399,0.60744,624,,,,,,,,
HPS/PHK,Asset Management,0.8772,0.60746,624,,,,,,,,
MIN/TY,Asset Management,0.9131,0.60746,624,,,,,,,,
PAI/SAR,Asset Management,0.8244,0.60747,624,,,,,,,,
IQI/JLS,Asset Management,0.8941,0.60748,624,,,,,,,,
QQEW/TVE,Unknown,0.814,0.6075,624,,,,,,,,
NUV/QQQX,Asset Management,0.8948,0.60753,624,,,,,,,,
BX/SPXX,Asset Management,0.9192,0.60754,624,,,,,,,,
MCI/PHD,Asset Management,0.939,0.60755,624,,,,,,,,
PDP/PIE,Unknown,0.8423,0.60755,624,,,,,,,,
PNC/WABC,Banks - Regional,0.8565,0.60756,624,,,,,,,,
GAM/PDT,Asset Management,0.8726,0.60756,624,,,,,,,,
BKN/LGI,Asset Management,0.8082,0.6076,624,,,,,,,,
MUE/VLT,Asset Management,0.8634,0.6076,624,,,,,,,,
BLK/BRW,Asset Management,0.914,0.60761,624,,,,,,,,
PIZ/QQEW,Unknown,0.9579,0.60763,624,,,,,,,,
MASI/MDT,Medical Devices,0.8906,0.60763,624,,,,,,,,
ADX/MUJ,Asset Management,0.8309,0.60765,624,,,,,,,,
MIY/PIM,Asset Management,0.8828,0.60768,624,,,,,,,,
ETG/MQT,Asset Management,0.8239,0.60768,624,,,,,,,,
EME/MYRG,Engineering & Construction,0.8602,0.60772,624,,,,,,,,
DSM/JOF,Asset Management,0.8186,0.60776,624,,,,,,,,
INTU/TYL,Software - Application,0.9622,0.60777,624,,,,,,,,
CXH/ETO,Asset Management,0.8444,0.60778,624,,,,,,,,
IBCP/ZIONP,Banks - Regional,0.9019,0.60779,624,,,,,,,,
BND/VGLT,Unknown,0.8957,0.60783,624,,,,,,,,
AWF/HPS,Asset Management,0.9693,0.60784,624,,,,,,,,
HYT/SPXX,Asset Management,0.97,0.60784,624,,,,,,,,
SCD/VBF,Asset Management,0.816,0.60785,624,,,,,,,,
JFR/PFO,Asset Management,0.8283,0.60786,624,,,,,,,,
EOI/MCR,Asset Management,0.9237,0.60786,624,,,,,,,,
FFIN/UCB,Banks - Regional,0.8998,0.60787,624,,,,,,,,
IUSG/VCIT,Unknown,0.8752,0.60788,624,,,,,,,,
FLC/SPXX,Asset Management,0.8892,0.60788,624,,,,,,,,
BPOP/TCBK,Banks - Regional,0.8753,0.60789,624,,,,,,,,
HIX/IGR,Asset Management,0.9268,0.60792,624,,,,,,,,
LNT/PNW,Utilities - Regulated Electric,0.9396,0.60792,624,,,,,,,,
NAN/PCN,Asset Management,0.9097,0.60794,624,,,,,,,,
MUA/SOR,Asset Management,0.8135,0.60795,624,,,,,,,,
BLK/NKX,Asset Management,0.8336,0.60796,624,,,,,,,,
EMB/PRFZ,Unknown,0.8235,0.60797,624,,,,,,,,
RNST/TRMK,Banks - Regional,0.8768,0.608,624,,,,,,,,
PDT/VVR,Asset Management,0.8324,0.60803,624,,,,,,,,
MMT/SCD,Asset Management,0.8881,0.60805,624,,,,,,,,
CINF/RLI,Insurance - Property & Casualty,0.9623,0.60806,624,,,,,,,,
HPS/IGA,Asset Management,0.947,0.60807,624,,,,,,,,
NAD/PCN,Asset Management,0.9278,0.60808,624,,,,,,,,
EFT/FHI,Asset Management,0.8999,0.60809,624,,,,,,,,
AB/BLW,Asset Management,0.9317,0.6081,624,,,,,,,,
AMP/TSI,Asset Management,0.8432,0.6081,624,,,,,,,,
CNO/PRU,Insurance - Life,0.9396,0.60811,624,,,,,,,,
EHI/SCD,Asset Management,0.8608,0.60813,624,,,,,,,,
GCV/TSI,Asset Management,0.8989,0.60814,624,,,,,,,,
AFB/JLS,Asset Management,0.858,0.60814,624,,,,,,,,
GAM/VBF,Asset Management,0.8462,0.60815,624,,,,,,,,
JOF/NMT,Asset Management,0.8124,0.60815,624,,,,,,,,
TY/VTN,Asset Management,0.8238,0.60816,624,,,,,,,,
ADI/VSH,Semiconductors,0.8282,0.60817,624,,,,,,,,
KLAC/PLAB,Semiconductor Equipment & Materials,0.9264,0.60817,624,,,,,,,,
CSWC/JEQ,Asset Management,0.8386,0.60818,624,,,,,,,,
BGY/DNP,Asset Management,0.8476,0.60818,624,,,,,,,,
JEQ/PHK,Asset Management,0.803,0.60823,624,,,,,,,,
FTA/IEUS,Unknown,0.9302,0.60824,624,,,,,,,,
IGIB/SCZ,Unknown,0.9263,0.60825,624,,,,,,,,
NFBK/TRST,Banks - Regional,0.8615,0.60826,624,,,,,,,,
CSWC/PFG,Asset Management,0.9301,0.60827,624,,,,,,,,
RQI/TROW,Asset Management,0.8844,0.60827,624,,,,,,,,
GJO/IBB,Unknown,0.8467,0.60828,624,,,,,,,,
AWF/GCV,Asset Management,0.867,0.6083,624,,,,,,,,
CASH/CFFI,Banks - Regional,0.884,0.60831,624,,,,,,,,
ETY/PHK,Asset Management,0.8016,0.60832,624,,,,,,,,
BGY/SPXX,Asset Management,0.9408,0.60836,624,,,,,,,,
BTA/CSWC,Asset Management,0.827,0.6084,624,,,,,,,,
IIF/MFIC,Asset Management,0.8976,0.60841,624,,,,,,,,
FAD/VCLT,Unknown,0.8177,0.60841,624,,,,,,,,
CII/MYI,Asset Management,0.8087,0.60844,624,,,,,,,,
BYM/PPT,Asset Management,0.8578,0.60845,624,,,,,,,,
DNP/NXJ,Asset Management,0.9092,0.60845,624,,,,,,,,
USA/VCV,Asset Management,0.8073,0.60846,624,,,,,,,,
MSD/UTF,Asset Management,0.8757,0.60849,624,,,,,,,,
EOS/MIY,Asset Management,0.848,0.6085,624,,,,,,,,
ETV/HIX,Asset Management,0.911,0.60851,624,,,,,,,,
JCI/ROCK,Building Products & Equipment,0.8294,0.60851,624,,,,,,,,
FAD/PIZ,Unknown,0.969,0.60852,624,,,,,,,,
EMD/GRX,Asset Management,0.8135,0.60854,624,,,,,,,,
RMT/RNP,Asset Management,0.9688,0.60856,624,,,,,,,,
JOF/STEW,Asset Management,0.8676,0.60861,624,,,,,,,,
FLC/TY,Asset Management,0.9406,0.60863,624,,,,,,,,
SYBT/WABC,Banks - Regional,0.8103,0.60864,624,,,,,,,,
FBNC/GSBC,Banks - Regional,0.9573,0.60864,624,,,,,,,,
ABCB/ZION,Banks - Regional,0.9214,0.60868,624,,,,,,,,
BGY/OCSL,Asset Management,0.8442,0.60871,624,,,,,,,,
IGA/NIM,Asset Management,0.8259,0.60871,624,,,,,,,,
FTA/SCZ,Unknown,0.9392,0.60871,624,,,,,,,,
EHI/MPV,Asset Management,0.8464,0.60872,624,,,,,,,,
CSQ/EVT,Asset Management,0.9818,0.60874,624,,,,,,,,
OFG/PFBC,Banks - Regional,0.8333,0.60875,624,,,,,,,,
CII/PMM,Asset Management,0.8454,0.60875,624,,,,,,,,
IIF/RCS,Asset Management,0.8121,0.60877,624,,,,,,,,
QTEC/TVE,Unknown,0.8011,0.60879,624,,,,,,,,
IMCV/PKW,Unknown,0.9886,0.6088,624,,,,,,,,
FFIN/HBCP,Banks - Regional,0.8562,0.60881,624,,,,,,,,
AMAT/TER,Semiconductor Equipment & Materials,0.9322,0.60885,624,,,,,,,,
GRMN/TRMB,Scientific & Technical Instruments,0.8715,0.60885,624,,,,,,,,
BANF/HWC,Banks - Regional,0.8875,0.60885,624,,,,,,,,
ETW/IGA,Asset Management,0.9599,0.60885,624,,,,,,,,
IGD/PFO,Asset Management,0.8072,0.60886,624,,,,,,,,
STBA/ZIONP,Banks - Regional,0.8352,0.60887,624,,,,,,,,
CHY/RNP,Asset Management,0.9683,0.60891,624,,,,,,,,
EME/PRIM,Engineering & Construction,0.9219,0.60893,624,,,,,,,,
BFK/IGR,Asset Management,0.8263,0.60894,624,,,,,,,,
LGI/MUA,Asset Management,0.8017,0.60895,624,,,,,,,,
JFR/MIY,Asset Management,0.8054,0.60896,624,,,,,,,,
CSWC/ETJ,Asset Management,0.9484,0.60899,624,,,,,,,,
PHO/SCZ,Unknown,0.896,0.60899,624,,,,,,,,
CHI/GDO,Asset Management,0.9066,0.60899,624,,,,,,,,
SYBT/TSBK,Banks - Regional,0.903,0.60899,624,,,,,,,,
BCML/FMBH,Banks - Regional,0.8899,0.60899,624,,,,,,,,
BHK/NIE,Asset Management,0.886,0.609,624,,,,,,,,
BN/FUND,Asset Management,0.9426,0.60901,624,,,,,,,,
BTZ/MPV,Asset Management,0.86,0.60902,624,,,,,,,,
SNV/TRMK,Banks - Regional,0.9332,0.60904,624,,,,,,,,
ADBE/PAYX,Software - Application,0.9066,0.60907,624,,,,,,,,
AB/IAE,Asset Management,0.8321,0.60907,624,,,,,,,,
EXG/PMO,Asset Management,0.8787,0.60908,624,,,,,,,,
FCBC/STBA,Banks - Regional,0.924,0.60908,624,,,,,,,,
EOI/FFC,Asset Management,0.8399,0.60909,624,,,,,,,,
EOI/GDV,Asset Management,0.9713,0.60909,624,,,,,,,,
CHY/PMO,Asset Management,0.8852,0.6091,624,,,,,,,,
PMM/USA,Asset Management,0.8697,0.6091,624,,,,,,,,
GCV/MAIN,Asset Management,0.8064,0.60912,624,,,,,,,,
IGSB/VGIT,Unknown,0.886,0.60915,624,,,,,,,,
TY/VMO,Asset Management,0.8536,0.60916,624,,,,,,,,
CHW/EEA,Asset Management,0.9406,0.60917,624,,,,,,,,
EXG/PDT,Asset Management,0.9287,0.60917,624,,,,,,,,
PFBC/SYBT,Banks - Regional,0.952,0.60919,624,,,,,,,,
CXH/PFN,Asset Management,0.9056,0.60922,624,,,,,,,,
ASG/JLS,Asset Management,0.8395,0.60926,624,,,,,,,,
EXR/LXP,REIT - Industrial,0.9116,0.60933,624,,,,,,,,
CZFS/HOMB,Banks - Regional,0.8462,0.60934,624,,,,,,,,
PAI/STEW,Asset Management,0.831,0.60936,624,,,,,,,,
IJT/PID,Unknown,0.9161,0.60936,624,,,,,,,,
BXMX/HIO,Asset Management,0.9428,0.60937,624,,,,,,,,
EVN/JOF,Asset Management,0.8451,0.60938,624,,,,,,,,
FFC/JLS,Asset Management,0.9067,0.60939,624,,,,,,,,
NIM/SEIC,Asset Management,0.8394,0.6094,624,,,,,,,,
CIF/GCV,Asset Management,0.9307,0.60942,624,,,,,,,,
HIFS/TFSL,Banks - Regional,0.8769,0.60944,624,,,,,,,,
AB/WEA,Asset Management,0.8583,0.60949,624,,,,,,,,
EHI/NTRS,Asset Management,0.8859,0.6095,624,,,,,,,,
SCD/WIW,Asset Management,0.8228,0.60951,624,,,,,,,,
GBCI/GSBC,Banks - Regional,0.9418,0.60954,624,,,,,,,,
MCI/PCF,Asset Management,0.878,0.60958,624,,,,,,,,
IIF/LGI,Asset Management,0.8978,0.60962,624,,,,,,,,
EOI/MIY,Asset Management,0.8111,0.60967,624,,,,,,,,
HQL/IGR,Asset Management,0.8783,0.60968,624,,,,,,,,
AOD/EEA,Asset Management,0.9465,0.60968,624,,,,,,,,
CSQ/MYI,Asset Management,0.821,0.6097,624,,,,,,,,
ARCC/WIW,Asset Management,0.8513,0.60973,624,,,,,,,,
GDV/NAC,Asset Management,0.8132,0.60974,624,,,,,,,,
BX/IFN,Asset Management,0.9346,0.60975,624,,,,,,,,
MUJ/TY,Asset Management,0.9041,0.60977,624,,,,,,,,
ETJ/JQC,Asset Management,0.9193,0.60978,624,,,,,,,,
CSQ/NVG,Asset Management,0.8504,0.60979,624,,,,,,,,
RTH/SWZ,Unknown,0.9633,0.60981,624,,,,,,,,
ACWI/IGF,Unknown,0.9656,0.60981,624,,,,,,,,
CHY/NAN,Asset Management,0.8257,0.60981,624,,,,,,,,
PFO/STEW,Asset Management,0.8386,0.60984,624,,,,,,,,
EHI/SAR,Asset Management,0.8899,0.60986,624,,,,,,,,
SNV/TRST,Banks - Regional,0.895,0.60986,624,,,,,,,,
FTC/USIG,Unknown,0.8804,0.60988,624,,,,,,,,
SHY/SWZ,Unknown,0.9085,0.60994,624,,,,,,,,
BGY/GDV,Asset Management,0.948,0.60994,624,,,,,,,,
ACNB/TCBK,Banks - Regional,0.9219,0.60996,624,,,,,,,,
BND/PTH,Unknown,0.8967,0.60997,624,,,,,,,,
EFT/HPF,Asset Management,0.913,0.60998,624,,,,,,,,
PMM/SEIC,Asset Management,0.8458,0.61001,624,,,,,,,,
ADX/IIM,Asset Management,0.8131,0.61001,624,,,,,,,,
SBI/UTF,Asset Management,0.8336,0.61002,624,,,,,,,,
BN/EMD,Asset Management,0.8259,0.61006,624,,,,,,,,
HSBC/UBS,Banks - Diversified,0.812,0.61007,624,,,,,,,,
PIZ/PRFZ,Unknown,0.9558,0.61007,624,,,,,,,,
EFR/PMO,Asset Management,0.8094,0.61007,624,,,,,,,,
ADX/NQP,Asset Management,0.8611,0.61007,624,,,,,,,,
JOF/MUE,Asset Management,0.8299,0.61008,624,,,,,,,,
CII/RVT,Asset Management,0.9818,0.61008,624,,,,,,,,
JHI/MCI,Asset Management,0.8172,0.61009,624,,,,,,,,
GCV/PMO,Asset Management,0.912,0.6101,624,,,,,,,,
BX/PTY,Asset Management,0.8768,0.61011,624,,,,,,,,
CHW/EOD,Asset Management,0.9019,0.61013,624,,,,,,,,
SOR/VCV,Asset Management,0.8274,0.61013,624,,,,,,,,
QTEC/VCIT,Unknown,0.8826,0.61015,624,,,,,,,,
BND/GJO,Unknown,0.8228,0.61015,624,,,,,,,,
JLS/MUJ,Asset Management,0.8776,0.61016,624,,,,,,,,
BKN/FOF,Asset Management,0.8104,0.61016,624,,,,,,,,
FCBC/FHN,Banks - Regional,0.8196,0.61018,624,,,,,,,,
CNOB/PROV,Banks - Regional,0.8173,0.61018,624,,,,,,,,
MUJ/QQQX,Asset Management,0.8871,0.61019,624,,,,,,,,
AOD/PNNT,Asset Management,0.8684,0.61021,624,,,,,,,,
LEO/PTY,Asset Management,0.812,0.61021,624,,,,,,,,
MGF/PCF,Asset Management,0.8018,0.61024,624,,,,,,,,
IQI/VLT,Asset Management,0.8975,0.61024,624,,,,,,,,
CII/JHI,Asset Management,0.9061,0.61026,624,,,,,,,,
JOF/NEA,Asset Management,0.8628,0.61028,624,,,,,,,,
BLE/PFL,Asset Management,0.8302,0.61028,624,,,,,,,,
SHV/SHY,Unknown,0.8969,0.61029,624,,,,,,,,
MVF/SEIC,Asset Management,0.8016,0.6103,624,,,,,,,,
DNP/NUW,Asset Management,0.8592,0.61031,624,,,,,,,,
LGI/RNP,Asset Management,0.9759,0.61032,624,,,,,,,,
JCE/NAD,Asset Management,0.8374,0.61034,624,,,,,,,,
MUJ/PTY,Asset Management,0.8921,0.61034,624,,,,,,,,
NFJ/PFD,Asset Management,0.8256,0.61034,624,,,,,,,,
PMO/PSEC,Asset Management,0.8057,0.61035,624,,,,,,,,
BDJ/GUT,Asset Management,0.8084,0.61035,624,,,,,,,,
ETJ/RQI,Asset Management,0.9517,0.61036,624,,,,,,,,
GOF/MCR,Asset Management,0.96,0.61037,624,,,,,,,,
EXG/MQT,Asset Management,0.8283,0.61037,624,,,,,,,,
QCRH/WSBC,Banks - Regional,0.8382,0.61038,624,,,,,,,,
NUV/PFN,Asset Management,0.9318,0.61044,624,,,,,,,,
CII/RQI,Asset Management,0.9583,0.61045,624,,,,,,,,
CFR/ZIONP,Banks - Regional,0.8257,0.61046,624,,,,,,,,
EVG/IGA,Asset Management,0.9671,0.6105,624,,,,,,,,
FRME/TRST,Banks - Regional,0.9481,0.61051,624,,,,,,,,
BDJ/IAE,Asset Management,0.8402,0.61053,624,,,,,,,,
MPWR/MU,Semiconductors,0.9218,0.61053,624,,,,,,,,
ADX/FHI,Asset Management,0.921,0.61054,624,,,,,,,,
FFIN/TFSL,Banks - Regional,0.9071,0.61055,624,,,,,,,,
FAD/FTA,Unknown,0.9749,0.6106,624,,,,,,,,
FAB/PIZ,Unknown,0.9394,0.61064,624,,,,,,,,
MPA/PFN,Asset Management,0.9114,0.61071,624,,,,,,,,
FCBC/UMBF,Banks - Regional,0.9072,0.61071,624,,,,,,,,
ETY/VLT,Asset Management,0.9527,0.61072,624,,,,,,,,
CII/NVG,Asset Management,0.831,0.61072,624,,,,,,,,
EEA/SPXX,Asset Management,0.946,0.61072,624,,,,,,,,
EVT/NFJ,Asset Management,0.9686,0.61079,624,,,,,,,,
IGA/VPV,Asset Management,0.8077,0.61083,624,,,,,,,,
CBU/WSBC,Banks - Regional,0.8658,0.61084,624,,,,,,,,
BX/WEA,Asset Management,0.8033,0.61084,624,,,,,,,,
FMN/PCF,Asset Management,0.8152,0.61084,624,,,,,,,,
KEY/ZIONP,Banks - Regional,0.8652,0.61085,624,,,,,,,,
BTA/SEIC,Asset Management,0.8585,0.61095,624,,,,,,,,
AFL/CNO,Insurance - Life,0.9167,0.61096,624,,,,,,,,
SOR/VKQ,Asset Management,0.8128,0.61097,624,,,,,,,,
ARCC/CNS,Asset Management,0.9464,0.61097,624,,,,,,,,
ADP/MNDO,Software - Application,0.9014,0.61101,624,,,,,,,,
AWP/HIO,Asset Management,0.9325,0.61102,624,,,,,,,,
DG/TGT,Discount Stores,0.8834,0.61104,624,,,,,,,,
CII/NNY,Asset Management,0.8021,0.61105,624,,,,,,,,
IGSB/JSM,Unknown,0.9373,0.61108,624,,,,,,,,
GOF/MCI,Asset Management,0.9013,0.61109,624,,,,,,,,
ASML/COHU,Semiconductor Equipment & Materials,0.8463,0.61111,624,,,,,,,,
ONEQ/PTH,Unknown,0.9143,0.61112,624,,,,,,,,
ETW/FLC,Asset Management,0.9329,0.61114,624,,,,,,,,
CGO/VVR,Asset Management,0.8627,0.6112,624,,,,,,,,
BTO/HPI,Asset Management,0.9267,0.6112,624,,,,,,,,
GAIN/NIM,Asset Management,0.812,0.61125,624,,,,,,,,
BTZ/USA,Asset Management,0.941,0.61125,624,,,,,,,,
NIE/VVR,Asset Management,0.947,0.61125,624,,,,,,,,
BX/HIO,Asset Management,0.8883,0.61125,624,,,,,,,,
CMA/COLB,Banks - Regional,0.862,0.61127,624,,,,,,,,
GNTX/LKQ,Auto Parts,0.8354,0.61128,624,,,,,,,,
SYBT/VABK,Banks - Regional,0.8696,0.61129,624,,,,,,,,
ETV/PFG,Asset Management,0.9259,0.61129,624,,,,,,,,
EVG/PDT,Asset Management,0.9166,0.6113,624,,,,,,,,
ACNB/CTBI,Banks - Regional,0.9451,0.61133,624,,,,,,,,
HIX/JCE,Asset Management,0.8753,0.61134,624,,,,,,,,
CMA/ONB,Banks - Regional,0.8524,0.61137,624,,,,,,,,
ATRC/TFX,Medical Instruments & Supplies,0.8303,0.61139,624,,,,,,,,
FNX/IEUS,Unknown,0.9352,0.6114,624,,,,,,,,
BLK/VPV,Asset Management,0.8351,0.6114,624,,,,,,,,
ETY/FUND,Asset Management,0.963,0.61141,624,,,,,,,,
MPWR/SLAB,Semiconductors,0.8068,0.61141,624,,,,,,,,
BLW/NKX,Asset Management,0.8722,0.61143,624,,,,,,,,
EFSC/FDBC,Banks - Regional,0.8863,0.61144,624,,,,,,,,
PFM/QQXT,Unknown,0.9888,0.61144,624,,,,,,,,
CNOB/NWBI,Banks - Regional,0.8953,0.61145,624,,,,,,,,
FFA/NVG,Asset Management,0.8459,0.61146,624,,,,,,,,
CHCO/STBA,Banks - Regional,0.8779,0.61146,624,,,,,,,,
IGA/NXN,Asset Management,0.8352,0.61149,624,,,,,,,,
GOF/PAI,Asset Management,0.8866,0.61149,624,,,,,,,,
FOF/VGM,Asset Management,0.8311,0.6115,624,,,,,,,,
FMN/PFL,Asset Management,0.8558,0.6115,624,,,,,,,,
HPF/PPT,Asset Management,0.9398,0.61151,624,,,,,,,,
CHI/NRK,Asset Management,0.8354,0.61152,624,,,,,,,,
ETO/RCS,Asset Management,0.8284,0.61153,624,,,,,,,,
BANF/QCRH,Banks - Regional,0.9437,0.61153,624,,,,,,,,
BDJ/HIO,Asset Management,0.9447,0.61156,624,,,,,,,,
NAD/NTRS,Asset Management,0.8972,0.61161,624,,,,,,,,
FMN/JRS,Asset Management,0.8551,0.61161,624,,,,,,,,
CZWI/HDB,Banks - Regional,0.8402,0.61162,624,,,,,,,,
EHI/GAM,Asset Management,0.8809,0.61162,624,,,,,,,,
IGIB/QQXT,Unknown,0.9201,0.61163,624,,,,,,,,
JCE/MIY,Asset Management,0.8277,0.61165,624,,,,,,,,
IGD/IGR,Asset Management,0.8742,0.61167,624,,,,,,,,
HTD/MHN,Asset Management,0.8199,0.61169,624,,,,,,,,
CHY/VVR,Asset Management,0.9149,0.61173,624,,,,,,,,
GDO/STEW,Asset Management,0.8779,0.61177,624,,,,,,,,
AWP/MMT,Asset Management,0.9395,0.61181,624,,,,,,,,
FIX/KBR,Engineering & Construction,0.8035,0.61183,624,,,,,,,,
FRA/PDT,Asset Management,0.8484,0.61185,624,,,,,,,,
BRO/ERIE,Insurance Brokers,0.9567,0.61188,624,,,,,,,,
AIT/DSGR,Industrial Distribution,0.8588,0.61189,624,,,,,,,,
HTD/PIM,Asset Management,0.919,0.6119,624,,,,,,,,
CHW/RCS,Asset Management,0.8071,0.61191,624,,,,,,,,
PEZ/VCLT,Unknown,0.8002,0.61191,624,,,,,,,,
NMT/PDT,Asset Management,0.8706,0.61193,624,,,,,,,,
ACNB/HDB,Banks - Regional,0.8809,0.61193,624,,,,,,,,
IEUS/PKW,Unknown,0.9197,0.61198,624,,,,,,,,
BTA/SAR,Asset Management,0.8561,0.61198,624,,,,,,,,
FFIN/HFWA,Banks - Regional,0.8339,0.612,624,,,,,,,,
FITB/USB,Banks - Regional,0.882,0.612,624,,,,,,,,
GJS/VCSH,Unknown,0.9332,0.61201,624,,,,,,,,
JOF/RCS,Asset Management,0.8513,0.61203,624,,,,,,,,
ANSS/PTC,Software - Application,0.9196,0.61204,624,,,,,,,,
HTD/HYT,Asset Management,0.95,0.61205,624,,,,,,,,
EFR/JPC,Asset Management,0.8911,0.61207,624,,,,,,,,
EFT/IGA,Asset Management,0.9606,0.61211,624,,,,,,,,
PPBI/SRCE,Banks - Regional,0.8551,0.61214,624,,,,,,,,
ON/POWI,Semiconductors,0.877,0.61216,624,,,,,,,,
BDJ/PHK,Asset Management,0.819,0.61216,624,,,,,,,,
PNQI/SCZ,Unknown,0.9495,0.61216,624,,,,,,,,
GJO/PTH,Unknown,0.889,0.61218,624,,,,,,,,
ETY/MYI,Asset Management,0.8091,0.61219,624,,,,,,,,
EWBC/NBTB,Banks - Regional,0.9349,0.6122,624,,,,,,,,
BTZ/VRTS,Asset Management,0.8003,0.6122,624,,,,,,,,
ETO/NKX,Asset Management,0.8667,0.61221,624,,,,,,,,
ETJ/FUND,Asset Management,0.939,0.61224,624,,,,,,,,
ETG/FFC,Asset Management,0.883,0.61228,624,,,,,,,,
MYI/PCF,Asset Management,0.8687,0.61229,624,,,,,,,,
ETY/PFG,Asset Management,0.9395,0.61229,624,,,,,,,,
MIN/PCF,Asset Management,0.9102,0.61231,624,,,,,,,,
ETG/NKX,Asset Management,0.8411,0.61231,624,,,,,,,,
GDO/GDV,Asset Management,0.9218,0.61235,624,,,,,,,,
PNQI/QQQ,Unknown,0.9137,0.61237,624,,,,,,,,
BPOP/WAL,Banks - Regional,0.8762,0.61237,624,,,,,,,,
MFM/RVT,Asset Management,0.8117,0.61237,624,,,,,,,,
FFA/RMT,Asset Management,0.9817,0.61239,624,,,,,,,,
CASH/FRAF,Banks - Regional,0.8737,0.61239,624,,,,,,,,
MHN/PIM,Asset Management,0.8152,0.6124,624,,,,,,,,
CSQ/RNP,Asset Management,0.9759,0.61241,624,,,,,,,,
BKT/VLT,Asset Management,0.8255,0.61243,624,,,,,,,,
FFA/JOF,Asset Management,0.8488,0.61246,624,,,,,,,,
CII/NMZ,Asset Management,0.8395,0.61246,624,,,,,,,,
JHS/LGI,Asset Management,0.8552,0.61249,624,,,,,,,,
LGI/MQY,Asset Management,0.813,0.61255,624,,,,,,,,
FFIN/TCBK,Banks - Regional,0.9262,0.61256,624,,,,,,,,
MSD/SEIC,Asset Management,0.8626,0.61256,624,,,,,,,,
ETJ/HIX,Asset Management,0.9067,0.61257,624,,,,,,,,
IIF/RMT,Asset Management,0.9026,0.61257,624,,,,,,,,
MQY/PPT,Asset Management,0.8571,0.61258,624,,,,,,,,
MQT/VLT,Asset Management,0.88,0.61259,624,,,,,,,,
FITB/FNB,Banks - Regional,0.884,0.61259,624,,,,,,,,
CHW/EFT,Asset Management,0.9061,0.61259,624,,,,,,,,
MSD/SPE,Asset Management,0.8926,0.6126,624,,,,,,,,
NIE/PFD,Asset Management,0.8273,0.6126,624,,,,,,,,
MGF/UTF,Asset Management,0.8132,0.61265,624,,,,,,,,
BX/MMT,Asset Management,0.8662,0.61266,624,,,,,,,,
EOI/OCSL,Asset Management,0.8176,0.61267,624,,,,,,,,
EHI/IGD,Asset Management,0.8663,0.61267,624,,,,,,,,
BANR/HOMB,Banks - Regional,0.9425,0.61269,624,,,,,,,,
CII/FFC,Asset Management,0.8463,0.61271,624,,,,,,,,
CHW/PML,Asset Management,0.8071,0.61271,624,,,,,,,,
AME/GTLS,Specialty Industrial Machinery,0.8171,0.61273,624,,,,,,,,
BTZ/GDV,Asset Management,0.948,0.61273,624,,,,,,,,
ASG/BLW,Asset Management,0.9364,0.61273,624,,,,,,,,
ASB/WABC,Banks - Regional,0.8059,0.61274,624,,,,,,,,
CNS/EEA,Asset Management,0.9114,0.61274,624,,,,,,,,
INBK/WAFD,Banks - Regional,0.8038,0.61275,624,,,,,,,,
FICO/IDCC,Software - Application,0.9083,0.61276,624,,,,,,,,
ACNB/PB,Banks - Regional,0.9054,0.61276,624,,,,,,,,
FLC/JQC,Asset Management,0.8898,0.61282,624,,,,,,,,
NCA/RVT,Asset Management,0.8128,0.61282,624,,,,,,,,
CII/JPC,Asset Management,0.8889,0.61289,624,,,,,,,,
ADX/EEA,Asset Management,0.947,0.6129,624,,,,,,,,
AMP/PCN,Asset Management,0.8357,0.61292,624,,,,,,,,
MUE/PFL,Asset Management,0.8739,0.61295,624,,,,,,,,
CII/NIM,Asset Management,0.8459,0.61297,624,,,,,,,,
ACNB/CNOB,Banks - Regional,0.806,0.61298,624,,,,,,,,
ASML/UCTT,Semiconductor Equipment & Materials,0.9061,0.61299,624,,,,,,,,
AB/NUV,Asset Management,0.8185,0.61301,624,,,,,,,,
PFO/RMT,Asset Management,0.8701,0.61304,624,,,,,,,,
JLS/SPE,Asset Management,0.8834,0.61306,624,,,,,,,,
CHY/NEA,Asset Management,0.8672,0.61311,624,,,,,,,,
CBSH/USB,Banks - Regional,0.9134,0.61312,624,,,,,,,,
FOF/HTD,Asset Management,0.9617,0.61312,624,,,,,,,,
NCA/PCM,Asset Management,0.8783,0.61313,624,,,,,,,,
EOI/NIM,Asset Management,0.8384,0.61316,624,,,,,,,,
HYT/VVR,Asset Management,0.9422,0.61319,624,,,,,,,,
BFC/WAFD,Banks - Regional,0.8707,0.61319,624,,,,,,,,
FFA/FLC,Asset Management,0.8755,0.61321,624,,,,,,,,
IGSB/SCZ,Unknown,0.9232,0.61322,624,,,,,,,,
FLC/JCE,Asset Management,0.8684,0.61323,624,,,,,,,,
EHI/MCN,Asset Management,0.8632,0.61324,624,,,,,,,,
MUJ/PHD,Asset Management,0.8383,0.61325,624,,,,,,,,
NZF/STK,Asset Management,0.8135,0.61326,624,,,,,,,,
BPOP/EFSC,Banks - Regional,0.843,0.61327,624,,,,,,,,
CSWC/MCN,Asset Management,0.9631,0.61328,624,,,,,,,,
NFJ/NKX,Asset Management,0.8147,0.61328,624,,,,,,,,
CFR/USB,Banks - Regional,0.8584,0.61329,624,,,,,,,,
CNOB/ESSA,Banks - Regional,0.8054,0.61333,624,,,,,,,,
DDT/PIO,Unknown,0.9433,0.61333,624,,,,,,,,
AB/BHK,Asset Management,0.8453,0.61334,624,,,,,,,,
MMT/PHK,Asset Management,0.8239,0.61334,624,,,,,,,,
CBU/OSBC,Banks - Regional,0.8844,0.61335,624,,,,,,,,
CHI/NKX,Asset Management,0.8187,0.61336,624,,,,,,,,
NXJ/PCF,Asset Management,0.9254,0.61336,624,,,,,,,,
MFM/SEIC,Asset Management,0.838,0.61338,624,,,,,,,,
GCV/JHI,Asset Management,0.9213,0.61344,624,,,,,,,,
CZWI/ZIONP,Banks - Regional,0.8952,0.61345,624,,,,,,,,
EXG/SCD,Asset Management,0.9497,0.61345,624,,,,,,,,
GRX/IGA,Asset Management,0.9161,0.61347,624,,,,,,,,
AIZ/MCY,Insurance - Property & Casualty,0.8203,0.61348,624,,,,,,,,
JOF/NVG,Asset Management,0.8837,0.61349,624,,,,,,,,
BND/SCZ,Unknown,0.8789,0.61351,624,,,,,,,,
EOI/NAD,Asset Management,0.8249,0.61356,624,,,,,,,,
PTC/SAP,Software - Application,0.8895,0.61361,624,,,,,,,,
BGY/ETG,Asset Management,0.9683,0.61361,624,,,,,,,,
AOD/BDJ,Asset Management,0.9758,0.61365,624,,,,,,,,
IIF/MHF,Asset Management,0.8144,0.61365,624,,,,,,,,
GDO/MPV,Asset Management,0.82,0.61366,624,,,,,,,,
EEA/EOD,Asset Management,0.938,0.61368,624,,,,,,,,
IQI/PFN,Asset Management,0.917,0.6137,624,,,,,,,,
AOS/RRX,Specialty Industrial Machinery,0.8565,0.61374,624,,,,,,,,
NZF/USA,Asset Management,0.8663,0.61374,624,,,,,,,,
ACWI/PEY,Unknown,0.9669,0.61375,624,,,,,,,,
NPV/VPV,Asset Management,0.9205,0.61375,624,,,,,,,,
BKT/TROW,Asset Management,0.8628,0.61377,624,,,,,,,,
GDV/NKX,Asset Management,0.8627,0.6138,624,,,,,,,,
CSQ/SCD,Asset Management,0.9611,0.61382,624,,,,,,,,
MPB/PWOD,Banks - Regional,0.8167,0.61383,624,,,,,,,,
ETO/HIX,Asset Management,0.9263,0.61385,624,,,,,,,,
EOI/NRK,Asset Management,0.805,0.61386,624,,,,,,,,
MIY/SOR,Asset Management,0.8463,0.61387,624,,,,,,,,
BGY/ETW,Asset Management,0.9203,0.61388,624,,,,,,,,
JPC/SCD,Asset Management,0.8652,0.61389,624,,,,,,,,
NUV/SOR,Asset Management,0.8505,0.61392,624,,,,,,,,
IGA/NZF,Asset Management,0.8322,0.61393,624,,,,,,,,
AWP/MCR,Asset Management,0.9298,0.61394,624,,,,,,,,
INBK/SBSI,Banks - Regional,0.8366,0.61394,624,,,,,,,,
IGSB/MBB,Unknown,0.853,0.61396,624,,,,,,,,
GCV/IGR,Asset Management,0.9294,0.61403,624,,,,,,,,
NEA/PCN,Asset Management,0.9261,0.61403,624,,,,,,,,
CII/IGD,Asset Management,0.9533,0.61404,624,,,,,,,,
BPOP/KEY,Banks - Regional,0.8116,0.61405,624,,,,,,,,
RNST/SBSI,Banks - Regional,0.8992,0.61407,624,,,,,,,,
JCE/NEA,Asset Management,0.8247,0.6141,624,,,,,,,,
OFG/OVLY,Banks - Regional,0.8457,0.61419,624,,,,,,,,
CII/FLC,Asset Management,0.8609,0.6142,624,,,,,,,,
ADX/DNP,Asset Management,0.8999,0.61421,624,,,,,,,,
ETJ/MFM,Asset Management,0.801,0.61422,624,,,,,,,,
CIVB/HOMB,Banks - Regional,0.8809,0.61424,624,,,,,,,,
EWBC/LCNB,Banks - Regional,0.8456,0.61428,624,,,,,,,,
FHN/PNC,Banks - Regional,0.8572,0.61431,624,,,,,,,,
IUSG/PTH,Unknown,0.9084,0.61431,624,,,,,,,,
MSFT/VRSN,Software - Infrastructure,0.8532,0.61435,624,,,,,,,,
DNP/NAD,Asset Management,0.881,0.61437,624,,,,,,,,
ADBE/PLUS,Software - Application,0.8821,0.61438,624,,,,,,,,
CMG/DPZ,Restaurants,0.8527,0.61439,624,,,,,,,,
NXJ/PFD,Asset Management,0.9498,0.6144,624,,,,,,,,
AXP/FCFS,Credit Services,0.894,0.61443,624,,,,,,,,
DNP/PHD,Asset Management,0.8677,0.61445,624,,,,,,,,
GRID/PUI,Unknown,0.8934,0.61446,624,,,,,,,,
ACNB/BCAL,Banks - Regional,0.8792,0.61449,624,,,,,,,,
FLC/PCM,Asset Management,0.933,0.61451,624,,,,,,,,
EOS/IFN,Asset Management,0.9563,0.61453,624,,,,,,,,
FFA/VPV,Asset Management,0.8332,0.61453,624,,,,,,,,
CHY/HPI,Asset Management,0.8992,0.61454,624,,,,,,,,
EHI/ETO,Asset Management,0.9413,0.61455,624,,,,,,,,
CNS/FHI,Asset Management,0.8957,0.61455,624,,,,,,,,
BX/CHY,Asset Management,0.9314,0.61456,624,,,,,,,,
EOI/MYI,Asset Management,0.8013,0.61457,624,,,,,,,,
HPF/JFR,Asset Management,0.9252,0.61457,624,,,,,,,,
FLC/GUT,Asset Management,0.8339,0.61458,624,,,,,,,,
BOE/PDT,Asset Management,0.8986,0.61459,624,,,,,,,,
LGI/NPV,Asset Management,0.801,0.6146,624,,,,,,,,
BYM/PHD,Asset Management,0.8074,0.6146,624,,,,,,,,
MIN/RMT,Asset Management,0.8808,0.6146,624,,,,,,,,
GDV/NMZ,Asset Management,0.895,0.61463,624,,,,,,,,
MIN/RVT,Asset Management,0.8945,0.61464,624,,,,,,,,
IFN/JEQ,Asset Management,0.8616,0.61466,624,,,,,,,,
PAI/PCM,Asset Management,0.9181,0.61473,624,,,,,,,,
BR/CTSH,Information Technology Services,0.8526,0.61476,624,,,,,,,,
AFB/NTRS,Asset Management,0.8534,0.61479,624,,,,,,,,
AOS/IEX,Specialty Industrial Machinery,0.9376,0.6148,624,,,,,,,,
HYT/PDT,Asset Management,0.9297,0.61486,624,,,,,,,,
CIF/JFR,Asset Management,0.8494,0.61486,624,,,,,,,,
PHO/VCIT,Unknown,0.845,0.61487,624,,,,,,,,
FOF/HIX,Asset Management,0.9228,0.61488,624,,,,,,,,
NAD/VLT,Asset Management,0.9133,0.61489,624,,,,,,,,
DPZ/NATH,Restaurants,0.8414,0.61491,624,,,,,,,,
BKN/GUT,Asset Management,0.8249,0.61496,624,,,,,,,,
NRK/VLT,Asset Management,0.9065,0.61496,624,,,,,,,,
AWP/DNP,Asset Management,0.893,0.61498,624,,,,,,,,
FCBC/TCBK,Banks - Regional,0.9269,0.61498,624,,,,,,,,
ASG/CSWC,Asset Management,0.8839,0.61498,624,,,,,,,,
PHO/USIG,Unknown,0.8308,0.615,624,,,,,,,,
BX/PFG,Asset Management,0.8949,0.61501,624,,,,,,,,
BKN/BTO,Asset Management,0.8185,0.61502,624,,,,,,,,
NPV/PIM,Asset Management,0.8117,0.61502,624,,,,,,,,
CHY/HPS,Asset Management,0.9326,0.61504,624,,,,,,,,
ASG/FCT,Asset Management,0.894,0.61507,624,,,,,,,,
EOI/MSD,Asset Management,0.8673,0.61507,624,,,,,,,,
GOF/MSD,Asset Management,0.8924,0.61507,624,,,,,,,,
PFO/SAR,Asset Management,0.8247,0.61508,624,,,,,,,,
LGI/PSEC,Asset Management,0.8924,0.61509,624,,,,,,,,
NAN/RQI,Asset Management,0.891,0.61509,624,,,,,,,,
DNP/GDV,Asset Management,0.9323,0.61511,624,,,,,,,,
BGY/HPI,Asset Management,0.8405,0.61512,624,,,,,,,,
BLK/NMZ,Asset Management,0.8604,0.61513,624,,,,,,,,
BFC/BPOP,Banks - Regional,0.9351,0.61516,624,,,,,,,,
SNV/STBA,Banks - Regional,0.9217,0.61517,624,,,,,,,,
CHY/IGD,Asset Management,0.9161,0.6152,624,,,,,,,,
EVN/FFA,Asset Management,0.8091,0.61523,624,,,,,,,,
CII/MUJ,Asset Management,0.8281,0.61527,624,,,,,,,,
CMU/PHK,Asset Management,0.8107,0.61531,624,,,,,,,,
EVF/PDT,Asset Management,0.8636,0.61531,624,,,,,,,,
GAM/PFO,Asset Management,0.8047,0.61533,624,,,,,,,,
ETY/MUJ,Asset Management,0.8239,0.61534,624,,,,,,,,
TY/VCV,Asset Management,0.8771,0.61535,624,,,,,,,,
CHW/RQI,Asset Management,0.9464,0.61536,624,,,,,,,,
GOF/JOF,Asset Management,0.8898,0.61538,624,,,,,,,,
BFC/ZION,Banks - Regional,0.8424,0.61543,624,,,,,,,,
IUSG/PNQI,Unknown,0.9242,0.61544,624,,,,,,,,
PNQI/PPH,Unknown,0.8365,0.61545,624,,,,,,,,
FRA/PIM,Asset Management,0.8443,0.61547,624,,,,,,,,
NAD/STK,Asset Management,0.8028,0.61549,624,,,,,,,,
BHK/TROW,Asset Management,0.9285,0.61552,624,,,,,,,,
CSQ/FLC,Asset Management,0.8772,0.61556,624,,,,,,,,
BTA/EFR,Asset Management,0.8412,0.61557,624,,,,,,,,
FITB/GSBC,Banks - Regional,0.9177,0.61557,624,,,,,,,,
IIM/RMT,Asset Management,0.8242,0.61557,624,,,,,,,,
CXH/RVT,Asset Management,0.8164,0.61561,624,,,,,,,,
BTA/GCV,Asset Management,0.9062,0.61563,624,,,,,,,,
BLK/DHIL,Asset Management,0.8376,0.61564,624,,,,,,,,
GAIN/NXJ,Asset Management,0.8535,0.61564,624,,,,,,,,
FITB/OFG,Banks - Regional,0.859,0.61565,624,,,,,,,,
DNP/WIA,Asset Management,0.8262,0.61565,624,,,,,,,,
PFD/TY,Asset Management,0.889,0.61565,624,,,,,,,,
MIN/PFN,Asset Management,0.9304,0.61568,624,,,,,,,,
CSGS/GEN,Software - Infrastructure,0.8733,0.61569,624,,,,,,,,
AMP/HYT,Asset Management,0.9151,0.61576,624,,,,,,,,
BTA/STEW,Asset Management,0.8569,0.61576,624,,,,,,,,
ACLS/KLAC,Semiconductor Equipment & Materials,0.8417,0.61576,624,,,,,,,,
CHW/PFG,Asset Management,0.8372,0.6158,624,,,,,,,,
PNQI/PUI,Unknown,0.8996,0.61582,624,,,,,,,,
NVG/PTY,Asset Management,0.9152,0.61582,624,,,,,,,,
JPC/RMT,Asset Management,0.9077,0.61584,624,,,,,,,,
OSBC/OZK,Banks - Regional,0.8352,0.61586,624,,,,,,,,
CAMT/PLAB,Semiconductor Equipment & Materials,0.8869,0.61589,624,,,,,,,,
PTH/TVE,Unknown,0.8522,0.61593,624,,,,,,,,
PFG/QQQX,Asset Management,0.918,0.61593,624,,,,,,,,
BHK/CGO,Asset Management,0.9239,0.61598,624,,,,,,,,
BX/MCR,Asset Management,0.8439,0.61598,624,,,,,,,,
NAN/PPT,Asset Management,0.8818,0.61605,624,,,,,,,,
IQI/PTY,Asset Management,0.8871,0.6161,624,,,,,,,,
CSQ/VPV,Asset Management,0.8357,0.61617,624,,,,,,,,
FTA/PIZ,Unknown,0.9392,0.61618,624,,,,,,,,
ACNB/EWBC,Banks - Regional,0.8997,0.61618,624,,,,,,,,
FMN/VLT,Asset Management,0.8489,0.61622,624,,,,,,,,
FFC/PFL,Asset Management,0.9453,0.61624,624,,,,,,,,
DTE/ETR,Utilities - Regulated Electric,0.9165,0.61626,624,,,,,,,,
QQQX/RQI,Asset Management,0.9664,0.61628,624,,,,,,,,
CII/MSD,Asset Management,0.8406,0.61628,624,,,,,,,,
DNP/PMM,Asset Management,0.9002,0.61628,624,,,,,,,,
RNP/TROW,Asset Management,0.887,0.61629,624,,,,,,,,
JOF/NAC,Asset Management,0.8308,0.6163,624,,,,,,,,
FICO/SAP,Software - Application,0.9337,0.61631,624,,,,,,,,
CHI/NMZ,Asset Management,0.8585,0.61632,624,,,,,,,,
HTD/SEIC,Asset Management,0.9255,0.61633,624,,,,,,,,
BYM/USA,Asset Management,0.8155,0.61636,624,,,,,,,,
IFN/TROW,Asset Management,0.8009,0.61637,624,,,,,,,,
VABK/ZIONP,Banks - Regional,0.8584,0.61639,624,,,,,,,,
AWF/HPF,Asset Management,0.9613,0.61642,624,,,,,,,,
BR/FORTY,Information Technology Services,0.9083,0.61643,624,,,,,,,,
GJH/SCZ,Unknown,0.9412,0.61643,624,,,,,,,,
PTH/QTEC,Unknown,0.924,0.6165,624,,,,,,,,
BHK/EXG,Asset Management,0.8845,0.61654,624,,,,,,,,
FFIN/TRMK,Banks - Regional,0.8746,0.61654,624,,,,,,,,
ADX/FLC,Asset Management,0.8735,0.61655,624,,,,,,,,
GOF/PDT,Asset Management,0.9434,0.6166,624,,,,,,,,
GOF/MHF,Asset Management,0.92,0.6166,624,,,,,,,,
PFBC/STBA,Banks - Regional,0.9123,0.61661,624,,,,,,,,
BHK/GRX,Asset Management,0.9353,0.61664,624,,,,,,,,
ACNB/TFC,Banks - Regional,0.8047,0.61667,624,,,,,,,,
MTZ/STN,Engineering & Construction,0.8838,0.61667,624,,,,,,,,
ABCB/HAFC,Banks - Regional,0.8315,0.61668,624,,,,,,,,
MPWR/POWI,Semiconductors,0.853,0.61669,624,,,,,,,,
AOD/HTD,Asset Management,0.9221,0.61671,624,,,,,,,,
AOS/HI,Specialty Industrial Machinery,0.8749,0.61672,624,,,,,,,,
CZFS/SYBT,Banks - Regional,0.8713,0.61674,624,,,,,,,,
PNQI/SWZ,Unknown,0.9138,0.61675,624,,,,,,,,
BLK/FHI,Asset Management,0.9254,0.61676,624,,,,,,,,
BND/IEUS,Unknown,0.8668,0.61679,624,,,,,,,,
JOF/PML,Asset Management,0.8046,0.61684,624,,,,,,,,
ADX/VKQ,Asset Management,0.8044,0.61685,624,,,,,,,,
ETG/JRS,Asset Management,0.9352,0.61685,624,,,,,,,,
BTO/NXP,Asset Management,0.8715,0.61685,624,,,,,,,,
MUE/PCF,Asset Management,0.8368,0.61692,624,,,,,,,,
SOXX/VCIT,Unknown,0.8061,0.61693,624,,,,,,,,
FAD/WOOD,Unknown,0.9498,0.61693,624,,,,,,,,
AVY/SON,Packaging & Containers,0.9181,0.61695,624,,,,,,,,
MCR/RMT,Asset Management,0.9397,0.61695,624,,,,,,,,
BALL/SON,Packaging & Containers,0.8872,0.61695,624,,,,,,,,
AWP/EHI,Asset Management,0.9368,0.61696,624,,,,,,,,
IFN/MIN,Asset Management,0.8248,0.61697,624,,,,,,,,
FOF/NPV,Asset Management,0.8013,0.61697,624,,,,,,,,
ETY/HPI,Asset Management,0.9138,0.617,624,,,,,,,,
BN/IAE,Asset Management,0.8448,0.61704,624,,,,,,,,
ONEQ/PFM,Unknown,0.9863,0.61705,624,,,,,,,,
BHK/JOF,Asset Management,0.8783,0.61706,624,,,,,,,,
EEA/HPS,Asset Management,0.9129,0.61709,624,,,,,,,,
HIX/SOR,Asset Management,0.8838,0.61709,624,,,,,,,,
ASG/HPI,Asset Management,0.8984,0.61712,624,,,,,,,,
ETY/NMZ,Asset Management,0.8427,0.61713,624,,,,,,,,
DHR/RDNT,Diagnostics & Research,0.8189,0.61713,624,,,,,,,,
FFA/NCA,Asset Management,0.8001,0.61713,624,,,,,,,,
CHW/USA,Asset Management,0.9527,0.61714,624,,,,,,,,
ETY/MSD,Asset Management,0.8705,0.61714,624,,,,,,,,
EHI/HTD,Asset Management,0.9182,0.61715,624,,,,,,,,
PTH/USIG,Unknown,0.9237,0.61717,624,,,,,,,,
AGX/FIX,Engineering & Construction,0.8577,0.61717,624,,,,,,,,
FMN/JLS,Asset Management,0.8498,0.61717,624,,,,,,,,
DRS/RTX,Aerospace & Defense,0.8029,0.61719,624,,,,,,,,
ADX/BGT,Asset Management,0.9633,0.6172,624,,,,,,,,
HPF/VVR,Asset Management,0.8791,0.61723,624,,,,,,,,
SHW/SXT,Specialty Chemicals,0.8303,0.61725,624,,,,,,,,
FRST/HOMB,Banks - Regional,0.813,0.61728,624,,,,,,,,
GAM/IAE,Asset Management,0.8296,0.6173,624,,,,,,,,
MPA/PCF,Asset Management,0.8844,0.6173,624,,,,,,,,
MMT/STEW,Asset Management,0.9336,0.61733,624,,,,,,,,
JOF/VPV,Asset Management,0.8236,0.61734,624,,,,,,,,
GDV/NAZ,Asset Management,0.8045,0.61736,624,,,,,,,,
BKN/JOF,Asset Management,0.8078,0.61736,624,,,,,,,,
AMP/GRX,Asset Management,0.8272,0.61737,624,,,,,,,,
NXJ/RCS,Asset Management,0.8407,0.61738,624,,,,,,,,
ETY/NNY,Asset Management,0.8011,0.61738,624,,,,,,,,
CBU/PEBO,Banks - Regional,0.9118,0.6174,624,,,,,,,,
BRKL/NWBI,Banks - Regional,0.9061,0.61741,624,,,,,,,,
ETJ/PDT,Asset Management,0.9068,0.61742,624,,,,,,,,
VBF/VVR,Asset Management,0.8068,0.61744,624,,,,,,,,
EVT/FUND,Asset Management,0.9712,0.61744,624,,,,,,,,
SWZ/VCLT,Unknown,0.802,0.61746,624,,,,,,,,
EOI/NEA,Asset Management,0.8193,0.61747,624,,,,,,,,
EVF/HPF,Asset Management,0.9095,0.61748,624,,,,,,,,
ETW/MCI,Asset Management,0.8671,0.61756,624,,,,,,,,
ALRS/TOWN,Banks - Regional,0.8335,0.61756,624,,,,,,,,
QCRH/WABC,Banks - Regional,0.8054,0.61756,624,,,,,,,,
BYM/DNP,Asset Management,0.8443,0.61757,624,,,,,,,,
IUSG/PRN,Unknown,0.9878,0.61758,624,,,,,,,,
NXC/SEIC,Asset Management,0.8693,0.61759,624,,,,,,,,
CXT/ITT,Specialty Industrial Machinery,0.9444,0.6176,624,,,,,,,,
BTZ/FCT,Asset Management,0.9275,0.61762,624,,,,,,,,
JRS/RMT,Asset Management,0.9192,0.61762,624,,,,,,,,
BANF/UBSI,Banks - Regional,0.8517,0.61764,624,,,,,,,,
SPE/VBF,Asset Management,0.8671,0.61764,624,,,,,,,,
CHY/NMZ,Asset Management,0.8698,0.61764,624,,,,,,,,
LYV/TKO,Entertainment,0.8927,0.61767,624,,,,,,,,
ETV/SEIC,Asset Management,0.9336,0.61767,624,,,,,,,,
NKX/RNP,Asset Management,0.8942,0.61768,624,,,,,,,,
EMB/IGF,Unknown,0.8367,0.61772,624,,,,,,,,
BANF/FFIN,Banks - Regional,0.8328,0.61775,624,,,,,,,,
EXG/JRS,Asset Management,0.9342,0.61776,624,,,,,,,,
BLE/NTRS,Asset Management,0.8156,0.61776,624,,,,,,,,
CMA/NWBI,Banks - Regional,0.8976,0.61778,624,,,,,,,,
BLK/VVR,Asset Management,0.9348,0.61778,624,,,,,,,,
FEX/PIE,Unknown,0.82,0.61783,624,,,,,,,,
MCR/PCF,Asset Management,0.9613,0.61787,624,,,,,,,,
SFST/TRMK,Banks - Regional,0.8797,0.61787,624,,,,,,,,
FAB/PEY,Unknown,0.9831,0.61788,624,,,,,,,,
JOF/NKX,Asset Management,0.8629,0.61788,624,,,,,,,,
ETV/IGR,Asset Management,0.9155,0.61789,624,,,,,,,,
DOV/ITW,Specialty Industrial Machinery,0.9734,0.61793,624,,,,,,,,
MYD/PCF,Asset Management,0.8181,0.61794,624,,,,,,,,
CHY/MQY,Asset Management,0.8274,0.61795,624,,,,,,,,
LLY/NVS,Drug Manufacturers - General,0.8529,0.61796,624,,,,,,,,
IGA/PHD,Asset Management,0.956,0.61797,624,,,,,,,,
CARE/CNOB,Banks - Regional,0.8271,0.61801,624,,,,,,,,
CHN/MUJ,Asset Management,0.8119,0.61804,624,,,,,,,,
FCBC/TFC,Banks - Regional,0.8206,0.61804,624,,,,,,,,
BCBP/OSBC,Banks - Regional,0.8354,0.61805,624,,,,,,,,
JLS/VVR,Asset Management,0.8588,0.61806,624,,,,,,,,
CASH/CZFS,Banks - Regional,0.808,0.61807,624,,,,,,,,
GCV/OIA,Asset Management,0.8883,0.61808,624,,,,,,,,
MTZ/PWR,Engineering & Construction,0.8753,0.61811,624,,,,,,,,
HIX/STEW,Asset Management,0.8741,0.61812,624,,,,,,,,
BTZ/EOD,Asset Management,0.8796,0.61813,624,,,,,,,,
PFL/PML,Asset Management,0.8142,0.61814,624,,,,,,,,
FAD/IUSV,Unknown,0.9799,0.61815,624,,,,,,,,
AEP/PNW,Utilities - Regulated Electric,0.9511,0.61817,624,,,,,,,,
FFC/FOF,Asset Management,0.8914,0.61818,624,,,,,,,,
BCBP/WSBF,Banks - Regional,0.8675,0.61819,624,,,,,,,,
IGA/NXP,Asset Management,0.8722,0.61823,624,,,,,,,,
DDT/WOOD,Unknown,0.9192,0.61823,624,,,,,,,,
AAON/JCI,Building Products & Equipment,0.9058,0.61823,624,,,,,,,,
CHY/FUND,Asset Management,0.963,0.61824,624,,,,,,,,
NVG/QQQX,Asset Management,0.8987,0.61826,624,,,,,,,,
PNC/UBSI,Banks - Regional,0.8929,0.61829,624,,,,,,,,
GCV/MQT,Asset Management,0.8678,0.6183,624,,,,,,,,
CHY/PSEC,Asset Management,0.9059,0.61831,624,,,,,,,,
NXJ/PDT,Asset Management,0.9566,0.61832,624,,,,,,,,
GPK/SON,Packaging & Containers,0.8712,0.61834,624,,,,,,,,
DNP/NEA,Asset Management,0.8717,0.61835,624,,,,,,,,
PDP/PRN,Unknown,0.9752,0.61835,624,,,,,,,,
JOF/VLT,Asset Management,0.8855,0.61839,624,,,,,,,,
DNP/EVN,Asset Management,0.8528,0.61839,624,,,,,,,,
NAD/PPT,Asset Management,0.8928,0.61839,624,,,,,,,,
CGO/IGR,Asset Management,0.9317,0.6184,624,,,,,,,,
DNP/MYD,Asset Management,0.8089,0.61841,624,,,,,,,,
CHW/FT,Asset Management,0.9455,0.61842,624,,,,,,,,
EOS/RFI,Asset Management,0.9541,0.61843,624,,,,,,,,
ADX/NEA,Asset Management,0.8398,0.61844,624,,,,,,,,
CSQ/JOF,Asset Management,0.8419,0.61848,624,,,,,,,,
FFIN/THFF,Banks - Regional,0.8709,0.6185,624,,,,,,,,
FFC/GAIN,Asset Management,0.8094,0.61853,624,,,,,,,,
IUSG/PIO,Unknown,0.9808,0.61854,624,,,,,,,,
ADX/PMO,Asset Management,0.8496,0.61857,624,,,,,,,,
DNP/EHI,Asset Management,0.9027,0.61857,624,,,,,,,,
ETY/NUV,Asset Management,0.8227,0.61858,624,,,,,,,,
BFK/TY,Asset Management,0.8026,0.6186,624,,,,,,,,
LNG/SBR,Oil & Gas Midstream,0.925,0.61862,624,,,,,,,,
ETY/NXC,Asset Management,0.8127,0.61862,624,,,,,,,,
JMM/PHK,Asset Management,0.8664,0.61869,624,,,,,,,,
HIO/HPS,Asset Management,0.9589,0.61869,624,,,,,,,,
NXJ/PTY,Asset Management,0.938,0.6187,624,,,,,,,,
FFC/SPXX,Asset Management,0.8764,0.61873,624,,,,,,,,
PAI/PCF,Asset Management,0.8972,0.61873,624,,,,,,,,
GDO/SAR,Asset Management,0.871,0.61874,624,,,,,,,,
MBB/PTH,Unknown,0.836,0.61875,624,,,,,,,,
CMA/LCNB,Banks - Regional,0.8351,0.61882,624,,,,,,,,
CXH/NIE,Asset Management,0.8037,0.61883,624,,,,,,,,
SFST/SYBT,Banks - Regional,0.8115,0.61884,624,,,,,,,,
CSQ/MPA,Asset Management,0.8362,0.61884,624,,,,,,,,
CMA/NFBK,Banks - Regional,0.8103,0.61885,624,,,,,,,,
EOS/MQT,Asset Management,0.8126,0.61885,624,,,,,,,,
HTD/NAZ,Asset Management,0.838,0.61886,624,,,,,,,,
GF/GRX,Asset Management,0.8533,0.61887,624,,,,,,,,
BFZ/SOR,Asset Management,0.8032,0.6189,624,,,,,,,,
DNP/MSD,Asset Management,0.8234,0.61894,624,,,,,,,,
EFT/FFC,Asset Management,0.8186,0.61895,624,,,,,,,,
DNP/VCV,Asset Management,0.837,0.61896,624,,,,,,,,
EOS/NAD,Asset Management,0.8625,0.61896,624,,,,,,,,
CHY/NRK,Asset Management,0.8455,0.61899,624,,,,,,,,
FBNC/FCBC,Banks - Regional,0.9333,0.61899,624,,,,,,,,
GAM/HTD,Asset Management,0.926,0.61901,624,,,,,,,,
JLS/MIY,Asset Management,0.8783,0.61903,624,,,,,,,,
CHI/HPF,Asset Management,0.9091,0.61906,624,,,,,,,,
FFIN/FRAF,Banks - Regional,0.8727,0.61907,624,,,,,,,,
ETJ/MFIC,Asset Management,0.8078,0.61908,624,,,,,,,,
FFA/HPS,Asset Management,0.9488,0.61909,624,,,,,,,,
ZION/ZIONP,Banks - Regional,0.8448,0.61911,624,,,,,,,,
IEI/VGSH,Unknown,0.9023,0.61912,624,,,,,,,,
IQI/UTF,Asset Management,0.8718,0.61913,624,,,,,,,,
CSQ/GDO,Asset Management,0.8937,0.61913,624,,,,,,,,
BND/IBB,Unknown,0.8984,0.61921,624,,,,,,,,
ASG/MCN,Asset Management,0.8872,0.61921,624,,,,,,,,
ALRS/GSBC,Banks - Regional,0.8867,0.61922,624,,,,,,,,
IGA/NMZ,Asset Management,0.8373,0.61924,624,,,,,,,,
LGI/NAD,Asset Management,0.8605,0.61924,624,,,,,,,,
AFB/CHN,Asset Management,0.8179,0.61924,624,,,,,,,,
JLS/PCM,Asset Management,0.9,0.61925,624,,,,,,,,
SHV/SWZ,Unknown,0.8665,0.61925,624,,,,,,,,
EWBC/NWBI,Banks - Regional,0.8661,0.61925,624,,,,,,,,
EVN/PFN,Asset Management,0.8992,0.6193,624,,,,,,,,
GDO/RMT,Asset Management,0.9062,0.6193,624,,,,,,,,
ACNB/TFSL,Banks - Regional,0.8154,0.61932,624,,,,,,,,
IGSB/USIG,Unknown,0.9492,0.61933,624,,,,,,,,
BPOP/CFFI,Banks - Regional,0.8276,0.61933,624,,,,,,,,
VCLT/VGLT,Unknown,0.9044,0.61936,624,,,,,,,,
CASH/CHMG,Banks - Regional,0.905,0.61938,624,,,,,,,,
CGO/HTD,Asset Management,0.9102,0.6194,624,,,,,,,,
MYI/PPT,Asset Management,0.8616,0.6194,624,,,,,,,,
PTH/VCIT,Unknown,0.9213,0.61942,624,,,,,,,,
PFD/USA,Asset Management,0.8222,0.61944,624,,,,,,,,
AMAT/UCTT,Semiconductor Equipment & Materials,0.8882,0.61946,624,,,,,,,,
EOS/UTF,Asset Management,0.97,0.6195,624,,,,,,,,
ARCC/ASG,Asset Management,0.8737,0.61951,624,,,,,,,,
DSM/PCM,Asset Management,0.8334,0.61955,624,,,,,,,,
DPZ/YUM,Restaurants,0.9519,0.61957,624,,,,,,,,
MCR/PCM,Asset Management,0.9559,0.61963,624,,,,,,,,
IGA/MCR,Asset Management,0.9088,0.61971,624,,,,,,,,
EFSC/USB,Banks - Regional,0.9116,0.61971,624,,,,,,,,
CIVB/TFSL,Banks - Regional,0.8706,0.61972,624,,,,,,,,
DVY/PRN,Unknown,0.9529,0.61972,624,,,,,,,,
EWBC/OSBC,Banks - Regional,0.9127,0.61972,624,,,,,,,,
IQI/NTRS,Asset Management,0.8844,0.61974,624,,,,,,,,
HPF/JOF,Asset Management,0.9003,0.61974,624,,,,,,,,
HTD/IGR,Asset Management,0.9258,0.61977,624,,,,,,,,
NZF/TY,Asset Management,0.9215,0.61978,624,,,,,,,,
MFM/SOR,Asset Management,0.805,0.6198,624,,,,,,,,
CGO/GUT,Asset Management,0.81,0.61981,624,,,,,,,,
EOS/SPE,Asset Management,0.9812,0.61983,624,,,,,,,,
GSBC/HOMB,Banks - Regional,0.9265,0.61984,624,,,,,,,,
AAXJ/PIE,Unknown,0.9119,0.61987,624,,,,,,,,
OFG/TBBK,Banks - Regional,0.9447,0.61988,624,,,,,,,,
SPE/VPV,Asset Management,0.8197,0.61989,624,,,,,,,,
BANF/FULT,Banks - Regional,0.8966,0.6199,624,,,,,,,,
HTD/PFN,Asset Management,0.9654,0.61994,624,,,,,,,,
PTH/VCLT,Unknown,0.8934,0.61994,624,,,,,,,,
GOF/VCV,Asset Management,0.8446,0.61997,624,,,,,,,,
AB/NXP,Asset Management,0.8799,0.62,624,,,,,,,,
BX/EVF,Asset Management,0.94,0.62,624,,,,,,,,
AME/GRC,Specialty Industrial Machinery,0.8569,0.62004,624,,,,,,,,
CIVB/PWOD,Banks - Regional,0.8067,0.62005,624,,,,,,,,
STBA/TRMK,Banks - Regional,0.9259,0.62006,624,,,,,,,,
BHK/WIW,Asset Management,0.9142,0.62008,624,,,,,,,,
FMAO/TRMK,Banks - Regional,0.8452,0.62014,624,,,,,,,,
HAFC/TRST,Banks - Regional,0.8263,0.62015,624,,,,,,,,
CHI/MIN,Asset Management,0.9065,0.62016,624,,,,,,,,
FOF/IGA,Asset Management,0.9785,0.62018,624,,,,,,,,
MQY/PFN,Asset Management,0.8944,0.62019,624,,,,,,,,
AB/BRW,Asset Management,0.8544,0.6202,624,,,,,,,,
BKN/ETO,Asset Management,0.8367,0.62021,624,,,,,,,,
CFR/HDB,Banks - Regional,0.8908,0.62022,624,,,,,,,,
EOS/JFR,Asset Management,0.9345,0.62025,624,,,,,,,,
JOF/NXJ,Asset Management,0.8663,0.62027,624,,,,,,,,
MIN/USA,Asset Management,0.9036,0.62029,624,,,,,,,,
EMB/FEX,Unknown,0.8159,0.62033,624,,,,,,,,
HBNC/NWBI,Banks - Regional,0.9451,0.62035,624,,,,,,,,
BTZ/WIW,Asset Management,0.9314,0.62036,624,,,,,,,,
FFC/PCM,Asset Management,0.9252,0.62039,624,,,,,,,,
HPF/IGD,Asset Management,0.9125,0.62039,624,,,,,,,,
LGI/PAI,Asset Management,0.8539,0.62042,624,,,,,,,,
AFB/JOF,Asset Management,0.8223,0.6205,624,,,,,,,,
MUA/PCF,Asset Management,0.8552,0.62055,624,,,,,,,,
CSQ/PFD,Asset Management,0.8158,0.62056,624,,,,,,,,
GDO/LGI,Asset Management,0.9142,0.62056,624,,,,,,,,
ETY/VPV,Asset Management,0.819,0.62057,624,,,,,,,,
FLC/IFN,Asset Management,0.8059,0.62057,624,,,,,,,,
BR/EXLS,Information Technology Services,0.9312,0.62058,624,,,,,,,,
CM/ING,Banks - Diversified,0.8041,0.62061,624,,,,,,,,
HTD/IGD,Asset Management,0.9383,0.62061,624,,,,,,,,
CSQ/NZF,Asset Management,0.8567,0.62064,624,,,,,,,,
JEQ/PMX,Asset Management,0.8022,0.62066,624,,,,,,,,
CSWC/RMT,Asset Management,0.9575,0.62066,624,,,,,,,,
IGIB/PTH,Unknown,0.9379,0.62068,624,,,,,,,,
GCV/MPA,Asset Management,0.8683,0.62073,624,,,,,,,,
CII/FUND,Asset Management,0.9809,0.62073,624,,,,,,,,
USA/VKQ,Asset Management,0.816,0.62075,624,,,,,,,,
EVN/JLS,Asset Management,0.8786,0.62078,624,,,,,,,,
EEA/ETG,Asset Management,0.9685,0.62081,624,,,,,,,,
NUV/UTF,Asset Management,0.8959,0.62081,624,,,,,,,,
SBCF/TRST,Banks - Regional,0.8958,0.62083,624,,,,,,,,
PIZ/PPH,Unknown,0.9089,0.62084,624,,,,,,,,
ADX/MAIN,Asset Management,0.9677,0.62084,624,,,,,,,,
BND/GOVI,Unknown,0.938,0.62086,624,,,,,,,,
EFX/ICFI,Consulting Services,0.9125,0.62088,624,,,,,,,,
ACLS/KLIC,Semiconductor Equipment & Materials,0.8299,0.62089,624,,,,,,,,
MYI/SOR,Asset Management,0.8494,0.6209,624,,,,,,,,
JHS/USA,Asset Management,0.842,0.62092,624,,,,,,,,
PEY/PIO,Unknown,0.945,0.62093,624,,,,,,,,
GJO/PIZ,Unknown,0.9108,0.62093,624,,,,,,,,
DNP/DSU,Asset Management,0.8969,0.62094,624,,,,,,,,
FFIN/PFBC,Banks - Regional,0.8829,0.62096,624,,,,,,,,
FCBC/FITB,Banks - Regional,0.9255,0.62097,624,,,,,,,,
ETY/HQH,Asset Management,0.8478,0.62099,624,,,,,,,,
MFM/PHD,Asset Management,0.8024,0.621,624,,,,,,,,
ACNB/NBN,Banks - Regional,0.8299,0.621,624,,,,,,,,
PPBI/TRMK,Banks - Regional,0.8717,0.62101,624,,,,,,,,
ETY/WIA,Asset Management,0.8446,0.62101,624,,,,,,,,
NMZ/QQQX,Asset Management,0.9054,0.62102,624,,,,,,,,
EFSC/PNC,Banks - Regional,0.9366,0.62104,624,,,,,,,,
GDV/PMO,Asset Management,0.8859,0.62107,624,,,,,,,,
AWP/HIX,Asset Management,0.938,0.62107,624,,,,,,,,
MUJ/STK,Asset Management,0.8016,0.62112,624,,,,,,,,
ACWI/EMB,Unknown,0.8219,0.62117,624,,,,,,,,
DNP/EVF,Asset Management,0.8638,0.62118,624,,,,,,,,
MYN/PCN,Asset Management,0.8674,0.62118,624,,,,,,,,
DNP/PMO,Asset Management,0.9117,0.62121,624,,,,,,,,
AVY/BALL,Packaging & Containers,0.8526,0.62121,624,,,,,,,,
BKT/HYT,Asset Management,0.8039,0.62121,624,,,,,,,,
AVY/SLGN,Packaging & Containers,0.9408,0.62125,624,,,,,,,,
PMM/RVT,Asset Management,0.881,0.62126,624,,,,,,,,
ADX/JOF,Asset Management,0.8498,0.62126,624,,,,,,,,
MUJ/NFJ,Asset Management,0.844,0.62128,624,,,,,,,,
CXH/PTY,Asset Management,0.8743,0.62131,624,,,,,,,,
FTC/IMCV,Unknown,0.9724,0.62133,624,,,,,,,,
CASH/IBN,Banks - Regional,0.9142,0.62136,624,,,,,,,,
LGI/NNY,Asset Management,0.8174,0.62136,624,,,,,,,,
QTEC/USIG,Unknown,0.8738,0.62138,624,,,,,,,,
MHD/TY,Asset Management,0.8021,0.62139,624,,,,,,,,
GRX/IGD,Asset Management,0.8945,0.62139,624,,,,,,,,
JOF/NMZ,Asset Management,0.8852,0.6214,624,,,,,,,,
MUA/QQQX,Asset Management,0.8479,0.62144,624,,,,,,,,
NXP/WIW,Asset Management,0.9038,0.62145,624,,,,,,,,
CARE/ISBA,Banks - Regional,0.8076,0.62146,624,,,,,,,,
MHF/VVR,Asset Management,0.8284,0.62148,624,,,,,,,,
MIY/TY,Asset Management,0.9023,0.62149,624,,,,,,,,
MPWR/SIMO,Semiconductors,0.8302,0.6215,624,,,,,,,,
PFN/VVR,Asset Management,0.8909,0.6215,624,,,,,,,,
DSU/IGA,Asset Management,0.9719,0.62153,624,,,,,,,,
GWW/MSM,Industrial Distribution,0.8466,0.62154,624,,,,,,,,
CII/VPV,Asset Management,0.812,0.6216,624,,,,,,,,
MUE/PCN,Asset Management,0.8725,0.62165,624,,,,,,,,
AMD/IMOS,Semiconductors,0.883,0.62167,624,,,,,,,,
MIN/PDT,Asset Management,0.8885,0.62169,624,,,,,,,,
BYM/IGR,Asset Management,0.8892,0.62169,624,,,,,,,,
EVF/HPI,Asset Management,0.8948,0.62172,624,,,,,,,,
LGI/NEA,Asset Management,0.8578,0.62172,624,,,,,,,,
AMP/MMT,Asset Management,0.8431,0.62173,624,,,,,,,,
BHK/SPXX,Asset Management,0.866,0.62173,624,,,,,,,,
FFC/GAB,Asset Management,0.8602,0.62173,624,,,,,,,,
BFK/GCV,Asset Management,0.8055,0.62175,624,,,,,,,,
BX/EOD,Asset Management,0.959,0.62176,624,,,,,,,,
IGA/VBF,Asset Management,0.86,0.62177,624,,,,,,,,
EHI/GRX,Asset Management,0.9375,0.62177,624,,,,,,,,
BX/JFR,Asset Management,0.9028,0.62177,624,,,,,,,,
EMB/QABA,Unknown,0.8396,0.62178,624,,,,,,,,
JOF/MQT,Asset Management,0.8357,0.62179,624,,,,,,,,
AEE/PNW,Utilities - Regulated Electric,0.9294,0.62182,624,,,,,,,,
FMAO/WABC,Banks - Regional,0.842,0.62184,624,,,,,,,,
NEA/TDF,Asset Management,0.8074,0.62187,624,,,,,,,,
PFF/PID,Unknown,0.8396,0.62187,624,,,,,,,,
JLS/NKX,Asset Management,0.8934,0.6219,624,,,,,,,,
HPF/PFG,Asset Management,0.8686,0.62191,624,,,,,,,,
BX/NXP,Asset Management,0.8173,0.62193,624,,,,,,,,
ADX/NUV,Asset Management,0.84,0.62195,624,,,,,,,,
EMB/QQXT,Unknown,0.8297,0.62198,624,,,,,,,,
CZWI/PWOD,Banks - Regional,0.8423,0.62199,624,,,,,,,,
AFB/PFN,Asset Management,0.8856,0.62201,624,,,,,,,,
MIN/PFL,Asset Management,0.9294,0.62203,624,,,,,,,,
NMZ/SEIC,Asset Management,0.8771,0.62204,624,,,,,,,,
AMP/EFT,Asset Management,0.9452,0.62205,624,,,,,,,,
GRID/IGF,Unknown,0.9172,0.62206,624,,,,,,,,
CHW/MPV,Asset Management,0.8376,0.62206,624,,,,,,,,
HIX/SPXX,Asset Management,0.8909,0.62206,624,,,,,,,,
NFLX/TKO,Entertainment,0.8832,0.62206,624,,,,,,,,
CXH/RCS,Asset Management,0.8389,0.62207,624,,,,,,,,
BXMX/WIW,Asset Management,0.866,0.62208,624,,,,,,,,
CHI/PAI,Asset Management,0.8417,0.62211,624,,,,,,,,
CBAN/TRST,Banks - Regional,0.8968,0.62212,624,,,,,,,,
CHW/SEIC,Asset Management,0.8724,0.62212,624,,,,,,,,
CSQ/MUJ,Asset Management,0.8424,0.62215,624,,,,,,,,
BND/FEX,Unknown,0.8038,0.62216,624,,,,,,,,
ADX/EXG,Asset Management,0.9793,0.62222,624,,,,,,,,
FFIN/SYBT,Banks - Regional,0.9082,0.62225,624,,,,,,,,
ALRS/MNSB,Banks - Regional,0.8511,0.62225,624,,,,,,,,
GRID/PTH,Unknown,0.8709,0.62226,624,,,,,,,,
NFJ/PDT,Asset Management,0.8901,0.62227,624,,,,,,,,
EFR/HPI,Asset Management,0.8978,0.62231,624,,,,,,,,
GCV/PDT,Asset Management,0.9197,0.62231,624,,,,,,,,
ADX/GAM,Asset Management,0.9837,0.62232,624,,,,,,,,
PDT/QQQX,Asset Management,0.9423,0.62236,624,,,,,,,,
FUND/HPF,Asset Management,0.882,0.62239,624,,,,,,,,
IGA/WIW,Asset Management,0.8387,0.62239,624,,,,,,,,
GF/PCQ,Asset Management,0.8019,0.62243,624,,,,,,,,
PIO/PPH,Unknown,0.9266,0.62244,624,,,,,,,,
EFR/PDT,Asset Management,0.8766,0.62246,624,,,,,,,,
AEE/ED,Utilities - Regulated Electric,0.9583,0.62247,624,,,,,,,,
EOS/VLT,Asset Management,0.9609,0.62251,624,,,,,,,,
USIG/VGLT,Unknown,0.836,0.62255,624,,,,,,,,
FFA/MPA,Asset Management,0.8353,0.62258,624,,,,,,,,
NAD/UTF,Asset Management,0.9023,0.62262,624,,,,,,,,
IGA/NVG,Asset Management,0.8189,0.62267,624,,,,,,,,
CXH/JLS,Asset Management,0.904,0.62274,624,,,,,,,,
BANF/GSBC,Banks - Regional,0.9066,0.62276,624,,,,,,,,
EVN/HTD,Asset Management,0.888,0.62276,624,,,,,,,,
LGI/MCN,Asset Management,0.9597,0.62277,624,,,,,,,,
HIFS/ZIONP,Banks - Regional,0.851,0.62278,624,,,,,,,,
CFR/FNB,Banks - Regional,0.8707,0.62279,624,,,,,,,,
MUC/PCN,Asset Management,0.8427,0.6228,624,,,,,,,,
BTZ/RVT,Asset Management,0.9464,0.6228,624,,,,,,,,
ATR/MMSI,Medical Instruments & Supplies,0.9309,0.62282,624,,,,,,,,
EVT/PHK,Asset Management,0.8332,0.62285,624,,,,,,,,
GRID/IGIB,Unknown,0.8226,0.62289,624,,,,,,,,
JLS/PDT,Asset Management,0.9368,0.6229,624,,,,,,,,
PID/SCZ,Unknown,0.8714,0.62293,624,,,,,,,,
EOI/NXJ,Asset Management,0.87,0.62294,624,,,,,,,,
ETV/IGD,Asset Management,0.9435,0.62295,624,,,,,,,,
CSQ/PMM,Asset Management,0.8599,0.62295,624,,,,,,,,
NKX/NTRS,Asset Management,0.8844,0.62295,624,,,,,,,,
GAIN/JHI,Asset Management,0.8905,0.62298,624,,,,,,,,
CHY/HPF,Asset Management,0.9137,0.62302,624,,,,,,,,
IGA/MMT,Asset Management,0.9174,0.62302,624,,,,,,,,
GAM/HIX,Asset Management,0.8474,0.62302,624,,,,,,,,
FAD/FNX,Unknown,0.9909,0.62306,624,,,,,,,,
DSU/PFG,Asset Management,0.9328,0.62306,624,,,,,,,,
NAZ/QQQX,Asset Management,0.8103,0.62307,624,,,,,,,,
ETY/IIM,Asset Management,0.8002,0.62307,624,,,,,,,,
EOS/MIN,Asset Management,0.9135,0.62307,624,,,,,,,,
NXJ/PFL,Asset Management,0.9511,0.62309,624,,,,,,,,
HTD/SBI,Asset Management,0.8682,0.6231,624,,,,,,,,
APH/GLW,Electronic Components,0.9207,0.62315,624,,,,,,,,
GAM/HPI,Asset Management,0.8964,0.62316,624,,,,,,,,
EOS/PMM,Asset Management,0.8698,0.62316,624,,,,,,,,
CSWC/RNP,Asset Management,0.9498,0.62318,624,,,,,,,,
CHD/IPAR,Household & Personal Products,0.9028,0.62325,624,,,,,,,,
PTF/PYZ,Unknown,0.9104,0.62325,624,,,,,,,,
CHI/RFI,Asset Management,0.9599,0.62327,624,,,,,,,,
EOS/MCN,Asset Management,0.9458,0.62327,624,,,,,,,,
NVG/PFL,Asset Management,0.9369,0.62328,624,,,,,,,,
IGA/NFJ,Asset Management,0.949,0.62328,624,,,,,,,,
GAIN/PMM,Asset Management,0.8165,0.62329,624,,,,,,,,
BLW/HTD,Asset Management,0.9516,0.6233,624,,,,,,,,
AMZN/MELI,Internet Retail,0.9496,0.62332,624,,,,,,,,
ADX/HIX,Asset Management,0.8883,0.62335,624,,,,,,,,
AEE/FE,Utilities - Regulated Electric,0.8683,0.62337,624,,,,,,,,
NAZ/TSI,Asset Management,0.8473,0.62338,624,,,,,,,,
DNP/JHI,Asset Management,0.8866,0.6234,624,,,,,,,,
FT/JEQ,Asset Management,0.8978,0.6234,624,,,,,,,,
JOF/MPA,Asset Management,0.8439,0.62342,624,,,,,,,,
HTBK/ZIONP,Banks - Regional,0.8089,0.62344,624,,,,,,,,
IGIB/PSL,Unknown,0.9246,0.62346,624,,,,,,,,
MIN/TWN,Asset Management,0.8415,0.62346,624,,,,,,,,
NRK/PFN,Asset Management,0.9192,0.62348,624,,,,,,,,
BYM/ETO,Asset Management,0.8545,0.62348,624,,,,,,,,
FNWD/HDB,Banks - Regional,0.8324,0.62349,624,,,,,,,,
BGY/RQI,Asset Management,0.9063,0.6235,624,,,,,,,,
BKT/CGO,Asset Management,0.8216,0.62351,624,,,,,,,,
ADX/GLAD,Asset Management,0.9686,0.62351,624,,,,,,,,
BFZ/SEIC,Asset Management,0.8157,0.62352,624,,,,,,,,
ARCB/KNX,Trucking,0.8566,0.62352,624,,,,,,,,
BTZ/JOF,Asset Management,0.8989,0.62352,624,,,,,,,,
OPBK/TFSL,Banks - Regional,0.8079,0.62354,624,,,,,,,,
ADX/EVT,Asset Management,0.9692,0.62361,624,,,,,,,,
BPOP/TBBK,Banks - Regional,0.8697,0.62364,624,,,,,,,,
CXH/PFL,Asset Management,0.8987,0.62364,624,,,,,,,,
JOF/MHD,Asset Management,0.8136,0.62364,624,,,,,,,,
GDV/PDT,Asset Management,0.9426,0.62367,624,,,,,,,,
EOI/JPC,Asset Management,0.8927,0.62367,624,,,,,,,,
NXP/PFL,Asset Management,0.9578,0.6237,624,,,,,,,,
EOS/GDV,Asset Management,0.9713,0.62375,624,,,,,,,,
EOS/NMI,Asset Management,0.8045,0.62377,624,,,,,,,,
NWBI/TFSL,Banks - Regional,0.8332,0.6238,624,,,,,,,,
BKT/DHF,Asset Management,0.8258,0.62382,624,,,,,,,,
FFA/RCS,Asset Management,0.8064,0.62382,624,,,,,,,,
HTD/PCM,Asset Management,0.9423,0.62385,624,,,,,,,,
FFIN/PEBK,Banks - Regional,0.8519,0.62385,624,,,,,,,,
JEQ/MAIN,Asset Management,0.8433,0.62386,624,,,,,,,,
IIM/SPXX,Asset Management,0.8254,0.62388,624,,,,,,,,
GCV/NAD,Asset Management,0.8948,0.62389,624,,,,,,,,
EFR/HTD,Asset Management,0.9144,0.62394,624,,,,,,,,
AB/NXN,Asset Management,0.8107,0.62395,624,,,,,,,,
CII/HTD,Asset Management,0.9415,0.62395,624,,,,,,,,
NVG/RCS,Asset Management,0.8087,0.62396,624,,,,,,,,
BX/FUND,Asset Management,0.9379,0.62399,624,,,,,,,,
BX/EFR,Asset Management,0.9409,0.62401,624,,,,,,,,
OPBK/SYBT,Banks - Regional,0.8968,0.62403,624,,,,,,,,
CII/JHS,Asset Management,0.8095,0.62403,624,,,,,,,,
NQP/VLT,Asset Management,0.9252,0.62404,624,,,,,,,,
CII/MPA,Asset Management,0.82,0.62406,624,,,,,,,,
BXMX/JHI,Asset Management,0.9071,0.62408,624,,,,,,,,
EEA/HPI,Asset Management,0.8803,0.62408,624,,,,,,,,
NAC/NTRS,Asset Management,0.8545,0.62409,624,,,,,,,,
SBI/SOR,Asset Management,0.8224,0.62412,624,,,,,,,,
RTH/VCIT,Unknown,0.8897,0.62414,624,,,,,,,,
JHS/RMT,Asset Management,0.8481,0.62414,624,,,,,,,,
ADX/VLT,Asset Management,0.9587,0.62415,624,,,,,,,,
CHI/HPI,Asset Management,0.8939,0.62417,624,,,,,,,,
NQP/PML,Asset Management,0.8986,0.6242,624,,,,,,,,
MHN/PDT,Asset Management,0.8696,0.6242,624,,,,,,,,
AIZ/HMN,Insurance - Property & Casualty,0.8454,0.62426,624,,,,,,,,
EOS/MAIN,Asset Management,0.9594,0.6243,624,,,,,,,,
EWBC/GSBC,Banks - Regional,0.9202,0.62431,624,,,,,,,,
MU/NVEC,Semiconductors,0.8095,0.62432,624,,,,,,,,
BGY/HPF,Asset Management,0.8582,0.62432,624,,,,,,,,
BFK/ETW,Asset Management,0.8045,0.62433,624,,,,,,,,
FTC/PEZ,Unknown,0.9773,0.62438,624,,,,,,,,
MYI/NTRS,Asset Management,0.8712,0.62438,624,,,,,,,,
NXP/TROW,Asset Management,0.9037,0.62442,624,,,,,,,,
AMAT/KLAC,Semiconductor Equipment & Materials,0.9745,0.62445,624,,,,,,,,
AMP/EHI,Asset Management,0.8014,0.62449,624,,,,,,,,
CSWC/RVT,Asset Management,0.9557,0.6245,624,,,,,,,,
FLC/PPT,Asset Management,0.9303,0.62452,624,,,,,,,,
BFZ/NTRS,Asset Management,0.8005,0.62454,624,,,,,,,,
BLW/MCI,Asset Management,0.9248,0.62457,624,,,,,,,,
EOI/HPF,Asset Management,0.9177,0.62457,624,,,,,,,,
STEW/WIA,Asset Management,0.8329,0.62458,624,,,,,,,,
GCV/IIM,Asset Management,0.8564,0.62458,624,,,,,,,,
CBU/CCBG,Banks - Regional,0.8547,0.6246,624,,,,,,,,
EOI/SCD,Asset Management,0.9741,0.6246,624,,,,,,,,
RMT/VCV,Asset Management,0.8121,0.62464,624,,,,,,,,
CHI/NNY,Asset Management,0.8066,0.62464,624,,,,,,,,
ARI/DX,REIT - Mortgage,0.8638,0.62467,624,,,,,,,,
JEF/SNEX,Capital Markets,0.8782,0.62471,624,,,,,,,,
FFIN/MBWM,Banks - Regional,0.8498,0.62471,624,,,,,,,,
PEZ/PYZ,Unknown,0.9494,0.62472,624,,,,,,,,
ITT/RRX,Specialty Industrial Machinery,0.9126,0.62474,624,,,,,,,,
DNP/MMU,Asset Management,0.8099,0.62475,624,,,,,,,,
FUND/HPS,Asset Management,0.9064,0.6248,624,,,,,,,,
ETY/MIN,Asset Management,0.8811,0.62485,624,,,,,,,,
PMO/USA,Asset Management,0.8699,0.62486,624,,,,,,,,
FMBH/SYBT,Banks - Regional,0.8823,0.62487,624,,,,,,,,
EEA/RNP,Asset Management,0.9395,0.62487,624,,,,,,,,
IIM/SEIC,Asset Management,0.8322,0.62492,624,,,,,,,,
ONEQ/PUI,Unknown,0.9353,0.62492,624,,,,,,,,
FLC/GAIN,Asset Management,0.8268,0.62502,624,,,,,,,,
ACNB/CFR,Banks - Regional,0.906,0.62507,624,,,,,,,,
FOF/MUE,Asset Management,0.8058,0.62508,624,,,,,,,,
CMA/WAFD,Banks - Regional,0.8962,0.62512,624,,,,,,,,
DNP/NFJ,Asset Management,0.8951,0.62513,624,,,,,,,,
RMT/VKQ,Asset Management,0.8165,0.62515,624,,,,,,,,
ETW/PFO,Asset Management,0.9195,0.62519,624,,,,,,,,
IGIB/RTH,Unknown,0.9064,0.62519,624,,,,,,,,
GCV/NMT,Asset Management,0.8142,0.6252,624,,,,,,,,
BTZ/CII,Asset Management,0.9206,0.62521,624,,,,,,,,
GMAB/HALO,Biotechnology,0.8018,0.62523,624,,,,,,,,
FRA/HPF,Asset Management,0.8906,0.62529,624,,,,,,,,
EOI/PDT,Asset Management,0.8932,0.62534,624,,,,,,,,
EXC/FE,Utilities - Regulated Electric,0.8958,0.62534,624,,,,,,,,
ADX/FFC,Asset Management,0.8595,0.62534,624,,,,,,,,
EOS/EVN,Asset Management,0.823,0.62541,624,,,,,,,,
NAD/PFN,Asset Management,0.9297,0.62543,624,,,,,,,,
AX/HWC,Banks - Regional,0.8733,0.62544,624,,,,,,,,
HPS/JOF,Asset Management,0.8985,0.62544,624,,,,,,,,
ACNB/PEBO,Banks - Regional,0.9364,0.62545,624,,,,,,,,
ETW/HIO,Asset Management,0.9437,0.62551,624,,,,,,,,
DNP/NQP,Asset Management,0.8874,0.62552,624,,,,,,,,
GIS/JBSS,Packaged Foods,0.8966,0.62554,624,,,,,,,,
LGI/MQT,Asset Management,0.8168,0.62554,624,,,,,,,,
MIY/USA,Asset Management,0.8474,0.62554,624,,,,,,,,
IGA/NAD,Asset Management,0.8162,0.62557,624,,,,,,,,
MIY/VLT,Asset Management,0.9044,0.62558,624,,,,,,,,
CSWC/JRS,Asset Management,0.8829,0.62559,624,,,,,,,,
PMM/SPXX,Asset Management,0.8678,0.62562,624,,,,,,,,
EVR/MS,Capital Markets,0.9439,0.62564,624,,,,,,,,
CNOB/RNST,Banks - Regional,0.9191,0.6257,624,,,,,,,,
MIN/SCD,Asset Management,0.8301,0.62572,624,,,,,,,,
BKN/ETW,Asset Management,0.8508,0.62572,624,,,,,,,,
FBNC/ZIONP,Banks - Regional,0.8635,0.62577,624,,,,,,,,
FUND/HPI,Asset Management,0.862,0.62579,624,,,,,,,,
RCS/SPE,Asset Management,0.8248,0.6258,624,,,,,,,,
ADX/STEW,Asset Management,0.9832,0.62582,624,,,,,,,,
CSWC/OCSL,Asset Management,0.8666,0.62582,624,,,,,,,,
FFIN/USB,Banks - Regional,0.8861,0.62589,624,,,,,,,,
ASG/MPV,Asset Management,0.8029,0.62589,624,,,,,,,,
HPF/SEIC,Asset Management,0.9159,0.6259,624,,,,,,,,
ADX/BOE,Asset Management,0.9807,0.62597,624,,,,,,,,
HAFC/UBSI,Banks - Regional,0.827,0.62598,624,,,,,,,,
BX/HPS,Asset Management,0.8589,0.626,624,,,,,,,,
PMO/SPXX,Asset Management,0.8706,0.62601,624,,,,,,,,
BIO/BRKR,Medical Devices,0.8567,0.62602,624,,,,,,,,
JCE/NKX,Asset Management,0.8223,0.62605,624,,,,,,,,
CXE/ETW,Asset Management,0.8198,0.62607,624,,,,,,,,
DNP/IQI,Asset Management,0.8581,0.62608,624,,,,,,,,
CHW/HPS,Asset Management,0.9467,0.62609,624,,,,,,,,
AFB/EVT,Asset Management,0.826,0.62609,624,,,,,,,,
EOI/NMZ,Asset Management,0.8337,0.62609,624,,,,,,,,
CHI/RQI,Asset Management,0.9513,0.62609,624,,,,,,,,
MYN/RNP,Asset Management,0.8416,0.6261,624,,,,,,,,
BYM/LGI,Asset Management,0.8227,0.62613,624,,,,,,,,
UBFO/ZIONP,Banks - Regional,0.8673,0.62615,624,,,,,,,,
CXH/HTD,Asset Management,0.8744,0.62617,624,,,,,,,,
FFC/JCE,Asset Management,0.8565,0.62618,624,,,,,,,,
GOF/VKQ,Asset Management,0.8472,0.62618,624,,,,,,,,
DNP/MQY,Asset Management,0.8301,0.62618,624,,,,,,,,
FIX/MYRG,Engineering & Construction,0.8574,0.62619,624,,,,,,,,
MRK/SNY,Drug Manufacturers - General,0.8829,0.6262,624,,,,,,,,
FAB/IEUS,Unknown,0.9283,0.62624,624,,,,,,,,
PIZ/VCLT,Unknown,0.8249,0.62624,624,,,,,,,,
BANF/NWBI,Banks - Regional,0.8169,0.62625,624,,,,,,,,
CBU/WTFC,Banks - Regional,0.8162,0.62625,624,,,,,,,,
GOF/HPF,Asset Management,0.9549,0.62627,624,,,,,,,,
PIZ/PYZ,Unknown,0.9356,0.62628,624,,,,,,,,
CXH/EXG,Asset Management,0.8174,0.6263,624,,,,,,,,
GAM/NXJ,Asset Management,0.8415,0.6263,624,,,,,,,,
JCE/PMO,Asset Management,0.8476,0.62632,624,,,,,,,,
CHY/NKX,Asset Management,0.8306,0.62632,624,,,,,,,,
FTC/PFM,Unknown,0.9906,0.62634,624,,,,,,,,
CRAI/VRSK,Consulting Services,0.9057,0.62635,624,,,,,,,,
GRID/IJT,Unknown,0.9342,0.62635,624,,,,,,,,
ALRS/SMBK,Banks - Regional,0.8475,0.62636,624,,,,,,,,
CFR/VLY,Banks - Regional,0.8506,0.62638,624,,,,,,,,
PNQI/VCLT,Unknown,0.9049,0.62639,624,,,,,,,,
RMT/VPV,Asset Management,0.8349,0.62645,624,,,,,,,,
CGO/DNP,Asset Management,0.8776,0.62647,624,,,,,,,,
ACNB/UBSI,Banks - Regional,0.9029,0.62648,624,,,,,,,,
CSQ/HPS,Asset Management,0.9432,0.62649,624,,,,,,,,
CXE/PCF,Asset Management,0.8051,0.6265,624,,,,,,,,
KFY/NSP,Staffing & Employment Services,0.8658,0.62659,624,,,,,,,,
MUE/PTY,Asset Management,0.8372,0.62662,624,,,,,,,,
ETY/JHS,Asset Management,0.8069,0.62663,624,,,,,,,,
ETY/WIW,Asset Management,0.8722,0.62665,624,,,,,,,,
EXG/HIX,Asset Management,0.9113,0.62669,624,,,,,,,,
HIO/IGR,Asset Management,0.9178,0.62669,624,,,,,,,,
CHW/VLT,Asset Management,0.9638,0.62669,624,,,,,,,,
FMN/NTRS,Asset Management,0.8344,0.62669,624,,,,,,,,
ETY/PMM,Asset Management,0.8398,0.6267,624,,,,,,,,
BPOP/FFBC,Banks - Regional,0.8289,0.62676,624,,,,,,,,
GAIN/MIN,Asset Management,0.8605,0.6268,624,,,,,,,,
IGA/NEA,Asset Management,0.8026,0.62681,624,,,,,,,,
UNTY/ZIONP,Banks - Regional,0.8595,0.62688,624,,,,,,,,
CSQ/IIM,Asset Management,0.8129,0.62689,624,,,,,,,,
CII/NUV,Asset Management,0.8266,0.62689,624,,,,,,,,
JEQ/JRS,Asset Management,0.8916,0.6269,624,,,,,,,,
EVN/USA,Asset Management,0.8135,0.62696,624,,,,,,,,
QQEW/VCLT,Unknown,0.8192,0.62696,624,,,,,,,,
ARCC/EEA,Asset Management,0.92,0.62697,624,,,,,,,,
EOS/FHI,Asset Management,0.9119,0.62698,624,,,,,,,,
BLK/RQI,Asset Management,0.9499,0.627,624,,,,,,,,
BOE/HTD,Asset Management,0.9339,0.62704,624,,,,,,,,
CMA/TOWN,Banks - Regional,0.8876,0.62706,624,,,,,,,,
MYN/PIM,Asset Management,0.8306,0.62709,624,,,,,,,,
EFSC/OZK,Banks - Regional,0.8507,0.62714,624,,,,,,,,
STBA/TOWN,Banks - Regional,0.934,0.62716,624,,,,,,,,
ASG/EVT,Asset Management,0.946,0.62717,624,,,,,,,,
PIO/QABA,Unknown,0.8433,0.62719,624,,,,,,,,
DNP/TWN,Asset Management,0.8012,0.6272,624,,,,,,,,
DXCM/EW,Medical Devices,0.9259,0.62725,624,,,,,,,,
GRID/PDP,Unknown,0.953,0.62725,624,,,,,,,,
LOGI/STX,Computer Hardware,0.8874,0.62725,624,,,,,,,,
NEA/PFN,Asset Management,0.9269,0.62728,624,,,,,,,,
HPF/IGA,Asset Management,0.9353,0.62729,624,,,,,,,,
BYM/FCT,Asset Management,0.8201,0.62731,624,,,,,,,,
AAON/BLDR,Building Products & Equipment,0.9296,0.62732,624,,,,,,,,
TY/VVR,Asset Management,0.9219,0.62733,624,,,,,,,,
GJH/IEUS,Unknown,0.93,0.62736,624,,,,,,,,
NAD/QQQX,Asset Management,0.8974,0.62737,624,,,,,,,,
ETW/FFC,Asset Management,0.9249,0.62737,624,,,,,,,,
AMAT/PLAB,Semiconductor Equipment & Materials,0.9128,0.62738,624,,,,,,,,
SFST/STBA,Banks - Regional,0.8231,0.6274,624,,,,,,,,
MHD/PCM,Asset Management,0.8238,0.6274,624,,,,,,,,
AX/ISBA,Banks - Regional,0.8342,0.6274,624,,,,,,,,
EMD/EVF,Asset Management,0.8415,0.62744,624,,,,,,,,
ADX/GDO,Asset Management,0.8883,0.62746,624,,,,,,,,
HAFC/STBA,Banks - Regional,0.8141,0.62752,624,,,,,,,,
MPA/PHD,Asset Management,0.8397,0.62754,624,,,,,,,,
BANF/BPOP,Banks - Regional,0.9495,0.62754,624,,,,,,,,
INBK/WSBC,Banks - Regional,0.8443,0.62755,624,,,,,,,,
BPOP/FRME,Banks - Regional,0.8047,0.62755,624,,,,,,,,
ADX/SCD,Asset Management,0.9695,0.62767,624,,,,,,,,
AB/HIX,Asset Management,0.8858,0.62767,624,,,,,,,,
BTZ/ETG,Asset Management,0.9453,0.62767,624,,,,,,,,
MUJ/PFL,Asset Management,0.9193,0.62771,624,,,,,,,,
EVN/UTF,Asset Management,0.8685,0.62775,624,,,,,,,,
PMM/RMT,Asset Management,0.8684,0.62776,624,,,,,,,,
GOF/SWKH,Asset Management,0.8053,0.62777,624,,,,,,,,
MIY/PCF,Asset Management,0.8912,0.62781,624,,,,,,,,
FIX/TTEK,Engineering & Construction,0.8402,0.62785,624,,,,,,,,
CSQ/EVN,Asset Management,0.8068,0.62785,624,,,,,,,,
MPA/PPT,Asset Management,0.8657,0.62785,624,,,,,,,,
CGO/PSEC,Asset Management,0.8366,0.62787,624,,,,,,,,
CHY/MIN,Asset Management,0.9097,0.62793,624,,,,,,,,
BPOP/HBAN,Banks - Regional,0.9004,0.62793,624,,,,,,,,
MQT/PCN,Asset Management,0.8941,0.62798,624,,,,,,,,
EEA/ETO,Asset Management,0.9636,0.62801,624,,,,,,,,
ETG/PFD,Asset Management,0.8331,0.62806,624,,,,,,,,
NMZ/PFL,Asset Management,0.9361,0.6281,624,,,,,,,,
BKT/PPT,Asset Management,0.8381,0.62812,624,,,,,,,,
EOS/PMO,Asset Management,0.8697,0.62812,624,,,,,,,,
BX/RQI,Asset Management,0.8985,0.62814,624,,,,,,,,
EVN/PHD,Asset Management,0.8108,0.62815,624,,,,,,,,
GF/RFI,Asset Management,0.8055,0.62815,624,,,,,,,,
IIM/JCE,Asset Management,0.8115,0.62819,624,,,,,,,,
DNP/MIY,Asset Management,0.8803,0.62821,624,,,,,,,,
CII/NQP,Asset Management,0.847,0.62822,624,,,,,,,,
FFA/MIY,Asset Management,0.836,0.62824,624,,,,,,,,
AMP/BTZ,Asset Management,0.8177,0.62832,624,,,,,,,,
CII/EOD,Asset Management,0.9592,0.62839,624,,,,,,,,
CHY/DNP,Asset Management,0.9031,0.62844,624,,,,,,,,
JLS/UTF,Asset Management,0.9035,0.62845,624,,,,,,,,
BHK/TY,Asset Management,0.9277,0.62845,624,,,,,,,,
GAM/HPF,Asset Management,0.9086,0.62846,624,,,,,,,,
FEX/FTA,Unknown,0.9929,0.62847,624,,,,,,,,
FFC/PPT,Asset Management,0.9228,0.62847,624,,,,,,,,
GDV/SCD,Asset Management,0.9528,0.62848,624,,,,,,,,
CSWC/HPF,Asset Management,0.8978,0.6285,624,,,,,,,,
AX/TOWN,Banks - Regional,0.9081,0.62854,624,,,,,,,,
NMZ/RCS,Asset Management,0.8222,0.62859,624,,,,,,,,
IGA/PFO,Asset Management,0.8362,0.6286,624,,,,,,,,
CXH/UTF,Asset Management,0.849,0.62861,624,,,,,,,,
PDT/SEIC,Asset Management,0.9113,0.62868,624,,,,,,,,
EOI/NQP,Asset Management,0.8417,0.6287,624,,,,,,,,
BLW/PDT,Asset Management,0.9277,0.62875,624,,,,,,,,
BANF/EFSC,Banks - Regional,0.8853,0.62876,624,,,,,,,,
BTZ/LGI,Asset Management,0.9459,0.62877,624,,,,,,,,
HTD/JEQ,Asset Management,0.8955,0.62878,624,,,,,,,,
GDV/JRS,Asset Management,0.9513,0.62878,624,,,,,,,,
IGA/MYI,Asset Management,0.8003,0.6288,624,,,,,,,,
MYN/RQI,Asset Management,0.8511,0.62882,624,,,,,,,,
GDV/MQT,Asset Management,0.8444,0.62886,624,,,,,,,,
GAM/GRX,Asset Management,0.8997,0.62889,624,,,,,,,,
IGA/NQP,Asset Management,0.8264,0.62891,624,,,,,,,,
MQY/SOR,Asset Management,0.8175,0.62892,624,,,,,,,,
ADX/VPV,Asset Management,0.8367,0.62892,624,,,,,,,,
MSD/NTRS,Asset Management,0.8493,0.62893,624,,,,,,,,
LGI/NMZ,Asset Management,0.8658,0.62894,624,,,,,,,,
CNOB/TFSL,Banks - Regional,0.8379,0.62897,624,,,,,,,,
SWKS/TXN,Semiconductors,0.8218,0.62897,624,,,,,,,,
PEZ/PRN,Unknown,0.9706,0.62899,624,,,,,,,,
PFM/PRFZ,Unknown,0.9821,0.62914,624,,,,,,,,
EVF/HTD,Asset Management,0.9035,0.62914,624,,,,,,,,
ADX/NXC,Asset Management,0.8218,0.62916,624,,,,,,,,
FSFG/ISBA,Banks - Regional,0.8523,0.62917,624,,,,,,,,
HTD/MSD,Asset Management,0.8828,0.62918,624,,,,,,,,
ADP/SPNS,Software - Application,0.9072,0.62919,624,,,,,,,,
FCBC/HWC,Banks - Regional,0.8955,0.62923,624,,,,,,,,
GCV/VMO,Asset Management,0.8306,0.62925,624,,,,,,,,
BLE/PCM,Asset Management,0.8166,0.62926,624,,,,,,,,
FCBC/WTBA,Banks - Regional,0.8499,0.62926,624,,,,,,,,
SFNC/TRMK,Banks - Regional,0.8455,0.62928,624,,,,,,,,
ESLT/TXT,Aerospace & Defense,0.8275,0.62932,624,,,,,,,,
ARCC/JHI,Asset Management,0.8811,0.62937,624,,,,,,,,
FIX/IESC,Engineering & Construction,0.9773,0.62937,624,,,,,,,,
EEA/STEW,Asset Management,0.9481,0.62939,624,,,,,,,,
CII/NXJ,Asset Management,0.8756,0.6294,624,,,,,,,,
ETY/NIM,Asset Management,0.8437,0.62942,624,,,,,,,,
FAD/IGF,Unknown,0.9535,0.62945,624,,,,,,,,
CZFS/UBCP,Banks - Regional,0.8706,0.62946,624,,,,,,,,
GCV/NMZ,Asset Management,0.9029,0.62948,624,,,,,,,,
PAYX/PTC,Software - Application,0.9565,0.6295,624,,,,,,,,
HTD/PCF,Asset Management,0.9542,0.62951,624,,,,,,,,
BGY/IGD,Asset Management,0.9457,0.62952,624,,,,,,,,
BYM/CSQ,Asset Management,0.8074,0.62954,624,,,,,,,,
ADX/IAE,Asset Management,0.8533,0.62956,624,,,,,,,,
IGA/VLT,Asset Management,0.9502,0.62956,624,,,,,,,,
ACNB/ISBA,Banks - Regional,0.8304,0.62957,624,,,,,,,,
FTCS/PEZ,Unknown,0.9581,0.62957,624,,,,,,,,
GCV/PPT,Asset Management,0.8855,0.62957,624,,,,,,,,
DIS/SIRI,Entertainment,0.8187,0.62958,624,,,,,,,,
DNP/IGD,Asset Management,0.8982,0.6296,624,,,,,,,,
EOS/MCI,Asset Management,0.9287,0.62963,624,,,,,,,,
ETV/GUT,Asset Management,0.808,0.62964,624,,,,,,,,
FLUT/LNW,Gambling,0.8344,0.62965,624,,,,,,,,
CNOB/TCBK,Banks - Regional,0.8985,0.62966,624,,,,,,,,
AB/EVG,Asset Management,0.9276,0.62969,624,,,,,,,,
NZF/RCS,Asset Management,0.8313,0.6297,624,,,,,,,,
PDT/STT,Asset Management,0.833,0.62972,624,,,,,,,,
EFT/HPI,Asset Management,0.8975,0.62975,624,,,,,,,,
CII/NRK,Asset Management,0.8075,0.62975,624,,,,,,,,
BFC/HWC,Banks - Regional,0.8193,0.62976,624,,,,,,,,
EVT/HIO,Asset Management,0.9581,0.62976,624,,,,,,,,
PDP/WOOD,Unknown,0.9361,0.62977,624,,,,,,,,
BFZ/GRX,Asset Management,0.8783,0.62978,624,,,,,,,,
EOS/NCA,Asset Management,0.8098,0.62979,624,,,,,,,,
NZF/QQQX,Asset Management,0.9048,0.62979,624,,,,,,,,
GCV/MHF,Asset Management,0.8621,0.6298,624,,,,,,,,
NAD/RCS,Asset Management,0.8017,0.62981,624,,,,,,,,
ETY/NQP,Asset Management,0.8467,0.62981,624,,,,,,,,
DOV/GTLS,Specialty Industrial Machinery,0.8314,0.62984,624,,,,,,,,
GCV/MYI,Asset Management,0.8457,0.62985,624,,,,,,,,
RLI/SAFT,Insurance - Property & Casualty,0.8971,0.62985,624,,,,,,,,
BKN/PCM,Asset Management,0.8801,0.62987,624,,,,,,,,
CFR/UBSI,Banks - Regional,0.889,0.62987,624,,,,,,,,
EEA/IGD,Asset Management,0.9345,0.6299,624,,,,,,,,
GCV/NKX,Asset Management,0.8505,0.62991,624,,,,,,,,
CXH/NTRS,Asset Management,0.8718,0.62992,624,,,,,,,,
BNY/PNF,Asset Management,0.9099,0.62995,624,,,,,,,,
EEA/GAM,Asset Management,0.9386,0.62995,624,,,,,,,,
GDV/MUE,Asset Management,0.8226,0.62995,624,,,,,,,,
IMCV/SWZ,Unknown,0.9646,0.62995,624,,,,,,,,
QCRH/VABK,Banks - Regional,0.9194,0.62995,624,,,,,,,,
PIO/SCZ,Unknown,0.9418,0.62996,624,,,,,,,,
IGA/MUJ,Asset Management,0.8092,0.62999,624,,,,,,,,
FFA/MCR,Asset Management,0.9392,0.63,624,,,,,,,,
CMA/PNFP,Banks - Regional,0.8526,0.63003,624,,,,,,,,
EVN/PFL,Asset Management,0.8955,0.63004,624,,,,,,,,
CXH/ETG,Asset Management,0.815,0.63005,624,,,,,,,,
JPC/PFG,Asset Management,0.8461,0.63007,624,,,,,,,,
DNP/VKQ,Asset Management,0.8379,0.63007,624,,,,,,,,
HPF/PIM,Asset Management,0.9342,0.6301,624,,,,,,,,
CW/DCO,Aerospace & Defense,0.8538,0.6301,624,,,,,,,,
GDO/JCE,Asset Management,0.8783,0.6301,624,,,,,,,,
BYM/GCV,Asset Management,0.8647,0.63015,624,,,,,,,,
GCV/MYN,Asset Management,0.8203,0.63021,624,,,,,,,,
RMT/VGM,Asset Management,0.8071,0.63025,624,,,,,,,,
GDO/JFR,Asset Management,0.8648,0.63027,624,,,,,,,,
BND/IEF,Unknown,0.9676,0.6303,624,,,,,,,,
DNP/SCD,Asset Management,0.8658,0.63031,624,,,,,,,,
GD/RTX,Aerospace & Defense,0.9408,0.63033,624,,,,,,,,
MIY/PFN,Asset Management,0.9218,0.63033,624,,,,,,,,
GAM/NMZ,Asset Management,0.8083,0.63033,624,,,,,,,,
ASG/BXMX,Asset Management,0.9137,0.63035,624,,,,,,,,
CSWC/EVG,Asset Management,0.9584,0.63035,624,,,,,,,,
AMP/AWF,Asset Management,0.908,0.63035,624,,,,,,,,
LGI/NKX,Asset Management,0.8248,0.63038,624,,,,,,,,
DNP/EFT,Asset Management,0.8612,0.63039,624,,,,,,,,
IGA/NXJ,Asset Management,0.8598,0.63042,624,,,,,,,,
GOF/MUA,Asset Management,0.8344,0.63045,624,,,,,,,,
NPV/NXJ,Asset Management,0.9224,0.63046,624,,,,,,,,
GOF/IIM,Asset Management,0.85,0.63048,624,,,,,,,,
CASH/OFG,Banks - Regional,0.8815,0.63054,624,,,,,,,,
CSQ/JEQ,Asset Management,0.8928,0.63056,624,,,,,,,,
BFZ/GDV,Asset Management,0.8188,0.63057,624,,,,,,,,
EOS/PNNT,Asset Management,0.8716,0.63062,624,,,,,,,,
CIF/GDL,Asset Management,0.885,0.63063,624,,,,,,,,
BCBP/MNSB,Banks - Regional,0.8936,0.63072,624,,,,,,,,
EVT/MFIC,Asset Management,0.8303,0.63081,624,,,,,,,,
OFG/WTFC,Banks - Regional,0.8432,0.63083,624,,,,,,,,
FFIN/WTFC,Banks - Regional,0.8181,0.63083,624,,,,,,,,
ARCC/BGY,Asset Management,0.951,0.63087,624,,,,,,,,
NIE/NVG,Asset Management,0.8578,0.63088,624,,,,,,,,
ADX/JHS,Asset Management,0.8271,0.63091,624,,,,,,,,
JLS/NAZ,Asset Management,0.8101,0.63091,624,,,,,,,,
PNFP/STBA,Banks - Regional,0.8757,0.63094,624,,,,,,,,
ARCC/IAE,Asset Management,0.8263,0.63094,624,,,,,,,,
ETY/MIY,Asset Management,0.8201,0.63094,624,,,,,,,,
ASG/MSD,Asset Management,0.8375,0.63098,624,,,,,,,,
FRME/NWBI,Banks - Regional,0.9602,0.63102,624,,,,,,,,
HTD/PFL,Asset Management,0.9621,0.63104,624,,,,,,,,
SFBC/ZIONP,Banks - Regional,0.9325,0.63107,624,,,,,,,,
FMN/TY,Asset Management,0.8336,0.63109,624,,,,,,,,
IGIB/PEZ,Unknown,0.8995,0.6311,624,,,,,,,,
HTD/NIE,Asset Management,0.9305,0.63112,624,,,,,,,,
PFO/SEIC,Asset Management,0.8686,0.63113,624,,,,,,,,
AMP/RNP,Asset Management,0.9027,0.63118,624,,,,,,,,
PFBC/PWOD,Banks - Regional,0.8098,0.63122,624,,,,,,,,
MUC/NTRS,Asset Management,0.8251,0.63124,624,,,,,,,,
BTZ/NFJ,Asset Management,0.9356,0.63124,624,,,,,,,,
FHN/FITB,Banks - Regional,0.8604,0.63126,624,,,,,,,,
AMP/RFI,Asset Management,0.8678,0.63133,624,,,,,,,,
CHI/PSEC,Asset Management,0.9067,0.63137,624,,,,,,,,
MUE/PPT,Asset Management,0.8359,0.63138,624,,,,,,,,
CHY/PFD,Asset Management,0.8537,0.63141,624,,,,,,,,
MYI/NFJ,Asset Management,0.8291,0.63143,624,,,,,,,,
DSU/NKX,Asset Management,0.8025,0.63147,624,,,,,,,,
IGIB/QABA,Unknown,0.821,0.63147,624,,,,,,,,
CSWC/PFN,Asset Management,0.9099,0.63149,624,,,,,,,,
GAM/NIM,Asset Management,0.8111,0.6315,624,,,,,,,,
ASG/VLT,Asset Management,0.9338,0.6315,624,,,,,,,,
GS/SNEX,Capital Markets,0.9552,0.63152,624,,,,,,,,
TY/VKQ,Asset Management,0.877,0.63153,624,,,,,,,,
CII/PMO,Asset Management,0.8505,0.63154,624,,,,,,,,
BN/MFIC,Asset Management,0.8399,0.63154,624,,,,,,,,
EEA/ETW,Asset Management,0.9557,0.63155,624,,,,,,,,
FFA/IIM,Asset Management,0.8142,0.63157,624,,,,,,,,
CII/MIN,Asset Management,0.8791,0.63158,624,,,,,,,,
NKX/PPT,Asset Management,0.8803,0.6316,624,,,,,,,,
FFA/IGR,Asset Management,0.8981,0.63161,624,,,,,,,,
EOS/MSD,Asset Management,0.8884,0.63162,624,,,,,,,,
AFB/BTO,Asset Management,0.8188,0.63166,624,,,,,,,,
BKT/CHW,Asset Management,0.8551,0.63167,624,,,,,,,,
CSQ/SPXX,Asset Management,0.9763,0.63175,624,,,,,,,,
GAIN/IAE,Asset Management,0.8232,0.63175,624,,,,,,,,
CMA/FHN,Banks - Regional,0.8669,0.63176,624,,,,,,,,
BFZ/RQI,Asset Management,0.8411,0.63183,624,,,,,,,,
PMM/SAR,Asset Management,0.8398,0.63187,624,,,,,,,,
VCIT/VGLT,Unknown,0.8143,0.63195,624,,,,,,,,
BTZ/GLAD,Asset Management,0.8629,0.63197,624,,,,,,,,
CHI/MSD,Asset Management,0.8442,0.63199,624,,,,,,,,
CHY/NNY,Asset Management,0.8203,0.63201,624,,,,,,,,
NRK/QQQX,Asset Management,0.8725,0.63202,624,,,,,,,,
ASG/HPS,Asset Management,0.9185,0.63202,624,,,,,,,,
CHW/GDL,Asset Management,0.9196,0.63202,624,,,,,,,,
TY/VGM,Asset Management,0.8696,0.63204,624,,,,,,,,
BX/MIN,Asset Management,0.8271,0.6321,624,,,,,,,,
LEO/PCN,Asset Management,0.8534,0.63215,624,,,,,,,,
BKT/TDF,Asset Management,0.8423,0.63215,624,,,,,,,,
EOS/GDO,Asset Management,0.902,0.63221,624,,,,,,,,
BLDR/TT,Building Products & Equipment,0.9382,0.63222,624,,,,,,,,
PIZ/PUI,Unknown,0.9141,0.63224,624,,,,,,,,
MPA/PFL,Asset Management,0.9086,0.63229,624,,,,,,,,
MQY/PCN,Asset Management,0.8925,0.6323,624,,,,,,,,
CHI/PFD,Asset Management,0.8412,0.63234,624,,,,,,,,
NEA/VLT,Asset Management,0.9059,0.63235,624,,,,,,,,
GAIN/WIW,Asset Management,0.8692,0.63236,624,,,,,,,,
CII/PDT,Asset Management,0.9016,0.63237,624,,,,,,,,
MSD/SCD,Asset Management,0.8669,0.63243,624,,,,,,,,
HPF/PCM,Asset Management,0.9466,0.63244,624,,,,,,,,
CHI/EMD,Asset Management,0.8151,0.63245,624,,,,,,,,
ETY/HIO,Asset Management,0.9459,0.63245,624,,,,,,,,
PAI/SPE,Asset Management,0.82,0.63247,624,,,,,,,,
ADX/FRA,Asset Management,0.9661,0.63252,624,,,,,,,,
ONEQ/VCIT,Unknown,0.875,0.63254,624,,,,,,,,
CGO/MSD,Asset Management,0.8984,0.63255,624,,,,,,,,
EOS/NZF,Asset Management,0.8726,0.63255,624,,,,,,,,
PSL/PYZ,Unknown,0.9548,0.63263,624,,,,,,,,
SF/SNEX,Capital Markets,0.9366,0.63265,624,,,,,,,,
FFA/HIO,Asset Management,0.9572,0.63265,624,,,,,,,,
VGIT/VGSH,Unknown,0.8844,0.63268,624,,,,,,,,
AWF/PDT,Asset Management,0.9297,0.63269,624,,,,,,,,
NZF/PCM,Asset Management,0.923,0.63272,624,,,,,,,,
ETY/NAD,Asset Management,0.832,0.63273,624,,,,,,,,
CHY/JPC,Asset Management,0.8922,0.63282,624,,,,,,,,
BFZ/PDT,Asset Management,0.8571,0.63282,624,,,,,,,,
AB/HIO,Asset Management,0.9167,0.63285,624,,,,,,,,
MQT/PCF,Asset Management,0.8597,0.63286,624,,,,,,,,
BCBP/NWFL,Banks - Regional,0.8024,0.63291,624,,,,,,,,
PTH/VMBS,Unknown,0.8373,0.63291,624,,,,,,,,
NXP/PDT,Asset Management,0.9284,0.63291,624,,,,,,,,
FICO/PTC,Software - Application,0.8725,0.63294,624,,,,,,,,
ACLS/AMAT,Semiconductor Equipment & Materials,0.8508,0.63294,624,,,,,,,,
NUV/PFL,Asset Management,0.9286,0.63299,624,,,,,,,,
LGI/RQI,Asset Management,0.9609,0.63299,624,,,,,,,,
MMT/SPE,Asset Management,0.9317,0.63301,624,,,,,,,,
FNWD/INBK,Banks - Regional,0.8018,0.63306,624,,,,,,,,
CSWC/VRTS,Asset Management,0.8165,0.63307,624,,,,,,,,
CHY/RQI,Asset Management,0.9549,0.63307,624,,,,,,,,
USA/VGM,Asset Management,0.8024,0.6331,624,,,,,,,,
ETY/PFO,Asset Management,0.8361,0.63313,624,,,,,,,,
NMZ/PHD,Asset Management,0.843,0.63316,624,,,,,,,,
GCV/PML,Asset Management,0.8052,0.63317,624,,,,,,,,
EHI/EXG,Asset Management,0.9256,0.63322,624,,,,,,,,
IGIB/PRFZ,Unknown,0.8826,0.63322,624,,,,,,,,
IGIB/PKW,Unknown,0.8783,0.63324,624,,,,,,,,
IIF/MSD,Asset Management,0.8308,0.63327,624,,,,,,,,
AMD/TXN,Semiconductors,0.9183,0.63336,624,,,,,,,,
CSWC/SWKH,Asset Management,0.8327,0.63339,624,,,,,,,,
ABCB/STBA,Banks - Regional,0.9427,0.6334,624,,,,,,,,
NEA/UTF,Asset Management,0.895,0.63343,624,,,,,,,,
MHN/NTRS,Asset Management,0.8229,0.63346,624,,,,,,,,
EOS/FLC,Asset Management,0.8902,0.63351,624,,,,,,,,
ETJ/GUT,Asset Management,0.8185,0.63354,624,,,,,,,,
ETY/HPF,Asset Management,0.9252,0.63354,624,,,,,,,,
CASH/OSBC,Banks - Regional,0.8869,0.63355,624,,,,,,,,
RNST/TRST,Banks - Regional,0.9355,0.63359,624,,,,,,,,
GAM/QQQX,Asset Management,0.9509,0.63364,624,,,,,,,,
MCR/SCD,Asset Management,0.8672,0.63365,624,,,,,,,,
JOF/JPC,Asset Management,0.9251,0.63368,624,,,,,,,,
FFA/JPC,Asset Management,0.9019,0.63368,624,,,,,,,,
EHI/ETW,Asset Management,0.9313,0.63369,624,,,,,,,,
EMD/HTD,Asset Management,0.8209,0.63373,624,,,,,,,,
VCLT/WOOD,Unknown,0.8092,0.6338,624,,,,,,,,
CXH/RMT,Asset Management,0.8014,0.63385,624,,,,,,,,
PNFP/TRST,Banks - Regional,0.8334,0.63385,624,,,,,,,,
BLK/PSEC,Asset Management,0.8594,0.63392,624,,,,,,,,
CII/MIY,Asset Management,0.8236,0.63397,624,,,,,,,,
ETJ/JFR,Asset Management,0.9041,0.63401,624,,,,,,,,
IIF/JOF,Asset Management,0.8315,0.63405,624,,,,,,,,
CFR/HOMB,Banks - Regional,0.8851,0.63406,624,,,,,,,,
ONEQ/SWZ,Unknown,0.959,0.63406,624,,,,,,,,
IUSG/PFM,Unknown,0.9903,0.63407,624,,,,,,,,
IMCV/PIO,Unknown,0.9573,0.63411,624,,,,,,,,
GCV/IGI,Asset Management,0.8624,0.63418,624,,,,,,,,
NPV/RNP,Asset Management,0.8405,0.63419,624,,,,,,,,
CBSH/UBSI,Banks - Regional,0.8972,0.63422,624,,,,,,,,
IUSG/SWZ,Unknown,0.9622,0.63427,624,,,,,,,,
AIZ/TRV,Insurance - Property & Casualty,0.9598,0.6343,624,,,,,,,,
MYI/RVT,Asset Management,0.8431,0.63431,624,,,,,,,,
NKX/PCF,Asset Management,0.8683,0.63432,624,,,,,,,,
BCBP/FFIN,Banks - Regional,0.8483,0.63434,624,,,,,,,,
CSWC/MFIC,Asset Management,0.9128,0.63434,624,,,,,,,,
IQI/SOR,Asset Management,0.8281,0.63435,624,,,,,,,,
HPF/SCD,Asset Management,0.8925,0.63436,624,,,,,,,,
CSQ/VKQ,Asset Management,0.8093,0.6344,624,,,,,,,,
AX/OFG,Banks - Regional,0.8465,0.63442,624,,,,,,,,
MUJ/PIM,Asset Management,0.8744,0.63445,624,,,,,,,,
BFZ/UTF,Asset Management,0.808,0.63449,624,,,,,,,,
CRVL/ERIE,Insurance Brokers,0.9425,0.63457,624,,,,,,,,
BYM/ETW,Asset Management,0.8711,0.63457,624,,,,,,,,
BANF/BHRB,Banks - Regional,0.8028,0.63457,624,,,,,,,,
BBSI/KFY,Staffing & Employment Services,0.8321,0.63458,624,,,,,,,,
CII/EHI,Asset Management,0.9041,0.63459,624,,,,,,,,
NQP/PFN,Asset Management,0.9322,0.63461,624,,,,,,,,
CXH/PCF,Asset Management,0.8571,0.63461,624,,,,,,,,
LGI/MSD,Asset Management,0.8723,0.63462,624,,,,,,,,
FEX/PIO,Unknown,0.9804,0.63463,624,,,,,,,,
MPA/SPXX,Asset Management,0.842,0.63463,624,,,,,,,,
FTC/VCLT,Unknown,0.802,0.63471,624,,,,,,,,
ABCB/UBSI,Banks - Regional,0.9379,0.63472,624,,,,,,,,
ETY/NRK,Asset Management,0.8107,0.63472,624,,,,,,,,
CSWC/PTY,Asset Management,0.9314,0.63475,624,,,,,,,,
EOS/ETB,Asset Management,0.9643,0.63475,624,,,,,,,,
NAC/QQQX,Asset Management,0.8223,0.63475,624,,,,,,,,
NEA/NTRS,Asset Management,0.89,0.63479,624,,,,,,,,
JEQ/RQI,Asset Management,0.9046,0.6348,624,,,,,,,,
ADX/BHK,Asset Management,0.8732,0.63481,624,,,,,,,,
DNP/IGR,Asset Management,0.8794,0.63486,624,,,,,,,,
EVN/NFJ,Asset Management,0.8112,0.63488,624,,,,,,,,
MMT/SEIC,Asset Management,0.8804,0.63489,624,,,,,,,,
MMT/PSEC,Asset Management,0.8449,0.6349,624,,,,,,,,
DVY/FNX,Unknown,0.9856,0.63494,624,,,,,,,,
MIN/SAR,Asset Management,0.8547,0.63496,624,,,,,,,,
EOS/NQP,Asset Management,0.8737,0.63497,624,,,,,,,,
AWF/HPI,Asset Management,0.9518,0.63499,624,,,,,,,,
ACN/CTSH,Information Technology Services,0.837,0.63506,624,,,,,,,,
NEE/SO,Utilities - Regulated Electric,0.9222,0.63507,624,,,,,,,,
FFA/NIM,Asset Management,0.8581,0.63507,624,,,,,,,,
DSM/ETW,Asset Management,0.8121,0.63509,624,,,,,,,,
ASG/UTF,Asset Management,0.9501,0.6351,624,,,,,,,,
MIY/NFJ,Asset Management,0.8353,0.63513,624,,,,,,,,
NNY/STEW,Asset Management,0.8036,0.63513,624,,,,,,,,
ETW/PFD,Asset Management,0.8788,0.63514,624,,,,,,,,
MBB/SCZ,Unknown,0.8363,0.63518,624,,,,,,,,
TSBK/ZIONP,Banks - Regional,0.8776,0.63523,624,,,,,,,,
PDT/TROW,Asset Management,0.8732,0.63524,624,,,,,,,,
CSQ/NQP,Asset Management,0.8653,0.63525,624,,,,,,,,
EHI/PFG,Asset Management,0.8228,0.63525,624,,,,,,,,
EHI/ETY,Asset Management,0.8993,0.63527,624,,,,,,,,
AFB/PCF,Asset Management,0.8427,0.63528,624,,,,,,,,
BHK/CSQ,Asset Management,0.8756,0.63529,624,,,,,,,,
EHI/STEW,Asset Management,0.9026,0.63533,624,,,,,,,,
AB/MCR,Asset Management,0.9091,0.63544,624,,,,,,,,
EOS/NUW,Asset Management,0.8001,0.63544,624,,,,,,,,
AFB/PPT,Asset Management,0.8495,0.63547,624,,,,,,,,
EOS/VKQ,Asset Management,0.8252,0.63552,624,,,,,,,,
GCV/RQI,Asset Management,0.9256,0.63556,624,,,,,,,,
DNP/PHK,Asset Management,0.8097,0.63557,624,,,,,,,,
ETW/LEO,Asset Management,0.8174,0.63558,624,,,,,,,,
EOI/HIO,Asset Management,0.9444,0.6356,624,,,,,,,,
AMD/SLAB,Semiconductors,0.8317,0.63561,624,,,,,,,,
FFA/PFD,Asset Management,0.8083,0.63563,624,,,,,,,,
BHK/IGR,Asset Management,0.8945,0.63569,624,,,,,,,,
ADBE/PAR,Software - Application,0.9079,0.63571,624,,,,,,,,
FFA/VCV,Asset Management,0.804,0.63573,624,,,,,,,,
MIN/SPE,Asset Management,0.8778,0.63575,624,,,,,,,,
ETY/NXJ,Asset Management,0.8756,0.63583,624,,,,,,,,
PMO/RMT,Asset Management,0.8694,0.63585,624,,,,,,,,
FFA/NMZ,Asset Management,0.8533,0.63588,624,,,,,,,,
JLS/PFD,Asset Management,0.8608,0.63591,624,,,,,,,,
FFA/PMM,Asset Management,0.8565,0.63594,624,,,,,,,,
CHW/JRS,Asset Management,0.9279,0.63594,624,,,,,,,,
ADX/NZF,Asset Management,0.8512,0.63598,624,,,,,,,,
GAM/JRS,Asset Management,0.8921,0.63599,624,,,,,,,,
ETG/HIX,Asset Management,0.915,0.63601,624,,,,,,,,
ACNB/BOKF,Banks - Regional,0.917,0.63602,624,,,,,,,,
HYT/SEIC,Asset Management,0.8882,0.63606,624,,,,,,,,
IGSB/PIZ,Unknown,0.9462,0.63616,624,,,,,,,,
BX/CHW,Asset Management,0.8521,0.63618,624,,,,,,,,
STAA/WST,Medical Instruments & Supplies,0.8042,0.6362,624,,,,,,,,
PKBK/ZIONP,Banks - Regional,0.8621,0.63626,624,,,,,,,,
MYN/VLT,Asset Management,0.8603,0.63635,624,,,,,,,,
IUSG/USIG,Unknown,0.8622,0.63636,624,,,,,,,,
CGO/PDT,Asset Management,0.9194,0.6364,624,,,,,,,,
NEA/QQQX,Asset Management,0.8912,0.63646,624,,,,,,,,
DNP/MQT,Asset Management,0.8453,0.6365,624,,,,,,,,
VGM/VLT,Asset Management,0.8841,0.63652,624,,,,,,,,
PMM/SPE,Asset Management,0.8296,0.63652,624,,,,,,,,
EEA/EXG,Asset Management,0.9679,0.63653,624,,,,,,,,
AMD/ASX,Semiconductors,0.8789,0.63655,624,,,,,,,,
MHF/SAR,Asset Management,0.8663,0.63656,624,,,,,,,,
DNP/SEIC,Asset Management,0.8945,0.63661,624,,,,,,,,
AFG/CINF,Insurance - Property & Casualty,0.9574,0.63669,624,,,,,,,,
EWBC/ZIONP,Banks - Regional,0.8817,0.6367,624,,,,,,,,
PAI/PHK,Asset Management,0.803,0.63671,624,,,,,,,,
FRST/TCBI,Banks - Regional,0.8055,0.63672,624,,,,,,,,
BX/FRA,Asset Management,0.9468,0.63674,624,,,,,,,,
NPV/RQI,Asset Management,0.8384,0.63682,624,,,,,,,,
AFL/PRU,Insurance - Life,0.909,0.63692,624,,,,,,,,
CSQ/MIY,Asset Management,0.8383,0.63693,624,,,,,,,,
ORI/WRB,Insurance - Property & Casualty,0.9782,0.63695,624,,,,,,,,
MMT/VVR,Asset Management,0.8821,0.63696,624,,,,,,,,
EOI/RVT,Asset Management,0.9751,0.63696,624,,,,,,,,
BLK/SCD,Asset Management,0.947,0.63699,624,,,,,,,,
CHW/GUT,Asset Management,0.8314,0.63705,624,,,,,,,,
IEUS/PFM,Unknown,0.9119,0.63706,624,,,,,,,,
FFIN/FRME,Banks - Regional,0.8988,0.63707,624,,,,,,,,
LII/LPX,Building Products & Equipment,0.9316,0.63709,624,,,,,,,,
ETY/FLC,Asset Management,0.8624,0.6371,624,,,,,,,,
CII/NAD,Asset Management,0.831,0.6371,624,,,,,,,,
DNP/NMZ,Asset Management,0.8953,0.63712,624,,,,,,,,
PTH/VGIT,Unknown,0.8585,0.63716,624,,,,,,,,
CGO/JFR,Asset Management,0.8991,0.63717,624,,,,,,,,
DNP/HIX,Asset Management,0.8813,0.6372,624,,,,,,,,
VCSH/VGIT,Unknown,0.9147,0.63724,624,,,,,,,,
MGF/PTY,Asset Management,0.835,0.63724,624,,,,,,,,
AFB/ETW,Asset Management,0.8526,0.63727,624,,,,,,,,
BR/JKHY,Information Technology Services,0.9354,0.63728,624,,,,,,,,
ACNB/IBN,Banks - Regional,0.8394,0.63733,624,,,,,,,,
GAIN/HIX,Asset Management,0.8547,0.63734,624,,,,,,,,
BTA/PHK,Asset Management,0.8126,0.63737,624,,,,,,,,
ACNB/BHRB,Banks - Regional,0.8369,0.63738,624,,,,,,,,
GOF/JHS,Asset Management,0.8768,0.6374,624,,,,,,,,
CSQ/VCV,Asset Management,0.8029,0.63742,624,,,,,,,,
DNP/IGA,Asset Management,0.9254,0.63744,624,,,,,,,,
CSQ/NUV,Asset Management,0.8409,0.63748,624,,,,,,,,
AZN/GSK,Drug Manufacturers - General,0.8523,0.63749,624,,,,,,,,
DNP/NRK,Asset Management,0.8543,0.63749,624,,,,,,,,
DDT/SWZ,Unknown,0.9502,0.63752,624,,,,,,,,
IQI/LGI,Asset Management,0.8277,0.63752,624,,,,,,,,
ACNB/AX,Banks - Regional,0.897,0.63754,624,,,,,,,,
DNP/HQH,Asset Management,0.8448,0.63759,624,,,,,,,,
FCBC/UCB,Banks - Regional,0.8794,0.63762,624,,,,,,,,
ADX/VVR,Asset Management,0.9558,0.63763,624,,,,,,,,
EOS/NEA,Asset Management,0.862,0.63771,624,,,,,,,,
ETY/PDT,Asset Management,0.9038,0.63773,624,,,,,,,,
ETY/JPC,Asset Management,0.9014,0.63775,624,,,,,,,,
ASG/FUND,Asset Management,0.9023,0.63776,624,,,,,,,,
ETW/IGD,Asset Management,0.9524,0.6378,624,,,,,,,,
BX/EVG,Asset Management,0.9326,0.63787,624,,,,,,,,
BX/FCT,Asset Management,0.9186,0.63787,624,,,,,,,,
ARCC/NQP,Asset Management,0.801,0.63787,624,,,,,,,,
FLC/SEIC,Asset Management,0.8799,0.63791,624,,,,,,,,
JOF/PCF,Asset Management,0.9049,0.63795,624,,,,,,,,
CXH/SPXX,Asset Management,0.8128,0.63797,624,,,,,,,,
PIO/PUI,Unknown,0.9325,0.63799,624,,,,,,,,
FMAO/MNSB,Banks - Regional,0.859,0.63799,624,,,,,,,,
NAN/PDT,Asset Management,0.9232,0.63807,624,,,,,,,,
FFA/GDO,Asset Management,0.8918,0.63809,624,,,,,,,,
BKN/RVT,Asset Management,0.818,0.63809,624,,,,,,,,
FICO/MSTR,Software - Application,0.8737,0.6381,624,,,,,,,,
CXH/GDL,Asset Management,0.8528,0.63812,624,,,,,,,,
BYM/RVT,Asset Management,0.8329,0.63816,624,,,,,,,,
MQY/PFL,Asset Management,0.8904,0.63817,624,,,,,,,,
AMP/MCR,Asset Management,0.8241,0.63817,624,,,,,,,,
IGSB/PPH,Unknown,0.9015,0.63819,624,,,,,,,,
GCV/MHN,Asset Management,0.8025,0.63821,624,,,,,,,,
MPA/RMT,Asset Management,0.8451,0.63822,624,,,,,,,,
AFB/HTD,Asset Management,0.8558,0.63825,624,,,,,,,,
GCV/NMI,Asset Management,0.8017,0.63825,624,,,,,,,,
EOS/FFC,Asset Management,0.8763,0.6383,624,,,,,,,,
FFA/VLT,Asset Management,0.9611,0.63832,624,,,,,,,,
BFZ/PCM,Asset Management,0.8279,0.63835,624,,,,,,,,
IPAR/UL,Household & Personal Products,0.8026,0.63837,624,,,,,,,,
PDP/PIZ,Unknown,0.97,0.63837,624,,,,,,,,
NAZ/RQI,Asset Management,0.8474,0.63837,624,,,,,,,,
BLW/HPF,Asset Management,0.9564,0.63839,624,,,,,,,,
EOS/NXJ,Asset Management,0.8989,0.63841,624,,,,,,,,
DSU/HPI,Asset Management,0.9145,0.63845,624,,,,,,,,
JLS/WIW,Asset Management,0.8007,0.63846,624,,,,,,,,
FFA/MUJ,Asset Management,0.8416,0.63846,624,,,,,,,,
BTA/FUND,Asset Management,0.8208,0.63847,624,,,,,,,,
EVF/FHI,Asset Management,0.8991,0.63848,624,,,,,,,,
DSM/TY,Asset Management,0.805,0.63849,624,,,,,,,,
CSL/LPX,Building Products & Equipment,0.9658,0.63855,624,,,,,,,,
AOS/GRC,Specialty Industrial Machinery,0.8589,0.63855,624,,,,,,,,
EVN/RVT,Asset Management,0.8301,0.63858,624,,,,,,,,
CHW/PSEC,Asset Management,0.8494,0.63859,624,,,,,,,,
NQP/QQQX,Asset Management,0.901,0.63862,624,,,,,,,,
PBHC/ZIONP,Banks - Regional,0.8481,0.63862,624,,,,,,,,
CPRT/DLB,Specialty Business Services,0.8591,0.63863,624,,,,,,,,
NMZ/PCF,Asset Management,0.9027,0.63865,624,,,,,,,,
BHK/PFL,Asset Management,0.9426,0.63865,624,,,,,,,,
MUA/SPXX,Asset Management,0.8101,0.63865,624,,,,,,,,
MUC/PFN,Asset Management,0.8453,0.63867,624,,,,,,,,
CII/VLT,Asset Management,0.9474,0.63873,624,,,,,,,,
FNX/PIZ,Unknown,0.9564,0.63874,624,,,,,,,,
FFIN/PB,Banks - Regional,0.9073,0.63874,624,,,,,,,,
PNQI/QQEW,Unknown,0.9414,0.63875,624,,,,,,,,
BTZ/RMT,Asset Management,0.9376,0.63881,624,,,,,,,,
MIN/PTY,Asset Management,0.9329,0.63884,624,,,,,,,,
NUV/TY,Asset Management,0.9085,0.63885,624,,,,,,,,
IGA/MSD,Asset Management,0.8837,0.63887,624,,,,,,,,
DVY/PRFZ,Unknown,0.9868,0.6389,624,,,,,,,,
BXMX/EHI,Asset Management,0.9125,0.63892,624,,,,,,,,
DTE/SO,Utilities - Regulated Electric,0.9467,0.63893,624,,,,,,,,
PEY/SWZ,Unknown,0.9483,0.63896,624,,,,,,,,
EOS/NUV,Asset Management,0.8571,0.63898,624,,,,,,,,
CIF/HTD,Asset Management,0.9029,0.639,624,,,,,,,,
SFST/WABC,Banks - Regional,0.8867,0.639,624,,,,,,,,
ASG/MAIN,Asset Management,0.8449,0.63901,624,,,,,,,,
NVG/USA,Asset Management,0.8606,0.63903,624,,,,,,,,
BLW/FUND,Asset Management,0.9438,0.63905,624,,,,,,,,
BLK/PDT,Asset Management,0.8962,0.63905,624,,,,,,,,
IQI/PFL,Asset Management,0.9116,0.63913,624,,,,,,,,
GCV/NZF,Asset Management,0.8994,0.63914,624,,,,,,,,
HFBL/TRST,Banks - Regional,0.8346,0.63914,624,,,,,,,,
FFA/OCSL,Asset Management,0.834,0.6392,624,,,,,,,,
CNOB/THFF,Banks - Regional,0.899,0.63924,624,,,,,,,,
EOS/MUA,Asset Management,0.8058,0.63925,624,,,,,,,,
NUV/PCF,Asset Management,0.8889,0.63926,624,,,,,,,,
JOF/NAD,Asset Management,0.8623,0.63928,624,,,,,,,,
QQQX/SCD,Asset Management,0.9248,0.63933,624,,,,,,,,
BX/DNP,Asset Management,0.8271,0.63933,624,,,,,,,,
FLC/GAB,Asset Management,0.8739,0.63936,624,,,,,,,,
AZO/GPC,Auto Parts,0.9034,0.63937,624,,,,,,,,
ETO/HTD,Asset Management,0.9616,0.63938,624,,,,,,,,
EOS/VCV,Asset Management,0.8247,0.63939,624,,,,,,,,
MIY/PCN,Asset Management,0.919,0.63941,624,,,,,,,,
CIVB/ZIONP,Banks - Regional,0.8712,0.63943,624,,,,,,,,
DNP/RVT,Asset Management,0.9222,0.63945,624,,,,,,,,
GCV/PFO,Asset Management,0.9148,0.63949,624,,,,,,,,
BLW/HPS,Asset Management,0.9683,0.6395,624,,,,,,,,
BX/DSU,Asset Management,0.9417,0.63952,624,,,,,,,,
DSU/FHI,Asset Management,0.9207,0.63953,624,,,,,,,,
CHDN/LNW,Gambling,0.9017,0.63953,624,,,,,,,,
CSQ/MSD,Asset Management,0.8704,0.6396,624,,,,,,,,
CSQ/EMD,Asset Management,0.8156,0.63966,624,,,,,,,,
CNOB/NBTB,Banks - Regional,0.8583,0.63972,624,,,,,,,,
LEO/NTRS,Asset Management,0.8405,0.63977,624,,,,,,,,
IGA/MPA,Asset Management,0.8001,0.63978,624,,,,,,,,
EHI/GDL,Asset Management,0.919,0.6398,624,,,,,,,,
JPM/WFC,Banks - Diversified,0.8055,0.6398,624,,,,,,,,
EMB/SWZ,Unknown,0.8275,0.63989,624,,,,,,,,
ONEQ/PNQI,Unknown,0.9311,0.6399,624,,,,,,,,
CHW/EVG,Asset Management,0.935,0.64004,624,,,,,,,,
FTC/PIE,Unknown,0.8311,0.64007,624,,,,,,,,
NKX/QQQX,Asset Management,0.8744,0.64008,624,,,,,,,,
BFZ/FCT,Asset Management,0.8107,0.64017,624,,,,,,,,
FOF/MQY,Asset Management,0.8295,0.64018,624,,,,,,,,
FFA/VKQ,Asset Management,0.8045,0.64019,624,,,,,,,,
BANF/FCBC,Banks - Regional,0.9458,0.6402,624,,,,,,,,
PFM/PIO,Unknown,0.9752,0.64021,624,,,,,,,,
AMT/PCH,REIT - Specialty,0.8788,0.64022,624,,,,,,,,
MQT/NIE,Asset Management,0.8083,0.64025,624,,,,,,,,
FCBC/ZION,Banks - Regional,0.8779,0.64026,624,,,,,,,,
CHW/VVR,Asset Management,0.8546,0.64026,624,,,,,,,,
BTA/JFR,Asset Management,0.8421,0.64029,624,,,,,,,,
DNP/NKX,Asset Management,0.8681,0.64031,624,,,,,,,,
ONEQ/PEZ,Unknown,0.9695,0.64032,624,,,,,,,,
IGA/NKX,Asset Management,0.807,0.64035,624,,,,,,,,
ADX/NXJ,Asset Management,0.8855,0.64043,624,,,,,,,,
IUSG/PRFZ,Unknown,0.9728,0.64045,624,,,,,,,,
BTZ/GUT,Asset Management,0.8412,0.64048,624,,,,,,,,
ABCB/BANR,Banks - Regional,0.9528,0.64049,624,,,,,,,,
GAM/NQP,Asset Management,0.8132,0.64052,624,,,,,,,,
GRID/PEZ,Unknown,0.9426,0.64053,624,,,,,,,,
CNOB/MNSB,Banks - Regional,0.8499,0.64055,624,,,,,,,,
IGA/MIY,Asset Management,0.8068,0.64056,624,,,,,,,,
BOE/JRS,Asset Management,0.9144,0.64065,624,,,,,,,,
CMA/USB,Banks - Regional,0.9079,0.64065,624,,,,,,,,
PFBC/WABC,Banks - Regional,0.8277,0.6407,624,,,,,,,,
AOD/IGR,Asset Management,0.8799,0.64071,624,,,,,,,,
FMN/PTY,Asset Management,0.826,0.64075,624,,,,,,,,
DNP/MYI,Asset Management,0.854,0.64078,624,,,,,,,,
GCV/RNP,Asset Management,0.9243,0.64079,624,,,,,,,,
FT/HPF,Asset Management,0.958,0.6408,624,,,,,,,,
BXMX/IAE,Asset Management,0.8123,0.64086,624,,,,,,,,
GDO/SCD,Asset Management,0.8142,0.64088,624,,,,,,,,
ASG/STEW,Asset Management,0.9037,0.64089,624,,,,,,,,
PEY/PRFZ,Unknown,0.9828,0.64094,624,,,,,,,,
CXH/JQC,Asset Management,0.8374,0.641,624,,,,,,,,
AVGO/RMBS,Semiconductors,0.8496,0.64101,624,,,,,,,,
FFA/IGA,Asset Management,0.9727,0.64101,624,,,,,,,,
MIN/RJF,Asset Management,0.8108,0.64104,624,,,,,,,,
IART/ZBH,Medical Devices,0.8107,0.64104,624,,,,,,,,
PFBC/TRMK,Banks - Regional,0.9303,0.64106,624,,,,,,,,
EWBC/HDB,Banks - Regional,0.8624,0.64106,624,,,,,,,,
BTZ/PMF,Asset Management,0.8042,0.64107,624,,,,,,,,
ADX/IQI,Asset Management,0.8129,0.6411,624,,,,,,,,
EOS/HPI,Asset Management,0.9206,0.6411,624,,,,,,,,
SOXX/WOOD,Unknown,0.8901,0.64112,624,,,,,,,,
IFN/NXJ,Asset Management,0.8268,0.64115,624,,,,,,,,
MIN/TROW,Asset Management,0.8844,0.64119,624,,,,,,,,
CSWC/PFL,Asset Management,0.9125,0.6412,624,,,,,,,,
PAI/SEIC,Asset Management,0.8701,0.6412,624,,,,,,,,
PMO/RVT,Asset Management,0.8812,0.6412,624,,,,,,,,
AOD/JRS,Asset Management,0.8883,0.64123,624,,,,,,,,
QQXT/SCZ,Unknown,0.9424,0.64129,624,,,,,,,,
DOV/RRX,Specialty Industrial Machinery,0.9499,0.64129,624,,,,,,,,
EMB/PSL,Unknown,0.8722,0.64132,624,,,,,,,,
MPB/ZIONP,Banks - Regional,0.8682,0.64136,624,,,,,,,,
BLK/HTD,Asset Management,0.9258,0.6414,624,,,,,,,,
FT/NAZ,Asset Management,0.8116,0.6414,624,,,,,,,,
IQI/RCS,Asset Management,0.822,0.64143,624,,,,,,,,
DDT/PIZ,Unknown,0.911,0.64143,624,,,,,,,,
PTH/WOOD,Unknown,0.9266,0.64153,624,,,,,,,,
AB/VLT,Asset Management,0.9156,0.64158,624,,,,,,,,
IUSG/PEZ,Unknown,0.9687,0.64168,624,,,,,,,,
AB/MIN,Asset Management,0.8632,0.6417,624,,,,,,,,
FFA/IQI,Asset Management,0.8131,0.6418,624,,,,,,,,
SOR/VLT,Asset Management,0.9599,0.64181,624,,,,,,,,
FFA/MSD,Asset Management,0.8689,0.64186,624,,,,,,,,
FFA/NXC,Asset Management,0.8259,0.64188,624,,,,,,,,
BND/PIZ,Unknown,0.8336,0.64192,624,,,,,,,,
AX/TRMK,Banks - Regional,0.8811,0.64194,624,,,,,,,,
IGIB/PPH,Unknown,0.8489,0.64198,624,,,,,,,,
GOF/PFD,Asset Management,0.8595,0.64203,624,,,,,,,,
BYM/UTF,Asset Management,0.8653,0.64209,624,,,,,,,,
AB/AWF,Asset Management,0.9006,0.64209,624,,,,,,,,
ETW/SCD,Asset Management,0.9085,0.6421,624,,,,,,,,
CII/HPS,Asset Management,0.9413,0.64214,624,,,,,,,,
CBAN/HDB,Banks - Regional,0.8947,0.64217,624,,,,,,,,
FFA/MYI,Asset Management,0.8236,0.64219,624,,,,,,,,
FCBC/PNC,Banks - Regional,0.9302,0.6422,624,,,,,,,,
ASG/DNP,Asset Management,0.8904,0.64222,624,,,,,,,,
MUJ/USA,Asset Management,0.8516,0.64232,624,,,,,,,,
FRA/HPI,Asset Management,0.8761,0.64235,624,,,,,,,,
SBI/SEIC,Asset Management,0.8379,0.64237,624,,,,,,,,
CSWC/PCN,Asset Management,0.9049,0.6424,624,,,,,,,,
NMZ/SOR,Asset Management,0.8698,0.64242,624,,,,,,,,
NVO/NVS,Drug Manufacturers - General,0.8647,0.64246,624,,,,,,,,
HYT/MCI,Asset Management,0.9131,0.64247,624,,,,,,,,
MYI/UTF,Asset Management,0.8741,0.64253,624,,,,,,,,
FCBC/GSBC,Banks - Regional,0.9416,0.64254,624,,,,,,,,
EVT/IAE,Asset Management,0.833,0.64259,624,,,,,,,,
CII/NEA,Asset Management,0.8237,0.64259,624,,,,,,,,
EEA/HPF,Asset Management,0.8947,0.64261,624,,,,,,,,
MCI/MSD,Asset Management,0.8635,0.64263,624,,,,,,,,
LGI/OCSL,Asset Management,0.8277,0.64275,624,,,,,,,,
AVY/GEF,Packaging & Containers,0.8509,0.64276,624,,,,,,,,
NVG/TY,Asset Management,0.9144,0.64277,624,,,,,,,,
MUE/RVT,Asset Management,0.8014,0.64278,624,,,,,,,,
NAC/PCN,Asset Management,0.8692,0.6428,624,,,,,,,,
BTZ/HPS,Asset Management,0.9654,0.64281,624,,,,,,,,
SOR/VPV,Asset Management,0.8395,0.64283,624,,,,,,,,
ABCB/CMA,Banks - Regional,0.8903,0.64284,624,,,,,,,,
FFA/FFC,Asset Management,0.8603,0.64286,624,,,,,,,,
ACNB/KEY,Banks - Regional,0.8231,0.64288,624,,,,,,,,
CSQ/NXJ,Asset Management,0.8908,0.6429,624,,,,,,,,
PMO/SEIC,Asset Management,0.8491,0.6429,624,,,,,,,,
EOS/HPS,Asset Management,0.9468,0.64293,624,,,,,,,,
ASG/GAM,Asset Management,0.8666,0.64295,624,,,,,,,,
CXH/FOF,Asset Management,0.834,0.64299,624,,,,,,,,
MHN/PPT,Asset Management,0.8143,0.64301,624,,,,,,,,
PPBI/UBFO,Banks - Regional,0.8373,0.64303,624,,,,,,,,
MIY/NIE,Asset Management,0.8436,0.64305,624,,,,,,,,
AMD/UMC,Semiconductors,0.9358,0.64306,624,,,,,,,,
EMB/FTA,Unknown,0.8076,0.64307,624,,,,,,,,
IUSV/SWZ,Unknown,0.9663,0.64308,624,,,,,,,,
EHI/HPS,Asset Management,0.9472,0.64308,624,,,,,,,,
BYM/PCM,Asset Management,0.8888,0.64309,624,,,,,,,,
SFST/UBSI,Banks - Regional,0.8471,0.6431,624,,,,,,,,
EHI/SEIC,Asset Management,0.8539,0.64316,624,,,,,,,,
MUE/SEIC,Asset Management,0.8124,0.64318,624,,,,,,,,
NRK/PFL,Asset Management,0.9141,0.64322,624,,,,,,,,
AFB/VLT,Asset Management,0.8734,0.64323,624,,,,,,,,
PDT/USA,Asset Management,0.9106,0.64329,624,,,,,,,,
BYM/SEIC,Asset Management,0.814,0.64334,624,,,,,,,,
ABCB/WABC,Banks - Regional,0.8245,0.64338,624,,,,,,,,
GOF/NUW,Asset Management,0.8375,0.64341,624,,,,,,,,
ALRS/HFBL,Banks - Regional,0.8838,0.64342,624,,,,,,,,
OGE/SO,Utilities - Regulated Electric,0.9123,0.64344,624,,,,,,,,
NRK/UTF,Asset Management,0.8774,0.64347,624,,,,,,,,
GF/JPC,Asset Management,0.8326,0.64353,624,,,,,,,,
NAC/VLT,Asset Management,0.8496,0.64355,624,,,,,,,,
DNP/SPE,Asset Management,0.8964,0.64356,624,,,,,,,,
ETW/JRS,Asset Management,0.9495,0.64356,624,,,,,,,,
MHN/PFN,Asset Management,0.8492,0.64369,624,,,,,,,,
FLC/USA,Asset Management,0.8858,0.6437,624,,,,,,,,
DSM/PFL,Asset Management,0.8403,0.6437,624,,,,,,,,
ETW/IGR,Asset Management,0.9267,0.6437,624,,,,,,,,
AIA/PIE,Unknown,0.8943,0.64371,624,,,,,,,,
BND/PIO,Unknown,0.8234,0.64373,624,,,,,,,,
MQY/NTRS,Asset Management,0.8527,0.64374,624,,,,,,,,
AOD/SCD,Asset Management,0.9332,0.64382,624,,,,,,,,
EVN/SOR,Asset Management,0.8341,0.64384,624,,,,,,,,
BLW/IGD,Asset Management,0.9435,0.64384,624,,,,,,,,
FFC/SEIC,Asset Management,0.8799,0.64385,624,,,,,,,,
BDJ/EHI,Asset Management,0.9113,0.64388,624,,,,,,,,
EHI/EOD,Asset Management,0.8735,0.64388,624,,,,,,,,
EOS/IIM,Asset Management,0.8279,0.64388,624,,,,,,,,
GOF/NUV,Asset Management,0.8797,0.6439,624,,,,,,,,
ASG/HPF,Asset Management,0.9044,0.64391,624,,,,,,,,
FMAO/PB,Banks - Regional,0.8328,0.64392,624,,,,,,,,
DVY/GRID,Unknown,0.9417,0.64392,624,,,,,,,,
MHN/PCF,Asset Management,0.8008,0.64398,624,,,,,,,,
EHI/SOR,Asset Management,0.9137,0.644,624,,,,,,,,
NAC/PFN,Asset Management,0.8708,0.64401,624,,,,,,,,
ING/RY,Banks - Diversified,0.8115,0.64406,624,,,,,,,,
ETG/PDT,Asset Management,0.9217,0.64413,624,,,,,,,,
GAIN/NQP,Asset Management,0.8211,0.64416,624,,,,,,,,
EOS/RNP,Asset Management,0.9715,0.6442,624,,,,,,,,
IEUS/IUSV,Unknown,0.9084,0.64422,624,,,,,,,,
GOF/HPI,Asset Management,0.9464,0.64424,624,,,,,,,,
IUSV/PEZ,Unknown,0.9569,0.64424,624,,,,,,,,
MQT/SOR,Asset Management,0.8161,0.64425,624,,,,,,,,
HFBL/ZIONP,Banks - Regional,0.8053,0.64427,624,,,,,,,,
BPOP/WAFD,Banks - Regional,0.8259,0.64431,624,,,,,,,,
NZF/PCF,Asset Management,0.9086,0.64433,624,,,,,,,,
PMO/SAR,Asset Management,0.8411,0.64436,624,,,,,,,,
ETJ/SCD,Asset Management,0.9233,0.64437,624,,,,,,,,
FTC/SCZ,Unknown,0.9332,0.6444,624,,,,,,,,
JLS/SCD,Asset Management,0.8599,0.64441,624,,,,,,,,
LLY/MRK,Drug Manufacturers - General,0.8631,0.64444,624,,,,,,,,
MIY/PFL,Asset Management,0.9197,0.64448,624,,,,,,,,
CXH/DNP,Asset Management,0.8403,0.64449,624,,,,,,,,
GOF/MUJ,Asset Management,0.8763,0.64449,624,,,,,,,,
BGY/HTD,Asset Management,0.8789,0.64452,624,,,,,,,,
BCML/SFST,Banks - Regional,0.8296,0.64452,624,,,,,,,,
EOS/VPV,Asset Management,0.8472,0.64453,624,,,,,,,,
NXP/SOR,Asset Management,0.9122,0.64453,624,,,,,,,,
NQP/PPT,Asset Management,0.8907,0.64454,624,,,,,,,,
EOI/PMO,Asset Management,0.8347,0.64457,624,,,,,,,,
MQY/PCF,Asset Management,0.8524,0.64459,624,,,,,,,,
BX/WIA,Asset Management,0.8123,0.64462,624,,,,,,,,
MYN/PDT,Asset Management,0.8844,0.64463,624,,,,,,,,
DNP/EFR,Asset Management,0.8736,0.64466,624,,,,,,,,
GOF/NCA,Asset Management,0.8419,0.64467,624,,,,,,,,
MUA/SEIC,Asset Management,0.8521,0.64467,624,,,,,,,,
BHK/NTRS,Asset Management,0.8863,0.6447,624,,,,,,,,
MQT/UTF,Asset Management,0.863,0.64471,624,,,,,,,,
IGSB/VCLT,Unknown,0.8874,0.64474,624,,,,,,,,
PNQI/VGIT,Unknown,0.8768,0.64489,624,,,,,,,,
NZF/SPE,Asset Management,0.8337,0.64494,624,,,,,,,,
TSEM/TXN,Semiconductors,0.834,0.64495,624,,,,,,,,
CDNS/TYL,Software - Application,0.9044,0.64497,624,,,,,,,,
CII/PFG,Asset Management,0.9486,0.645,624,,,,,,,,
EVN/FCT,Asset Management,0.8265,0.64502,624,,,,,,,,
QQQ/VCIT,Unknown,0.8554,0.64505,624,,,,,,,,
BHK/CHI,Asset Management,0.8879,0.64515,624,,,,,,,,
DTE/FE,Utilities - Regulated Electric,0.8602,0.64516,624,,,,,,,,
NMZ/TY,Asset Management,0.9228,0.64517,624,,,,,,,,
CSQ/IQI,Asset Management,0.8151,0.64522,624,,,,,,,,
EEA/GDV,Asset Management,0.9664,0.64528,624,,,,,,,,
MCR/UTF,Asset Management,0.9667,0.64528,624,,,,,,,,
IDXX/WAT,Diagnostics & Research,0.9446,0.64529,624,,,,,,,,
AMT/SELF,REIT - Specialty,0.8761,0.64535,624,,,,,,,,
FCBC/TFSL,Banks - Regional,0.8128,0.64536,624,,,,,,,,
CNMD/MASI,Medical Devices,0.8617,0.64536,624,,,,,,,,
BX/HPI,Asset Management,0.8127,0.64537,624,,,,,,,,
DNP/VMO,Asset Management,0.8148,0.64538,624,,,,,,,,
OFG/RF,Banks - Regional,0.8632,0.64544,624,,,,,,,,
GOF/NMI,Asset Management,0.8337,0.64548,624,,,,,,,,
PFM/PSL,Unknown,0.9809,0.64548,624,,,,,,,,
NPV/QQQX,Asset Management,0.8091,0.64549,624,,,,,,,,
ETY/NEA,Asset Management,0.8254,0.64552,624,,,,,,,,
ATR/HOLX,Medical Instruments & Supplies,0.921,0.64552,624,,,,,,,,
CSQ/ETG,Asset Management,0.991,0.64556,624,,,,,,,,
BHK/GUT,Asset Management,0.8418,0.64558,624,,,,,,,,
BYM/RMT,Asset Management,0.8214,0.64574,624,,,,,,,,
IUSG/PID,Unknown,0.9281,0.64577,624,,,,,,,,
ETY/NAN,Asset Management,0.8025,0.64581,624,,,,,,,,
CXH/SEIC,Asset Management,0.8453,0.64582,624,,,,,,,,
BHK/CHY,Asset Management,0.8975,0.64585,624,,,,,,,,
FFC/TY,Asset Management,0.9312,0.64588,624,,,,,,,,
MQT/PTY,Asset Management,0.8639,0.64593,624,,,,,,,,
MUJ/PPT,Asset Management,0.8722,0.64596,624,,,,,,,,
BX/PFN,Asset Management,0.8479,0.64596,624,,,,,,,,
FSFG/WABC,Banks - Regional,0.8878,0.64599,624,,,,,,,,
FXNC/SYBT,Banks - Regional,0.8584,0.64599,624,,,,,,,,
NAN/PFN,Asset Management,0.9118,0.646,624,,,,,,,,
MPWR/STM,Semiconductors,0.8443,0.64601,624,,,,,,,,
AFB/PFL,Asset Management,0.8823,0.64604,624,,,,,,,,
EHI/IGR,Asset Management,0.9109,0.6461,624,,,,,,,,
BGY/SCD,Asset Management,0.9485,0.64613,624,,,,,,,,
EOS/HIX,Asset Management,0.8992,0.64618,624,,,,,,,,
CSQ/EOD,Asset Management,0.9678,0.64619,624,,,,,,,,
ENSG/THC,Medical Care Facilities,0.8371,0.6462,624,,,,,,,,
ASG/SEIC,Asset Management,0.8334,0.6462,624,,,,,,,,
ADX/NMZ,Asset Management,0.8494,0.64624,624,,,,,,,,
GJS/IGIB,Unknown,0.8685,0.64625,624,,,,,,,,
IGSB/PID,Unknown,0.8645,0.64626,624,,,,,,,,
EOS/NNY,Asset Management,0.8254,0.64629,624,,,,,,,,
CZFS/LARK,Banks - Regional,0.835,0.64634,624,,,,,,,,
SYBT/ZION,Banks - Regional,0.8921,0.64635,624,,,,,,,,
MIY/PCM,Asset Management,0.9089,0.64636,624,,,,,,,,
BKN/RMT,Asset Management,0.8076,0.64639,624,,,,,,,,
FSFG/HDB,Banks - Regional,0.9197,0.64659,624,,,,,,,,
FTC/PYZ,Unknown,0.9497,0.64664,624,,,,,,,,
DVY/PIO,Unknown,0.9528,0.64668,624,,,,,,,,
NIE/NZF,Asset Management,0.8636,0.64671,624,,,,,,,,
GOF/IQI,Asset Management,0.8584,0.64671,624,,,,,,,,
BHK/ETY,Asset Management,0.8521,0.64676,624,,,,,,,,
EFT/HTD,Asset Management,0.9074,0.64676,624,,,,,,,,
EOI/FUND,Asset Management,0.9611,0.64678,624,,,,,,,,
MYD/PCM,Asset Management,0.8529,0.64685,624,,,,,,,,
BX/MCN,Asset Management,0.9365,0.64685,624,,,,,,,,
MIY/RVT,Asset Management,0.8617,0.64691,624,,,,,,,,
CXH/GDV,Asset Management,0.84,0.64692,624,,,,,,,,
EXG/HTD,Asset Management,0.9534,0.64692,624,,,,,,,,
CSQ/NNY,Asset Management,0.8085,0.64693,624,,,,,,,,
ADX/HPS,Asset Management,0.9416,0.647,624,,,,,,,,
MYI/RMT,Asset Management,0.8347,0.64702,624,,,,,,,,
CII/GDV,Asset Management,0.9749,0.64703,624,,,,,,,,
MUC/PCF,Asset Management,0.8,0.64708,624,,,,,,,,
CSQ/SEIC,Asset Management,0.8689,0.64709,624,,,,,,,,
NNY/PCF,Asset Management,0.8624,0.6471,624,,,,,,,,
GCV/PFN,Asset Management,0.9257,0.64715,624,,,,,,,,
GCV/NQP,Asset Management,0.8811,0.64721,624,,,,,,,,
GOF/NMZ,Asset Management,0.893,0.64722,624,,,,,,,,
CSQ/GAM,Asset Management,0.9727,0.64723,624,,,,,,,,
CSWC/VLT,Asset Management,0.9318,0.64725,624,,,,,,,,
LGI/PMO,Asset Management,0.8746,0.64727,624,,,,,,,,
FT/VRTS,Asset Management,0.8104,0.6473,624,,,,,,,,
FFA/JRS,Asset Management,0.9149,0.64733,624,,,,,,,,
DNP/NAC,Asset Management,0.8203,0.64734,624,,,,,,,,
CSWC/PDT,Asset Management,0.8598,0.6474,624,,,,,,,,
EWBC/UBSI,Banks - Regional,0.9037,0.64742,624,,,,,,,,
CHY/IGR,Asset Management,0.9196,0.64743,624,,,,,,,,
JHS/STEW,Asset Management,0.8081,0.64745,624,,,,,,,,
IGA/PMO,Asset Management,0.8248,0.64746,624,,,,,,,,
EOS/JPC,Asset Management,0.9108,0.6475,624,,,,,,,,
BX/PFL,Asset Management,0.8513,0.64759,624,,,,,,,,
ACNB/FITB,Banks - Regional,0.8897,0.6476,624,,,,,,,,
DNP/RMT,Asset Management,0.9082,0.64769,624,,,,,,,,
NEA/PFL,Asset Management,0.9237,0.6477,624,,,,,,,,
FFA/NUV,Asset Management,0.8381,0.6477,624,,,,,,,,
CSQ/HIX,Asset Management,0.9064,0.64771,624,,,,,,,,
CHY/MSD,Asset Management,0.8432,0.64772,624,,,,,,,,
ETJ/MCI,Asset Management,0.8826,0.64784,624,,,,,,,,
AFL/MFC,Insurance - Life,0.9534,0.64785,624,,,,,,,,
SMBC/ZIONP,Banks - Regional,0.8838,0.64786,624,,,,,,,,
LEO/TY,Asset Management,0.8152,0.64792,624,,,,,,,,
IQI/TY,Asset Management,0.8892,0.64794,624,,,,,,,,
MCR/PSEC,Asset Management,0.8362,0.64795,624,,,,,,,,
CBU/FCF,Banks - Regional,0.9026,0.64802,624,,,,,,,,
EMB/WOOD,Unknown,0.8231,0.64803,624,,,,,,,,
ASG/JQC,Asset Management,0.8771,0.64806,624,,,,,,,,
JPC/PHK,Asset Management,0.8826,0.64809,624,,,,,,,,
ONEQ/PRFZ,Unknown,0.9698,0.64811,624,,,,,,,,
HTD/JOF,Asset Management,0.8822,0.64813,624,,,,,,,,
CII/HIO,Asset Management,0.9422,0.64814,624,,,,,,,,
MUC/PPT,Asset Management,0.8045,0.64816,624,,,,,,,,
PPBI/VABK,Banks - Regional,0.858,0.64818,624,,,,,,,,
EFSC/ZIONP,Banks - Regional,0.8913,0.64822,624,,,,,,,,
GCV/MUE,Asset Management,0.8346,0.64824,624,,,,,,,,
GDO/PHK,Asset Management,0.8261,0.64833,624,,,,,,,,
MQT/PFL,Asset Management,0.8944,0.64839,624,,,,,,,,
GCV/JPC,Asset Management,0.8925,0.64839,624,,,,,,,,
GJS/VCIT,Unknown,0.8689,0.6484,624,,,,,,,,
IGIB/INDY,Unknown,0.8122,0.64845,624,,,,,,,,
BN/PFG,Asset Management,0.9079,0.64845,624,,,,,,,,
IGIB/PIZ,Unknown,0.9133,0.64847,624,,,,,,,,
ETY/MFIC,Asset Management,0.8816,0.64848,624,,,,,,,,
FMN/UTF,Asset Management,0.8087,0.64853,624,,,,,,,,
NAC/UTF,Asset Management,0.827,0.64855,624,,,,,,,,
FCBC/KEY,Banks - Regional,0.8362,0.64856,624,,,,,,,,
MYN/QQQX,Asset Management,0.8192,0.64858,624,,,,,,,,
EHI/MCI,Asset Management,0.8135,0.64868,624,,,,,,,,
DVY/FYX,Unknown,0.9808,0.6487,624,,,,,,,,
AFB/ETO,Asset Management,0.8343,0.64875,624,,,,,,,,
PIZ/PKW,Unknown,0.9507,0.64882,624,,,,,,,,
GOF/PMM,Asset Management,0.8956,0.64882,624,,,,,,,,
ETJ/JRS,Asset Management,0.8966,0.64884,624,,,,,,,,
DSU/HPF,Asset Management,0.9262,0.64889,624,,,,,,,,
ETJ/FRA,Asset Management,0.9226,0.6489,624,,,,,,,,
PNQI/VMBS,Unknown,0.8745,0.64893,624,,,,,,,,
ETY/PMO,Asset Management,0.8418,0.649,624,,,,,,,,
FFA/NNY,Asset Management,0.8125,0.64902,624,,,,,,,,
BKN/ETG,Asset Management,0.8061,0.64902,624,,,,,,,,
PFM/SWZ,Unknown,0.9685,0.64912,624,,,,,,,,
HFBL/TFSL,Banks - Regional,0.8457,0.64913,624,,,,,,,,
BR/LDOS,Information Technology Services,0.9686,0.64913,624,,,,,,,,
BHK/GAIN,Asset Management,0.8189,0.64914,624,,,,,,,,
CSQ/HPI,Asset Management,0.9103,0.64918,624,,,,,,,,
MUA/TY,Asset Management,0.8763,0.6493,624,,,,,,,,
NXP/TY,Asset Management,0.9486,0.6493,624,,,,,,,,
BKN/GOF,Asset Management,0.8247,0.6493,624,,,,,,,,
DUK/ED,Utilities - Regulated Electric,0.9701,0.64934,624,,,,,,,,
ACNB/CADE,Banks - Regional,0.8977,0.64947,624,,,,,,,,
FFA/NQP,Asset Management,0.8631,0.64951,624,,,,,,,,
FLC/GAM,Asset Management,0.8311,0.64951,624,,,,,,,,
DNP/MUE,Asset Management,0.8144,0.64952,624,,,,,,,,
ETY/FFC,Asset Management,0.8482,0.64953,624,,,,,,,,
NRK/TY,Asset Management,0.8899,0.64958,624,,,,,,,,
DNP/FRA,Asset Management,0.8596,0.64959,624,,,,,,,,
BLK/MFIC,Asset Management,0.835,0.64961,624,,,,,,,,
BHK/BTO,Asset Management,0.8598,0.64963,624,,,,,,,,
CSQ/PMO,Asset Management,0.8608,0.64964,624,,,,,,,,
IGF/SCZ,Unknown,0.9325,0.64964,624,,,,,,,,
MRVL/TSEM,Semiconductors,0.8164,0.64965,624,,,,,,,,
SNV/WABC,Banks - Regional,0.8134,0.64966,624,,,,,,,,
MMT/PFG,Asset Management,0.8505,0.64968,624,,,,,,,,
CSQ/FFC,Asset Management,0.8612,0.64974,624,,,,,,,,
EVN/RMT,Asset Management,0.82,0.64974,624,,,,,,,,
MQT/PFN,Asset Management,0.8965,0.64978,624,,,,,,,,
IGSB/VMBS,Unknown,0.8591,0.64981,624,,,,,,,,
NXP/USA,Asset Management,0.923,0.64985,624,,,,,,,,
EFT/PDT,Asset Management,0.8701,0.6499,624,,,,,,,,
EOS/IQI,Asset Management,0.833,0.64992,624,,,,,,,,
ADX/NRK,Asset Management,0.8281,0.64992,624,,,,,,,,
EMB/FNX,Unknown,0.8058,0.64992,624,,,,,,,,
MIY/PHD,Asset Management,0.83,0.64992,624,,,,,,,,
GCV/HPS,Asset Management,0.9007,0.64993,624,,,,,,,,
MQT/PPT,Asset Management,0.8551,0.64994,624,,,,,,,,
NAN/VLT,Asset Management,0.9019,0.64997,624,,,,,,,,
DNP/ETG,Asset Management,0.9208,0.64999,624,,,,,,,,
GDO/PSEC,Asset Management,0.8131,0.65003,624,,,,,,,,
GOF/NAN,Asset Management,0.8545,0.65004,624,,,,,,,,
MHN/PCN,Asset Management,0.8481,0.65004,624,,,,,,,,
AVGO/QCOM,Semiconductors,0.8337,0.65006,624,,,,,,,,
GCV/NIM,Asset Management,0.8865,0.65018,624,,,,,,,,
ADX/CIF,Asset Management,0.8591,0.65019,624,,,,,,,,
LGI/PFG,Asset Management,0.9194,0.65021,624,,,,,,,,
CXT/IEX,Specialty Industrial Machinery,0.8435,0.65026,624,,,,,,,,
GF/HYT,Asset Management,0.8009,0.65028,624,,,,,,,,
AFB/CHY,Asset Management,0.8135,0.65033,624,,,,,,,,
BFZ/JQC,Asset Management,0.8313,0.65034,624,,,,,,,,
EVR/JEF,Capital Markets,0.9207,0.65035,624,,,,,,,,
EOS/IAE,Asset Management,0.8586,0.65051,624,,,,,,,,
AFB/PTY,Asset Management,0.8543,0.65052,624,,,,,,,,
CSQ/MQT,Asset Management,0.8006,0.65052,624,,,,,,,,
EHI/HPF,Asset Management,0.9447,0.65053,624,,,,,,,,
JHS/SEIC,Asset Management,0.8329,0.65054,624,,,,,,,,
HTD/JHI,Asset Management,0.9135,0.65054,624,,,,,,,,
FFC/RVT,Asset Management,0.8915,0.65056,624,,,,,,,,
STEW/VBF,Asset Management,0.8767,0.6506,624,,,,,,,,
CSQ/NAD,Asset Management,0.8484,0.65065,624,,,,,,,,
BTZ/SCD,Asset Management,0.8689,0.65066,624,,,,,,,,
SYBT/VLY,Banks - Regional,0.8007,0.65067,624,,,,,,,,
GCV/NEA,Asset Management,0.8944,0.65068,624,,,,,,,,
EVT/GUT,Asset Management,0.8229,0.6507,624,,,,,,,,
MSD/VVR,Asset Management,0.8504,0.65076,624,,,,,,,,
MCR/SEIC,Asset Management,0.8914,0.65084,624,,,,,,,,
NRK/PDT,Asset Management,0.9239,0.65084,624,,,,,,,,
NXP/TWN,Asset Management,0.8285,0.65085,624,,,,,,,,
FFC/GCV,Asset Management,0.9196,0.65086,624,,,,,,,,
BX/PCM,Asset Management,0.8047,0.65088,624,,,,,,,,
NMT/NTRS,Asset Management,0.8367,0.65102,624,,,,,,,,
HOMB/UBSI,Banks - Regional,0.9531,0.65103,624,,,,,,,,
CBAN/ZIONP,Banks - Regional,0.8818,0.65104,624,,,,,,,,
FFA/NRK,Asset Management,0.826,0.65104,624,,,,,,,,
HYT/PFG,Asset Management,0.9037,0.65108,624,,,,,,,,
NRK/RCS,Asset Management,0.8144,0.6511,624,,,,,,,,
MUC/VLT,Asset Management,0.8342,0.65114,624,,,,,,,,
BHK/JCE,Asset Management,0.8519,0.65116,624,,,,,,,,
DNP/JQC,Asset Management,0.8948,0.65119,624,,,,,,,,
FSFG/TRST,Banks - Regional,0.8779,0.6512,624,,,,,,,,
FSFG/SYBT,Banks - Regional,0.9104,0.65122,624,,,,,,,,
MUC/PFL,Asset Management,0.8424,0.65122,624,,,,,,,,
BGY/IGA,Asset Management,0.945,0.65124,624,,,,,,,,
NIE/PFG,Asset Management,0.9154,0.65125,624,,,,,,,,
HTD/TY,Asset Management,0.9683,0.6513,624,,,,,,,,
CHY/EMD,Asset Management,0.8146,0.65133,624,,,,,,,,
NZF/RVT,Asset Management,0.879,0.65136,624,,,,,,,,
EOS/SWKH,Asset Management,0.8199,0.65138,624,,,,,,,,
IQI/RVT,Asset Management,0.8385,0.6514,624,,,,,,,,
BLW/PFG,Asset Management,0.9118,0.65142,624,,,,,,,,
CXH/PHD,Asset Management,0.8131,0.65143,624,,,,,,,,
EVN/NIE,Asset Management,0.8161,0.65165,624,,,,,,,,
AIZ/L,Insurance - Property & Casualty,0.8848,0.65169,624,,,,,,,,
ASG/EFT,Asset Management,0.8749,0.65175,624,,,,,,,,
FFA/NXJ,Asset Management,0.8893,0.65177,624,,,,,,,,
GRID/PEY,Unknown,0.9262,0.65182,624,,,,,,,,
CMA/GSBC,Banks - Regional,0.8676,0.65182,624,,,,,,,,
ACLS/AMKR,Semiconductor Equipment & Materials,0.8864,0.65183,624,,,,,,,,
DNP/MUJ,Asset Management,0.876,0.65186,624,,,,,,,,
AMP/BTO,Asset Management,0.8496,0.65192,624,,,,,,,,
CBU/GSBC,Banks - Regional,0.9355,0.65195,624,,,,,,,,
IQI/PCF,Asset Management,0.8744,0.65198,624,,,,,,,,
ABCB/TRST,Banks - Regional,0.9121,0.652,624,,,,,,,,
ASG/BDJ,Asset Management,0.9257,0.65201,624,,,,,,,,
EVN/IGR,Asset Management,0.884,0.65201,624,,,,,,,,
GOF/VPV,Asset Management,0.8667,0.65203,624,,,,,,,,
EOI/PFG,Asset Management,0.9353,0.65207,624,,,,,,,,
PDT/PHD,Asset Management,0.8875,0.65211,624,,,,,,,,
MUJ/PCM,Asset Management,0.9095,0.65214,624,,,,,,,,
BYM/JQC,Asset Management,0.8275,0.65215,624,,,,,,,,
EVN/GOF,Asset Management,0.848,0.65216,624,,,,,,,,
PNQI/QTEC,Unknown,0.9403,0.65219,624,,,,,,,,
CMA/FULT,Banks - Regional,0.8786,0.65221,624,,,,,,,,
IGA/PMM,Asset Management,0.8266,0.65222,624,,,,,,,,
DNP/NAN,Asset Management,0.8494,0.65227,624,,,,,,,,
EOS/NRK,Asset Management,0.8449,0.65229,624,,,,,,,,
KEY/UBSI,Banks - Regional,0.8849,0.65229,624,,,,,,,,
GDO/JQC,Asset Management,0.9033,0.65233,624,,,,,,,,
BHK/PTY,Asset Management,0.9301,0.65237,624,,,,,,,,
PMM/STEW,Asset Management,0.8367,0.6524,624,,,,,,,,
AMP/HIO,Asset Management,0.8727,0.65244,624,,,,,,,,
FEX/SCZ,Unknown,0.9388,0.65249,624,,,,,,,,
EVN/TY,Asset Management,0.8818,0.6525,624,,,,,,,,
NQP/TY,Asset Management,0.9155,0.65253,624,,,,,,,,
GOF/HTD,Asset Management,0.9672,0.65254,624,,,,,,,,
NUV/RMT,Asset Management,0.8504,0.65257,624,,,,,,,,
AFB/TY,Asset Management,0.8595,0.65258,624,,,,,,,,
CSQ/HPF,Asset Management,0.9229,0.65272,624,,,,,,,,
NEA/PTY,Asset Management,0.9031,0.65272,624,,,,,,,,
BX/LGI,Asset Management,0.938,0.65282,624,,,,,,,,
FLEX/OSIS,Electronic Components,0.8832,0.65283,624,,,,,,,,
FOF/NKX,Asset Management,0.8537,0.65286,624,,,,,,,,
BOE/IGR,Asset Management,0.8977,0.65288,624,,,,,,,,
NZF/SEIC,Asset Management,0.855,0.6529,624,,,,,,,,
AEE/ETR,Utilities - Regulated Electric,0.9289,0.65293,624,,,,,,,,
APH/BELFA,Electronic Components,0.8245,0.65296,624,,,,,,,,
CHY/JRS,Asset Management,0.9083,0.65304,624,,,,,,,,
BKT/NTRS,Asset Management,0.8067,0.65305,624,,,,,,,,
EHI/PDT,Asset Management,0.9243,0.65306,624,,,,,,,,
MGF/PCM,Asset Management,0.818,0.65311,624,,,,,,,,
MUA/RVT,Asset Management,0.8167,0.65314,624,,,,,,,,
MUA/PCM,Asset Management,0.8782,0.65316,624,,,,,,,,
NUV/PHD,Asset Management,0.8265,0.65327,624,,,,,,,,
PTH/SCZ,Unknown,0.9294,0.65328,624,,,,,,,,
IMKTA/WMK,Grocery Stores,0.9248,0.65329,624,,,,,,,,
EOI/NKX,Asset Management,0.8047,0.6533,624,,,,,,,,
NAD/PCF,Asset Management,0.8953,0.65337,624,,,,,,,,
AMP/JFR,Asset Management,0.924,0.65338,624,,,,,,,,
IQI/USA,Asset Management,0.8218,0.65338,624,,,,,,,,
FEX/PIZ,Unknown,0.9564,0.6534,624,,,,,,,,
IJT/PRFZ,Unknown,0.9924,0.65347,624,,,,,,,,
GCV/VGM,Asset Management,0.8477,0.65349,624,,,,,,,,
AWP/MSD,Asset Management,0.8865,0.6536,624,,,,,,,,
EOS/PFD,Asset Management,0.8314,0.65361,624,,,,,,,,
JOF/MIY,Asset Management,0.8464,0.65366,624,,,,,,,,
OKE/WMB,Oil & Gas Midstream,0.8651,0.6537,624,,,,,,,,
NUV/USA,Asset Management,0.8505,0.65373,624,,,,,,,,
BGY/PDT,Asset Management,0.8321,0.65373,624,,,,,,,,
ED/NGG,Utilities - Regulated Electric,0.9014,0.65374,624,,,,,,,,
EHI/ETG,Asset Management,0.9298,0.65379,624,,,,,,,,
NPV/PDT,Asset Management,0.8409,0.65379,624,,,,,,,,
CSQ/IAE,Asset Management,0.8679,0.65381,624,,,,,,,,
DDT/EMB,Unknown,0.8013,0.65382,624,,,,,,,,
HTD/TWN,Asset Management,0.8354,0.65392,624,,,,,,,,
MHN/TY,Asset Management,0.8199,0.65397,624,,,,,,,,
ASG/EVG,Asset Management,0.9073,0.65402,624,,,,,,,,
AIZ/HIG,Insurance - Property & Casualty,0.9423,0.65402,624,,,,,,,,
BFZ/JRS,Asset Management,0.8592,0.65403,624,,,,,,,,
PDT/PFG,Asset Management,0.8582,0.65412,624,,,,,,,,
BX/DHF,Asset Management,0.8744,0.65417,624,,,,,,,,
BHK/PCF,Asset Management,0.912,0.65422,624,,,,,,,,
CBU/MTB,Banks - Regional,0.8866,0.65429,624,,,,,,,,
EOS/HPF,Asset Management,0.9291,0.6543,624,,,,,,,,
NMT/PCN,Asset Management,0.8475,0.65431,624,,,,,,,,
FT/JOF,Asset Management,0.8546,0.65431,624,,,,,,,,
BYM/FOF,Asset Management,0.8364,0.65432,624,,,,,,,,
PDT/PIM,Asset Management,0.9312,0.65433,624,,,,,,,,
BHK/FOF,Asset Management,0.8945,0.65449,624,,,,,,,,
MCR/SPE,Asset Management,0.915,0.6545,624,,,,,,,,
QQQ/SWZ,Unknown,0.952,0.65452,624,,,,,,,,
NZF/SPXX,Asset Management,0.8686,0.65454,624,,,,,,,,
CNOB/EFSC,Banks - Regional,0.9027,0.6546,624,,,,,,,,
EOS/VGM,Asset Management,0.812,0.65462,624,,,,,,,,
ADX/VCV,Asset Management,0.81,0.65463,624,,,,,,,,
NVG/RVT,Asset Management,0.8736,0.65465,624,,,,,,,,
NEA/NIE,Asset Management,0.8539,0.65471,624,,,,,,,,
BGY/EVT,Asset Management,0.9392,0.65472,624,,,,,,,,
MQT/TY,Asset Management,0.8769,0.65478,624,,,,,,,,
GOF/NNY,Asset Management,0.8591,0.65479,624,,,,,,,,
DNP/FUND,Asset Management,0.9144,0.6548,624,,,,,,,,
MQT/PHD,Asset Management,0.8004,0.65481,624,,,,,,,,
EVT/GDV,Asset Management,0.987,0.65486,624,,,,,,,,
EVN/SPXX,Asset Management,0.8219,0.6549,624,,,,,,,,
BX/HPF,Asset Management,0.8317,0.6549,624,,,,,,,,
GCV/WEA,Asset Management,0.9036,0.65494,624,,,,,,,,
EW/ZBH,Medical Devices,0.8155,0.65499,624,,,,,,,,
CII/NKX,Asset Management,0.8052,0.65507,624,,,,,,,,
LEO/PFN,Asset Management,0.8547,0.65513,624,,,,,,,,
BANF/TOWN,Banks - Regional,0.8917,0.65515,624,,,,,,,,
MYN/PFN,Asset Management,0.8682,0.65517,624,,,,,,,,
BND/PEZ,Unknown,0.8136,0.65523,624,,,,,,,,
DNP/SBI,Asset Management,0.8141,0.6553,624,,,,,,,,
NRK/SOR,Asset Management,0.8314,0.65531,624,,,,,,,,
MUJ/SOR,Asset Management,0.8516,0.65533,624,,,,,,,,
EMB/GJS,Unknown,0.8103,0.65537,624,,,,,,,,
IQI/NFJ,Asset Management,0.8115,0.65543,624,,,,,,,,
GOF/MYI,Asset Management,0.8583,0.65546,624,,,,,,,,
NIE/NIM,Asset Management,0.868,0.65546,624,,,,,,,,
EHI/HPI,Asset Management,0.9422,0.65547,624,,,,,,,,
CHW/FRA,Asset Management,0.8713,0.65548,624,,,,,,,,
NAC/PFL,Asset Management,0.8646,0.65549,624,,,,,,,,
CSQ/NRK,Asset Management,0.8303,0.65563,624,,,,,,,,
GJS/USIG,Unknown,0.8482,0.65564,624,,,,,,,,
AB/EHI,Asset Management,0.879,0.65565,624,,,,,,,,
EVN/FOF,Asset Management,0.839,0.65569,624,,,,,,,,
NEA/SOR,Asset Management,0.8402,0.65569,624,,,,,,,,
ABCB/BPOP,Banks - Regional,0.8538,0.65572,624,,,,,,,,
BANF/OFG,Banks - Regional,0.9134,0.65573,624,,,,,,,,
MPWR/UMC,Semiconductors,0.9198,0.65574,624,,,,,,,,
ONEQ/PID,Unknown,0.9206,0.65577,624,,,,,,,,
DNP/VGM,Asset Management,0.8291,0.65582,624,,,,,,,,
ADX/SPE,Asset Management,0.9846,0.65583,624,,,,,,,,
ATO/BKH,Utilities - Regulated Gas,0.8984,0.65584,624,,,,,,,,
ADX/PSEC,Asset Management,0.8254,0.65591,624,,,,,,,,
BHK/CII,Asset Management,0.8522,0.65592,624,,,,,,,,
QQEW/WOOD,Unknown,0.9425,0.65592,624,,,,,,,,
GLP/SBR,Oil & Gas Midstream,0.8888,0.65593,624,,,,,,,,
MHN/VLT,Asset Management,0.8373,0.65595,624,,,,,,,,
AFB/UTF,Asset Management,0.843,0.65595,624,,,,,,,,
NIE/PMM,Asset Management,0.8662,0.65597,624,,,,,,,,
CSQ/NEA,Asset Management,0.8454,0.65598,624,,,,,,,,
CSQ/RQI,Asset Management,0.9578,0.65602,624,,,,,,,,
CHW/HPF,Asset Management,0.9385,0.65602,624,,,,,,,,
DTE/ED,Utilities - Regulated Electric,0.9701,0.65604,624,,,,,,,,
CII/IGR,Asset Management,0.8825,0.65607,624,,,,,,,,
ADX/SPXX,Asset Management,0.9687,0.65611,624,,,,,,,,
BND/WOOD,Unknown,0.8,0.65615,624,,,,,,,,
CHI/DNP,Asset Management,0.8988,0.65618,624,,,,,,,,
GOF/VMO,Asset Management,0.8206,0.65619,624,,,,,,,,
FLC/JFR,Asset Management,0.8493,0.65619,624,,,,,,,,
BTZ/GRX,Asset Management,0.9647,0.65619,624,,,,,,,,
FT/HPI,Asset Management,0.9484,0.6562,624,,,,,,,,
EEA/IGA,Asset Management,0.9384,0.65622,624,,,,,,,,
BTZ/EVF,Asset Management,0.9043,0.65625,624,,,,,,,,
NAD/PFL,Asset Management,0.9268,0.65628,624,,,,,,,,
PDT/PHK,Asset Management,0.8608,0.65628,624,,,,,,,,
MUJ/NIE,Asset Management,0.8459,0.65632,624,,,,,,,,
CHW/MCI,Asset Management,0.808,0.65633,624,,,,,,,,
PFD/RVT,Asset Management,0.8512,0.65634,624,,,,,,,,
ADX/MIN,Asset Management,0.9037,0.65639,624,,,,,,,,
FTC/IGF,Unknown,0.9546,0.65645,624,,,,,,,,
ASG/EFR,Asset Management,0.8837,0.65653,624,,,,,,,,
IUSV/PIO,Unknown,0.9689,0.65655,624,,,,,,,,
NZF/PHD,Asset Management,0.8464,0.65656,624,,,,,,,,
OPBK/PPBI,Banks - Regional,0.8197,0.65657,624,,,,,,,,
STEW/VPV,Asset Management,0.8132,0.65669,624,,,,,,,,
GCV/VKQ,Asset Management,0.855,0.65676,624,,,,,,,,
ADX/NAN,Asset Management,0.8187,0.65681,624,,,,,,,,
BYM/SPXX,Asset Management,0.8149,0.65682,624,,,,,,,,
CSQ/MFIC,Asset Management,0.8646,0.65686,624,,,,,,,,
MPA/PCM,Asset Management,0.8992,0.65687,624,,,,,,,,
NAZ/PCF,Asset Management,0.8089,0.6569,624,,,,,,,,
CSQ/FHI,Asset Management,0.9223,0.65699,624,,,,,,,,
FMN/HTD,Asset Management,0.8271,0.65708,624,,,,,,,,
NAC/PCF,Asset Management,0.8186,0.65711,624,,,,,,,,
GCV/JRS,Asset Management,0.9001,0.65714,624,,,,,,,,
CHY/OCSL,Asset Management,0.8314,0.65725,624,,,,,,,,
VCIT/WOOD,Unknown,0.8652,0.65727,624,,,,,,,,
EOI/HTD,Asset Management,0.9349,0.65733,624,,,,,,,,
CSWC/TSI,Asset Management,0.8954,0.65734,624,,,,,,,,
BX/WIW,Asset Management,0.848,0.65735,624,,,,,,,,
CII/IAE,Asset Management,0.8378,0.65738,624,,,,,,,,
PEY/WOOD,Unknown,0.9471,0.65741,624,,,,,,,,
BCML/LCNB,Banks - Regional,0.8104,0.65746,624,,,,,,,,
GOF/VGM,Asset Management,0.8375,0.65747,624,,,,,,,,
ETV/IGA,Asset Management,0.9644,0.65761,624,,,,,,,,
ASG/RQI,Asset Management,0.9329,0.65766,624,,,,,,,,
FDX/HUBG,Integrated Freight & Logistics,0.8108,0.65772,624,,,,,,,,
PEY/PIZ,Unknown,0.9145,0.65773,624,,,,,,,,
EVN/JQC,Asset Management,0.8372,0.65778,624,,,,,,,,
IEUS/PEY,Unknown,0.9272,0.65779,624,,,,,,,,
ADX/PAI,Asset Management,0.8413,0.65783,624,,,,,,,,
FTCS/PIE,Unknown,0.81,0.6579,624,,,,,,,,
BPOP/UBSI,Banks - Regional,0.8254,0.65792,624,,,,,,,,
ACNB/FMBH,Banks - Regional,0.8729,0.65797,624,,,,,,,,
MYN/PPT,Asset Management,0.8308,0.65802,624,,,,,,,,
ADX/NCA,Asset Management,0.8018,0.65803,624,,,,,,,,
FAD/PYZ,Unknown,0.9578,0.65804,624,,,,,,,,
DNP/JFR,Asset Management,0.8782,0.65806,624,,,,,,,,
DNP/VVR,Asset Management,0.8548,0.65809,624,,,,,,,,
NAN/QQQX,Asset Management,0.8643,0.6581,624,,,,,,,,
BTZ/UTF,Asset Management,0.9612,0.65813,624,,,,,,,,
MCR/PFG,Asset Management,0.8463,0.65817,624,,,,,,,,
ADX/MCN,Asset Management,0.9463,0.65824,624,,,,,,,,
DDT/USIG,Unknown,0.8457,0.6584,624,,,,,,,,
NIE/PMO,Asset Management,0.8677,0.65845,624,,,,,,,,
MQY/PTY,Asset Management,0.8654,0.65852,624,,,,,,,,
FFA/NAD,Asset Management,0.8465,0.65863,624,,,,,,,,
NXJ/STK,Asset Management,0.8537,0.65864,624,,,,,,,,
MIY/PTY,Asset Management,0.8938,0.65865,624,,,,,,,,
ATRC/HOLX,Medical Instruments & Supplies,0.8201,0.65868,624,,,,,,,,
IGIB/PRN,Unknown,0.8603,0.65872,624,,,,,,,,
MQY/NIE,Asset Management,0.812,0.65873,624,,,,,,,,
NQP/RCS,Asset Management,0.8144,0.65873,624,,,,,,,,
EEA/RQI,Asset Management,0.9235,0.65879,624,,,,,,,,
NAD/PTY,Asset Management,0.9032,0.65882,624,,,,,,,,
NUV/SPXX,Asset Management,0.8473,0.65882,624,,,,,,,,
CSQ/NMZ,Asset Management,0.8513,0.65883,624,,,,,,,,
NXJ/TY,Asset Management,0.9372,0.65885,624,,,,,,,,
FFC/LGI,Asset Management,0.8773,0.65886,624,,,,,,,,
EOS/PFG,Asset Management,0.9063,0.65892,624,,,,,,,,
CHW/HPI,Asset Management,0.9312,0.65897,624,,,,,,,,
MHN/PFL,Asset Management,0.8445,0.659,624,,,,,,,,
APH/JBL,Electronic Components,0.9429,0.65901,624,,,,,,,,
ETW/GF,Asset Management,0.8374,0.65906,624,,,,,,,,
EHI/JCE,Asset Management,0.9012,0.65909,624,,,,,,,,
FCBC/UBSI,Banks - Regional,0.891,0.65937,624,,,,,,,,
EEA/FT,Asset Management,0.9395,0.65937,624,,,,,,,,
BX/MFIC,Asset Management,0.8854,0.65938,624,,,,,,,,
MPA/SPE,Asset Management,0.8118,0.65941,624,,,,,,,,
CASH/UBSI,Banks - Regional,0.855,0.65948,624,,,,,,,,
GCV/VPV,Asset Management,0.8562,0.65949,624,,,,,,,,
BX/EFT,Asset Management,0.9335,0.65949,624,,,,,,,,
GCV/NAC,Asset Management,0.8189,0.6595,624,,,,,,,,
GDO/SEIC,Asset Management,0.8773,0.65952,624,,,,,,,,
MCR/VVR,Asset Management,0.8648,0.65954,624,,,,,,,,
BX/PDT,Asset Management,0.8006,0.65958,624,,,,,,,,
BTA/IGD,Asset Management,0.8138,0.65959,624,,,,,,,,
FFA/NEA,Asset Management,0.8398,0.65967,624,,,,,,,,
GCV/NXN,Asset Management,0.8596,0.65967,624,,,,,,,,
NXJ/RVT,Asset Management,0.9004,0.65968,624,,,,,,,,
NIE/RNP,Asset Management,0.9731,0.65968,624,,,,,,,,
EOI/MFIC,Asset Management,0.8836,0.6597,624,,,,,,,,
BLK/OCSL,Asset Management,0.8044,0.65972,624,,,,,,,,
GCV/HIX,Asset Management,0.927,0.65975,624,,,,,,,,
VGSH/WOOD,Unknown,0.8369,0.65976,624,,,,,,,,
BTZ/HTGC,Asset Management,0.8519,0.65978,624,,,,,,,,
BTZ/GAM,Asset Management,0.8961,0.65994,624,,,,,,,,
FTCS/IGF,Unknown,0.9678,0.66004,624,,,,,,,,
FFA/MIN,Asset Management,0.8969,0.66008,624,,,,,,,,
MIN/VVR,Asset Management,0.8211,0.66017,624,,,,,,,,
MQY/RVT,Asset Management,0.8225,0.6602,624,,,,,,,,
AMD/RMBS,Semiconductors,0.8275,0.66034,624,,,,,,,,
MQY/SPXX,Asset Management,0.8033,0.66035,624,,,,,,,,
BX/JHI,Asset Management,0.8522,0.6604,624,,,,,,,,
DDT/SCZ,Unknown,0.9133,0.66041,624,,,,,,,,
GOF/NZF,Asset Management,0.8931,0.66042,624,,,,,,,,
NRK/PCF,Asset Management,0.877,0.66052,624,,,,,,,,
NRK/PTY,Asset Management,0.8962,0.66054,624,,,,,,,,
NKX/PFN,Asset Management,0.9085,0.66055,624,,,,,,,,
NQP/PCF,Asset Management,0.8999,0.66055,624,,,,,,,,
JEQ/JQC,Asset Management,0.8861,0.66059,624,,,,,,,,
FLEX/JBL,Electronic Components,0.9327,0.66059,624,,,,,,,,
NIE/NNY,Asset Management,0.8194,0.66061,624,,,,,,,,
DDT/IEUS,Unknown,0.9016,0.66064,624,,,,,,,,
CSQ/JPC,Asset Management,0.896,0.66064,624,,,,,,,,
FTC/PIZ,Unknown,0.9657,0.66065,624,,,,,,,,
JOF/MUJ,Asset Management,0.8438,0.6607,624,,,,,,,,
MIY/SPXX,Asset Management,0.8497,0.66073,624,,,,,,,,
MQY/RMT,Asset Management,0.813,0.6608,624,,,,,,,,
GOF/VBF,Asset Management,0.9231,0.6608,624,,,,,,,,
RNST/STBA,Banks - Regional,0.8935,0.66081,624,,,,,,,,
BLW/IGA,Asset Management,0.962,0.66085,624,,,,,,,,
BTZ/IGR,Asset Management,0.9226,0.66088,624,,,,,,,,
CXH/GOF,Asset Management,0.8406,0.66091,624,,,,,,,,
BXMT/NLY,REIT - Mortgage,0.8103,0.66096,624,,,,,,,,
GCV/NXJ,Asset Management,0.8946,0.66097,624,,,,,,,,
IGIB/PIO,Unknown,0.9119,0.66098,624,,,,,,,,
ASG/GUT,Asset Management,0.8592,0.66099,624,,,,,,,,
SHY/WOOD,Unknown,0.8298,0.661,624,,,,,,,,
RNST/UBSI,Banks - Regional,0.9053,0.66102,624,,,,,,,,
CXH/FCT,Asset Management,0.8194,0.66106,624,,,,,,,,
AFL/MET,Insurance - Life,0.9564,0.66106,624,,,,,,,,
GOF/MFM,Asset Management,0.8365,0.66107,624,,,,,,,,
EOS/FRA,Asset Management,0.956,0.6611,624,,,,,,,,
LEO/VLT,Asset Management,0.8293,0.66111,624,,,,,,,,
FFC/NFJ,Asset Management,0.8682,0.66124,624,,,,,,,,
NIE/PSEC,Asset Management,0.859,0.6613,624,,,,,,,,
ONEQ/USIG,Unknown,0.863,0.66136,624,,,,,,,,
NIE/NQP,Asset Management,0.8703,0.66136,624,,,,,,,,
JOF/JQC,Asset Management,0.8538,0.66138,624,,,,,,,,
NEA/TY,Asset Management,0.9031,0.66153,624,,,,,,,,
PNFP/UBSI,Banks - Regional,0.9375,0.66156,624,,,,,,,,
GCV/VCV,Asset Management,0.831,0.66157,624,,,,,,,,
NMZ/SPXX,Asset Management,0.871,0.66166,624,,,,,,,,
MYI/SEIC,Asset Management,0.853,0.66174,624,,,,,,,,
IGA/JHI,Asset Management,0.8867,0.66177,624,,,,,,,,
BYM/GDL,Asset Management,0.841,0.6619,624,,,,,,,,
GOF/MIN,Asset Management,0.9106,0.66199,624,,,,,,,,
GCV/PFD,Asset Management,0.9053,0.66201,624,,,,,,,,
BTA/IGA,Asset Management,0.8467,0.66202,624,,,,,,,,
CSWC/FT,Asset Management,0.9488,0.66212,624,,,,,,,,
AX/UBSI,Banks - Regional,0.8964,0.66217,624,,,,,,,,
PPBI/TRST,Banks - Regional,0.906,0.6622,624,,,,,,,,
BX/OCSL,Asset Management,0.8806,0.6622,624,,,,,,,,
GOF/NVG,Asset Management,0.8855,0.66222,624,,,,,,,,
BYM/EXG,Asset Management,0.8313,0.66222,624,,,,,,,,
FFA/IGD,Asset Management,0.9564,0.66224,624,,,,,,,,
EOS/NMZ,Asset Management,0.8669,0.66225,624,,,,,,,,
IQI/SPXX,Asset Management,0.8291,0.66226,624,,,,,,,,
NQP/STK,Asset Management,0.8248,0.6623,624,,,,,,,,
BX/VVR,Asset Management,0.9374,0.66237,624,,,,,,,,
GOF/NXP,Asset Management,0.935,0.6624,624,,,,,,,,
MUE/UTF,Asset Management,0.8311,0.66241,624,,,,,,,,
GAIN/PMO,Asset Management,0.8202,0.66242,624,,,,,,,,
NAN/UTF,Asset Management,0.8695,0.66242,624,,,,,,,,
MUA/RMT,Asset Management,0.8017,0.66244,624,,,,,,,,
NMZ/PCM,Asset Management,0.9204,0.66244,624,,,,,,,,
EHI/EVT,Asset Management,0.9332,0.66252,624,,,,,,,,
MUJ/RVT,Asset Management,0.8669,0.66259,624,,,,,,,,
MQT/NFJ,Asset Management,0.8093,0.66261,624,,,,,,,,
ETJ/IGR,Asset Management,0.8969,0.66261,624,,,,,,,,
MYI/SPXX,Asset Management,0.8343,0.66262,624,,,,,,,,
RTH/USIG,Unknown,0.8758,0.66263,624,,,,,,,,
NAD/NIE,Asset Management,0.8562,0.66269,624,,,,,,,,
NAD/NFJ,Asset Management,0.8474,0.66274,624,,,,,,,,
CSQ/PDT,Asset Management,0.8994,0.66277,624,,,,,,,,
ADX/GAB,Asset Management,0.9515,0.66277,624,,,,,,,,
FFA/NAN,Asset Management,0.8141,0.66282,624,,,,,,,,
ETY/IAE,Asset Management,0.8419,0.66295,624,,,,,,,,
FMBH/UBSI,Banks - Regional,0.8594,0.66295,624,,,,,,,,
CSQ/JRS,Asset Management,0.905,0.66297,624,,,,,,,,
AMP/VLT,Asset Management,0.8803,0.66299,624,,,,,,,,
IGSB/SWZ,Unknown,0.9454,0.663,624,,,,,,,,
FTCS/PIZ,Unknown,0.949,0.66301,624,,,,,,,,
ETW/HTD,Asset Management,0.9614,0.66308,624,,,,,,,,
NIE/NUV,Asset Management,0.8523,0.66315,624,,,,,,,,
PIPR/SNEX,Capital Markets,0.9487,0.66318,624,,,,,,,,
DLR/PCH,REIT - Specialty,0.8696,0.66328,624,,,,,,,,
NVG/SPXX,Asset Management,0.8584,0.66332,624,,,,,,,,
EFSC/HDB,Banks - Regional,0.9106,0.66334,624,,,,,,,,
NXJ/PHD,Asset Management,0.8823,0.66338,624,,,,,,,,
EVR/SNEX,Capital Markets,0.9267,0.66339,624,,,,,,,,
GCV/IQI,Asset Management,0.8612,0.66343,624,,,,,,,,
FFA/HPF,Asset Management,0.929,0.66343,624,,,,,,,,
DNP/MPA,Asset Management,0.8571,0.66354,624,,,,,,,,
GCV/MQY,Asset Management,0.8459,0.66359,624,,,,,,,,
PSL/USIG,Unknown,0.9092,0.66365,624,,,,,,,,
NQP/NTRS,Asset Management,0.876,0.66367,624,,,,,,,,
CMG/DRI,Restaurants,0.8916,0.6637,624,,,,,,,,
BYM/GDV,Asset Management,0.845,0.6637,624,,,,,,,,
ETY/IGR,Asset Management,0.8801,0.66375,624,,,,,,,,
BYM/GOF,Asset Management,0.8459,0.66386,624,,,,,,,,
EEA/PDT,Asset Management,0.8738,0.66386,624,,,,,,,,
FLC/RVT,Asset Management,0.9064,0.66388,624,,,,,,,,
BKT/PCN,Asset Management,0.8499,0.66389,624,,,,,,,,
MPA/SEIC,Asset Management,0.8283,0.66393,624,,,,,,,,
EHI/SPXX,Asset Management,0.9138,0.66395,624,,,,,,,,
GOF/SBI,Asset Management,0.8198,0.66401,624,,,,,,,,
NMT/UTF,Asset Management,0.8013,0.66407,624,,,,,,,,
BTZ/EFR,Asset Management,0.9031,0.66408,624,,,,,,,,
BTZ/EFT,Asset Management,0.9002,0.66415,624,,,,,,,,
CSQ/MQY,Asset Management,0.8012,0.6642,624,,,,,,,,
MQY/TY,Asset Management,0.8739,0.66425,624,,,,,,,,
BTZ/SAR,Asset Management,0.8985,0.66426,624,,,,,,,,
NXJ/SEIC,Asset Management,0.8558,0.66426,624,,,,,,,,
EOS/NAN,Asset Management,0.8328,0.66426,624,,,,,,,,
HYT/IGA,Asset Management,0.9555,0.66432,624,,,,,,,,
ARI/NLY,REIT - Mortgage,0.8378,0.66434,624,,,,,,,,
GCV/LEO,Asset Management,0.8124,0.6644,624,,,,,,,,
EVN/PCM,Asset Management,0.8758,0.66441,624,,,,,,,,
MIY/RMT,Asset Management,0.8459,0.66444,624,,,,,,,,
MASI/STE,Medical Devices,0.8333,0.66453,624,,,,,,,,
BHK/FFA,Asset Management,0.8689,0.66456,624,,,,,,,,
ETG/HTD,Asset Management,0.9505,0.66457,624,,,,,,,,
ADX/MQY,Asset Management,0.8025,0.66461,624,,,,,,,,
FFC/USA,Asset Management,0.8695,0.66461,624,,,,,,,,
MUC/PTY,Asset Management,0.8071,0.66466,624,,,,,,,,
MIY/PPT,Asset Management,0.8811,0.6647,624,,,,,,,,
AFB/JQC,Asset Management,0.8132,0.66475,624,,,,,,,,
IMCV/PIZ,Unknown,0.9384,0.66478,624,,,,,,,,
FFIN/MTB,Banks - Regional,0.8469,0.66478,624,,,,,,,,
OPBK/WSBF,Banks - Regional,0.8802,0.6648,624,,,,,,,,
FLC/FRA,Asset Management,0.8001,0.6648,624,,,,,,,,
MQY/PHD,Asset Management,0.8102,0.6648,624,,,,,,,,
FLC/NFJ,Asset Management,0.8822,0.66483,624,,,,,,,,
NXP/RMT,Asset Management,0.9104,0.66488,624,,,,,,,,
AX/GSBC,Banks - Regional,0.9097,0.6649,624,,,,,,,,
MTZ/MYRG,Engineering & Construction,0.8818,0.66493,624,,,,,,,,
NXP/PHD,Asset Management,0.89,0.66501,624,,,,,,,,
FTC/IUSV,Unknown,0.9843,0.66506,624,,,,,,,,
PFO/PHK,Asset Management,0.8342,0.66508,624,,,,,,,,
MQY/NFJ,Asset Management,0.8076,0.66509,624,,,,,,,,
EHI/FRA,Asset Management,0.865,0.6651,624,,,,,,,,
NAD/TY,Asset Management,0.9118,0.66517,624,,,,,,,,
BKN/EXG,Asset Management,0.8126,0.66518,624,,,,,,,,
GCV/JFR,Asset Management,0.8233,0.66524,624,,,,,,,,
AFB/AWF,Asset Management,0.8408,0.66528,624,,,,,,,,
EOS/MQY,Asset Management,0.8168,0.66529,624,,,,,,,,
PHO/PTH,Unknown,0.8993,0.6653,624,,,,,,,,
SHBI/TFSL,Banks - Regional,0.8062,0.66535,624,,,,,,,,
AOS/CXT,Specialty Industrial Machinery,0.8818,0.66536,624,,,,,,,,
BX/VLT,Asset Management,0.8878,0.66541,624,,,,,,,,
PMO/SPE,Asset Management,0.8264,0.66542,624,,,,,,,,
CMA/NBTB,Banks - Regional,0.8416,0.66543,624,,,,,,,,
NIE/VPV,Asset Management,0.8396,0.66551,624,,,,,,,,
NQP/RVT,Asset Management,0.8754,0.66557,624,,,,,,,,
QCRH/TRST,Banks - Regional,0.8421,0.66578,624,,,,,,,,
BLK/IGR,Asset Management,0.8958,0.66581,624,,,,,,,,
NRK/RVT,Asset Management,0.8443,0.66582,624,,,,,,,,
NQP/PFL,Asset Management,0.9286,0.66585,624,,,,,,,,
BTZ/EEA,Asset Management,0.9253,0.66589,624,,,,,,,,
EOI/JRS,Asset Management,0.8963,0.66596,624,,,,,,,,
COKE/MNST,Beverages - Non-Alcoholic,0.8095,0.66596,624,,,,,,,,
ADX/AWP,Asset Management,0.8775,0.66596,624,,,,,,,,
AMP/EVT,Asset Management,0.9143,0.66603,624,,,,,,,,
NAC/PTY,Asset Management,0.8321,0.66605,624,,,,,,,,
EQIX/WY,REIT - Specialty,0.8318,0.66611,624,,,,,,,,
IUSV/WOOD,Unknown,0.9267,0.66612,624,,,,,,,,
MYD/PHK,Asset Management,0.8002,0.66612,624,,,,,,,,
BYM/NFJ,Asset Management,0.8109,0.66617,624,,,,,,,,
MCR/STEW,Asset Management,0.9258,0.6662,624,,,,,,,,
NUV/RVT,Asset Management,0.8593,0.66622,624,,,,,,,,
CXT/RRX,Specialty Industrial Machinery,0.877,0.66626,624,,,,,,,,
ADX/NNY,Asset Management,0.8109,0.66631,624,,,,,,,,
FIX/MTZ,Engineering & Construction,0.8257,0.66632,624,,,,,,,,
FTCS/WOOD,Unknown,0.9466,0.66633,624,,,,,,,,
NKX/RCS,Asset Management,0.8183,0.66642,624,,,,,,,,
FFA/PMO,Asset Management,0.858,0.66658,624,,,,,,,,
MYN/PCF,Asset Management,0.8223,0.66659,624,,,,,,,,
CII/HPI,Asset Management,0.9061,0.66668,624,,,,,,,,
ETY/HTD,Asset Management,0.9434,0.6667,624,,,,,,,,
BKH/NJR,Utilities - Regulated Gas,0.906,0.66674,624,,,,,,,,
NVG/SPE,Asset Management,0.825,0.66675,624,,,,,,,,
NUV/SEIC,Asset Management,0.8473,0.66678,624,,,,,,,,
BHK/NFJ,Asset Management,0.872,0.66685,624,,,,,,,,
NXJ/QQQX,Asset Management,0.924,0.66687,624,,,,,,,,
BHK/JQC,Asset Management,0.871,0.66689,624,,,,,,,,
NAN/NTRS,Asset Management,0.8705,0.66707,624,,,,,,,,
EVN/JCE,Asset Management,0.8064,0.66707,624,,,,,,,,
BTZ/PML,Asset Management,0.8402,0.66721,624,,,,,,,,
PDP/PYZ,Unknown,0.9418,0.66724,624,,,,,,,,
FTC/WOOD,Unknown,0.9356,0.66725,624,,,,,,,,
PFD/RMT,Asset Management,0.8372,0.66727,624,,,,,,,,
IQI/JQC,Asset Management,0.8396,0.66738,624,,,,,,,,
CSWC/FUND,Asset Management,0.9577,0.66746,624,,,,,,,,
NAD/SOR,Asset Management,0.857,0.66746,624,,,,,,,,
CHY/HTD,Asset Management,0.9174,0.66746,624,,,,,,,,
LGI/PFD,Asset Management,0.8382,0.6675,624,,,,,,,,
BX/IGR,Asset Management,0.8347,0.6675,624,,,,,,,,
FLC/LGI,Asset Management,0.8939,0.66753,624,,,,,,,,
USIG/WOOD,Unknown,0.8577,0.66761,624,,,,,,,,
BKT/PFL,Asset Management,0.8443,0.66763,624,,,,,,,,
APH/BHE,Electronic Components,0.8658,0.66764,624,,,,,,,,
PKW/SCZ,Unknown,0.9249,0.66767,624,,,,,,,,
FTC/IEUS,Unknown,0.93,0.66775,624,,,,,,,,
IEUS/PID,Unknown,0.8691,0.66776,624,,,,,,,,
JPM/UBS,Banks - Diversified,0.8282,0.6679,624,,,,,,,,
BKT/JLS,Asset Management,0.8178,0.66791,624,,,,,,,,
CASH/HDB,Banks - Regional,0.8741,0.66795,624,,,,,,,,
NXP/SAR,Asset Management,0.892,0.66798,624,,,,,,,,
SMH/WOOD,Unknown,0.8436,0.66802,624,,,,,,,,
CSQ/IGD,Asset Management,0.9454,0.66804,624,,,,,,,,
BNY/PDT,Asset Management,0.8058,0.66809,624,,,,,,,,
ASG/AWF,Asset Management,0.9043,0.66813,624,,,,,,,,
NXP/UTF,Asset Management,0.9427,0.6682,624,,,,,,,,
JOF/RNP,Asset Management,0.8673,0.6682,624,,,,,,,,
CASH/STBA,Banks - Regional,0.8329,0.6683,624,,,,,,,,
BHK/LGI,Asset Management,0.889,0.66832,624,,,,,,,,
MIN/STEW,Asset Management,0.871,0.66832,624,,,,,,,,
BLDR/JCI,Building Products & Equipment,0.838,0.66848,624,,,,,,,,
GOF/PMO,Asset Management,0.8967,0.6686,624,,,,,,,,
NKX/RVT,Asset Management,0.8392,0.66863,624,,,,,,,,
DNP/TROW,Asset Management,0.8334,0.66876,624,,,,,,,,
NXJ/USA,Asset Management,0.8969,0.6688,624,,,,,,,,
CII/HIX,Asset Management,0.8836,0.66881,624,,,,,,,,
EOI/IGR,Asset Management,0.8719,0.66885,624,,,,,,,,
BTZ/HPF,Asset Management,0.9587,0.66896,624,,,,,,,,
FFC/SAR,Asset Management,0.833,0.66896,624,,,,,,,,
AFB/RVT,Asset Management,0.8092,0.66897,624,,,,,,,,
FFA/PDT,Asset Management,0.9065,0.66902,624,,,,,,,,
ADX/BTO,Asset Management,0.9041,0.66903,624,,,,,,,,
BKN/GDL,Asset Management,0.8043,0.66908,624,,,,,,,,
ETY/NKX,Asset Management,0.8134,0.66914,624,,,,,,,,
IQI/PHD,Asset Management,0.8194,0.66915,624,,,,,,,,
BTZ/PHK,Asset Management,0.8225,0.66915,624,,,,,,,,
ASG/VVR,Asset Management,0.8293,0.66917,624,,,,,,,,
DPZ/SBUX,Restaurants,0.9359,0.66927,624,,,,,,,,
MIY/SPE,Asset Management,0.8151,0.66934,624,,,,,,,,
HIO/IGA,Asset Management,0.932,0.6695,624,,,,,,,,
JLS/PFG,Asset Management,0.8255,0.66954,624,,,,,,,,
HTD/TROW,Asset Management,0.8373,0.66959,624,,,,,,,,
FFC/GAM,Asset Management,0.8181,0.6696,624,,,,,,,,
ETY/JRS,Asset Management,0.9052,0.66962,624,,,,,,,,
NEA/PCF,Asset Management,0.8911,0.66964,624,,,,,,,,
BTZ/STEW,Asset Management,0.9172,0.66964,624,,,,,,,,
DNP/FCT,Asset Management,0.8966,0.66966,624,,,,,,,,
EEA/HTD,Asset Management,0.9034,0.66971,624,,,,,,,,
GCV/NXP,Asset Management,0.8946,0.6698,624,,,,,,,,
NAN/PCF,Asset Management,0.867,0.66985,624,,,,,,,,
FFC/IGD,Asset Management,0.8132,0.6699,624,,,,,,,,
JEQ/PDT,Asset Management,0.9096,0.67008,624,,,,,,,,
BXMX/HIX,Asset Management,0.8886,0.67017,624,,,,,,,,
IQI/RMT,Asset Management,0.8242,0.67018,624,,,,,,,,
ABCB/GSBC,Banks - Regional,0.9453,0.67023,624,,,,,,,,
FFA/HPI,Asset Management,0.9158,0.67035,624,,,,,,,,
ADBE/MITK,Software - Application,0.8166,0.67052,624,,,,,,,,
FFA/MFIC,Asset Management,0.8745,0.67052,624,,,,,,,,
EVN/GDV,Asset Management,0.8539,0.67052,624,,,,,,,,
HTD/WIW,Asset Management,0.8653,0.67054,624,,,,,,,,
EWBC/FHN,Banks - Regional,0.8789,0.67056,624,,,,,,,,
IGIB/WOOD,Unknown,0.866,0.67076,624,,,,,,,,
ACNB/RF,Banks - Regional,0.9167,0.67082,624,,,,,,,,
JEQ/JFR,Asset Management,0.87,0.67089,624,,,,,,,,
ASG/RNP,Asset Management,0.9428,0.67091,624,,,,,,,,
GCV/NAN,Asset Management,0.8418,0.671,624,,,,,,,,
EEA/SCD,Asset Management,0.9165,0.67122,624,,,,,,,,
MYN/NTRS,Asset Management,0.8392,0.67128,624,,,,,,,,
SYBT/UBFO,Banks - Regional,0.8324,0.67142,624,,,,,,,,
CSWC/HPI,Asset Management,0.8785,0.67143,624,,,,,,,,
BTZ/JFR,Asset Management,0.8946,0.67153,624,,,,,,,,
GCV/JMM,Asset Management,0.9052,0.67161,624,,,,,,,,
DNP/GCV,Asset Management,0.909,0.67168,624,,,,,,,,
PMO/STEW,Asset Management,0.8387,0.67174,624,,,,,,,,
MSD/PDT,Asset Management,0.8866,0.67177,624,,,,,,,,
CNOB/HOMB,Banks - Regional,0.8909,0.67181,624,,,,,,,,
GOF/NXJ,Asset Management,0.9162,0.67182,624,,,,,,,,
AMP/DNP,Asset Management,0.8278,0.67184,624,,,,,,,,
DVY/SWZ,Unknown,0.959,0.67185,624,,,,,,,,
CHI/PDT,Asset Management,0.8922,0.67187,624,,,,,,,,
JEQ/VVR,Asset Management,0.8145,0.67191,624,,,,,,,,
IQI/NIE,Asset Management,0.8239,0.67192,624,,,,,,,,
DVY/PIZ,Unknown,0.9267,0.67199,624,,,,,,,,
NRK/SPXX,Asset Management,0.8292,0.67205,624,,,,,,,,
NVG/PCM,Asset Management,0.9172,0.67207,624,,,,,,,,
CSQ/NAN,Asset Management,0.8148,0.67211,624,,,,,,,,
CASH/GSBC,Banks - Regional,0.8962,0.67212,624,,,,,,,,
EWBC/OFG,Banks - Regional,0.8333,0.6722,624,,,,,,,,
AVGO/MU,Semiconductors,0.8299,0.67226,624,,,,,,,,
BHK/GDV,Asset Management,0.8892,0.67238,624,,,,,,,,
CNOB/TRMK,Banks - Regional,0.8889,0.67242,624,,,,,,,,
BTZ/FRA,Asset Management,0.8717,0.67249,624,,,,,,,,
CSWC/DHF,Asset Management,0.9058,0.67258,624,,,,,,,,
JOF/RFI,Asset Management,0.8542,0.6726,624,,,,,,,,
ASG/JRS,Asset Management,0.89,0.6728,624,,,,,,,,
GOF/NRK,Asset Management,0.8608,0.67285,624,,,,,,,,
GDO/SPE,Asset Management,0.8673,0.67288,624,,,,,,,,
FLC/GCV,Asset Management,0.9287,0.67288,624,,,,,,,,
NEA/RVT,Asset Management,0.862,0.673,624,,,,,,,,
BGY/JRS,Asset Management,0.8577,0.67306,624,,,,,,,,
GCV/JQC,Asset Management,0.8416,0.67311,624,,,,,,,,
AFB/AWP,Asset Management,0.8814,0.67319,624,,,,,,,,
CHW/DNP,Asset Management,0.8918,0.6733,624,,,,,,,,
NXP/PCF,Asset Management,0.933,0.67333,624,,,,,,,,
CIF/IGA,Asset Management,0.8487,0.67333,624,,,,,,,,
MQT/USA,Asset Management,0.8096,0.67347,624,,,,,,,,
GF/TY,Asset Management,0.8283,0.67354,624,,,,,,,,
NAN/PTY,Asset Management,0.8822,0.67355,624,,,,,,,,
IGIB/PIE,Unknown,0.8052,0.67355,624,,,,,,,,
BX/PHD,Asset Management,0.9249,0.67358,624,,,,,,,,
IMCV/WOOD,Unknown,0.9501,0.67359,624,,,,,,,,
NKX/TY,Asset Management,0.8918,0.67361,624,,,,,,,,
NRK/NTRS,Asset Management,0.8682,0.67365,624,,,,,,,,
ADX/PFD,Asset Management,0.8091,0.67375,624,,,,,,,,
GCV/NRK,Asset Management,0.8564,0.67379,624,,,,,,,,
EEA/EVT,Asset Management,0.9486,0.67381,624,,,,,,,,
NIE/VKQ,Asset Management,0.8164,0.67383,624,,,,,,,,
MFM/PHK,Asset Management,0.8168,0.67384,624,,,,,,,,
BLK/PFG,Asset Management,0.9211,0.67386,624,,,,,,,,
NQP/PHD,Asset Management,0.8591,0.67387,624,,,,,,,,
NAD/PHD,Asset Management,0.8395,0.67391,624,,,,,,,,
NMT/PPT,Asset Management,0.8262,0.67394,624,,,,,,,,
EVN/EXG,Asset Management,0.8355,0.67399,624,,,,,,,,
ETJ/VVR,Asset Management,0.9061,0.674,624,,,,,,,,
CII/HPF,Asset Management,0.9203,0.67409,624,,,,,,,,
BDJ/HIX,Asset Management,0.896,0.67409,624,,,,,,,,
RMT/RQI,Asset Management,0.9564,0.67411,624,,,,,,,,
ACWX/IGF,Unknown,0.9508,0.67414,624,,,,,,,,
ASG/PSEC,Asset Management,0.8652,0.67423,624,,,,,,,,
FFIN/SRCE,Banks - Regional,0.8566,0.67433,624,,,,,,,,
GCV/NUV,Asset Management,0.8857,0.67433,624,,,,,,,,
CSQ/IGR,Asset Management,0.8952,0.67441,624,,,,,,,,
ACNB/OPBK,Banks - Regional,0.9125,0.67449,624,,,,,,,,
NAN/TY,Asset Management,0.8832,0.67451,624,,,,,,,,
CHY/PDT,Asset Management,0.8981,0.67459,624,,,,,,,,
ADX/BDJ,Asset Management,0.9659,0.67462,624,,,,,,,,
MIY/SEIC,Asset Management,0.831,0.67464,624,,,,,,,,
DNP/LGI,Asset Management,0.9161,0.67465,624,,,,,,,,
BHK/GAB,Asset Management,0.8464,0.67468,624,,,,,,,,
EMD/IGR,Asset Management,0.8392,0.67477,624,,,,,,,,
NAN/PFL,Asset Management,0.9059,0.67479,624,,,,,,,,
MYN/PFL,Asset Management,0.8636,0.67484,624,,,,,,,,
CHW/EMD,Asset Management,0.8825,0.67484,624,,,,,,,,
NAN/RVT,Asset Management,0.8331,0.67484,624,,,,,,,,
NVG/PCF,Asset Management,0.903,0.675,624,,,,,,,,
AOS/CMI,Specialty Industrial Machinery,0.8811,0.67505,624,,,,,,,,
MQT/SPXX,Asset Management,0.8116,0.67508,624,,,,,,,,
MUJ/SPXX,Asset Management,0.8528,0.67509,624,,,,,,,,
NAZ/RNP,Asset Management,0.8379,0.67513,624,,,,,,,,
GCV/MUA,Asset Management,0.8371,0.67518,624,,,,,,,,
CSWC/EEA,Asset Management,0.9266,0.67522,624,,,,,,,,
CNOB/STBA,Banks - Regional,0.8533,0.67524,624,,,,,,,,
MQY/USA,Asset Management,0.8057,0.67532,624,,,,,,,,
DNP/WIW,Asset Management,0.8454,0.67546,624,,,,,,,,
BTZ/PSEC,Asset Management,0.8262,0.67547,624,,,,,,,,
ADX/FT,Asset Management,0.97,0.67548,624,,,,,,,,
FFIN/ONB,Banks - Regional,0.8799,0.6755,624,,,,,,,,
EMD/PDT,Asset Management,0.8398,0.67554,624,,,,,,,,
AXON/CW,Aerospace & Defense,0.9356,0.67561,624,,,,,,,,
MQT/RVT,Asset Management,0.8299,0.67573,624,,,,,,,,
CII/EEA,Asset Management,0.9507,0.67577,624,,,,,,,,
AFB/FCT,Asset Management,0.801,0.6758,624,,,,,,,,
CSWC/DNP,Asset Management,0.8787,0.67584,624,,,,,,,,
ACNB/HWC,Banks - Regional,0.8539,0.67586,624,,,,,,,,
ASG/FRA,Asset Management,0.8415,0.67589,624,,,,,,,,
IUSG/PYZ,Unknown,0.9369,0.67597,624,,,,,,,,
GCV/JHS,Asset Management,0.9019,0.67598,624,,,,,,,,
ETY/GDO,Asset Management,0.8743,0.67599,624,,,,,,,,
EHI/GCV,Asset Management,0.9171,0.67601,624,,,,,,,,
FITB/UBSI,Banks - Regional,0.8806,0.67605,624,,,,,,,,
EOI/VLT,Asset Management,0.9493,0.67627,624,,,,,,,,
NXP/SEIC,Asset Management,0.8633,0.6763,624,,,,,,,,
DDT/JSM,Unknown,0.9081,0.67645,624,,,,,,,,
NPV/UTF,Asset Management,0.8206,0.67652,624,,,,,,,,
EVN/GCV,Asset Management,0.8512,0.67663,624,,,,,,,,
BTZ/HPI,Asset Management,0.9574,0.67667,624,,,,,,,,
BCML/ZIONP,Banks - Regional,0.8286,0.67672,624,,,,,,,,
NAD/RVT,Asset Management,0.8686,0.67675,624,,,,,,,,
AFB/IGR,Asset Management,0.8763,0.6768,624,,,,,,,,
BXMX/EEA,Asset Management,0.9481,0.67694,624,,,,,,,,
ASG/FT,Asset Management,0.9306,0.67694,624,,,,,,,,
CII/JRS,Asset Management,0.9018,0.67697,624,,,,,,,,
GCV/MMT,Asset Management,0.9277,0.677,624,,,,,,,,
JPC/VVR,Asset Management,0.8486,0.677,624,,,,,,,,
BYM/ETG,Asset Management,0.8272,0.67704,624,,,,,,,,
BX/JQC,Asset Management,0.894,0.67704,624,,,,,,,,
FFC/RMT,Asset Management,0.8783,0.67705,624,,,,,,,,
EHI/FHI,Asset Management,0.8292,0.67728,624,,,,,,,,
CHI/OCSL,Asset Management,0.8427,0.67737,624,,,,,,,,
BKT/PFN,Asset Management,0.8493,0.67755,624,,,,,,,,
NEA/NFJ,Asset Management,0.8332,0.67756,624,,,,,,,,
DNP/EEA,Asset Management,0.8741,0.67757,624,,,,,,,,
PGR/STC,Insurance - Property & Casualty,0.8524,0.67758,624,,,,,,,,
GOF/MYN,Asset Management,0.8015,0.67765,624,,,,,,,,
CBU/TRST,Banks - Regional,0.8872,0.67783,624,,,,,,,,
FFA/HIX,Asset Management,0.8981,0.67784,624,,,,,,,,
NEA/PHD,Asset Management,0.8264,0.67791,624,,,,,,,,
BHK/PHD,Asset Management,0.8602,0.67798,624,,,,,,,,
ASG/SCD,Asset Management,0.8392,0.678,624,,,,,,,,
NXJ/RMT,Asset Management,0.8868,0.67803,624,,,,,,,,
BHK/RVT,Asset Management,0.8886,0.67804,624,,,,,,,,
NEE/OGE,Utilities - Regulated Electric,0.8656,0.67811,624,,,,,,,,
AMP/JQC,Asset Management,0.9093,0.67816,624,,,,,,,,
FCBC/TRST,Banks - Regional,0.8417,0.67828,624,,,,,,,,
HTD/SPE,Asset Management,0.9376,0.67838,624,,,,,,,,
NXJ/SPXX,Asset Management,0.8939,0.67839,624,,,,,,,,
ASG/BGT,Asset Management,0.841,0.67845,624,,,,,,,,
ITW/RRX,Specialty Industrial Machinery,0.9226,0.67849,624,,,,,,,,
IGIB/PHO,Unknown,0.869,0.6785,624,,,,,,,,
NEA/USA,Asset Management,0.8531,0.67853,624,,,,,,,,
NRK/RMT,Asset Management,0.8285,0.67856,624,,,,,,,,
NXJ/SOR,Asset Management,0.8911,0.67869,624,,,,,,,,
MUA/PHK,Asset Management,0.8072,0.67872,624,,,,,,,,
AXON/RTX,Aerospace & Defense,0.8579,0.67875,624,,,,,,,,
AWP/EMD,Asset Management,0.8707,0.67884,624,,,,,,,,
ETW/PDT,Asset Management,0.9562,0.67897,624,,,,,,,,
GOF/MIY,Asset Management,0.8762,0.67904,624,,,,,,,,
CSQ/PFG,Asset Management,0.9242,0.67911,624,,,,,,,,
DNP/PSEC,Asset Management,0.8511,0.67913,624,,,,,,,,
MUE/PCM,Asset Management,0.8597,0.67917,624,,,,,,,,
FEX/IEUS,Unknown,0.9327,0.67917,624,,,,,,,,
MUC/TY,Asset Management,0.8193,0.67919,624,,,,,,,,
MIN/UTF,Asset Management,0.9148,0.67928,624,,,,,,,,
GCV/PMM,Asset Management,0.907,0.67929,624,,,,,,,,
GD/HXL,Aerospace & Defense,0.8331,0.67932,624,,,,,,,,
EWBC/FCBC,Banks - Regional,0.9311,0.67934,624,,,,,,,,
GCV/MCR,Asset Management,0.9297,0.67937,624,,,,,,,,
OFG/PNC,Banks - Regional,0.8167,0.67937,624,,,,,,,,
FFA/IAE,Asset Management,0.8541,0.67949,624,,,,,,,,
NUV/PCM,Asset Management,0.9141,0.67953,624,,,,,,,,
FFC/JFR,Asset Management,0.836,0.67954,624,,,,,,,,
HTD/USA,Asset Management,0.9381,0.67956,624,,,,,,,,
AJG/ERIE,Insurance Brokers,0.9532,0.6796,624,,,,,,,,
AMD/MU,Semiconductors,0.9127,0.67989,624,,,,,,,,
CMA/FCBC,Banks - Regional,0.8083,0.67995,624,,,,,,,,
CMA/HOMB,Banks - Regional,0.8048,0.68001,624,,,,,,,,
DNP/EOD,Asset Management,0.8574,0.68003,624,,,,,,,,
FTCS/SCZ,Unknown,0.942,0.68015,624,,,,,,,,
CSWC/JLS,Asset Management,0.8435,0.68017,624,,,,,,,,
BKN/GDV,Asset Management,0.8226,0.68017,624,,,,,,,,
MHN/PTY,Asset Management,0.8143,0.68026,624,,,,,,,,
CHW/JFR,Asset Management,0.8962,0.68028,624,,,,,,,,
NAZ/UTF,Asset Management,0.8176,0.68048,624,,,,,,,,
CHW/MSD,Asset Management,0.8996,0.68048,624,,,,,,,,
IQI/SEIC,Asset Management,0.8371,0.68052,624,,,,,,,,
MU/SIMO,Semiconductors,0.8627,0.68057,624,,,,,,,,
ASG/PDT,Asset Management,0.9044,0.68057,624,,,,,,,,
PFM/WOOD,Unknown,0.9283,0.68069,624,,,,,,,,
NXP/SPXX,Asset Management,0.9082,0.6807,624,,,,,,,,
COKE/PRMB,Beverages - Non-Alcoholic,0.8885,0.68072,624,,,,,,,,
NMT/PTY,Asset Management,0.8135,0.68075,624,,,,,,,,
BHK/ETG,Asset Management,0.8827,0.68082,624,,,,,,,,
GF/UTF,Asset Management,0.804,0.68086,624,,,,,,,,
ADX/IGD,Asset Management,0.9443,0.68086,624,,,,,,,,
IQI/JCE,Asset Management,0.8056,0.68096,624,,,,,,,,
CSL/OC,Building Products & Equipment,0.9582,0.68097,624,,,,,,,,
NVG/SEIC,Asset Management,0.8412,0.68098,624,,,,,,,,
ADX/MSD,Asset Management,0.889,0.68104,624,,,,,,,,
DRD/RGLD,Gold,0.8212,0.6811,624,,,,,,,,
MIN/NTRS,Asset Management,0.8253,0.68114,624,,,,,,,,
BFZ/GDL,Asset Management,0.8336,0.68114,624,,,,,,,,
GBCI/UBSI,Banks - Regional,0.8978,0.6812,624,,,,,,,,
ASG/IGR,Asset Management,0.9133,0.68127,624,,,,,,,,
MQY/PCM,Asset Management,0.876,0.68133,624,,,,,,,,
BLW/HPI,Asset Management,0.9472,0.68136,624,,,,,,,,
INBK/PEBO,Banks - Regional,0.8033,0.68147,624,,,,,,,,
GDO/VVR,Asset Management,0.8114,0.68152,624,,,,,,,,
NAD/USA,Asset Management,0.856,0.68155,624,,,,,,,,
AMD/SIMO,Semiconductors,0.8195,0.68158,624,,,,,,,,
NIE/PDT,Asset Management,0.8987,0.68162,624,,,,,,,,
NRK/USA,Asset Management,0.8358,0.68163,624,,,,,,,,
GOF/MQT,Asset Management,0.842,0.68168,624,,,,,,,,
CSWC/TROW,Asset Management,0.8077,0.68173,624,,,,,,,,
NPV/PCN,Asset Management,0.8324,0.68173,624,,,,,,,,
AZO/LKQ,Auto Parts,0.8018,0.68179,624,,,,,,,,
FFC/JQC,Asset Management,0.8801,0.6819,624,,,,,,,,
ADX/HPI,Asset Management,0.9132,0.68195,624,,,,,,,,
GCV/MGF,Asset Management,0.816,0.68198,624,,,,,,,,
CSWC/HTD,Asset Management,0.9062,0.68203,624,,,,,,,,
NAC/TY,Asset Management,0.8453,0.68224,624,,,,,,,,
NZF/STEW,Asset Management,0.8387,0.68226,624,,,,,,,,
NMT/VLT,Asset Management,0.8378,0.68229,624,,,,,,,,
NMZ/USA,Asset Management,0.8614,0.68238,624,,,,,,,,
RTH/WOOD,Unknown,0.9258,0.68257,624,,,,,,,,
ADX/NKX,Asset Management,0.8229,0.68266,624,,,,,,,,
BCBP/HDB,Banks - Regional,0.8149,0.68269,624,,,,,,,,
PTH/PYZ,Unknown,0.8873,0.68271,624,,,,,,,,
CMA/TRMK,Banks - Regional,0.8929,0.68272,624,,,,,,,,
MYN/UTF,Asset Management,0.8205,0.68276,624,,,,,,,,
NVG/PHD,Asset Management,0.8324,0.68277,624,,,,,,,,
GJS/JSM,Unknown,0.8938,0.68277,624,,,,,,,,
NKX/UTF,Asset Management,0.879,0.68285,624,,,,,,,,
LII/ROCK,Building Products & Equipment,0.8554,0.68288,624,,,,,,,,
IEUS/IMCV,Unknown,0.9351,0.68294,624,,,,,,,,
MANH/PAR,Software - Application,0.832,0.68295,624,,,,,,,,
GCV/MIN,Asset Management,0.8688,0.68295,624,,,,,,,,
APH/BELFB,Electronic Components,0.8147,0.68302,624,,,,,,,,
NXP/RJF,Asset Management,0.8242,0.68306,624,,,,,,,,
DNP/GUT,Asset Management,0.8418,0.68306,624,,,,,,,,
ADX/EOD,Asset Management,0.964,0.68308,624,,,,,,,,
GOF/NQP,Asset Management,0.8907,0.68314,624,,,,,,,,
GOF/NEA,Asset Management,0.8754,0.68316,624,,,,,,,,
IGSB/WOOD,Unknown,0.8882,0.68321,624,,,,,,,,
FMN/GDL,Asset Management,0.8052,0.68321,624,,,,,,,,
BX/JRS,Asset Management,0.8445,0.68328,624,,,,,,,,
NQP/USA,Asset Management,0.8708,0.68337,624,,,,,,,,
MPA/STEW,Asset Management,0.8102,0.68337,624,,,,,,,,
QQQ/USIG,Unknown,0.842,0.6835,624,,,,,,,,
NKX/SOR,Asset Management,0.8472,0.68356,624,,,,,,,,
OFG/UMBF,Banks - Regional,0.8203,0.68357,624,,,,,,,,
AFB/GDL,Asset Management,0.8225,0.68364,624,,,,,,,,
BLDR/NX,Building Products & Equipment,0.8593,0.68368,624,,,,,,,,
INBK/NFBK,Banks - Regional,0.8144,0.68373,624,,,,,,,,
NAN/NFJ,Asset Management,0.8147,0.68382,624,,,,,,,,
ENSG/SEM,Medical Care Facilities,0.9145,0.68389,624,,,,,,,,
BTZ/GAB,Asset Management,0.9152,0.68392,624,,,,,,,,
DPZ/MCD,Restaurants,0.9441,0.68395,624,,,,,,,,
CHI/HTD,Asset Management,0.9154,0.68407,624,,,,,,,,
EOS/GAM,Asset Management,0.9717,0.68412,624,,,,,,,,
NMT/PFN,Asset Management,0.8495,0.68412,624,,,,,,,,
GOF/NKX,Asset Management,0.8607,0.68417,624,,,,,,,,
TSM/UMC,Semiconductors,0.8913,0.6842,624,,,,,,,,
EOI/HIX,Asset Management,0.8683,0.68425,624,,,,,,,,
BFZ/HTD,Asset Management,0.8367,0.68434,624,,,,,,,,
BX/PSEC,Asset Management,0.8277,0.68449,624,,,,,,,,
CXH/IGR,Asset Management,0.855,0.68451,624,,,,,,,,
ASG/BRW,Asset Management,0.8187,0.68451,624,,,,,,,,
GOF/NAD,Asset Management,0.8828,0.68465,624,,,,,,,,
CSQ/NKX,Asset Management,0.8185,0.68478,624,,,,,,,,
QQEW/SCZ,Unknown,0.9371,0.68486,624,,,,,,,,
GF/PDT,Asset Management,0.8088,0.68486,624,,,,,,,,
HTD/RVT,Asset Management,0.9479,0.6849,624,,,,,,,,
CHI/JRS,Asset Management,0.9035,0.68497,624,,,,,,,,
EOS/VVR,Asset Management,0.9403,0.68505,624,,,,,,,,
BDJ/BOE,Asset Management,0.9783,0.68506,624,,,,,,,,
EOS/IGD,Asset Management,0.9422,0.68518,624,,,,,,,,
NXP/RVT,Asset Management,0.9164,0.68528,624,,,,,,,,
IMCV/SCZ,Unknown,0.945,0.68533,624,,,,,,,,
ASG/IGD,Asset Management,0.8525,0.68533,624,,,,,,,,
EOS/NKX,Asset Management,0.8378,0.68536,624,,,,,,,,
IPAR/KMB,Household & Personal Products,0.8025,0.68541,624,,,,,,,,
NIE/VGM,Asset Management,0.8029,0.68544,624,,,,,,,,
GOF/MPA,Asset Management,0.8651,0.68555,624,,,,,,,,
MUJ/RMT,Asset Management,0.853,0.68576,624,,,,,,,,
NVG/RMT,Asset Management,0.855,0.68596,624,,,,,,,,
EVN/SEIC,Asset Management,0.8422,0.68596,624,,,,,,,,
MCR/PHK,Asset Management,0.8104,0.68603,624,,,,,,,,
NIE/NRK,Asset Management,0.8372,0.68614,624,,,,,,,,
HSBC/ING,Banks - Diversified,0.8515,0.6862,624,,,,,,,,
MQT/RMT,Asset Management,0.819,0.68621,624,,,,,,,,
ADX/EMD,Asset Management,0.8251,0.68629,624,,,,,,,,
FLC/SCD,Asset Management,0.8011,0.68644,624,,,,,,,,
JOF/UTF,Asset Management,0.8745,0.68669,624,,,,,,,,
BDJ/EEA,Asset Management,0.9464,0.68678,624,,,,,,,,
BN/EEA,Asset Management,0.9259,0.68723,624,,,,,,,,
EEA/JRS,Asset Management,0.888,0.6873,624,,,,,,,,
CDNS/PAR,Software - Application,0.8352,0.68735,624,,,,,,,,
ETY/HIX,Asset Management,0.8719,0.68745,624,,,,,,,,
BHK/UTF,Asset Management,0.9163,0.68754,624,,,,,,,,
NKX/RMT,Asset Management,0.8239,0.6876,624,,,,,,,,
NVDA/RMBS,Semiconductors,0.813,0.68762,624,,,,,,,,
ADX/GDV,Asset Management,0.9692,0.68763,624,,,,,,,,
DPZ/RICK,Restaurants,0.8053,0.68766,624,,,,,,,,
AFB/FOF,Asset Management,0.8164,0.68774,624,,,,,,,,
MUJ/SEIC,Asset Management,0.8312,0.68778,624,,,,,,,,
BHK/USA,Asset Management,0.8814,0.68791,624,,,,,,,,
AMP/HTD,Asset Management,0.8602,0.68794,624,,,,,,,,
NKX/PFL,Asset Management,0.9023,0.68823,624,,,,,,,,
CXH/PCM,Asset Management,0.8741,0.68832,624,,,,,,,,
GOF/MUE,Asset Management,0.8165,0.68833,624,,,,,,,,
FFA/PFG,Asset Management,0.938,0.68842,624,,,,,,,,
IGIB/SWZ,Unknown,0.9001,0.68842,624,,,,,,,,
PFD/SEIC,Asset Management,0.8219,0.68846,624,,,,,,,,
BKT/IGR,Asset Management,0.8149,0.68846,624,,,,,,,,
SFST/ZIONP,Banks - Regional,0.8301,0.68867,624,,,,,,,,
HIX/IGA,Asset Management,0.8562,0.68871,624,,,,,,,,
FFA/HTD,Asset Management,0.9432,0.68875,624,,,,,,,,
NKX/SPXX,Asset Management,0.8377,0.68886,624,,,,,,,,
NQP/PTY,Asset Management,0.9134,0.6889,624,,,,,,,,
CSWC/PIM,Asset Management,0.8395,0.689,624,,,,,,,,
CXT/MWA,Specialty Industrial Machinery,0.8766,0.68921,624,,,,,,,,
AFB/DNP,Asset Management,0.822,0.68921,624,,,,,,,,
ADX/HPF,Asset Management,0.9227,0.68923,624,,,,,,,,
GDV/HTD,Asset Management,0.9659,0.68926,624,,,,,,,,
GOF/MQY,Asset Management,0.8381,0.68943,624,,,,,,,,
BHK/FCT,Asset Management,0.8634,0.68946,624,,,,,,,,
AFB/EXG,Asset Management,0.8075,0.68949,624,,,,,,,,
JOF/RQI,Asset Management,0.8572,0.68954,624,,,,,,,,
CMA/HDB,Banks - Regional,0.8076,0.68963,624,,,,,,,,
NIE/NXJ,Asset Management,0.8944,0.68978,624,,,,,,,,
NKX/PTY,Asset Management,0.876,0.68981,624,,,,,,,,
EVT/HIX,Asset Management,0.9185,0.68991,624,,,,,,,,
PDT/TY,Asset Management,0.9577,0.68991,624,,,,,,,,
AFB/GCV,Asset Management,0.8458,0.68995,624,,,,,,,,
NMT/PFL,Asset Management,0.8443,0.68996,624,,,,,,,,
NEA/SPXX,Asset Management,0.8451,0.69,624,,,,,,,,
PFM/PIZ,Unknown,0.9429,0.69007,624,,,,,,,,
NZF/RMT,Asset Management,0.8614,0.69025,624,,,,,,,,
NAC/SEIC,Asset Management,0.8248,0.69027,624,,,,,,,,
MQY/SEIC,Asset Management,0.8226,0.69027,624,,,,,,,,
MYI/PCM,Asset Management,0.8865,0.69031,624,,,,,,,,
CNOB/ZIONP,Banks - Regional,0.8487,0.69034,624,,,,,,,,
BKT/TY,Asset Management,0.8104,0.69044,624,,,,,,,,
BND/SWZ,Unknown,0.8159,0.69048,624,,,,,,,,
CSQ/OCSL,Asset Management,0.8381,0.69049,624,,,,,,,,
BX/EHI,Asset Management,0.8189,0.69054,624,,,,,,,,
MIN/PCM,Asset Management,0.892,0.69055,624,,,,,,,,
DVY/WOOD,Unknown,0.9432,0.69058,624,,,,,,,,
BTZ/JQC,Asset Management,0.9314,0.69068,624,,,,,,,,
IGSB/INDY,Unknown,0.892,0.69069,624,,,,,,,,
EOS/FT,Asset Management,0.9713,0.69078,624,,,,,,,,
CSWC/HYT,Asset Management,0.9558,0.69081,624,,,,,,,,
DVY/FTA,Unknown,0.9945,0.69084,624,,,,,,,,
PNQI/PYZ,Unknown,0.8724,0.69086,624,,,,,,,,
BHK/GAM,Asset Management,0.8152,0.69088,624,,,,,,,,
NAN/SPXX,Asset Management,0.8254,0.69091,624,,,,,,,,
CHW/IGR,Asset Management,0.9393,0.69094,624,,,,,,,,
MHN/PCM,Asset Management,0.8316,0.69096,624,,,,,,,,
MYI/PHK,Asset Management,0.8,0.69096,624,,,,,,,,
FLC/RMT,Asset Management,0.8924,0.691,624,,,,,,,,
MQT/SEIC,Asset Management,0.8181,0.69102,624,,,,,,,,
NXP/PSEC,Asset Management,0.801,0.69112,624,,,,,,,,
EOI/IAE,Asset Management,0.8417,0.69117,624,,,,,,,,
ADX/RNP,Asset Management,0.9671,0.69126,624,,,,,,,,
NPV/PCF,Asset Management,0.8161,0.69128,624,,,,,,,,
NUV/SAR,Asset Management,0.8142,0.69129,624,,,,,,,,
GCV/NCA,Asset Management,0.8231,0.69137,624,,,,,,,,
NAN/RMT,Asset Management,0.8169,0.69138,624,,,,,,,,
NQP/SOR,Asset Management,0.8671,0.69147,624,,,,,,,,
NAN/SOR,Asset Management,0.8331,0.69167,624,,,,,,,,
BTZ/PCM,Asset Management,0.9462,0.69176,624,,,,,,,,
FFC/IGA,Asset Management,0.844,0.69179,624,,,,,,,,
NXJ/PSEC,Asset Management,0.8041,0.69179,624,,,,,,,,
MPWR/RMBS,Semiconductors,0.8496,0.69192,624,,,,,,,,
CNOB/FCBC,Banks - Regional,0.8123,0.69193,624,,,,,,,,
BHK/DSU,Asset Management,0.8452,0.69195,624,,,,,,,,
MQY/UTF,Asset Management,0.855,0.69203,624,,,,,,,,
DNP/FT,Asset Management,0.9576,0.69215,624,,,,,,,,
GDO/IGD,Asset Management,0.8418,0.69222,624,,,,,,,,
FMN/IGR,Asset Management,0.8496,0.69224,624,,,,,,,,
SHY/VGIT,Unknown,0.8889,0.69226,624,,,,,,,,
CDNS/PTC,Software - Application,0.951,0.6923,624,,,,,,,,
GCV/HPI,Asset Management,0.8818,0.69231,624,,,,,,,,
PEY/SCZ,Unknown,0.9399,0.69231,624,,,,,,,,
ADBE/MNDO,Software - Application,0.9216,0.69242,624,,,,,,,,
NXJ/PHK,Asset Management,0.8212,0.69243,624,,,,,,,,
NMT/TDF,Asset Management,0.801,0.69247,624,,,,,,,,
BHK/RMT,Asset Management,0.8762,0.69248,624,,,,,,,,
CSWC/PPT,Asset Management,0.8368,0.69256,624,,,,,,,,
NXP/PCM,Asset Management,0.9354,0.69258,624,,,,,,,,
NAD/PCM,Asset Management,0.9086,0.6927,624,,,,,,,,
NKX/PCN,Asset Management,0.9073,0.69278,624,,,,,,,,
VCSH/WOOD,Unknown,0.895,0.6929,624,,,,,,,,
FFIN/NBTB,Banks - Regional,0.8797,0.693,624,,,,,,,,
SBAC/SELF,REIT - Specialty,0.8408,0.69301,624,,,,,,,,
BTZ/DHIL,Asset Management,0.813,0.69304,624,,,,,,,,
BX/HTD,Asset Management,0.8566,0.6931,624,,,,,,,,
IQI/PCM,Asset Management,0.8903,0.69313,624,,,,,,,,
NAD/SPXX,Asset Management,0.8555,0.69318,624,,,,,,,,
NMZ/SPE,Asset Management,0.8344,0.69319,624,,,,,,,,
NRK/PHD,Asset Management,0.832,0.69323,624,,,,,,,,
GOF/NAC,Asset Management,0.8044,0.69349,624,,,,,,,,
AVGO/CRUS,Semiconductors,0.8068,0.69351,624,,,,,,,,
BHK/SAR,Asset Management,0.8317,0.69351,624,,,,,,,,
BTZ/FUND,Asset Management,0.8797,0.69359,624,,,,,,,,
NMT/TY,Asset Management,0.8165,0.69369,624,,,,,,,,
FMN/GDV,Asset Management,0.8016,0.6937,624,,,,,,,,
CHI/IGR,Asset Management,0.9152,0.69371,624,,,,,,,,
ONEQ/PIE,Unknown,0.8309,0.69374,624,,,,,,,,
BTZ/PFG,Asset Management,0.8346,0.69374,624,,,,,,,,
AMP/RQI,Asset Management,0.8761,0.69375,624,,,,,,,,
FFC/PHK,Asset Management,0.8193,0.69384,624,,,,,,,,
BTZ/IGD,Asset Management,0.873,0.69394,624,,,,,,,,
CHW/HTD,Asset Management,0.9209,0.69415,624,,,,,,,,
NPV/PFN,Asset Management,0.837,0.69419,624,,,,,,,,
BLW/FHI,Asset Management,0.9138,0.6942,624,,,,,,,,
LEO/PCM,Asset Management,0.8431,0.69429,624,,,,,,,,
BX/EEA,Asset Management,0.8828,0.69429,624,,,,,,,,
QCRH/UBSI,Banks - Regional,0.9028,0.69435,624,,,,,,,,
ASG/EOD,Asset Management,0.8766,0.69457,624,,,,,,,,
CSQ/HTD,Asset Management,0.9332,0.69464,624,,,,,,,,
IUSG/IUSV,Unknown,0.9838,0.69464,624,,,,,,,,
NIE/VCV,Asset Management,0.8118,0.69469,624,,,,,,,,
PSL/VCLT,Unknown,0.84,0.69475,624,,,,,,,,
LOGI/NTAP,Computer Hardware,0.8468,0.69477,624,,,,,,,,
CNOB/OSBC,Banks - Regional,0.8628,0.6948,624,,,,,,,,
NPV/TY,Asset Management,0.8158,0.69482,624,,,,,,,,
NQP/RMT,Asset Management,0.8624,0.69489,624,,,,,,,,
CNOB/SYBT,Banks - Regional,0.8336,0.69498,624,,,,,,,,
NQP/SPXX,Asset Management,0.8632,0.69504,624,,,,,,,,
PDT/RVT,Asset Management,0.9273,0.6951,624,,,,,,,,
BHK/EEA,Asset Management,0.8639,0.69517,624,,,,,,,,
AFB/ETG,Asset Management,0.8053,0.69518,624,,,,,,,,
BHK/BOE,Asset Management,0.8538,0.69525,624,,,,,,,,
FMN/PCM,Asset Management,0.8369,0.69534,624,,,,,,,,
SHW/WLK,Specialty Chemicals,0.8601,0.69536,624,,,,,,,,
GCV/VBF,Asset Management,0.908,0.69551,624,,,,,,,,
ETJ/PSEC,Asset Management,0.8552,0.6957,624,,,,,,,,
PNQI/WOOD,Unknown,0.9088,0.69572,624,,,,,,,,
NAN/USA,Asset Management,0.8192,0.69586,624,,,,,,,,
NKX/USA,Asset Management,0.8224,0.69598,624,,,,,,,,
FLC/IGD,Asset Management,0.828,0.69599,624,,,,,,,,
NXP/SCD,Asset Management,0.8378,0.69603,624,,,,,,,,
MYN/PTY,Asset Management,0.8354,0.69619,624,,,,,,,,
NUV/SPE,Asset Management,0.8089,0.69624,624,,,,,,,,
AFB/PCM,Asset Management,0.8693,0.69646,624,,,,,,,,
OPBK/ZIONP,Banks - Regional,0.8676,0.69664,624,,,,,,,,
FFC/FUND,Asset Management,0.8056,0.69677,624,,,,,,,,
ADX/MFIC,Asset Management,0.8699,0.69701,624,,,,,,,,
NKX/VLT,Asset Management,0.8918,0.69701,624,,,,,,,,
PDT/RMT,Asset Management,0.9085,0.69725,624,,,,,,,,
NIE/RQI,Asset Management,0.9533,0.69731,624,,,,,,,,
GCV/HIO,Asset Management,0.9109,0.69735,624,,,,,,,,
NXP/VVR,Asset Management,0.8314,0.69738,624,,,,,,,,
BHK/SPE,Asset Management,0.8417,0.69752,624,,,,,,,,
NAN/RCS,Asset Management,0.8264,0.69769,624,,,,,,,,
QTEC/SCZ,Unknown,0.9188,0.69776,624,,,,,,,,
BKT/GCV,Asset Management,0.8123,0.6979,624,,,,,,,,
CNOB/UBSI,Banks - Regional,0.8892,0.69798,624,,,,,,,,
FLC/SAR,Asset Management,0.85,0.69826,624,,,,,,,,
NRK/SEIC,Asset Management,0.8209,0.69838,624,,,,,,,,
GCV/HPF,Asset Management,0.8881,0.6985,624,,,,,,,,
ETJ/HTD,Asset Management,0.9258,0.69858,624,,,,,,,,
ACWI/PIZ,Unknown,0.968,0.69872,624,,,,,,,,
GCV/MYD,Asset Management,0.8031,0.69897,624,,,,,,,,
FFA/FUND,Asset Management,0.9738,0.69903,624,,,,,,,,
CIVB/INBK,Banks - Regional,0.8,0.69904,624,,,,,,,,
AZO/GNTX,Auto Parts,0.8073,0.69917,624,,,,,,,,
GCV/PAI,Asset Management,0.8769,0.69921,624,,,,,,,,
FLC/IGA,Asset Management,0.8565,0.69937,624,,,,,,,,
NMT/PCF,Asset Management,0.8046,0.69947,624,,,,,,,,
MYN/TY,Asset Management,0.8415,0.6996,624,,,,,,,,
NZF/SAR,Asset Management,0.8383,0.69965,624,,,,,,,,
GCV/MFM,Asset Management,0.8315,0.69976,624,,,,,,,,
EEA/IGR,Asset Management,0.8878,0.69982,624,,,,,,,,
FLC/STEW,Asset Management,0.8616,0.69984,624,,,,,,,,
CSQ/IGA,Asset Management,0.9623,0.69989,624,,,,,,,,
GCV/NUW,Asset Management,0.8181,0.70001,624,,,,,,,,
NMZ/RVT,Asset Management,0.8777,0.70022,624,,,,,,,,
FNWD/ZIONP,Banks - Regional,0.8031,0.70031,624,,,,,,,,
CSQ/EEA,Asset Management,0.9505,0.7004,624,,,,,,,,
BTZ/MCI,Asset Management,0.8359,0.7006,624,,,,,,,,
FLC/SPE,Asset Management,0.863,0.70082,624,,,,,,,,
OFG/ONB,Banks - Regional,0.8037,0.70087,624,,,,,,,,
AMP/JRS,Asset Management,0.8176,0.70111,624,,,,,,,,
PZZA/SBUX,Restaurants,0.8028,0.70147,624,,,,,,,,
BKT/PTY,Asset Management,0.8191,0.70157,624,,,,,,,,
QTEC/WOOD,Unknown,0.9292,0.70167,624,,,,,,,,
NXJ/VVR,Asset Management,0.8059,0.70167,624,,,,,,,,
FFIN/PEBO,Banks - Regional,0.8775,0.70193,624,,,,,,,,
ACNB/ZION,Banks - Regional,0.849,0.70194,624,,,,,,,,
NXJ/SPE,Asset Management,0.8677,0.70196,624,,,,,,,,
INBK/UBSI,Banks - Regional,0.8024,0.7022,624,,,,,,,,
MUJ/SPE,Asset Management,0.8199,0.70223,624,,,,,,,,
HTD/LGI,Asset Management,0.9354,0.70226,624,,,,,,,,
FFA/NKX,Asset Management,0.821,0.70235,624,,,,,,,,
ASG/JFR,Asset Management,0.8497,0.70245,624,,,,,,,,
CSWC/OIA,Asset Management,0.8192,0.70247,624,,,,,,,,
CSWC/FMY,Asset Management,0.8904,0.70258,624,,,,,,,,
AMD/ON,Semiconductors,0.8948,0.70259,624,,,,,,,,
GCV/GDO,Asset Management,0.9261,0.70265,624,,,,,,,,
NXJ/SCD,Asset Management,0.8197,0.70288,624,,,,,,,,
FFC/GDV,Asset Management,0.9034,0.70288,624,,,,,,,,
BTZ/PDT,Asset Management,0.9453,0.7029,624,,,,,,,,
NKX/PHD,Asset Management,0.8237,0.70298,624,,,,,,,,
ADX/JPC,Asset Management,0.9017,0.703,624,,,,,,,,
AXON/WWD,Aerospace & Defense,0.8789,0.70309,624,,,,,,,,
NAZ/PFN,Asset Management,0.839,0.70316,624,,,,,,,,
FFC/STEW,Asset Management,0.8478,0.70319,624,,,,,,,,
CBU/STBA,Banks - Regional,0.8385,0.70321,624,,,,,,,,
NEA/RMT,Asset Management,0.846,0.70335,624,,,,,,,,
NXP/SPE,Asset Management,0.8827,0.70342,624,,,,,,,,
GCV/VLT,Asset Management,0.8989,0.70345,624,,,,,,,,
NPV/PTY,Asset Management,0.8195,0.70364,624,,,,,,,,
BTZ/CSWC,Asset Management,0.8858,0.70365,624,,,,,,,,
MASI/ZBH,Medical Devices,0.8,0.70365,624,,,,,,,,
EVN/GDL,Asset Management,0.857,0.70372,624,,,,,,,,
NAZ/TY,Asset Management,0.8267,0.70374,624,,,,,,,,
IUSG/PIZ,Unknown,0.9548,0.70377,624,,,,,,,,
GCV/NNY,Asset Management,0.8479,0.70381,624,,,,,,,,
HTD/NFJ,Asset Management,0.9236,0.70384,624,,,,,,,,
HD/HVT,Home Improvement Retail,0.876,0.70396,624,,,,,,,,
NXJ/PCM,Asset Management,0.9313,0.70414,624,,,,,,,,
CXH/GCV,Asset Management,0.8266,0.70416,624,,,,,,,,
AFB/GDV,Asset Management,0.8244,0.70419,624,,,,,,,,
MUC/PCM,Asset Management,0.835,0.70432,624,,,,,,,,
CNOB/GSBC,Banks - Regional,0.8973,0.70458,624,,,,,,,,
BTZ/PMX,Asset Management,0.8306,0.70463,624,,,,,,,,
FMN/GCV,Asset Management,0.8069,0.70472,624,,,,,,,,
BTZ/IGA,Asset Management,0.9015,0.70476,624,,,,,,,,
ORI/STC,Insurance - Property & Casualty,0.9095,0.70487,624,,,,,,,,
GF/IGR,Asset Management,0.8236,0.70491,624,,,,,,,,
MIY/STEW,Asset Management,0.8162,0.70524,624,,,,,,,,
NEA/PCM,Asset Management,0.9011,0.70534,624,,,,,,,,
CMA/UBSI,Banks - Regional,0.8179,0.70539,624,,,,,,,,
ADX/RVT,Asset Management,0.9731,0.70539,624,,,,,,,,
NAD/RMT,Asset Management,0.8559,0.70561,624,,,,,,,,
AMP/HPS,Asset Management,0.8514,0.70578,624,,,,,,,,
BHK/EFT,Asset Management,0.8255,0.70608,624,,,,,,,,
FLC/FUND,Asset Management,0.8224,0.70647,624,,,,,,,,
LGI/PDT,Asset Management,0.912,0.70649,624,,,,,,,,
BTZ/FHI,Asset Management,0.8522,0.70649,624,,,,,,,,
ADX/PFG,Asset Management,0.9116,0.70649,624,,,,,,,,
FFC/SPE,Asset Management,0.8466,0.70657,624,,,,,,,,
BHK/EVF,Asset Management,0.8303,0.70661,624,,,,,,,,
GCV/HTD,Asset Management,0.9041,0.70664,624,,,,,,,,
IUSG/WOOD,Unknown,0.9215,0.70677,624,,,,,,,,
NUV/STEW,Asset Management,0.8189,0.70696,624,,,,,,,,
NVG/SAR,Asset Management,0.8263,0.70712,624,,,,,,,,
OFG/SYBT,Banks - Regional,0.83,0.70737,624,,,,,,,,
NIE/NMZ,Asset Management,0.8588,0.70742,624,,,,,,,,
LEO/PFL,Asset Management,0.8499,0.70762,624,,,,,,,,
NPV/PFL,Asset Management,0.8368,0.70773,624,,,,,,,,
RTH/SCZ,Unknown,0.9164,0.70782,624,,,,,,,,
IUSG/PIE,Unknown,0.8229,0.70798,624,,,,,,,,
MYI/STEW,Asset Management,0.805,0.70821,624,,,,,,,,
NMZ/RMT,Asset Management,0.8644,0.70843,624,,,,,,,,
BTZ/SPE,Asset Management,0.9151,0.70876,624,,,,,,,,
FLC/GDV,Asset Management,0.9138,0.70892,624,,,,,,,,
MPA/SAR,Asset Management,0.8016,0.70906,624,,,,,,,,
NXP/STEW,Asset Management,0.8973,0.70921,624,,,,,,,,
DVY/FAB,Unknown,0.9894,0.70922,624,,,,,,,,
CTAS/DLB,Specialty Business Services,0.8132,0.70936,624,,,,,,,,
BX/VRTS,Asset Management,0.8059,0.70946,624,,,,,,,,
LNG/TRP,Oil & Gas Midstream,0.8089,0.70963,624,,,,,,,,
NAN/PHD,Asset Management,0.8305,0.71026,624,,,,,,,,
BGY/IGR,Asset Management,0.8594,0.71059,624,,,,,,,,
NIE/NKX,Asset Management,0.8275,0.71101,624,,,,,,,,
ONEQ/PIZ,Unknown,0.954,0.71109,624,,,,,,,,
BHK/EFR,Asset Management,0.8279,0.71115,624,,,,,,,,
EHI/IGA,Asset Management,0.8873,0.71125,624,,,,,,,,
ADX/PDT,Asset Management,0.8896,0.71149,624,,,,,,,,
BHK/GOF,Asset Management,0.9013,0.71184,624,,,,,,,,
DVY/SCZ,Unknown,0.9341,0.7119,624,,,,,,,,
JEQ/SCD,Asset Management,0.8192,0.71191,624,,,,,,,,
MQT/PCM,Asset Management,0.888,0.712,624,,,,,,,,
MYI/SPE,Asset Management,0.8022,0.71207,624,,,,,,,,
ONEQ/WOOD,Unknown,0.9209,0.71207,624,,,,,,,,
ACGL/SLF,Insurance - Diversified,0.9024,0.71209,624,,,,,,,,
CSWC/IAE,Asset Management,0.8228,0.71243,624,,,,,,,,
NPV/VLT,Asset Management,0.8347,0.71262,624,,,,,,,,
NKX/SEIC,Asset Management,0.8648,0.71269,624,,,,,,,,
NRK/PCM,Asset Management,0.8904,0.71274,624,,,,,,,,
NQP/PCM,Asset Management,0.911,0.71287,624,,,,,,,,
NMZ/STEW,Asset Management,0.8397,0.71311,624,,,,,,,,
MIY/SAR,Asset Management,0.8102,0.71312,624,,,,,,,,
NVG/STEW,Asset Management,0.8276,0.71321,624,,,,,,,,
EOS/RQI,Asset Management,0.9515,0.71361,624,,,,,,,,
NAD/SPE,Asset Management,0.8249,0.71368,624,,,,,,,,
CSQ/FUND,Asset Management,0.9691,0.71372,624,,,,,,,,
BX/IAE,Asset Management,0.815,0.71386,624,,,,,,,,
QCRH/STBA,Banks - Regional,0.8992,0.71399,624,,,,,,,,
BTZ/VVR,Asset Management,0.8582,0.71411,624,,,,,,,,
ADX/BRW,Asset Management,0.9276,0.71411,624,,,,,,,,
BHK/JFR,Asset Management,0.8205,0.71425,624,,,,,,,,
IUSV/PIZ,Unknown,0.9379,0.71449,624,,,,,,,,
NIE/SCD,Asset Management,0.9532,0.71478,624,,,,,,,,
NEA/SPE,Asset Management,0.816,0.71497,624,,,,,,,,
FTCS/IEUS,Unknown,0.9338,0.71506,624,,,,,,,,
GCV/JLS,Asset Management,0.8201,0.71526,624,,,,,,,,
IGSB/PIE,Unknown,0.8073,0.71533,624,,,,,,,,
NEA/SEIC,Asset Management,0.8269,0.71536,624,,,,,,,,
EOS/PDT,Asset Management,0.9056,0.7158,624,,,,,,,,
NMT/PCM,Asset Management,0.8078,0.71598,624,,,,,,,,
ONEQ/SCZ,Unknown,0.9112,0.71624,624,,,,,,,,
JOF/JRS,Asset Management,0.8419,0.71637,624,,,,,,,,
NAN/SEIC,Asset Management,0.8396,0.71659,624,,,,,,,,
NAD/SEIC,Asset Management,0.8473,0.71663,624,,,,,,,,
BHK/FUND,Asset Management,0.8028,0.71674,624,,,,,,,,
JOF/PDT,Asset Management,0.9016,0.71706,624,,,,,,,,
BHK/PCM,Asset Management,0.9247,0.71729,624,,,,,,,,
CHW/PDT,Asset Management,0.9333,0.71731,624,,,,,,,,
IUSV/SCZ,Unknown,0.9168,0.71737,624,,,,,,,,
BDJ/BGY,Asset Management,0.9471,0.71738,624,,,,,,,,
NAN/NIE,Asset Management,0.8231,0.71794,624,,,,,,,,
IUSG/SCZ,Unknown,0.912,0.71823,624,,,,,,,,
MUJ/STEW,Asset Management,0.8207,0.71827,624,,,,,,,,
BHK/STEW,Asset Management,0.8457,0.71828,624,,,,,,,,
DVY/IEUS,Unknown,0.9231,0.71856,624,,,,,,,,
PFM/SCZ,Unknown,0.9207,0.71868,624,,,,,,,,
CSWC/JPC,Asset Management,0.8538,0.71879,624,,,,,,,,
HTD/RMT,Asset Management,0.9342,0.71895,624,,,,,,,,
NAC/PCM,Asset Management,0.8473,0.71905,624,,,,,,,,
ASG/HTD,Asset Management,0.8945,0.71919,624,,,,,,,,
IEUS/IGF,Unknown,0.9199,0.71921,624,,,,,,,,
ADX/JRS,Asset Management,0.8925,0.71929,624,,,,,,,,
BHK/SEIC,Asset Management,0.843,0.71939,624,,,,,,,,
NAZ/PFL,Asset Management,0.8372,0.71968,624,,,,,,,,
NRK/SPE,Asset Management,0.8042,0.71985,624,,,,,,,,
EOS/PSEC,Asset Management,0.8362,0.72011,624,,,,,,,,
EOS/JRS,Asset Management,0.8998,0.72031,624,,,,,,,,
EOS/IGA,Asset Management,0.9637,0.72188,624,,,,,,,,
NMZ/PHK,Asset Management,0.8197,0.72191,624,,,,,,,,
EOS/FUND,Asset Management,0.9467,0.7221,624,,,,,,,,
GF/VLT,Asset Management,0.8183,0.7223,624,,,,,,,,
CNOB/HDB,Banks - Regional,0.8265,0.72245,624,,,,,,,,
CSWC/JMM,Asset Management,0.8585,0.72255,624,,,,,,,,
NMZ/SAR,Asset Management,0.8303,0.72268,624,,,,,,,,
NQP/SEIC,Asset Management,0.8333,0.72339,624,,,,,,,,
NQP/SPE,Asset Management,0.8399,0.72399,624,,,,,,,,
NXP/PFG,Asset Management,0.8034,0.72413,624,,,,,,,,
ONEQ/PYZ,Unknown,0.9324,0.72495,624,,,,,,,,
NZF/PHK,Asset Management,0.8063,0.72527,624,,,,,,,,
FLC/PHK,Asset Management,0.8245,0.72539,624,,,,,,,,
BFZ/IGR,Asset Management,0.8364,0.72548,624,,,,,,,,
ADX/IGR,Asset Management,0.8757,0.72564,624,,,,,,,,
PPBI/STBA,Banks - Regional,0.83,0.72604,624,,,,,,,,
FSFG/ZIONP,Banks - Regional,0.905,0.72625,624,,,,,,,,
NXJ/SAR,Asset Management,0.8655,0.72707,624,,,,,,,,
MYN/PCM,Asset Management,0.8524,0.72716,624,,,,,,,,
CSWC/HIO,Asset Management,0.9192,0.72783,624,,,,,,,,
NEA/SAR,Asset Management,0.8098,0.72796,624,,,,,,,,
BHK/IGA,Asset Management,0.8288,0.72831,624,,,,,,,,
NXJ/STEW,Asset Management,0.8715,0.72833,624,,,,,,,,
AMP/HPI,Asset Management,0.8051,0.72852,624,,,,,,,,
ADX/RQI,Asset Management,0.9448,0.72885,624,,,,,,,,
NIE/OCSL,Asset Management,0.8201,0.72947,624,,,,,,,,
AFB/GOF,Asset Management,0.8231,0.72972,624,,,,,,,,
BTZ/SEIC,Asset Management,0.8881,0.72987,624,,,,,,,,
ADX/OCSL,Asset Management,0.8049,0.7303,624,,,,,,,,
ACWI/SCZ,Unknown,0.9388,0.73102,624,,,,,,,,
BTZ/GCV,Asset Management,0.9273,0.73186,624,,,,,,,,
NAZ/VLT,Asset Management,0.8284,0.73189,624,,,,,,,,
NKX/SPE,Asset Management,0.8063,0.73212,624,,,,,,,,
CMG/SBUX,Restaurants,0.8101,0.73215,624,,,,,,,,
AMAT/COHU,Semiconductor Equipment & Materials,0.8167,0.7323,624,,,,,,,,
ACWI/IEUS,Unknown,0.9354,0.73231,624,,,,,,,,
BKT/PCM,Asset Management,0.8272,0.73235,624,,,,,,,,
CBU/UBSI,Banks - Regional,0.8699,0.7326,624,,,,,,,,
GDO/IGA,Asset Management,0.868,0.73274,624,,,,,,,,
CSWC/WEA,Asset Management,0.8603,0.73323,624,,,,,,,,
FFIN/GSBC,Banks - Regional,0.9095,0.73389,624,,,,,,,,
QQQ/WOOD,Unknown,0.9061,0.73398,624,,,,,,,,
AMP/HPF,Asset Management,0.8237,0.73406,624,,,,,,,,
NAN/SPE,Asset Management,0.8028,0.73502,624,,,,,,,,
ACWI/ACWX,Unknown,0.9767,0.73544,624,,,,,,,,
BHK/BRW,Asset Management,0.8015,0.7361,624,,,,,,,,
NQP/PHK,Asset Management,0.8029,0.73665,624,,,,,,,,
MSFT/PRGS,Software - Infrastructure,0.9381,0.73669,624,,,,,,,,
PPBI/UBSI,Banks - Regional,0.8622,0.73672,624,,,,,,,,
NAZ/PCM,Asset Management,0.809,0.7371,624,,,,,,,,
CSWC/MHF,Asset Management,0.8541,0.73836,624,,,,,,,,
MUJ/SAR,Asset Management,0.8158,0.73908,624,,,,,,,,
NRK/STEW,Asset Management,0.8034,0.73995,624,,,,,,,,
NPV/PCM,Asset Management,0.8007,0.74097,624,,,,,,,,
NAZ/PCN,Asset Management,0.8281,0.74101,624,,,,,,,,
AXON/ESLT,Aerospace & Defense,0.8535,0.74132,624,,,,,,,,
NAD/SAR,Asset Management,0.8148,0.74147,624,,,,,,,,
EOS/MFIC,Asset Management,0.8468,0.74195,624,,,,,,,,
NEA/STEW,Asset Management,0.817,0.74255,624,,,,,,,,
NAN/PCM,Asset Management,0.8743,0.74355,624,,,,,,,,
QQQ/SCZ,Unknown,0.8917,0.7437,624,,,,,,,,
BHK/CSWC,Asset Management,0.8089,0.74376,624,,,,,,,,
CSWC/MCR,Asset Management,0.8917,0.7438,624,,,,,,,,
CSL/NX,Building Products & Equipment,0.8134,0.74388,624,,,,,,,,
MPWR/ON,Semiconductors,0.9053,0.74453,624,,,,,,,,
CSWC/NXN,Asset Management,0.8059,0.74501,624,,,,,,,,
NQP/STEW,Asset Management,0.8404,0.74504,624,,,,,,,,
CSWC/EHI,Asset Management,0.8731,0.74511,624,,,,,,,,
APH/OSIS,Electronic Components,0.9046,0.74667,624,,,,,,,,
NKX/STEW,Asset Management,0.8072,0.74689,624,,,,,,,,
EOS/HTD,Asset Management,0.9331,0.74702,624,,,,,,,,
NAD/STEW,Asset Management,0.8259,0.7485,624,,,,,,,,
NQP/SAR,Asset Management,0.8293,0.74913,624,,,,,,,,
ADX/FUND,Asset Management,0.9457,0.74917,624,,,,,,,,
EOS/SCD,Asset Management,0.9526,0.74952,624,,,,,,,,
CSWC/JHI,Asset Management,0.8804,0.74953,624,,,,,,,,
BX/HIX,Asset Management,0.8081,0.7525,624,,,,,,,,
CSWC/MSD,Asset Management,0.8282,0.75301,624,,,,,,,,
CSWC/MMT,Asset Management,0.9087,0.75388,624,,,,,,,,
EOS/IGR,Asset Management,0.8831,0.75713,624,,,,,,,,
NKX/PCM,Asset Management,0.877,0.7578,624,,,,,,,,
BHK/GCV,Asset Management,0.9087,0.75809,624,,,,,,,,
ADX/HTD,Asset Management,0.9264,0.76442,624,,,,,,,,
CSWC/GDO,Asset Management,0.839,0.76616,624,,,,,,,,
CSWC/NXP,Asset Management,0.8708,0.76864,624,,,,,,,,
CSWC/HIX,Asset Management,0.8505,0.76875,624,,,,,,,,
EMB/IFGL,Unknown,0.8525,0.76886,624,,,,,,,,
CSWC/FLC,Asset Management,0.8136,0.77044,624,,,,,,,,
CSWC/WIA,Asset Management,0.8183,0.77132,624,,,,,,,,
CSWC/VBF,Asset Management,0.8398,0.77203,624,,,,,,,,
CSWC/WIW,Asset Management,0.8535,0.77291,624,,,,,,,,
CSWC/NIM,Asset Management,0.8048,0.77341,624,,,,,,,,
CSWC/NQP,Asset Management,0.8136,0.77402,624,,,,,,,,
CSWC/NXJ,Asset Management,0.8432,0.77717,624,,,,,,,,
FFIN/UBSI,Banks - Regional,0.8353,0.77741,624,,,,,,,,
CSWC/MIN,Asset Management,0.8461,0.78008,624,,,,,,,,
CSWC/PMM,Asset Management,0.8001,0.7855,624,,,,,,,,
